/*--------------------------------*- C++ -*----------------------------------*\
  =========                 |
  \\      /  F ield         | OpenFOAM: The Open Source CFD Toolbox
   \\    /   O peration     | Website:  https://openfoam.org
    \\  /    A nd           | Version:  6
     \\/     M anipulation  |
\*---------------------------------------------------------------------------*/
FoamFile
{
    version     2.0;
    format      ascii;
    class       volScalarField;
    location    "0.005";
    object      alphat;
}
// * * * * * * * * * * * * * * * * * * * * * * * * * * * * * * * * * * * * * //

dimensions      [1 -1 -1 0 0 0 0];

internalField   nonuniform List<scalar> 
8000
(
0.000688959
0.000692066
0.000696324
0.000698998
0.000699012
0.00070051
0.000705167
0.000710901
0.000718727
0.000735945
0.000734746
0.000744502
0.000748861
0.000792517
0.000806453
0.000798045
0.000810403
0.00087574
0.000918595
0.000843472
0.000740668
0.000533823
0.000319789
0.000205814
0.000114035
6.89113e-05
6.21005e-05
6.84139e-05
8.11505e-05
9.922e-05
0.000119969
0.000145613
0.000180421
0.000233417
0.000306741
0.000390885
0.000486541
0.000595013
0.000708253
0.000810649
0.000894404
0.000941987
0.000874492
0.000711709
0.000491676
0.000228874
0.000123618
7.92907e-05
4.94001e-05
2.47083e-05
1.92913e-05
8.11108e-05
0.000420018
0.000715779
0.000734797
0.000724531
0.000716062
0.000709327
0.00070418
0.00070015
0.00069709
0.000694746
0.000692876
0.000691264
0.000689765
0.000688318
0.000686937
0.000685743
0.000684833
0.000684331
0.000684309
0.000684744
0.000685529
0.00068652
0.000687543
0.000688482
0.000689288
0.000689916
0.000690395
0.000690752
0.000691023
0.000691279
0.000691502
0.000691743
0.000691991
0.000692275
0.000692609
0.000692987
0.000693371
0.000693744
0.000694111
0.000694442
0.000694721
0.000694905
0.000694972
0.000694901
0.000694724
0.000694508
0.000694366
0.000693782
0.000687919
0.000692552
0.000697361
0.000700581
0.000701159
0.000703296
0.0007085
0.000715304
0.000725952
0.000748145
0.000750018
0.000763785
0.000768601
0.000817829
0.000827165
0.000812678
0.000823112
0.000882778
0.000936819
0.000856576
0.000759894
0.00048522
0.000129402
0.000148869
0.000112134
7.06471e-05
6.21608e-05
6.78499e-05
8.09172e-05
9.91427e-05
0.000120298
0.000146943
0.000183714
0.000240312
0.000319542
0.000409491
0.00050721
0.000620587
0.00073484
0.000845838
0.00092879
0.000969569
0.000898439
0.000730585
0.000504862
0.000234739
0.000123425
8.35997e-05
5.2437e-05
2.4918e-05
1.71467e-05
6.81001e-05
0.000402174
0.000712736
0.000732596
0.000722798
0.000714778
0.000708404
0.000703541
0.000699744
0.000696869
0.000694667
0.000692898
0.000691352
0.000689889
0.000688449
0.00068705
0.00068581
0.000684828
0.000684236
0.000684114
0.000684451
0.000685149
0.000686066
0.000687032
0.000687931
0.000688715
0.000689338
0.000689824
0.000690197
0.000690492
0.000690773
0.000691022
0.000691287
0.00069156
0.000691865
0.000692218
0.000692615
0.000693019
0.000693417
0.000693808
0.000694163
0.000694465
0.000694668
0.00069475
0.000694692
0.000694525
0.000694319
0.000694189
0.00069363
0.000688762
0.000696622
0.000699316
0.000702505
0.000706237
0.000710351
0.000717526
0.0007268
0.000724001
0.000779781
0.000784363
0.000804858
0.000852537
0.000872306
0.000773136
0.000781896
0.00085249
0.000942743
0.00100728
0.00090481
0.000841927
0.000639004
0.000275685
0.00024596
0.000151116
8.01511e-05
6.88466e-05
6.7874e-05
8.11534e-05
0.000100198
0.00012161
0.000150541
0.000191859
0.000256449
0.000347977
0.000450902
0.000553597
0.000671367
0.000794146
0.000908935
0.000989516
0.00103326
0.000951414
0.000771475
0.00053224
0.000247448
0.000131591
8.12824e-05
6.66012e-05
2.21934e-05
1.8339e-05
9.10266e-05
0.000463987
0.000720182
0.000728684
0.000719262
0.000712136
0.000706494
0.000702199
0.000698869
0.000696368
0.000694457
0.000692899
0.000691488
0.000690094
0.00068866
0.000687208
0.000685854
0.000684706
0.000683913
0.000683571
0.000683696
0.000684205
0.000684965
0.000685809
0.000686624
0.000687361
0.000687977
0.000688481
0.000688899
0.000689259
0.000689605
0.00068993
0.000690269
0.000690615
0.000690986
0.000691394
0.000691837
0.000692284
0.000692723
0.000693147
0.000693528
0.000693844
0.000694053
0.000694131
0.000694066
0.000693889
0.000693678
0.000693558
0.000693104
0.00069052
0.00069743
0.000704259
0.00071177
0.000716516
0.000725044
0.000737065
0.000749153
0.000774697
0.000746664
0.000816576
0.000827002
0.000982293
0.000789785
0.000867935
0.000859222
0.000892236
0.00106866
0.000902392
0.000989851
0.000989104
0.00065565
0.000472797
0.00032395
0.000189777
0.000104262
7.55802e-05
7.21605e-05
8.09274e-05
0.000113521
0.000123129
0.000157888
0.000206728
0.000283233
0.000391454
0.000515315
0.000622163
0.000748968
0.000874169
0.00100232
0.00107512
0.00111426
0.00102136
0.000825192
0.000569554
0.000265249
0.000126702
7.06239e-05
3.49426e-05
1.81561e-05
3.08815e-05
0.000179567
0.000585391
0.000732768
0.000726643
0.000717209
0.000710673
0.000705463
0.000701483
0.000698412
0.000696121
0.000694373
0.000692925
0.00069157
0.000690183
0.000688707
0.000687172
0.000685699
0.000684403
0.000683441
0.000682924
0.000682878
0.000683227
0.000683842
0.000684556
0.000685257
0.000685901
0.000686444
0.000686895
0.000687277
0.000687621
0.000687958
0.000688294
0.000688653
0.000689033
0.000689448
0.000689901
0.000690389
0.000690892
0.00069139
0.000691873
0.000692308
0.000692669
0.000692916
0.000693023
0.000692981
0.000692822
0.000692631
0.000692549
0.000692257
0.000694233
0.000704438
0.000709539
0.000728294
0.000725484
0.000753373
0.000771943
0.000774494
0.000803346
0.000744491
0.00049279
0.000556552
0.000658708
0.000885609
0.000877971
0.000808645
0.000956969
0.000920118
0.00118307
0.00113784
0.000906111
0.000710466
0.000578287
0.000334489
0.000217353
0.000124467
8.57284e-05
7.08759e-05
8.05093e-05
0.000101144
0.000129052
0.000172517
0.00023229
0.00032183
0.000448485
0.000661062
0.000708201
0.000845399
0.000986548
0.00111089
0.00117903
0.001213
0.00111341
0.000889719
0.000614403
0.000286211
0.000133388
6.17766e-05
2.76377e-05
2.13116e-05
7.01267e-05
0.000333428
0.000681023
0.000741034
0.000725936
0.000716325
0.000709996
0.000704923
0.000701046
0.000698069
0.000695853
0.000694153
0.000692725
0.000691367
0.000689958
0.000688444
0.000686861
0.000685327
0.000683957
0.000682911
0.000682305
0.000682168
0.000682429
0.000682956
0.000683585
0.000684201
0.00068476
0.000685222
0.000685595
0.000685906
0.000686186
0.000686464
0.000686756
0.000687084
0.000687448
0.000687859
0.000688315
0.000688813
0.000689337
0.000689867
0.000690382
0.00069085
0.000691238
0.000691506
0.000691626
0.000691593
0.00069144
0.000691258
0.00069121
0.000691079
0.000702638
0.000722125
0.000740481
0.000757451
0.000777754
0.000788995
0.000815179
0.000826741
0.0008431
0.000854009
0.000841399
0.000859297
0.000877534
0.000898894
0.000879685
0.000899209
0.00104208
0.000963943
0.00137275
0.00103467
0.00118731
0.000677084
0.000567444
0.000329978
0.000181886
0.000130635
9.88867e-05
8.32722e-05
0.000100355
0.000108938
0.000139915
0.000189211
0.000294944
0.000371393
0.000517441
0.000673946
0.000807893
0.000961618
0.00110348
0.00123446
0.00129763
0.00132505
0.0013195
0.000955154
0.000664511
0.000308835
0.000140064
5.97374e-05
2.81861e-05
3.6751e-05
0.000157922
0.000493703
0.000732108
0.000744874
0.000725455
0.00071567
0.000709368
0.000704307
0.000700456
0.000697512
0.000695316
0.000693621
0.000692183
0.000690808
0.000689385
0.000687859
0.000686268
0.00068472
0.000683329
0.000682254
0.000681615
0.000681443
0.00068167
0.000682165
0.00068276
0.00068334
0.000683857
0.000684274
0.0006846
0.000684864
0.000685098
0.000685333
0.000685588
0.000685884
0.000686224
0.000686613
0.00068705
0.00068753
0.00068804
0.000688558
0.000689061
0.000689513
0.000689878
0.000690118
0.000690204
0.000690135
0.000689948
0.000689742
0.0006897
0.000689693
0.00071914
0.000754651
0.000783453
0.000812061
0.000830076
0.000845925
0.000844584
0.000863485
0.000869169
0.000869522
0.000802346
0.000809665
0.000808894
0.000886995
0.000879195
0.000928788
0.00101011
0.00138401
0.00104322
0.00121285
0.000797882
0.000696393
0.000452409
0.000289764
0.000110431
0.000114207
0.0001058
9.39677e-05
9.84582e-05
0.000118121
0.000153553
0.000215451
0.000309254
0.000435715
0.000603449
0.000773476
0.000922429
0.00109048
0.00123162
0.00149209
0.00142886
0.00144176
0.00129639
0.00102027
0.000724496
0.000330803
0.000150582
6.51757e-05
3.44448e-05
6.61149e-05
0.000273626
0.000587631
0.00075379
0.000746179
0.000724801
0.000714877
0.000708548
0.000703469
0.000699631
0.00069671
0.000694524
0.000692826
0.000691377
0.000689995
0.000688573
0.000687057
0.000685482
0.000683946
0.000682559
0.00068148
0.000680832
0.000680652
0.000680874
0.000681366
0.000681959
0.000682536
0.000683046
0.000683452
0.000683765
0.000684015
0.000684235
0.000684456
0.000684698
0.000684982
0.000685309
0.000685683
0.0006861
0.000686556
0.000687038
0.000687525
0.00068799
0.000688399
0.000688713
0.000688894
0.000688917
0.000688783
0.000688536
0.000688283
0.000688224
0.000688292
0.000748327
0.000798427
0.000829882
0.000854176
0.000865228
0.000860435
0.000879891
0.000890822
0.000809272
0.000868864
0.000858539
0.000880257
0.000856058
0.000862735
0.000757657
0.000755504
0.000754019
0.000823463
0.00102683
0.000754686
0.000809954
0.000621162
0.000380954
0.000280393
0.000159617
0.000132837
0.00011923
0.000104624
0.000106024
0.000129068
0.00017284
0.000255526
0.000366365
0.000512892
0.000704867
0.000893291
0.00105325
0.0012262
0.00136359
0.00149814
0.0015698
0.00156141
0.00138748
0.00108719
0.000770117
0.000349525
0.000164896
0.000111524
4.33497e-05
0.000101043
0.000395281
0.000634908
0.000763691
0.000746595
0.00072407
0.000713984
0.00070762
0.000702525
0.000698703
0.000695807
0.000693632
0.000691935
0.000690482
0.000689102
0.000687693
0.000686198
0.000684648
0.000683131
0.000681756
0.000680681
0.000680031
0.000679849
0.000680074
0.000680571
0.000681173
0.000681759
0.000682275
0.000682687
0.000683004
0.000683257
0.00068348
0.000683705
0.000683951
0.000684235
0.00068456
0.000684926
0.00068533
0.000685767
0.000686222
0.000686677
0.000687102
0.000687463
0.00068772
0.000687838
0.000687792
0.000687588
0.000687275
0.000686966
0.000686877
0.000686979
0.000781605
0.000830151
0.000852516
0.000862719
0.000857064
0.000855507
0.000852457
0.000867907
0.000695905
0.000842848
0.000748983
0.000762591
0.000837533
0.000792471
0.000765774
0.000682715
0.000665186
0.000749282
0.000416431
0.000657549
0.000571764
0.000360427
0.000363638
0.000234853
0.000156354
0.000146494
0.00012511
0.000108524
0.000107768
0.000142154
0.000209195
0.000325688
0.000439651
0.000605834
0.000819941
0.00102588
0.00119392
0.00137521
0.00150073
0.00163374
0.001859
0.00183217
0.00147968
0.00114979
0.00091948
0.000390602
0.000169903
7.90891e-05
4.79141e-05
0.000117989
0.000423374
0.00067154
0.000770525
0.000747127
0.000723447
0.000713159
0.000706737
0.00070163
0.000697827
0.000694956
0.000692795
0.000691103
0.000689653
0.000688281
0.00068689
0.000685418
0.000683893
0.000682393
0.000681028
0.000679953
0.000679299
0.000679114
0.000679339
0.00067984
0.000680447
0.00068104
0.000681563
0.000681981
0.000682304
0.000682565
0.000682795
0.000683028
0.000683281
0.000683569
0.000683895
0.000684257
0.000684652
0.000685072
0.000685507
0.000685933
0.000686323
0.000686641
0.000686847
0.000686907
0.000686797
0.000686528
0.000686153
0.00068579
0.000685666
0.000685772
0.000778296
0.000811199
0.000809235
0.000796738
0.000798185
0.000769819
0.00080931
0.000792852
0.000805698
0.000692277
0.000766812
0.000760477
0.000687219
0.000594669
0.000486515
0.000613652
0.000695108
0.000664064
0.000588438
0.000572929
0.000423035
0.000320361
0.000261858
0.000207993
0.000168339
0.000142016
0.000121982
0.000110209
0.000118596
0.000185441
0.000234523
0.00035636
0.000584514
0.000707112
0.000940232
0.00128778
0.00133343
0.00154102
0.00164111
0.00176429
0.00198985
0.00179242
0.00157658
0.00120972
0.000829622
0.000376246
0.000261887
9.04273e-05
4.87942e-05
0.000122117
0.000589518
0.000669706
0.000774944
0.00074849
0.000723308
0.000712561
0.000706002
0.000700878
0.000697093
0.000694245
0.000692099
0.000690416
0.000688973
0.000687613
0.00068624
0.000684788
0.000683282
0.000681794
0.000680432
0.000679355
0.000678693
0.0006785
0.00067872
0.000679217
0.000679823
0.000680416
0.00068094
0.000681359
0.000681684
0.000681948
0.000682183
0.00068242
0.000682677
0.000682967
0.000683292
0.000683649
0.000684035
0.000684443
0.000684858
0.00068526
0.00068562
0.0006859
0.000686063
0.000686072
0.000685907
0.000685581
0.00068515
0.000684738
0.000684576
0.000684672
0.000683829
0.000645869
0.000637014
0.000634136
0.000646358
0.000614838
0.000644437
0.000597254
0.000648043
0.000638436
0.000644539
0.000530449
0.000581069
0.000489395
0.00052399
0.000550926
0.000550669
0.000394618
0.000395224
0.000299143
0.000300698
0.000198637
0.000198317
0.000137355
0.000129442
0.000126728
0.00011399
0.000112123
0.000132622
0.000191631
0.000280498
0.000420721
0.000612467
0.000824588
0.00106032
0.00142046
0.0014627
0.00186457
0.00177883
0.00189223
0.00193605
0.00190776
0.00168336
0.0012623
0.000849004
0.0003731
0.000256537
0.000122914
4.66037e-05
0.000105208
0.000401532
0.000707505
0.00078158
0.000751426
0.000723863
0.000712245
0.000705451
0.00070029
0.00069652
0.000693694
0.000691563
0.000689891
0.000688459
0.000687112
0.000685754
0.000684317
0.000682823
0.000681341
0.000679979
0.000678895
0.000678223
0.000678018
0.000678227
0.000678715
0.000679314
0.000679901
0.000680419
0.000680833
0.000681155
0.000681417
0.000681652
0.000681888
0.000682144
0.000682432
0.000682753
0.000683104
0.000683481
0.000683875
0.000684274
0.000684656
0.000684989
0.000685237
0.000685362
0.000685328
0.000685117
0.000684742
0.000684263
0.000683808
0.000683611
0.00068369
0.000446279
0.000407847
0.000422338
0.000416583
0.000487299
0.000442679
0.000454061
0.000475089
0.000366528
0.000377624
0.000369007
0.000356554
0.00033746
0.000310395
0.000351416
0.000372357
0.000394332
0.000320688
0.000306935
0.000316605
0.000237242
0.000191787
0.000159723
0.000130399
0.000122649
0.000116983
0.000111116
0.000137064
0.000149268
0.000241461
0.000335963
0.000503291
0.000715176
0.00105536
0.00117521
0.00141312
0.00173912
0.00182721
0.00191429
0.00202338
0.00205183
0.0019945
0.00195479
0.0013128
0.000862471
0.000395727
0.000417913
0.000232321
4.72078e-05
0.000112789
0.000508744
0.000714979
0.000786803
0.000755708
0.000725058
0.000712363
0.000705087
0.000699846
0.000696086
0.00069328
0.000691164
0.000689506
0.000688085
0.00068675
0.000685405
0.000683979
0.000682493
0.000681012
0.000679647
0.000678554
0.00067787
0.000677652
0.000677848
0.000678324
0.000678911
0.000679488
0.000679996
0.000680402
0.000680717
0.000680973
0.000681203
0.000681435
0.000681687
0.00068197
0.000682284
0.000682627
0.000682995
0.000683378
0.000683762
0.000684126
0.000684437
0.000684659
0.000684752
0.000684683
0.000684434
0.000684019
0.000683501
0.000683009
0.000682783
0.000682844
0.00028258
0.000319583
0.000320659
0.000294867
0.000286333
0.000272777
0.000280935
0.000222249
0.000105383
0.000125604
0.000181768
0.000192548
0.00018365
0.000212751
0.000208976
0.000227327
0.000229691
0.000268803
0.000368261
0.000234766
0.000181324
0.000157031
0.00013656
0.000116931
0.000115533
0.000112903
0.000111128
0.000149956
0.000170654
0.000268147
0.000404086
0.000594705
0.000827156
0.00107562
0.00130847
0.0015336
0.00187413
0.00213891
0.00204434
0.00215753
0.00217439
0.00228491
0.00200417
0.00135371
0.000869044
0.000408583
0.000262934
0.000173257
4.94471e-05
0.000117055
0.000459097
0.000743778
0.000790573
0.000758976
0.000726396
0.000712618
0.000704893
0.00069951
0.000695756
0.000692968
0.000690868
0.000689222
0.000687814
0.00068649
0.000685155
0.000683736
0.000682254
0.000680773
0.000679403
0.000678301
0.000677606
0.000677375
0.000677558
0.000678021
0.000678596
0.00067916
0.000679658
0.000680053
0.000680359
0.000680608
0.000680832
0.000681058
0.000681303
0.000681579
0.000681886
0.000682222
0.000682581
0.000682954
0.000683326
0.000683675
0.000683968
0.000684169
0.000684237
0.000684141
0.000683862
0.000683416
0.000682867
0.000682347
0.000682097
0.000682144
0.000240163
0.000143028
0.000144586
0.000152338
0.000127985
8.0198e-05
0.000122112
0.000129449
9.74272e-05
0.000106899
0.00010648
0.000110866
0.0001132
0.000116914
0.000125972
0.000145289
0.000166411
0.000151404
0.000251642
0.000177639
0.000136309
0.000131951
0.000124423
0.000114938
0.000114929
0.000111304
0.000129718
0.000142728
0.0002014
0.000321808
0.000487456
0.000699957
0.00104937
0.00121789
0.00145068
0.00164363
0.00183666
0.00227547
0.00217716
0.0022918
0.00230916
0.00218364
0.00187398
0.00138884
0.000867577
0.000396188
0.000224343
8.70991e-05
5.45565e-05
0.000137619
0.000489436
0.000761615
0.000792472
0.00075807
0.000727145
0.000711681
0.000704668
0.000699244
0.000695496
0.000692726
0.00069064
0.000689008
0.000687611
0.000686297
0.00068497
0.000683557
0.000682077
0.000680595
0.00067922
0.000678111
0.000677406
0.000677164
0.000677335
0.000677786
0.000678349
0.000678902
0.000679388
0.000679774
0.000680072
0.000680313
0.000680529
0.000680749
0.000680988
0.000681257
0.000681557
0.000681886
0.000682237
0.000682602
0.000682965
0.000683303
0.000683582
0.000683766
0.000683815
0.000683698
0.000683398
0.00068293
0.000682358
0.000681817
0.000681549
0.000681583
0.000160801
3.51727e-05
4.20996e-05
5.11238e-05
6.22763e-05
5.42575e-05
7.60093e-05
6.71535e-05
6.11142e-05
7.158e-05
6.80036e-05
7.0561e-05
7.28797e-05
7.45204e-05
7.22741e-05
9.51892e-05
0.000120483
0.000156047
0.000166168
0.000144368
0.000126018
0.000123423
0.000117079
0.000112916
0.00010986
0.000126081
0.00012707
0.000162565
0.000241004
0.000436108
0.00064938
0.000892789
0.0011779
0.00151895
0.00178022
0.00194833
0.00194612
0.00215188
0.00254092
0.00236899
0.00267062
0.00225897
0.00212864
0.00163614
0.000855191
0.000441597
0.00021574
7.99313e-05
5.98995e-05
0.000158353
0.000517249
0.00077721
0.000795555
0.00075662
0.000725792
0.000713428
0.000704476
0.000699016
0.000695286
0.000692534
0.000690462
0.000688842
0.000687456
0.00068615
0.000684829
0.000683421
0.000681941
0.000680458
0.00067908
0.000677964
0.000677251
0.000677
0.000677162
0.000677603
0.000678155
0.000678699
0.000679176
0.000679553
0.000679842
0.000680077
0.000680287
0.000680501
0.000680734
0.000680997
0.000681292
0.000681614
0.00068196
0.000682318
0.000682674
0.000683003
0.000683272
0.000683443
0.000683479
0.000683347
0.00068303
0.000682547
0.00068196
0.000681404
0.000681122
0.000681148
4.87009e-05
3.66138e-05
4.12596e-05
4.52628e-05
4.60305e-05
4.89287e-05
5.62001e-05
5.43328e-05
5.42819e-05
5.69767e-05
5.67878e-05
5.76303e-05
5.48295e-05
5.61861e-05
6.04857e-05
7.12688e-05
8.93087e-05
0.000118486
0.000129104
0.000125794
0.000113451
0.000110447
0.000109897
0.000109964
0.000121658
0.000120306
0.000142299
0.000193476
0.000296823
0.000463861
0.000778647
0.000917818
0.00119729
0.00150278
0.00172018
0.00210005
0.00237438
0.00227485
0.00270941
0.0027418
0.00247185
0.002566
0.00217739
0.00142696
0.000828721
0.000370737
0.000195548
6.85062e-05
7.14681e-05
0.000197231
0.000561104
0.000796151
0.000801824
0.000758253
0.000718511
0.000712353
0.000704173
0.000698787
0.000695086
0.000692354
0.000690297
0.000688689
0.000687314
0.000686017
0.000684703
0.000683299
0.000681819
0.000680335
0.000678952
0.00067783
0.00067711
0.00067685
0.000677003
0.000677434
0.000677976
0.00067851
0.000678978
0.000679347
0.000679628
0.000679856
0.00068006
0.000680268
0.000680495
0.000680752
0.000681041
0.000681358
0.000681698
0.000682051
0.0006824
0.000682721
0.000682981
0.000683142
0.000683165
0.00068302
0.000682691
0.000682195
0.000681595
0.000681027
0.000680735
0.000680754
1.93834e-05
3.69866e-05
3.99928e-05
4.27036e-05
4.4724e-05
4.73064e-05
5.00021e-05
5.06244e-05
5.33046e-05
6.03515e-05
5.85828e-05
6.43281e-05
6.23994e-05
5.40193e-05
5.4402e-05
5.85558e-05
6.98685e-05
9.15241e-05
0.000104247
0.000108547
0.000102581
0.000100827
0.000104588
0.000116219
0.000119378
0.000130573
0.000178549
0.000257953
0.000408998
0.000616725
0.000809997
0.00106625
0.00135672
0.00163718
0.00209201
0.002251
0.00260299
0.00239155
0.0025681
0.00287112
0.00283347
0.00232757
0.0021908
0.00143742
0.000859771
0.000474673
0.000253312
6.14483e-05
7.63056e-05
0.000222373
0.000598224
0.000808396
0.000801976
0.00075921
0.000728502
0.000712112
0.000703788
0.000698562
0.000694914
0.000692204
0.000690161
0.000688566
0.000687201
0.000685911
0.000684603
0.000683201
0.000681723
0.000680236
0.00067885
0.000677724
0.000676998
0.000676732
0.000676878
0.000677301
0.000677835
0.000678361
0.000678822
0.000679184
0.000679458
0.00067968
0.000679879
0.000680081
0.000680304
0.000680556
0.00068084
0.000681152
0.000681488
0.000681836
0.000682181
0.000682496
0.000682749
0.000682901
0.000682916
0.000682762
0.000682425
0.00068192
0.000681312
0.000680737
0.000680437
0.000680451
9.09707e-06
3.16714e-05
3.74079e-05
4.11718e-05
4.41679e-05
5.15589e-05
4.92899e-05
5.12467e-05
5.45319e-05
5.93974e-05
6.37092e-05
7.74944e-05
7.779e-05
7.52016e-05
6.11378e-05
6.01269e-05
7.13066e-05
7.79973e-05
9.81e-05
9.54966e-05
9.34015e-05
0.00010551
9.93903e-05
0.000104931
0.000116814
0.000144123
0.00019725
0.000295736
0.000458761
0.000674029
0.000950292
0.00136748
0.00172211
0.00175708
0.00225547
0.00212662
0.00238321
0.00250065
0.00261878
0.0026346
0.00290119
0.00267494
0.00194869
0.00141814
0.000796849
0.000455574
0.00013831
5.25672e-05
7.37125e-05
0.000232592
0.000619301
0.000805451
0.000790045
0.000750862
0.000723866
0.000710548
0.000703351
0.000698375
0.000694779
0.000692091
0.000690062
0.000688477
0.000687121
0.000685837
0.000684533
0.000683133
0.000681655
0.000680169
0.000678781
0.000677652
0.000676923
0.000676653
0.000676795
0.000677214
0.000677742
0.000678264
0.000678719
0.000679076
0.000679346
0.000679564
0.000679759
0.000679959
0.000680178
0.000680427
0.000680707
0.000681016
0.000681349
0.000681695
0.000682036
0.000682347
0.000682595
0.000682742
0.000682752
0.000682592
0.00068225
0.000681741
0.000681128
0.000680549
0.000680245
0.000680256
1.0413e-05
2.29089e-05
3.26753e-05
3.83608e-05
4.22546e-05
4.70662e-05
5.12326e-05
5.49063e-05
5.96487e-05
6.74248e-05
7.67592e-05
9.04202e-05
0.00011433
0.000117191
9.13013e-05
8.07016e-05
7.55928e-05
7.69449e-05
8.23299e-05
8.78116e-05
8.66624e-05
9.04893e-05
9.59459e-05
0.000104833
0.000123486
0.000178517
0.000246056
0.000411018
0.0005723
0.000808839
0.0012041
0.0014983
0.00169219
0.00213531
0.00235361
0.00224779
0.00246001
0.00256026
0.00302279
0.00268795
0.00293463
0.00246552
0.00191747
0.00153836
0.000737552
0.000284929
0.000109066
4.44995e-05
6.3882e-05
0.000226684
0.00062241
0.00079535
0.000777564
0.00074299
0.000720236
0.000709628
0.00070303
0.000698221
0.000694674
0.000692007
0.000689992
0.000688416
0.000687066
0.000685787
0.000684487
0.00068309
0.000681613
0.000680126
0.000678738
0.000677607
0.000676876
0.000676604
0.000676744
0.000677159
0.000677685
0.000678203
0.000678656
0.000679009
0.000679277
0.000679492
0.000679685
0.000679882
0.000680099
0.000680345
0.000680623
0.000680931
0.000681261
0.000681605
0.000681944
0.000682253
0.000682498
0.000682641
0.000682647
0.000682484
0.000682139
0.000681627
0.000681013
0.000680431
0.000680125
0.000680134
2.33098e-05
1.517e-05
2.48382e-05
3.37459e-05
4.12235e-05
4.79039e-05
5.4414e-05
6.05713e-05
6.92763e-05
8.48518e-05
0.000108927
0.000141996
0.000174865
0.000184761
0.00016346
0.000135702
0.000108
9.2839e-05
8.80374e-05
9.88349e-05
8.7679e-05
0.000104143
9.82405e-05
0.00011046
0.000139191
0.000205077
0.000319157
0.000485262
0.000706585
0.00102961
0.00134311
0.00148616
0.00199786
0.00223974
0.00223149
0.00238416
0.00279845
0.00267147
0.00301087
0.00272955
0.00263642
0.00283224
0.00186101
0.00131846
0.000701824
0.000259144
9.03359e-05
3.81832e-05
5.75349e-05
0.000225183
0.000626457
0.000788141
0.000769583
0.000738626
0.000718746
0.000709086
0.000702777
0.00069809
0.000694588
0.000691942
0.00068994
0.000688374
0.00068703
0.000685756
0.000684458
0.000683063
0.000681587
0.000680101
0.000678712
0.00067758
0.000676848
0.000676575
0.000676714
0.000677128
0.000677652
0.000678168
0.000678619
0.000678971
0.000679236
0.00067945
0.000679641
0.000679837
0.000680052
0.000680297
0.000680574
0.00068088
0.000681209
0.000681551
0.000681889
0.000682196
0.000682439
0.00068258
0.000682584
0.000682419
0.000682072
0.000681559
0.000680944
0.00068036
0.000680053
0.000680061
4.29324e-05
1.21427e-05
1.75596e-05
2.60944e-05
3.66887e-05
4.67408e-05
5.59115e-05
6.6817e-05
8.43746e-05
0.00011588
0.000161753
0.000219234
0.000271552
0.000292591
0.000271716
0.000227787
0.000176949
0.000155113
0.000114563
0.000103738
0.000113965
0.000104205
0.000111398
0.000130277
0.000176381
0.000275081
0.000487694
0.000615813
0.000846495
0.00121067
0.00139384
0.00163398
0.00195398
0.00215306
0.00237819
0.00250942
0.00267319
0.00271741
0.00298806
0.00300134
0.00265888
0.00244486
0.0017982
0.0013997
0.000713731
0.000237459
7.82443e-05
3.41098e-05
5.83213e-05
0.000240546
0.000639835
0.000786094
0.000765793
0.00073651
0.000718059
0.000708754
0.000702569
0.000697974
0.000694514
0.000691889
0.000689901
0.000688343
0.000687006
0.000685736
0.000684442
0.000683049
0.000681573
0.000680087
0.000678698
0.000677566
0.000676833
0.00067656
0.000676699
0.000677112
0.000677636
0.000678151
0.0006786
0.000678951
0.000679215
0.000679427
0.000679618
0.000679812
0.000680027
0.000680271
0.000680546
0.000680851
0.00068118
0.000681521
0.000681857
0.000682163
0.000682405
0.000682545
0.000682547
0.000682381
0.000682033
0.00068152
0.000680904
0.00068032
0.000680013
0.00068002
6.08799e-05
1.71016e-05
1.57661e-05
2.02874e-05
2.93255e-05
4.10195e-05
5.40732e-05
7.31665e-05
0.000105074
0.000156745
0.000225145
0.000302156
0.000368696
0.000401999
0.000393209
0.000344597
0.000278172
0.000221285
0.000173485
0.000170084
0.000163899
0.00014133
0.000150545
0.000200078
0.000286392
0.00038274
0.000568812
0.000767059
0.00099855
0.0014165
0.00175108
0.00178452
0.00211016
0.00229874
0.00278959
0.00261679
0.00277313
0.00302991
0.00301006
0.00276266
0.00265199
0.0023633
0.00173259
0.00115163
0.000551074
0.000209925
6.83928e-05
3.23575e-05
6.67834e-05
0.000278175
0.000670133
0.000782993
0.000764696
0.000735363
0.000717471
0.000708414
0.000702416
0.000697871
0.000694446
0.000691843
0.000689869
0.00068832
0.000686989
0.000685723
0.000684432
0.000683041
0.000681567
0.000680081
0.000678691
0.000677559
0.000676827
0.000676554
0.000676692
0.000677105
0.000677629
0.000678143
0.000678592
0.000678942
0.000679206
0.000679417
0.000679607
0.000679801
0.000680015
0.000680258
0.000680532
0.000680837
0.000681164
0.000681505
0.00068184
0.000682145
0.000682386
0.000682525
0.000682526
0.00068236
0.000682012
0.000681498
0.000680882
0.000680299
0.000679991
0.000679998
7.34198e-05
3.27508e-05
2.23526e-05
2.05883e-05
2.49826e-05
3.56846e-05
5.28472e-05
8.18392e-05
0.000129331
0.000200056
0.000287696
0.000379686
0.000457543
0.00050277
0.000506544
0.000464943
0.00039555
0.000327992
0.000265111
0.000238294
0.000219949
0.000211681
0.000220203
0.000257175
0.000346858
0.000515967
0.000827019
0.000924347
0.00115907
0.0014132
0.00169987
0.00226646
0.00258174
0.00243306
0.00262566
0.00272236
0.00281476
0.00291503
0.00288255
0.0027776
0.00264128
0.00230883
0.00165491
0.00105082
0.000493657
0.000183658
5.97918e-05
3.21947e-05
8.07538e-05
0.000338799
0.000713441
0.000788853
0.000764166
0.000734592
0.000716914
0.00070797
0.000702363
0.000697781
0.000694383
0.0006918
0.000689841
0.000688301
0.000686976
0.000685714
0.000684426
0.000683038
0.000681565
0.000680079
0.00067869
0.000677557
0.000676825
0.000676552
0.000676691
0.000677104
0.000677628
0.000678142
0.000678591
0.00067894
0.000679203
0.000679414
0.000679603
0.000679796
0.00068001
0.000680252
0.000680526
0.00068083
0.000681157
0.000681497
0.000681832
0.000682136
0.000682376
0.000682514
0.000682515
0.000682349
0.000682001
0.000681487
0.000680871
0.000680288
0.000679981
0.000679987
7.96327e-05
5.2418e-05
3.73259e-05
2.89593e-05
2.76337e-05
3.65401e-05
5.82025e-05
9.74151e-05
0.000160237
0.000247085
0.000351146
0.000454782
0.000541134
0.000595048
0.000609028
0.000577066
0.000513933
0.000441626
0.000377824
0.000341336
0.000347998
0.000309385
0.000324313
0.000371908
0.000476099
0.000668115
0.000889968
0.00108918
0.00132239
0.00157371
0.00184966
0.00259895
0.00238661
0.00257467
0.00273326
0.00282119
0.00305829
0.00294663
0.00290044
0.00277505
0.00261813
0.00246419
0.00156456
0.000946593
0.000435598
0.00015798
5.20676e-05
3.29245e-05
9.96005e-05
0.00040413
0.000752065
0.000800559
0.00076459
0.000734096
0.000716689
0.0007071
0.000702251
0.000697695
0.000694318
0.000691757
0.000689814
0.000688283
0.000686965
0.000685707
0.000684423
0.000683037
0.000681565
0.00068008
0.00067869
0.000677557
0.000676825
0.000676553
0.000676692
0.000677106
0.00067763
0.000678144
0.000678593
0.000678941
0.000679204
0.000679414
0.000679603
0.000679796
0.000680009
0.000680251
0.000680525
0.000680828
0.000681154
0.000681494
0.000681828
0.000682132
0.000682371
0.000682509
0.00068251
0.000682344
0.000681996
0.000681482
0.000680866
0.000680284
0.000679977
0.000679983
7.90069e-05
6.29177e-05
5.17819e-05
4.26747e-05
3.85811e-05
4.72936e-05
7.49158e-05
0.000125838
0.000203276
0.000305881
0.000421467
0.000531536
0.0006216
0.000679788
0.000700903
0.000679516
0.000625299
0.000558666
0.000496793
0.000455497
0.000431704
0.000422458
0.000447373
0.000505641
0.00062606
0.000929178
0.00116748
0.00124245
0.00147889
0.00172977
0.00200285
0.00227283
0.0025121
0.00270215
0.00283142
0.00291336
0.00296613
0.00296864
0.00289532
0.00275636
0.00257449
0.00216732
0.00146235
0.000959396
0.000384483
0.00013466
4.55344e-05
3.48147e-05
0.000124513
0.000466942
0.000779216
0.000800522
0.000762818
0.000733721
0.000717101
0.000708208
0.000702056
0.000697574
0.00069425
0.000691714
0.000689786
0.000688266
0.000686954
0.000685701
0.00068442
0.000683037
0.000681566
0.000680082
0.000678691
0.000677559
0.000676827
0.000676555
0.000676695
0.00067711
0.000677634
0.000678148
0.000678596
0.000678945
0.000679207
0.000679417
0.000679606
0.000679798
0.00068001
0.000680252
0.000680525
0.000680828
0.000681154
0.000681493
0.000681827
0.00068213
0.000682369
0.000682507
0.000682508
0.000682341
0.000681993
0.00068148
0.000680865
0.000680283
0.000679977
0.000679982
7.11763e-05
6.02337e-05
5.61247e-05
5.31181e-05
5.40871e-05
6.85755e-05
0.000106323
0.000172318
0.000266446
0.000383166
0.000503366
0.00061118
0.000698268
0.000756807
0.000782613
0.000772183
0.000727878
0.000669798
0.000611381
0.000575298
0.000552668
0.000547098
0.000639559
0.000648826
0.00078979
0.000985577
0.0011951
0.00139841
0.00162531
0.00188098
0.00215044
0.00238811
0.00263149
0.0030544
0.00306376
0.00298578
0.00300339
0.00297731
0.00288567
0.00272079
0.00251687
0.00206256
0.001348
0.000766907
0.000336639
0.000113252
4.00566e-05
3.84899e-05
0.000157642
0.000529137
0.000789546
0.000796788
0.000760523
0.000733054
0.000716968
0.000707821
0.000701781
0.000697445
0.00069418
0.000691671
0.000689759
0.000688249
0.000686943
0.000685696
0.000684419
0.000683038
0.000681568
0.000680084
0.000678694
0.000677561
0.00067683
0.000676559
0.000676699
0.000677114
0.000677639
0.000678153
0.000678601
0.00067895
0.000679212
0.000679421
0.000679609
0.000679801
0.000680013
0.000680254
0.000680527
0.00068083
0.000681155
0.000681494
0.000681827
0.00068213
0.000682368
0.000682506
0.000682507
0.00068234
0.000681993
0.00068148
0.000680865
0.000680283
0.000679978
0.000679983
5.84722e-05
5.18307e-05
5.3736e-05
5.86843e-05
6.99255e-05
9.73989e-05
0.000152591
0.000239474
0.000353576
0.000480777
0.000596759
0.000693058
0.000769894
0.000824873
0.000854056
0.000853834
0.00082141
0.000773108
0.00072314
0.000691225
0.000672475
0.000672887
0.000704083
0.000793075
0.00103736
0.00114208
0.00135569
0.00170311
0.00176608
0.00203198
0.0022954
0.0025196
0.00274644
0.00291223
0.00301332
0.00303863
0.00301927
0.00297176
0.00285985
0.00266611
0.00245055
0.00195058
0.00123034
0.000885691
0.000296986
9.51658e-05
3.56207e-05
4.45618e-05
0.000198737
0.000585841
0.000800647
0.000793533
0.000758122
0.000731983
0.000716298
0.000707294
0.000701512
0.000697325
0.000694112
0.000691629
0.000689732
0.000688233
0.000686935
0.000685693
0.00068442
0.000683041
0.000681572
0.000680089
0.000678698
0.000677566
0.000676834
0.000676564
0.000676705
0.00067712
0.000677645
0.000678159
0.000678608
0.000678956
0.000679217
0.000679426
0.000679614
0.000679805
0.000680017
0.000680258
0.00068053
0.000680832
0.000681157
0.000681495
0.000681828
0.00068213
0.000682368
0.000682506
0.000682506
0.00068234
0.000681993
0.00068148
0.000680866
0.000680285
0.000679979
0.000679984
4.69086e-05
4.75141e-05
5.45681e-05
6.55979e-05
8.71728e-05
0.00013125
0.000210152
0.000324763
0.000461764
0.00059768
0.000702169
0.000777506
0.000837861
0.000884565
0.000914636
0.000923035
0.000904538
0.000867862
0.000828138
0.000800687
0.000816341
0.000793998
0.000840388
0.00093959
0.00120437
0.00129257
0.00151502
0.00167282
0.00191486
0.00218209
0.00243556
0.00265143
0.00285695
0.00300664
0.00307635
0.00306302
0.00301809
0.00295267
0.0028186
0.00260019
0.00267275
0.00182912
0.00111523
0.000709012
0.000256607
7.928e-05
3.25864e-05
5.38485e-05
0.000246316
0.000630777
0.000804919
0.000790419
0.0007558
0.000730735
0.00071559
0.000706849
0.000701303
0.000697211
0.000694044
0.000691586
0.000689706
0.000688218
0.000686927
0.000685691
0.000684421
0.000683044
0.000681577
0.000680094
0.000678703
0.00067757
0.000676839
0.000676569
0.000676711
0.000677127
0.000677652
0.000678166
0.000678614
0.000678962
0.000679223
0.000679431
0.000679618
0.000679809
0.00068002
0.000680261
0.000680533
0.000680834
0.000681159
0.000681496
0.000681829
0.000682131
0.000682369
0.000682506
0.000682506
0.00068234
0.000681993
0.000681481
0.000680867
0.000680286
0.000679981
0.000679986
4.11506e-05
4.93388e-05
6.03834e-05
7.59708e-05
0.000106756
0.000169304
0.000276322
0.000424438
0.000588558
0.000730556
0.000817829
0.000867477
0.00090653
0.000939891
0.000966486
0.000980807
0.000976285
0.000952703
0.000925122
0.000906606
0.000901253
0.00092185
0.00097661
0.00108065
0.00123283
0.00144892
0.0018513
0.0018146
0.00206451
0.0023306
0.00256766
0.00278225
0.00296515
0.00307645
0.00310641
0.00306456
0.00300371
0.00292218
0.00276038
0.00251543
0.00222467
0.00169698
0.00101769
0.00076815
0.000215821
6.56496e-05
3.10607e-05
6.72424e-05
0.000299386
0.00067364
0.000807157
0.000787566
0.000753684
0.000729602
0.00071495
0.000706517
0.000701105
0.00069709
0.000693965
0.000691535
0.000689671
0.000688196
0.000686914
0.000685684
0.000684417
0.000683043
0.000681578
0.000680095
0.000678705
0.000677572
0.000676841
0.000676572
0.000676714
0.000677131
0.000677657
0.000678172
0.00067862
0.000678967
0.000679228
0.000679436
0.000679623
0.000679813
0.000680024
0.000680264
0.000680536
0.000680837
0.000681161
0.000681498
0.00068183
0.000682131
0.000682369
0.000682506
0.000682506
0.00068234
0.000681994
0.000681482
0.000680867
0.000680287
0.000679982
0.000679988
4.27227e-05
5.37113e-05
6.61697e-05
8.57472e-05
0.000127631
0.000212839
0.000352459
0.000533761
0.000719702
0.000862208
0.000941143
0.000967938
0.000982859
0.000997511
0.00101514
0.00103108
0.00103745
0.00102798
0.00101341
0.00100616
0.0010113
0.00104611
0.00110932
0.00121439
0.00133898
0.00179491
0.00197461
0.00196398
0.00222013
0.00248216
0.00298674
0.00290827
0.00306906
0.00312735
0.00311027
0.00305543
0.00297833
0.00287991
0.0026853
0.00240702
0.00206765
0.00156656
0.000950965
0.000986132
0.000179199
5.48605e-05
3.108e-05
8.55102e-05
0.000358386
0.000713982
0.000810441
0.000785318
0.000751797
0.000728532
0.000714412
0.000706217
0.000700904
0.00069696
0.000693877
0.000691475
0.000689629
0.000688168
0.000686895
0.000685672
0.00068441
0.000683039
0.000681575
0.000680093
0.000678703
0.000677571
0.000676841
0.000676573
0.000676717
0.000677134
0.000677661
0.000678176
0.000678624
0.000678972
0.000679233
0.000679441
0.000679627
0.000679817
0.000680027
0.000680267
0.000680539
0.000680839
0.000681163
0.0006815
0.000681831
0.000682132
0.000682369
0.000682506
0.000682506
0.00068234
0.000681994
0.000681482
0.000680868
0.000680289
0.000679984
0.000679989
6.96059e-05
7.10874e-05
7.77652e-05
0.000104983
0.000173738
0.00030042
0.00048255
0.000694619
0.000897
0.00104742
0.00112052
0.001122
0.00109733
0.00108283
0.00108395
0.00109893
0.00112115
0.00113939
0.00115205
0.00116709
0.00119387
0.00124465
0.00133518
0.00145158
0.00159435
0.00182832
0.00202435
0.00223729
0.00248736
0.00273106
0.00295474
0.00309884
0.00316284
0.00315742
0.00310401
0.00302132
0.00291847
0.00279357
0.00253848
0.00221104
0.00182707
0.00133345
0.00128952
0.000403515
0.000117424
4.02854e-05
3.55446e-05
0.000134667
0.000474618
0.000773836
0.000817095
0.000780723
0.000748705
0.000726876
0.000713603
0.000705753
0.0007006
0.000696763
0.000693746
0.00069139
0.000689574
0.000688134
0.000686878
0.000685665
0.000684408
0.000683042
0.000681581
0.000680099
0.000678709
0.000677577
0.000676847
0.00067658
0.000676725
0.000677144
0.000677671
0.000678187
0.000678635
0.000678982
0.000679242
0.000679449
0.000679635
0.000679824
0.000680034
0.000680273
0.000680544
0.000680843
0.000681167
0.000681502
0.000681832
0.000682132
0.000682369
0.000682505
0.000682506
0.00068234
0.000681993
0.000681482
0.000680869
0.00068029
0.000679986
0.000679992
0.000172701
0.000101849
9.14168e-05
0.000130393
0.000231398
0.000399259
0.000619875
0.000863466
0.00109269
0.00127059
0.00137184
0.00139171
0.00134298
0.00128049
0.0012408
0.00122904
0.00124304
0.00127409
0.00130876
0.00134721
0.0014012
0.0014805
0.00159414
0.00173968
0.00192655
0.00215777
0.00236536
0.00258583
0.00280313
0.00299313
0.00314557
0.00323606
0.00322914
0.00316455
0.00305655
0.00292988
0.00279194
0.00260389
0.00228374
0.00191819
0.00154138
0.00148811
0.00105065
0.000246767
7.82682e-05
3.18405e-05
4.77329e-05
0.0002074
0.000582889
0.000804331
0.000811736
0.000774633
0.000744773
0.000724847
0.000712588
0.000705153
0.000700209
0.000696503
0.000693574
0.000691276
0.000689502
0.00068809
0.000686856
0.000685657
0.000684409
0.00068305
0.000681591
0.00068011
0.00067872
0.000677587
0.000676858
0.000676592
0.000676739
0.00067716
0.000677687
0.000678203
0.000678652
0.000678998
0.000679257
0.000679462
0.000679647
0.000679835
0.000680043
0.000680281
0.00068055
0.000680849
0.000681171
0.000681505
0.000681834
0.000682132
0.000682368
0.000682504
0.000682504
0.000682338
0.000681992
0.000681482
0.00068087
0.000680293
0.00067999
0.000679996
0.000722066
0.00023726
0.000140508
0.000171224
0.000285981
0.000474541
0.000715488
0.000978749
0.00123124
0.0014447
0.00159571
0.00166729
0.00165775
0.0015807
0.00150432
0.0014585
0.00144991
0.00147607
0.00152544
0.00158865
0.00167183
0.00178559
0.00193135
0.0021038
0.00230709
0.00253495
0.00275346
0.00294303
0.00310965
0.00322854
0.00328872
0.00329992
0.00325827
0.0031242
0.00295629
0.00278633
0.00262541
0.00233968
0.00198541
0.00159636
0.00121207
0.0011022
0.000411701
0.000163947
5.25455e-05
2.97192e-05
7.54712e-05
0.000315565
0.000684795
0.00082212
0.00080458
0.000768302
0.000741064
0.000722903
0.00071155
0.000704523
0.000699789
0.000696219
0.00069338
0.000691146
0.000689417
0.000688036
0.000686822
0.000685638
0.000684401
0.000683049
0.000681595
0.000680115
0.000678724
0.000677592
0.000676864
0.0006766
0.00067675
0.000677173
0.000677701
0.000678218
0.000678666
0.000679011
0.000679269
0.000679474
0.000679657
0.000679844
0.000680051
0.000680287
0.000680556
0.000680854
0.000681174
0.000681506
0.000681834
0.000682131
0.000682365
0.0006825
0.0006825
0.000682335
0.000681989
0.00068148
0.00068087
0.000680295
0.000679994
0.000680001
0.00125551
0.000356613
0.000175487
0.000196446
0.000314555
0.000508429
0.000754964
0.00102583
0.0012961
0.00154353
0.00175006
0.00189642
0.00196392
0.00194809
0.00188037
0.00182591
0.00180612
0.00182766
0.00188709
0.00197216
0.00207603
0.00221217
0.00237599
0.00255415
0.00274586
0.002936
0.00312008
0.00325827
0.00336128
0.0034099
0.00339716
0.00331934
0.00321989
0.00302216
0.00280221
0.00259828
0.0023684
0.00203195
0.00165595
0.00124872
0.000905136
0.000727481
0.0003026
0.00010432
3.66443e-05
3.59156e-05
0.000132858
0.000455966
0.000764967
0.000829063
0.000796984
0.000762276
0.000737467
0.000720935
0.000710459
0.000703857
0.000699346
0.000695917
0.000693174
0.000691007
0.000689325
0.000687976
0.000686785
0.000685617
0.000684392
0.000683049
0.000681599
0.00068012
0.000678729
0.000677597
0.00067687
0.000676609
0.000676761
0.000677186
0.000677716
0.000678233
0.00067868
0.000679025
0.000679282
0.000679486
0.000679667
0.000679852
0.000680058
0.000680294
0.000680561
0.000680857
0.000681176
0.000681506
0.000681832
0.000682127
0.00068236
0.000682495
0.000682494
0.000682329
0.000681984
0.000681477
0.000680868
0.000680297
0.000679998
0.000680006
0.00149595
0.000448013
0.000200965
0.000206129
0.000314973
0.000499306
0.000737316
0.00100537
0.00128319
0.00155719
0.00181452
0.00203756
0.00220052
0.00228138
0.00229426
0.00228083
0.00228782
0.00232676
0.0024006
0.00250063
0.00261259
0.0027419
0.00288735
0.00303446
0.003178
0.00331198
0.00341806
0.00348563
0.0035153
0.00349395
0.00341416
0.00328058
0.00311707
0.00286014
0.00260207
0.00238775
0.00202785
0.00168691
0.0013307
0.000939968
0.00070233
0.000455045
0.000192101
6.33746e-05
3.02665e-05
5.74148e-05
0.000236587
0.000603574
0.000815894
0.00082769
0.000788813
0.00075647
0.000733989
0.000718972
0.000709341
0.000703167
0.000698887
0.000695599
0.000692954
0.000690857
0.000689225
0.000687911
0.000686743
0.000685593
0.000684382
0.000683047
0.000681602
0.000680125
0.000678733
0.000677601
0.000676875
0.000676617
0.000676772
0.000677199
0.000677731
0.000678248
0.000678695
0.00067904
0.000679295
0.000679497
0.000679677
0.000679861
0.000680065
0.000680299
0.000680565
0.000680859
0.000681176
0.000681505
0.000681828
0.000682122
0.000682353
0.000682487
0.000682486
0.000682321
0.000681977
0.000681471
0.000680865
0.000680297
0.000680002
0.000680012
0.00167375
0.000589613
0.000243563
0.000212941
0.00029695
0.000456435
0.000671813
0.000924431
0.00119971
0.00148908
0.00178649
0.00208091
0.00234242
0.00252441
0.00264073
0.00270856
0.00277203
0.0028491
0.00294385
0.00305046
0.00315606
0.00325522
0.00335288
0.00343957
0.00351226
0.0035692
0.00359663
0.00359727
0.00356386
0.00348425
0.00334972
0.00317723
0.00295801
0.00265777
0.00237203
0.00204361
0.00166654
0.00133068
0.00106444
0.000725788
0.000510658
0.000287522
0.00011207
4.00639e-05
3.4535e-05
0.000108694
0.000385195
0.000726287
0.000841802
0.00082072
0.000780311
0.000750872
0.000730629
0.000717031
0.000708208
0.00070246
0.000698411
0.000695267
0.00069272
0.000690696
0.000689116
0.000687839
0.000686697
0.000685566
0.000684369
0.000683044
0.000681605
0.000680128
0.000678737
0.000677604
0.000676879
0.000676624
0.000676782
0.000677213
0.000677746
0.000678264
0.000678711
0.000679054
0.000679308
0.000679509
0.000679687
0.000679869
0.000680072
0.000680304
0.000680568
0.000680861
0.000681176
0.000681503
0.000681824
0.000682115
0.000682345
0.000682477
0.000682476
0.000682311
0.000681968
0.000681464
0.00068086
0.000680296
0.000680006
0.000680018
0.00185837
0.000835379
0.000339456
0.000236584
0.000276894
0.000395986
0.000574044
0.000797678
0.00105812
0.00135228
0.00168055
0.0020346
0.00238047
0.00265186
0.00285548
0.00301176
0.00314061
0.00326091
0.00337666
0.00348423
0.00357385
0.00363674
0.00367922
0.00369942
0.00370149
0.00368749
0.00365325
0.00360131
0.00351952
0.00339257
0.00321673
0.00302628
0.00273325
0.00238171
0.00204485
0.00169244
0.00131022
0.0010356
0.000879661
0.000553942
0.000343799
0.000166694
6.25446e-05
3.20657e-05
5.58804e-05
0.000207779
0.000552934
0.000808162
0.000847302
0.000810218
0.000771827
0.000745513
0.000727391
0.00071512
0.000707067
0.000701737
0.000697921
0.00069492
0.000692474
0.000690524
0.000689
0.000687762
0.000686646
0.000685536
0.000684355
0.00068304
0.000681606
0.000680131
0.000678738
0.000677605
0.000676883
0.000676631
0.000676793
0.000677226
0.000677761
0.00067828
0.000678727
0.000679069
0.000679322
0.00067952
0.000679697
0.000679877
0.000680078
0.000680309
0.000680572
0.000680863
0.000681176
0.0006815
0.000681818
0.000682107
0.000682335
0.000682467
0.000682465
0.0006823
0.000681958
0.000681455
0.000680855
0.000680295
0.00068001
0.000680025
0.00204777
0.0011975
0.000552288
0.000315366
0.000280883
0.000341696
0.000467026
0.000646535
0.000877768
0.00116455
0.00151014
0.00190692
0.00231872
0.00267062
0.00293802
0.00317026
0.00336055
0.00352011
0.00365379
0.00375861
0.0038273
0.0038552
0.00384644
0.00380821
0.0037514
0.00368293
0.00360528
0.00351497
0.00339926
0.003244
0.00303704
0.00277059
0.00242311
0.00205256
0.00172087
0.00137857
0.0010252
0.000817224
0.000706618
0.000394825
0.000206767
9.08175e-05
3.95626e-05
3.88907e-05
0.000110602
0.000360832
0.000701801
0.000850106
0.000840538
0.000798388
0.000763657
0.00074042
0.000724279
0.000713246
0.000705925
0.000701003
0.000697415
0.000694557
0.000692214
0.000690343
0.000688877
0.000687679
0.000686592
0.000685504
0.000684339
0.000683035
0.000681607
0.000680132
0.000678739
0.000677606
0.000676886
0.000676638
0.000676804
0.000677241
0.000677777
0.000678297
0.000678743
0.000679084
0.000679336
0.000679533
0.000679707
0.000679886
0.000680085
0.000680314
0.000680575
0.000680864
0.000681174
0.000681496
0.000681812
0.000682099
0.000682325
0.000682455
0.000682452
0.000682287
0.000681947
0.000681446
0.000680849
0.000680294
0.000680014
0.000680033
0.00222402
0.00161611
0.000942329
0.000524766
0.000355696
0.000327263
0.000381077
0.000499675
0.000684409
0.000945902
0.00129423
0.00172013
0.00218299
0.00259977
0.00292548
0.00321557
0.00345527
0.00364796
0.00379476
0.00389318
0.00393852
0.00393075
0.00387611
0.00378845
0.00368514
0.00357915
0.00347551
0.00336372
0.00322704
0.00303963
0.00279294
0.00247929
0.00211139
0.00174445
0.00145004
0.00114537
0.000845473
0.000642428
0.000519572
0.000257969
0.00011817
5.22296e-05
3.64116e-05
6.87265e-05
0.000220429
0.000542996
0.000805733
0.000861847
0.000827353
0.000786428
0.000755937
0.000735601
0.000721292
0.000711412
0.000704786
0.000700256
0.000696894
0.000694179
0.000691941
0.000690151
0.000688745
0.00068759
0.000686534
0.000685469
0.000684321
0.000683029
0.000681606
0.000680133
0.000678738
0.000677606
0.000676888
0.000676644
0.000676815
0.000677255
0.000677794
0.000678314
0.00067876
0.0006791
0.000679349
0.000679544
0.000679717
0.000679894
0.000680091
0.000680319
0.000680578
0.000680865
0.000681173
0.000681492
0.000681805
0.000682089
0.000682313
0.000682442
0.000682439
0.000682275
0.000681935
0.000681437
0.000680844
0.000680295
0.00068002
0.000680043
0.00237746
0.00200894
0.00145241
0.000939374
0.000583593
0.000404762
0.000352745
0.000388527
0.000506592
0.000722664
0.00105461
0.00149506
0.00199595
0.00246212
0.00284167
0.00318049
0.00346229
0.0036819
0.00383667
0.0039245
0.00394407
0.00389957
0.00380259
0.0036727
0.00353293
0.00340233
0.00328919
0.00316806
0.00300752
0.00279147
0.00251517
0.00218736
0.00183248
0.00149855
0.00125769
0.00099238
0.000716429
0.000482548
0.000339887
0.000156942
6.9156e-05
4.04541e-05
5.30158e-05
0.000140752
0.000385998
0.000705682
0.00085795
0.000854133
0.00081148
0.000774849
0.000748636
0.000730985
0.000718372
0.000709576
0.000703613
0.000699468
0.00069633
0.000693761
0.000691633
0.000689929
0.000688588
0.000687479
0.000686456
0.000685417
0.000684289
0.00068301
0.000681594
0.000680121
0.000678727
0.000677595
0.000676881
0.000676643
0.000676819
0.000677263
0.000677805
0.000678325
0.000678771
0.00067911
0.000679358
0.000679551
0.000679723
0.000679898
0.000680094
0.00068032
0.000680577
0.000680863
0.000681169
0.000681485
0.000681796
0.000682077
0.0006823
0.000682428
0.000682425
0.000682261
0.000681924
0.000681429
0.000680841
0.000680297
0.000680029
0.000680057
0.00250612
0.00233636
0.00194664
0.00149072
0.00102444
0.000653569
0.000434382
0.00034869
0.000374212
0.000519305
0.000807665
0.00124011
0.00176506
0.00227273
0.00270346
0.00308665
0.00340625
0.00364836
0.00380721
0.00388162
0.00387419
0.00379328
0.00365669
0.00349133
0.00332503
0.00317922
0.00305439
0.00292356
0.00275475
0.00252655
0.00224478
0.00193064
0.00162093
0.00131143
0.00111413
0.000874984
0.000584577
0.000336734
0.00019833
9.06668e-05
4.83822e-05
4.90478e-05
0.000103786
0.000276726
0.000582449
0.00081915
0.000871061
0.000836808
0.000795229
0.000764005
0.000741839
0.000726639
0.000715591
0.000707809
0.000702473
0.000698695
0.000695774
0.000693349
0.000691331
0.000689715
0.000688439
0.000687376
0.000686387
0.000685374
0.000684266
0.000683
0.00068159
0.000680118
0.000678723
0.000677591
0.00067688
0.000676647
0.000676829
0.000677278
0.000677822
0.000678344
0.000678789
0.000679127
0.000679374
0.000679565
0.000679734
0.000679907
0.000680101
0.000680325
0.00068058
0.000680863
0.000681166
0.000681479
0.000681786
0.000682065
0.000682285
0.000682411
0.000682408
0.000682244
0.000681908
0.000681416
0.000680833
0.000680295
0.000680032
0.000680064
0.00261541
0.0025951
0.00234851
0.00201492
0.00157322
0.0010921
0.00068631
0.000424605
0.000319527
0.000366615
0.000580286
0.000972275
0.00149543
0.00203956
0.00251911
0.00294363
0.00329878
0.00356135
0.00372259
0.00378316
0.0037495
0.00363415
0.00346341
0.00327016
0.00308584
0.00292948
0.00279989
0.00267184
0.00250339
0.00227663
0.00200814
0.00171555
0.00144645
0.00115833
0.000952354
0.00073407
0.000438521
0.000222235
0.000114247
5.94571e-05
4.9756e-05
8.42679e-05
0.000204197
0.00045864
0.00074083
0.000867558
0.000859854
0.00081763
0.00078114
0.000754925
0.000736089
0.000722897
0.000713165
0.000706252
0.000701458
0.000697996
0.000695263
0.000692967
0.000691051
0.000689517
0.000688303
0.000687283
0.000686326
0.00068534
0.000684251
0.000682998
0.000681594
0.000680121
0.000678723
0.00067759
0.000676882
0.000676654
0.000676841
0.000677295
0.000677842
0.000678365
0.000678811
0.000679148
0.000679393
0.000679582
0.000679748
0.000679919
0.00068011
0.000680332
0.000680584
0.000680864
0.000681163
0.000681473
0.000681776
0.000682052
0.000682269
0.000682393
0.000682388
0.000682225
0.000681889
0.0006814
0.00068082
0.000680287
0.00068003
0.000680066
0.00271032
0.00279736
0.00264949
0.00242382
0.00206267
0.00158554
0.00108399
0.000650633
0.000371571
0.000288708
0.000398314
0.000710501
0.00119994
0.00176537
0.00228804
0.0027504
0.00314109
0.00342561
0.00359124
0.00364065
0.00358439
0.00343992
0.00324055
0.00302432
0.00283147
0.00267302
0.00254087
0.00241933
0.00225505
0.00203121
0.00177065
0.00150306
0.00122467
0.000930904
0.000720787
0.000532372
0.00029001
0.00013798
7.22629e-05
5.42564e-05
7.64832e-05
0.000163989
0.000365262
0.000645737
0.000835603
0.0008721
0.000838348
0.000798619
0.000768271
0.000746593
0.000730677
0.000719284
0.000710769
0.000704678
0.000700402
0.000697247
0.000694703
0.000692542
0.000690735
0.000689288
0.00068814
0.000687168
0.000686246
0.000685289
0.000684222
0.000682983
0.000681585
0.000680112
0.000678712
0.000677579
0.000676874
0.000676652
0.000676846
0.000677306
0.000677856
0.000678381
0.000678827
0.000679163
0.000679406
0.000679594
0.000679758
0.000679927
0.000680116
0.000680335
0.000680585
0.000680862
0.000681158
0.000681464
0.000681764
0.000682036
0.000682251
0.000682373
0.000682367
0.000682204
0.00068187
0.000681383
0.000680808
0.000680282
0.000680031
0.000680071
0.00279559
0.00296093
0.00287431
0.00271977
0.00242979
0.00200167
0.00150244
0.000990278
0.00054748
0.000300907
0.000282728
0.000478243
0.000886624
0.00143356
0.00199017
0.00249161
0.00291816
0.0032304
0.00340826
0.00345511
0.00338407
0.00321976
0.00299822
0.00276442
0.00257598
0.00241846
0.00227299
0.0021586
0.00198984
0.00174679
0.00146216
0.00120149
0.000911853
0.000640092
0.000461643
0.000323221
0.000168974
8.62676e-05
6.1229e-05
7.59713e-05
0.000145127
0.000307907
0.000562296
0.000784075
0.000867972
0.000853691
0.00081492
0.000781506
0.000756936
0.000739134
0.000725708
0.000715898
0.000708491
0.000703159
0.000699362
0.000696495
0.000694132
0.000692105
0.000690408
0.000689051
0.00068797
0.000687046
0.000686162
0.000685235
0.000684191
0.000682966
0.000681573
0.0006801
0.000678698
0.000677566
0.000676865
0.00067665
0.000676851
0.000677316
0.00067787
0.000678397
0.000678843
0.000679178
0.00067942
0.000679605
0.000679768
0.000679934
0.000680121
0.000680338
0.000680585
0.000680859
0.000681152
0.000681454
0.000681751
0.000682019
0.000682231
0.000682352
0.000682345
0.000682183
0.00068185
0.000681367
0.000680797
0.000680277
0.000680033
0.000680079
0.00287523
0.00309969
0.00304912
0.00293417
0.00268826
0.00230574
0.00184995
0.00135168
0.000828632
0.000414769
0.000247698
0.000306579
0.000583837
0.00105403
0.00161513
0.00214959
0.00260771
0.00295429
0.00315737
0.00321552
0.00314463
0.00297187
0.00273901
0.00248549
0.0023163
0.00215847
0.00200533
0.00186355
0.00166728
0.00138329
0.00106571
0.000821252
0.00057832
0.00037475
0.000252329
0.000169112
9.65543e-05
6.85962e-05
7.98788e-05
0.000139396
0.000278306
0.00050505
0.000731585
0.000849166
0.000860015
0.000827934
0.000793566
0.000766824
0.000747129
0.000732515
0.00072118
0.000712756
0.000706351
0.00070171
0.000698349
0.000695746
0.000693556
0.00069166
0.000690075
0.000688808
0.000687794
0.00068692
0.000686074
0.000685179
0.000684158
0.000682947
0.00068156
0.000680085
0.00067868
0.000677549
0.000676853
0.000676645
0.000676854
0.000677326
0.000677884
0.000678412
0.000678858
0.000679192
0.000679433
0.000679616
0.000679777
0.000679941
0.000680126
0.00068034
0.000680585
0.000680855
0.000681145
0.000681443
0.000681736
0.000682001
0.00068221
0.000682329
0.000682322
0.00068216
0.000681829
0.00068135
0.000680785
0.000680272
0.000680035
0.000680086
0.00295191
0.00322276
0.00319318
0.00309709
0.00287182
0.00251718
0.00210613
0.00166456
0.00115743
0.000634341
0.00030234
0.000222582
0.00034368
0.000669774
0.00115408
0.00169576
0.00219029
0.00256909
0.00280872
0.00289538
0.00284295
0.00267978
0.00245196
0.00220873
0.00203142
0.00185941
0.00167811
0.00149512
0.00126161
0.000954602
0.000668825
0.000475306
0.000313947
0.000192803
0.000128646
9.25373e-05
7.35005e-05
8.65506e-05
0.000143119
0.00026908
0.000474023
0.000692254
0.000825065
0.000856868
0.000835608
0.000803192
0.000775521
0.000754465
0.000738678
0.00072664
0.000717059
0.000709853
0.00070435
0.000700333
0.000697365
0.000695003
0.000692975
0.000691209
0.000689735
0.000688558
0.000687611
0.000686787
0.000685981
0.000685119
0.000684122
0.000682926
0.000681543
0.000680066
0.000678659
0.000677528
0.000676838
0.000676638
0.000676856
0.000677334
0.000677896
0.000678427
0.000678873
0.000679206
0.000679445
0.000679626
0.000679785
0.000679947
0.00068013
0.000680342
0.000680584
0.000680851
0.000681136
0.000681431
0.000681719
0.000681981
0.000682187
0.000682304
0.000682297
0.000682135
0.000681807
0.000681331
0.000680772
0.000680266
0.000680036
0.000680093
0.00302716
0.00333548
0.00331844
0.00322947
0.00300954
0.00266609
0.00228592
0.00190321
0.00146483
0.000932511
0.000456458
0.00022973
0.000213335
0.000362518
0.000684982
0.0011418
0.0016375
0.00205342
0.0023294
0.00245315
0.00243453
0.00230307
0.00209641
0.00185644
0.00167992
0.00149
0.00128297
0.00106453
0.000825852
0.000569022
0.000363371
0.000238947
0.00015758
0.000105699
8.26452e-05
7.83312e-05
9.74201e-05
0.000156764
0.000278317
0.00046737
0.000671072
0.000805439
0.000848662
0.000837582
0.000809423
0.000782317
0.000760679
0.000744095
0.000731374
0.000721413
0.000713313
0.000707183
0.00070249
0.000699029
0.00069641
0.000694266
0.000692392
0.000690754
0.00068939
0.000688303
0.000687424
0.00068665
0.000685885
0.000685057
0.000684084
0.000682901
0.000681522
0.000680043
0.000678633
0.000677503
0.000676819
0.000676629
0.000676856
0.000677341
0.000677908
0.00067844
0.000678886
0.000679219
0.000679456
0.000679636
0.000679793
0.000679953
0.000680134
0.000680343
0.000680581
0.000680845
0.000681127
0.000681417
0.000681701
0.000681959
0.000682163
0.000682278
0.00068227
0.000682109
0.000681783
0.000681311
0.000680758
0.00068026
0.000680037
0.0006801
0.00310158
0.00344051
0.00343147
0.00334376
0.00312081
0.00277697
0.00241192
0.0020713
0.00170641
0.00124036
0.000708649
0.000330462
0.000189696
0.000202197
0.000337675
0.000609918
0.000994296
0.00139576
0.00170082
0.00186584
0.0018875
0.00179406
0.00162499
0.00142413
0.00124105
0.00105247
0.000855155
0.000654154
0.000463041
0.00029849
0.000187185
0.000127235
9.64905e-05
8.54307e-05
9.32546e-05
0.000120754
0.000186235
0.00030891
0.000486485
0.000671084
0.000795879
0.000841345
0.000836166
0.00081233
0.000786863
0.000765412
0.000748507
0.00073535
0.000725025
0.000716748
0.000709917
0.000704742
0.000700769
0.000697796
0.000695485
0.000693538
0.000691809
0.000690297
0.000689043
0.000688045
0.000687232
0.000686509
0.000685785
0.000684993
0.000684045
0.000682875
0.000681498
0.000680015
0.000678602
0.000677474
0.000676797
0.000676617
0.000676853
0.000677346
0.000677918
0.000678452
0.000678899
0.00067923
0.000679466
0.000679645
0.0006798
0.000679958
0.000680136
0.000680343
0.000680578
0.000680838
0.000681116
0.000681401
0.000681682
0.000681936
0.000682136
0.000682249
0.000682241
0.00068208
0.000681757
0.00068129
0.000680743
0.000680252
0.000680037
0.000680107
0.00317502
0.00353889
0.00353551
0.0034466
0.0032169
0.00286594
0.00250352
0.00218461
0.00187173
0.00148981
0.00100477
0.000534528
0.000260002
0.000168454
0.000180852
0.000276833
0.000467674
0.000726372
0.000978791
0.00115568
0.00122317
0.001183
0.00107095
0.000924112
0.000776353
0.000625419
0.000480632
0.00034879
0.000238701
0.000159891
0.000114972
9.76436e-05
0.00010006
0.000121535
0.000166581
0.000242803
0.000367186
0.000532253
0.000693136
0.000798962
0.000838376
0.000834377
0.000813132
0.00078939
0.000768594
0.000751768
0.00073845
0.000727914
0.000719474
0.000712587
0.000706855
0.000702524
0.000699182
0.000696633
0.000694589
0.000692819
0.000691229
0.00068984
0.000688696
0.000687784
0.000687037
0.000686365
0.000685683
0.000684926
0.000684003
0.000682845
0.00068147
0.000679983
0.000678567
0.000677441
0.000676771
0.000676602
0.000676849
0.000677349
0.000677926
0.000678463
0.00067891
0.000679241
0.000679475
0.000679652
0.000679805
0.000679962
0.000680138
0.000680342
0.000680574
0.00068083
0.000681103
0.000681384
0.00068166
0.00068191
0.000682107
0.000682219
0.00068221
0.00068205
0.00068173
0.000681267
0.000680727
0.000680243
0.000680036
0.000680112
0.00324683
0.00363073
0.00363195
0.00354123
0.0033036
0.00294232
0.00257427
0.00226051
0.00197293
0.00165267
0.00125655
0.000806417
0.00043321
0.000232063
0.00015874
0.000156241
0.000208318
0.000309563
0.00043647
0.000550264
0.000613731
0.000612173
0.000561383
0.000483603
0.000400535
0.000318082
0.000245068
0.000184228
0.000139721
0.000115278
0.000112372
0.000129069
0.000167202
0.000233133
0.00033018
0.00045628
0.000601761
0.00073162
0.000812209
0.000839788
0.000833343
0.000812973
0.00079046
0.000770428
0.000753913
0.000740649
0.00073005
0.000721537
0.000714608
0.00070889
0.000704117
0.000700523
0.000697723
0.000695535
0.000693722
0.000692111
0.000690654
0.000689388
0.000688349
0.000687522
0.000686839
0.000686218
0.00068558
0.000684859
0.000683959
0.000682813
0.000681438
0.000679945
0.000678526
0.000677403
0.000676741
0.000676583
0.000676842
0.000677351
0.000677932
0.000678472
0.00067892
0.00067925
0.000679483
0.000679658
0.00067981
0.000679965
0.000680139
0.00068034
0.000680568
0.00068082
0.000681088
0.000681365
0.000681636
0.000681882
0.000682077
0.000682186
0.000682177
0.000682019
0.000681701
0.000681243
0.000680709
0.000680233
0.000680034
0.000680117
0.00331611
0.00371577
0.00372139
0.00362912
0.00338367
0.00301082
0.00263236
0.00231281
0.00202974
0.00173896
0.00141363
0.00104887
0.000682644
0.000399841
0.000237668
0.00016258
0.000142807
0.000158293
0.000193953
0.000236124
0.000266464
0.000273463
0.000259136
0.000231566
0.000200166
0.000169703
0.000145618
0.000130314
0.000127217
0.000140305
0.000175382
0.000235698
0.000322766
0.000435668
0.000562114
0.000682147
0.000775774
0.000828448
0.000842484
0.000832168
0.000811917
0.00079038
0.000771144
0.000755082
0.000742015
0.000731471
0.000722961
0.000716044
0.000710353
0.000705632
0.000701689
0.000698727
0.000696384
0.000694499
0.000692883
0.000691419
0.00069009
0.000688942
0.000688007
0.000687261
0.00068664
0.00068607
0.000685477
0.000684791
0.000683914
0.000682777
0.000681401
0.000679902
0.000678479
0.000677359
0.000676708
0.000676562
0.000676832
0.00067735
0.000677937
0.000678479
0.000678927
0.000679257
0.00067949
0.000679663
0.000679814
0.000679967
0.000680138
0.000680336
0.000680561
0.000680808
0.000681072
0.000681344
0.00068161
0.000681853
0.000682044
0.000682152
0.000682142
0.000681985
0.00068167
0.000681217
0.00068069
0.000680222
0.000680032
0.000680122
0.00338206
0.00379385
0.00380419
0.003711
0.00345827
0.00307355
0.00268209
0.00235049
0.00205946
0.00177409
0.00148359
0.00119272
0.000905829
0.000638759
0.000423467
0.000275872
0.000192472
0.000154655
0.000142341
0.000143403
0.000148376
0.000150853
0.000148915
0.000144243
0.000139792
0.000138458
0.000143825
0.000159971
0.000192148
0.000246696
0.000328256
0.000433281
0.000549757
0.000661725
0.000752282
0.000811894
0.000839864
0.000842216
0.000828944
0.000809232
0.000788956
0.000770754
0.000755344
0.000742628
0.000732249
0.000723813
0.000716947
0.00071132
0.000706662
0.00070279
0.000699553
0.000697119
0.000695154
0.000693519
0.000692074
0.000690744
0.000689539
0.000688507
0.000687671
0.000687003
0.000686442
0.000685923
0.000685374
0.000684722
0.000683867
0.000682737
0.000681358
0.000679852
0.000678426
0.000677311
0.00067667
0.000676538
0.00067682
0.000677347
0.00067794
0.000678484
0.000678934
0.000679263
0.000679494
0.000679667
0.000679816
0.000679967
0.000680137
0.000680332
0.000680552
0.000680795
0.000681054
0.00068132
0.000681583
0.000681821
0.000682009
0.000682116
0.000682105
0.00068195
0.000681638
0.00068119
0.00068067
0.00068021
0.000680028
0.000680125
0.00344436
0.00386506
0.00388073
0.00378731
0.00352787
0.00313129
0.00272534
0.00237842
0.00207345
0.00178089
0.00149935
0.0012453
0.00102677
0.000833958
0.000655225
0.000491577
0.000359048
0.000268194
0.00021169
0.000180066
0.000165285
0.000160711
0.00016197
0.000168395
0.000180831
0.00020229
0.000235728
0.000286288
0.000357728
0.00045003
0.000555469
0.000658094
0.000742172
0.000800105
0.000831751
0.000841799
0.000836488
0.000822132
0.000804038
0.000785728
0.000769042
0.000754622
0.000742492
0.000732435
0.000724166
0.0007174
0.000711858
0.00070729
0.000703492
0.000700333
0.000697684
0.000695681
0.000694021
0.000692593
0.000691296
0.000690091
0.000689007
0.000688087
0.000687345
0.00068675
0.000686247
0.000685778
0.000685273
0.000684655
0.000683818
0.000682694
0.000681309
0.000679796
0.000678367
0.000677258
0.000676629
0.000676511
0.000676806
0.000677342
0.00067794
0.000678488
0.000678938
0.000679267
0.000679498
0.000679669
0.000679817
0.000679967
0.000680134
0.000680326
0.000680542
0.00068078
0.000681034
0.000681295
0.000681553
0.000681787
0.000681973
0.000682077
0.000682066
0.000681912
0.000681604
0.000681161
0.000680648
0.000680197
0.000680022
0.000680128
0.0035033
0.0039299
0.00395145
0.00385832
0.00359256
0.00318416
0.00276277
0.0023988
0.00207761
0.00177341
0.00148934
0.00124701
0.00106019
0.000922004
0.000811086
0.000705391
0.000596995
0.00049481
0.00040903
0.000346561
0.000309144
0.0002935
0.000294441
0.000309654
0.00033824
0.000382092
0.000440023
0.000512457
0.000594377
0.000676173
0.00074626
0.000796476
0.000825345
0.000836512
0.000835137
0.000825797
0.000811942
0.000796207
0.000780458
0.000765806
0.000752789
0.000741553
0.000732034
0.000724075
0.000717486
0.00071206
0.000707591
0.000703886
0.000700796
0.000698221
0.000696049
0.000694391
0.000692975
0.000691717
0.000690551
0.000689466
0.000688498
0.000687684
0.000687029
0.000686503
0.000686057
0.000685637
0.000685175
0.000684588
0.000683768
0.000682645
0.000681253
0.000679732
0.000678302
0.000677199
0.000676584
0.000676481
0.000676789
0.000677334
0.000677939
0.000678489
0.00067894
0.000679269
0.000679499
0.00067967
0.000679817
0.000679965
0.00068013
0.000680319
0.000680531
0.000680763
0.000681011
0.000681268
0.00068152
0.000681751
0.000681934
0.000682037
0.000682026
0.000681874
0.000681569
0.000681131
0.000680625
0.000680182
0.000680016
0.00068013
0.00355974
0.00398908
0.00401674
0.00392405
0.00365218
0.00323196
0.00279449
0.00241254
0.00207462
0.00175831
0.00146906
0.00122905
0.00105288
0.00093653
0.000862581
0.00080966
0.000760489
0.000707254
0.00065074
0.000598527
0.000559723
0.000539976
0.000539269
0.000555638
0.000586091
0.000628581
0.000676478
0.000725677
0.000769742
0.000803253
0.000823697
0.000831877
0.000830689
0.000823379
0.000812554
0.00079996
0.000786704
0.000773592
0.000761195
0.000749874
0.000739812
0.00073106
0.000723578
0.000717273
0.000712016
0.00070766
0.000704048
0.000701036
0.000698514
0.000696408
0.000694613
0.000693228
0.000692007
0.000690892
0.000689845
0.000688874
0.000688017
0.000687303
0.000686729
0.000686266
0.000685874
0.000685501
0.000685081
0.000684522
0.000683714
0.00068259
0.000681189
0.00067966
0.00067823
0.000677136
0.000676535
0.000676448
0.000676769
0.000677325
0.000677935
0.000678488
0.00067894
0.000679269
0.000679499
0.000679669
0.000679815
0.000679962
0.000680125
0.00068031
0.000680518
0.000680745
0.000680987
0.000681238
0.000681486
0.000681713
0.000681893
0.000681994
0.000681984
0.000681833
0.000681532
0.0006811
0.000680601
0.000680167
0.000680009
0.000680131
0.00361478
0.00404319
0.00407672
0.00398426
0.00370634
0.00327439
0.00282043
0.00242004
0.00206566
0.00173834
0.00144478
0.00120584
0.00103373
0.000923894
0.000861025
0.000827497
0.000808448
0.000793833
0.000778589
0.000762492
0.000748688
0.00074122
0.000742084
0.000750982
0.000765779
0.000783973
0.000801311
0.000815499
0.000824448
0.000827389
0.000824885
0.000818319
0.000809209
0.000798765
0.000787795
0.000776779
0.000766015
0.00075574
0.000746153
0.000737405
0.000729585
0.000722728
0.000716817
0.000711799
0.000707584
0.000704064
0.000701122
0.000698654
0.00069658
0.000694842
0.000693346
0.000692174
0.000691112
0.000690121
0.000689184
0.000688323
0.000687569
0.000686945
0.000686444
0.000686041
0.0006857
0.000685374
0.000684991
0.000684457
0.000683657
0.000682528
0.000681116
0.00067958
0.00067815
0.000677067
0.000676483
0.000676412
0.000676748
0.000677313
0.000677929
0.000678485
0.000678939
0.000679267
0.000679496
0.000679666
0.000679812
0.000679958
0.000680118
0.0006803
0.000680503
0.000680724
0.000680961
0.000681206
0.000681449
0.000681672
0.00068185
0.00068195
0.00068194
0.000681791
0.000681494
0.000681068
0.000680576
0.00068015
0.00068
0.000680131
0.00366913
0.00409231
0.00413099
0.00403834
0.0037545
0.00331112
0.00284055
0.0024216
0.00205143
0.00171471
0.00141878
0.00118209
0.00101343
0.000906354
0.000845741
0.000815596
0.000803085
0.000799395
0.000799204
0.000799935
0.000800968
0.000802675
0.00080548
0.000809274
0.000813345
0.000816763
0.000818513
0.000818019
0.000815006
0.000809658
0.0008025
0.000794184
0.000785285
0.000776207
0.000767206
0.000758433
0.000749997
0.000742002
0.000734549
0.000727722
0.000721582
0.000716159
0.000711449
0.000707417
0.000704002
0.000701124
0.000698698
0.000696652
0.000694929
0.000693481
0.000692221
0.000691219
0.000690288
0.000689407
0.000688575
0.000687816
0.000687158
0.000686615
0.000686179
0.00068583
0.000685537
0.000685255
0.000684907
0.000684392
0.000683596
0.000682458
0.000681034
0.000679491
0.000678065
0.000676994
0.000676427
0.000676375
0.000676724
0.000677299
0.000677921
0.00067848
0.000678934
0.000679263
0.000679492
0.000679661
0.000679806
0.000679951
0.00068011
0.000680288
0.000680486
0.000680702
0.000680932
0.000681172
0.00068141
0.00068163
0.000681805
0.000681904
0.000681894
0.000681748
0.000681455
0.000681034
0.00068055
0.000680132
0.000679991
0.00068013
0.00372261
0.0041358
0.00417863
0.00408541
0.00379613
0.00334195
0.00285492
0.00241758
0.00203257
0.00168819
0.0013919
0.00115898
0.000994594
0.000890215
0.000830424
0.000799962
0.000787011
0.000783602
0.000784843
0.000787965
0.000791539
0.000794889
0.000797684
0.000799689
0.000800646
0.000800267
0.000798585
0.000795504
0.000791096
0.000785571
0.000779227
0.000772378
0.000765292
0.000758162
0.000751123
0.000744268
0.000737674
0.000731415
0.000725562
0.000720176
0.000715301
0.000710964
0.000707167
0.000703887
0.00070108
0.000698692
0.000696665
0.00069495
0.000693506
0.000692291
0.000691219
0.000690356
0.000689538
0.000688756
0.000688022
0.000687358
0.000686786
0.000686314
0.000685936
0.000685636
0.000685389
0.000685147
0.000684828
0.000684326
0.000683528
0.000682379
0.000680942
0.000679393
0.000677972
0.000676917
0.000676369
0.000676335
0.000676699
0.000677284
0.000677911
0.000678473
0.000678928
0.000679257
0.000679485
0.000679654
0.000679799
0.000679943
0.000680099
0.000680273
0.000680466
0.000680677
0.000680902
0.000681136
0.000681369
0.000681585
0.000681758
0.000681856
0.000681847
0.000681703
0.000681414
0.000681
0.000680523
0.000680113
0.00067998
0.000680128
0.00377386
0.00417226
0.00421838
0.00412457
0.00383078
0.00336685
0.00286376
0.00240843
0.00200975
0.00165955
0.00136467
0.00113681
0.00097752
0.000876354
0.000817671
0.000786781
0.000772567
0.000767621
0.000767415
0.000769343
0.000771963
0.000774494
0.000776499
0.000777727
0.00077801
0.0007772
0.000775475
0.000772804
0.000769266
0.000764997
0.00076017
0.000754969
0.000749558
0.00074407
0.000738607
0.000733252
0.000728076
0.000723139
0.0007185
0.000714208
0.000710297
0.000706791
0.000703692
0.000700987
0.000698649
0.000696643
0.000694933
0.000693486
0.000692272
0.000691246
0.000690329
0.000689583
0.000688864
0.000688175
0.000687531
0.000686951
0.000686453
0.000686042
0.000685715
0.000685462
0.000685257
0.000685049
0.000684754
0.000684259
0.000683453
0.000682288
0.000680839
0.000679287
0.000677874
0.000676836
0.000676308
0.000676293
0.000676671
0.000677266
0.000677899
0.000678464
0.00067892
0.000679248
0.000679476
0.000679645
0.000679789
0.000679932
0.000680086
0.000680257
0.000680445
0.00068065
0.000680869
0.000681097
0.000681326
0.000681538
0.000681709
0.000681807
0.000681799
0.000681658
0.000681373
0.000680964
0.000680495
0.000680093
0.000679969
0.000680126
0.00382042
0.00419993
0.00424899
0.00415507
0.00385827
0.00338602
0.00286748
0.00239471
0.00198363
0.00162942
0.0013375
0.0011157
0.000962031
0.000864465
0.000807288
0.000776394
0.000761292
0.00075504
0.000753404
0.00075395
0.000755338
0.000756838
0.000758048
0.000758743
0.000758784
0.000758053
0.000756695
0.000754677
0.000752042
0.000748868
0.000745262
0.00074134
0.000737215
0.000732985
0.000728735
0.000724536
0.000720451
0.000716533
0.000712831
0.000709382
0.000706217
0.000703354
0.000700798
0.000698545
0.000696579
0.000694884
0.000693439
0.000692221
0.0006912
0.000690333
0.000689545
0.000688899
0.000688269
0.000687665
0.000687101
0.000686595
0.00068616
0.000685802
0.000685521
0.000685309
0.000685141
0.000684963
0.000684683
0.000684188
0.000683369
0.000682187
0.000680726
0.000679172
0.000677771
0.000676752
0.000676246
0.00067625
0.000676642
0.000677246
0.000677885
0.000678452
0.000678909
0.000679237
0.000679465
0.000679633
0.000679777
0.000679919
0.000680071
0.000680238
0.000680421
0.00068062
0.000680834
0.000681057
0.000681281
0.00068149
0.000681659
0.000681756
0.00068175
0.000681611
0.00068133
0.000680928
0.000680466
0.000680072
0.000679957
0.000680123
0.00385956
0.00421755
0.00426988
0.00417679
0.00387876
0.00339979
0.00286655
0.00237708
0.00195499
0.00159842
0.00131077
0.00109569
0.000947934
0.000854146
0.000798721
0.000768163
0.000752578
0.00074544
0.00074277
0.000742279
0.000742714
0.000743403
0.000743986
0.000744263
0.000744113
0.000743435
0.000742333
0.000740771
0.000738764
0.000736357
0.000733617
0.000730619
0.00072744
0.000724154
0.000720827
0.000717517
0.000714276
0.00071115
0.000708177
0.000705389
0.000702809
0.000700453
0.000698332
0.000696445
0.000694792
0.000693365
0.000692151
0.000691131
0.000690275
0.000689542
0.000688863
0.000688306
0.000687755
0.000687226
0.000686733
0.000686289
0.000685907
0.000685594
0.000685353
0.000685179
0.000685044
0.000684888
0.000684615
0.000684111
0.000683274
0.000682074
0.000680602
0.000679051
0.000677665
0.000676667
0.000676183
0.000676205
0.000676612
0.000677225
0.000677869
0.000678438
0.000678895
0.000679223
0.000679451
0.000679619
0.000679762
0.000679903
0.000680053
0.000680216
0.000680395
0.000680589
0.000680796
0.000681014
0.000681234
0.00068144
0.000681607
0.000681704
0.000681699
0.000681563
0.000681287
0.000680891
0.000680436
0.000680051
0.000679944
0.00068012
0.0038894
0.00422551
0.00428196
0.00419056
0.00389273
0.0034085
0.00286147
0.00235623
0.00192459
0.00156718
0.0012848
0.00107686
0.000935083
0.000845096
0.000791529
0.000761518
0.000745732
0.000738028
0.000734648
0.000733429
0.000733184
0.000733285
0.000733401
0.000733353
0.000733035
0.000732357
0.000731397
0.000730116
0.000728516
0.000726624
0.000724481
0.000722138
0.000719647
0.000717061
0.000714431
0.000711801
0.000709213
0.000706703
0.000704301
0.000702033
0.000699918
0.000697973
0.000696209
0.000694634
0.000693252
0.00069206
0.00069105
0.000690201
0.000689485
0.000688865
0.00068828
0.0006878
0.00068732
0.000686856
0.000686422
0.000686031
0.000685693
0.000685419
0.000685215
0.000685074
0.000684965
0.000684823
0.000684547
0.000684028
0.000683169
0.000681949
0.00068047
0.000678925
0.000677556
0.00067658
0.000676119
0.00067616
0.00067658
0.000677202
0.00067785
0.000678421
0.000678879
0.000679207
0.000679433
0.000679601
0.000679744
0.000679883
0.000680031
0.000680191
0.000680366
0.000680554
0.000680756
0.00068097
0.000681185
0.000681388
0.000681553
0.000681651
0.000681647
0.000681515
0.000681244
0.000680853
0.000680406
0.000680029
0.000679931
0.000680116
0.00391002
0.00422665
0.00428808
0.00419828
0.00390095
0.0034123
0.00285259
0.00233293
0.00189328
0.00153635
0.00125996
0.0010593
0.000923408
0.000837125
0.000785426
0.000756073
0.000740269
0.000732217
0.000728358
0.000726631
0.000725907
0.000725589
0.000725367
0.000725074
0.000724617
0.000723917
0.000723033
0.000721926
0.000720592
0.000719046
0.000717315
0.000715434
0.00071344
0.00071137
0.000709261
0.000707147
0.00070506
0.000703026
0.00070107
0.000699213
0.000697473
0.000695864
0.000694401
0.000693093
0.000691946
0.00069096
0.000690125
0.000689421
0.000688823
0.000688297
0.000687792
0.000687378
0.000686958
0.00068655
0.000686166
0.000685818
0.000685519
0.00068528
0.000685109
0.000684995
0.000684904
0.000684765
0.000684478
0.000683936
0.000683052
0.000681815
0.000680331
0.000678796
0.000677447
0.000676495
0.000676055
0.000676114
0.000676547
0.000677176
0.000677829
0.000678402
0.00067886
0.000679187
0.000679412
0.00067958
0.000679721
0.00067986
0.000680005
0.000680163
0.000680333
0.000680517
0.000680714
0.000680923
0.000681135
0.000681334
0.000681498
0.000681596
0.000681595
0.000681466
0.000681199
0.000680815
0.000680375
0.000680007
0.000679918
0.000680113
0.00392388
0.0042262
0.00429272
0.00420266
0.00390425
0.00341111
0.00284003
0.00230781
0.0018619
0.00150662
0.00123663
0.00104318
0.000912913
0.000830147
0.000780252
0.0007516
0.000735888
0.000727632
0.000723449
0.000721369
0.000720307
0.000719692
0.000719225
0.000718754
0.00071819
0.000717463
0.000716623
0.000715629
0.000714472
0.000713164
0.000711722
0.00071017
0.000708535
0.000706843
0.000705121
0.000703394
0.000701687
0.00070002
0.000698412
0.000696881
0.000695442
0.00069411
0.000692898
0.000691816
0.000690869
0.000690055
0.000689365
0.00068878
0.000688278
0.000687831
0.000687392
0.000687035
0.000686667
0.000686304
0.000685962
0.000685651
0.000685386
0.000685179
0.000685035
0.000684941
0.000684858
0.000684711
0.000684404
0.000683834
0.000682924
0.000681672
0.000680189
0.000678667
0.000677339
0.00067641
0.000675992
0.000676067
0.000676512
0.000677149
0.000677806
0.00067838
0.000678837
0.000679163
0.000679388
0.000679554
0.000679695
0.000679832
0.000679976
0.00068013
0.000680297
0.000680477
0.00068067
0.000680874
0.000681082
0.000681279
0.000681442
0.000681541
0.000681541
0.000681416
0.000681154
0.000680776
0.000680344
0.000679985
0.000679904
0.000680109
0.0039349
0.00423003
0.00430054
0.00420636
0.00390328
0.00340451
0.00282365
0.00228138
0.00183122
0.00147863
0.00121521
0.00102866
0.000903653
0.000824139
0.000775926
0.000747964
0.000732399
0.00072403
0.000719626
0.000717296
0.000715992
0.000715162
0.000714519
0.000713918
0.000713274
0.000712525
0.000711711
0.000710794
0.000709763
0.000708623
0.000707387
0.000706073
0.000704699
0.000703285
0.00070185
0.000700415
0.000698996
0.00069761
0.000696273
0.000694999
0.000693802
0.000692694
0.000691687
0.00069079
0.000690006
0.000689331
0.000688758
0.000688269
0.000687845
0.000687462
0.000687078
0.000686768
0.000686442
0.000686118
0.00068581
0.000685531
0.000685296
0.000685116
0.000684993
0.00068491
0.000684823
0.000684659
0.000684323
0.000683722
0.000682788
0.000681524
0.000680046
0.000678541
0.000677235
0.000676329
0.00067593
0.000676021
0.000676476
0.000677119
0.000677779
0.000678354
0.000678811
0.000679135
0.000679359
0.000679524
0.000679664
0.000679799
0.000679941
0.000680094
0.000680258
0.000680434
0.000680624
0.000680824
0.000681029
0.000681224
0.000681386
0.000681485
0.000681487
0.000681366
0.000681109
0.000680737
0.000680313
0.000679962
0.00067989
0.000680105
0.00394658
0.00424194
0.0043143
0.00421079
0.00389807
0.00339183
0.00280298
0.00225379
0.00180172
0.00145282
0.00119598
0.00101588
0.000895657
0.000819076
0.000772382
0.000745061
0.00072966
0.000721227
0.000716664
0.000714149
0.000712667
0.000711678
0.000710905
0.000710207
0.000709506
0.00070874
0.000707947
0.000707087
0.000706147
0.000705131
0.000704047
0.000702909
0.000701728
0.000700521
0.000699303
0.000698087
0.000696889
0.00069572
0.000694594
0.000693522
0.000692516
0.000691587
0.000690744
0.000689993
0.000689337
0.000688773
0.000688291
0.000687877
0.000687514
0.000687183
0.000686844
0.000686572
0.000686281
0.00068599
0.000685711
0.00068546
0.00068525
0.00068509
0.000684979
0.000684895
0.000684793
0.000684602
0.000684233
0.000683601
0.000682645
0.000681376
0.000679907
0.00067842
0.000677136
0.000676251
0.00067587
0.000675974
0.000676438
0.000677087
0.00067775
0.000678325
0.00067878
0.000679103
0.000679325
0.000679489
0.000679627
0.000679762
0.000679902
0.000680052
0.000680214
0.000680388
0.000680575
0.000680772
0.000680974
0.000681167
0.000681328
0.000681428
0.000681433
0.000681315
0.000681063
0.000680698
0.000680281
0.000679939
0.000679877
0.000680101
0.00396016
0.00426135
0.00433313
0.0042152
0.00388781
0.00337221
0.00277742
0.00222483
0.00177343
0.00142925
0.00117894
0.0010048
0.000888859
0.000814864
0.000769508
0.000742757
0.000727513
0.00071904
0.000714359
0.000711701
0.00071008
0.00070897
0.000708099
0.00070733
0.000706588
0.000705812
0.000705039
0.000704226
0.00070336
0.000702441
0.000701476
0.000700473
0.000699442
0.000698395
0.000697343
0.000696297
0.000695269
0.000694269
0.000693307
0.000692394
0.000691538
0.000690748
0.000690033
0.000689397
0.00068884
0.000688361
0.000687949
0.000687594
0.00068728
0.00068699
0.000686688
0.000686448
0.000686185
0.00068592
0.000685667
0.000685438
0.000685246
0.000685097
0.000684986
0.00068489
0.000684763
0.000684538
0.000684133
0.000683472
0.000682501
0.000681232
0.000679775
0.000678307
0.000677043
0.000676177
0.000675812
0.000675927
0.000676399
0.000677053
0.000677717
0.000678291
0.000678745
0.000679066
0.000679286
0.000679448
0.000679586
0.000679719
0.000679858
0.000680006
0.000680167
0.000680339
0.000680523
0.000680719
0.000680919
0.00068111
0.00068127
0.000681371
0.000681378
0.000681264
0.000681017
0.000680658
0.000680249
0.000679915
0.000679863
0.000680097
0.00397428
0.00428293
0.0043526
0.0042171
0.00387146
0.0033452
0.0027466
0.00219414
0.00174605
0.00140765
0.00116382
0.000995177
0.000883057
0.000811326
0.00076713
0.000740876
0.000725775
0.000717278
0.000712504
0.000709736
0.000708008
0.000706804
0.00070586
0.000705042
0.000704273
0.000703498
0.000702749
0.000701982
0.000701182
0.000700348
0.000699483
0.000698593
0.000697685
0.000696767
0.000695849
0.000694938
0.000694045
0.000693178
0.000692345
0.000691555
0.000690816
0.000690135
0.000689519
0.00068897
0.000688491
0.000688077
0.000687721
0.000687412
0.000687137
0.000686879
0.000686606
0.000686392
0.000686152
0.000685909
0.000685674
0.000685461
0.000685277
0.000685128
0.000685004
0.000684884
0.000684724
0.000684461
0.000684023
0.000683339
0.00068236
0.000681096
0.000679653
0.000678204
0.000676958
0.000676108
0.000675755
0.00067588
0.000676358
0.000677015
0.00067768
0.000678253
0.000678705
0.000679024
0.000679242
0.000679403
0.000679539
0.000679671
0.000679808
0.000679956
0.000680115
0.000680287
0.00068047
0.000680664
0.000680862
0.000681052
0.000681213
0.000681314
0.000681323
0.000681212
0.00068097
0.000680617
0.000680216
0.000679891
0.000679848
0.000680093
0.00398662
0.00429935
0.0043669
0.00421394
0.00384892
0.0033116
0.00271099
0.00216168
0.00171925
0.00138763
0.00115027
0.000986707
0.000877987
0.000808237
0.000765054
0.000739237
0.000724272
0.000715768
0.00071093
0.00070808
0.000706273
0.000705002
0.000704008
0.000703158
0.000702379
0.000701616
0.000700898
0.00070018
0.000699445
0.00069869
0.000697917
0.000697127
0.000696326
0.000695519
0.000694713
0.000693914
0.000693131
0.000692371
0.000691641
0.000690949
0.000690302
0.000689706
0.000689166
0.000688687
0.000688267
0.000687905
0.000687593
0.00068732
0.000687076
0.000686845
0.000686595
0.0006864
0.000686178
0.000685949
0.000685726
0.000685518
0.000685332
0.000685169
0.000685022
0.000684868
0.00068467
0.000684372
0.000683906
0.000683208
0.000682227
0.000680972
0.000679545
0.000678111
0.000676881
0.000676043
0.0006757
0.000675833
0.000676316
0.000676975
0.00067764
0.000678211
0.00067866
0.000678977
0.000679193
0.000679352
0.000679487
0.000679617
0.000679754
0.000679901
0.00068006
0.000680232
0.000680415
0.000680608
0.000680806
0.000680995
0.000681155
0.000681258
0.000681269
0.000681161
0.000680923
0.000680576
0.000680182
0.000679867
0.000679834
0.000680088
0.00399632
0.00430536
0.00437188
0.00420465
0.00382174
0.00327381
0.00267245
0.00212832
0.00169321
0.00136904
0.00113803
0.000979159
0.000873464
0.000805448
0.000763151
0.000737726
0.000722896
0.000714406
0.000709532
0.000706631
0.000704774
0.000703462
0.00070244
0.000701576
0.0007008
0.000700057
0.000699375
0.000698707
0.000698036
0.000697357
0.000696668
0.000695971
0.000695266
0.000694557
0.000693848
0.000693146
0.000692456
0.000691785
0.00069114
0.000690528
0.000689955
0.000689427
0.000688949
0.000688525
0.000688154
0.000687833
0.000687556
0.000687312
0.000687091
0.00068688
0.000686647
0.000686466
0.000686255
0.000686032
0.00068581
0.000685595
0.000685394
0.000685206
0.000685026
0.000684835
0.0006846
0.000684272
0.000683788
0.000683084
0.000682108
0.000680865
0.000679451
0.00067803
0.000676811
0.000675982
0.000675647
0.000675786
0.000676273
0.000676933
0.000677596
0.000678164
0.00067861
0.000678924
0.000679138
0.000679296
0.00067943
0.00067956
0.000679696
0.000679843
0.000680002
0.000680174
0.000680358
0.000680552
0.000680749
0.000680939
0.000681099
0.000681202
0.000681215
0.00068111
0.000680876
0.000680535
0.000680148
0.000679841
0.000679818
0.000680083
0.00400515
0.00430027
0.00436653
0.00418966
0.00379225
0.0032352
0.00263398
0.002096
0.00166884
0.00135216
0.00112715
0.000972503
0.000869459
0.000802942
0.000761411
0.000736335
0.000721637
0.000713177
0.000708292
0.000705366
0.000703484
0.000702153
0.00070112
0.000700257
0.000699493
0.000698777
0.000698133
0.000697514
0.000696902
0.00069629
0.000695677
0.00069506
0.00069444
0.000693816
0.000693193
0.000692574
0.000691965
0.00069137
0.000690797
0.000690252
0.000689742
0.000689272
0.000688846
0.000688468
0.000688136
0.000687849
0.000687599
0.000687377
0.000687173
0.000686975
0.000686751
0.000686577
0.000686367
0.000686141
0.000685908
0.000685675
0.000685447
0.000685226
0.000685008
0.000684781
0.000684516
0.000684168
0.000683676
0.000682974
0.000682007
0.000680775
0.000679372
0.000677959
0.000676746
0.000675925
0.000675595
0.000675739
0.000676228
0.000676888
0.000677549
0.000678113
0.000678556
0.000678867
0.000679079
0.000679236
0.000679369
0.000679498
0.000679634
0.000679782
0.000679942
0.000680115
0.0006803
0.000680495
0.000680694
0.000680883
0.000681044
0.000681148
0.000681162
0.000681059
0.000680829
0.000680493
0.000680113
0.000679815
0.000679802
0.000680077
0.00401626
0.00428708
0.00435192
0.00416952
0.00376211
0.00319874
0.00259883
0.00206712
0.00164749
0.00133758
0.00111783
0.00096681
0.000866013
0.000800762
0.000759881
0.000735109
0.000720534
0.000712113
0.00070723
0.000704296
0.000702405
0.000701071
0.00070004
0.000699187
0.000698443
0.000697756
0.000697149
0.000696574
0.000696013
0.000695459
0.000694909
0.00069436
0.000693809
0.000693257
0.000692706
0.000692157
0.000691616
0.000691088
0.000690578
0.000690093
0.000689637
0.000689217
0.000688837
0.000688498
0.0006882
0.000687939
0.000687709
0.000687502
0.000687308
0.000687115
0.000686893
0.000686715
0.000686497
0.000686256
0.000686002
0.00068574
0.000685478
0.00068522
0.000684967
0.00068471
0.000684424
0.000684067
0.000683577
0.000682883
0.000681926
0.000680703
0.000679306
0.000677897
0.000676688
0.00067587
0.000675545
0.000675692
0.000676184
0.000676843
0.0006775
0.00067806
0.000678498
0.000678806
0.000679016
0.000679172
0.000679305
0.000679434
0.000679571
0.000679719
0.00067988
0.000680055
0.000680242
0.000680439
0.000680639
0.00068083
0.000680991
0.000681095
0.00068111
0.000681009
0.000680782
0.000680451
0.000680078
0.000679788
0.000679784
0.00068007
0.00403139
0.00426936
0.0043293
0.00414404
0.00373154
0.00316594
0.002569
0.00204323
0.00162996
0.0013256
0.00111014
0.000962071
0.000863121
0.00079892
0.000758584
0.000734069
0.000719602
0.000711218
0.000706345
0.000703411
0.00070152
0.000700189
0.000699169
0.000698332
0.00069761
0.000696953
0.000696381
0.000695845
0.000695328
0.000694822
0.000694324
0.00069383
0.000693336
0.000692843
0.00069235
0.000691861
0.000691379
0.000690908
0.000690454
0.000690021
0.000689615
0.00068924
0.000688899
0.000688593
0.000688322
0.000688082
0.000687866
0.000687667
0.000687475
0.000687279
0.000687049
0.000686858
0.000686621
0.000686357
0.000686074
0.000685779
0.000685482
0.00068519
0.000684908
0.000684631
0.000684337
0.000683981
0.000683498
0.000682815
0.000681866
0.000680648
0.000679251
0.000677842
0.000676633
0.000675818
0.000675497
0.000675647
0.00067614
0.000676796
0.00067745
0.000678004
0.000678438
0.000678742
0.000678951
0.000679106
0.000679239
0.000679369
0.000679506
0.000679655
0.000679818
0.000679995
0.000680184
0.000680384
0.000680586
0.000680779
0.000680941
0.000681045
0.00068106
0.00068096
0.000680736
0.000680409
0.000680042
0.000679759
0.000679765
0.000680062
0.0040483
0.00424831
0.00429893
0.00411249
0.00369973
0.00313619
0.00254389
0.00202359
0.00161547
0.00131557
0.0011036
0.000958003
0.000860617
0.000797317
0.000757454
0.000733164
0.000718793
0.000710446
0.000705584
0.000702654
0.000700768
0.000699446
0.000698439
0.00069762
0.000696923
0.000696297
0.000695758
0.000695259
0.000694781
0.000694318
0.000693866
0.000693419
0.000692974
0.000692531
0.000692089
0.000691652
0.000691221
0.0006908
0.000690395
0.000690009
0.000689646
0.00068931
0.000689003
0.000688725
0.000688475
0.000688248
0.00068804
0.000687841
0.000687645
0.000687438
0.000687192
0.000686981
0.000686721
0.000686429
0.000686116
0.00068579
0.000685462
0.000685145
0.000684844
0.000684558
0.000684263
0.000683914
0.000683443
0.000682768
0.000681824
0.000680606
0.000679206
0.000677792
0.000676582
0.000675769
0.000675451
0.000675604
0.000676097
0.000676751
0.000677399
0.000677948
0.000678376
0.000678677
0.000678884
0.000679039
0.000679173
0.000679304
0.000679443
0.000679593
0.000679757
0.000679936
0.000680128
0.00068033
0.000680536
0.00068073
0.000680894
0.000680998
0.000681013
0.000680914
0.000680691
0.000680368
0.000680006
0.000679731
0.000679745
0.000680053
0.00406119
0.00422301
0.00426098
0.00407474
0.00366556
0.00310709
0.00252032
0.00200522
0.00160183
0.00130606
0.0010974
0.000954148
0.000858246
0.000795798
0.000756381
0.000732305
0.000718027
0.000709717
0.000704869
0.000701947
0.000700069
0.000698759
0.000697767
0.000696969
0.000696297
0.000695701
0.000695196
0.000694733
0.000694295
0.000693875
0.000693467
0.000693066
0.000692668
0.000692272
0.000691878
0.000691488
0.000691104
0.000690729
0.000690367
0.000690021
0.000689695
0.000689392
0.000689112
0.000688855
0.000688619
0.0006884
0.000688193
0.00068799
0.000687783
0.000687562
0.000687298
0.000687066
0.000686783
0.000686467
0.000686129
0.000685779
0.000685431
0.000685097
0.000684788
0.000684499
0.00068421
0.00068387
0.000683408
0.000682739
0.000681795
0.000680572
0.000679166
0.000677747
0.000676535
0.000675722
0.000675408
0.000675563
0.000676055
0.000676706
0.00067735
0.000677892
0.000678316
0.000678613
0.000678818
0.000678973
0.000679108
0.000679241
0.000679381
0.000679533
0.000679699
0.00067988
0.000680074
0.00068028
0.000680488
0.000680686
0.00068085
0.000680955
0.000680969
0.00068087
0.000680649
0.000680328
0.000679971
0.000679702
0.000679724
0.000680042
0.00406379
0.004192
0.00421544
0.00402895
0.00362415
0.00307139
0.00249076
0.00198204
0.00158497
0.00129476
0.00109037
0.000950006
0.000855848
0.000794351
0.000755404
0.000731536
0.000717336
0.000709049
0.000704203
0.00070128
0.000699403
0.000698098
0.000697117
0.000696336
0.000695685
0.000695115
0.00069464
0.000694212
0.000693813
0.000693434
0.00069307
0.000692715
0.000692364
0.000692015
0.000691667
0.000691321
0.00069098
0.000690646
0.000690322
0.000690011
0.000689715
0.000689438
0.000689178
0.000688937
0.00068871
0.000688495
0.000688285
0.000688076
0.000687859
0.000687625
0.000687346
0.000687099
0.0006868
0.000686468
0.000686115
0.000685753
0.000685394
0.000685054
0.000684742
0.000684456
0.000684171
0.000683839
0.000683382
0.000682715
0.000681768
0.000680538
0.000679123
0.000677698
0.000676484
0.000675673
0.000675362
0.000675519
0.000676011
0.000676659
0.000677297
0.000677834
0.000678253
0.000678547
0.000678751
0.000678906
0.000679042
0.000679177
0.000679319
0.000679473
0.000679641
0.000679823
0.000680021
0.000680229
0.000680441
0.00068064
0.000680806
0.000680911
0.000680924
0.000680825
0.000680605
0.000680287
0.000679934
0.00067967
0.000679699
0.000680026
0.00405218
0.00414943
0.00415107
0.0039566
0.00355399
0.00301092
0.0024434
0.00194757
0.0015614
0.00127958
0.00108107
0.000944501
0.000852611
0.000792375
0.000754083
0.000730529
0.00071647
0.000708238
0.000703412
0.000700495
0.000698623
0.000697322
0.000696349
0.00069558
0.000694945
0.000694397
0.000693947
0.000693548
0.000693182
0.000692839
0.000692514
0.0006922
0.00069189
0.000691583
0.000691275
0.000690969
0.000690664
0.000690363
0.00069007
0.000689786
0.000689514
0.000689256
0.000689012
0.000688781
0.000688561
0.000688347
0.000688137
0.000687923
0.0006877
0.000687459
0.000687172
0.000686918
0.000686613
0.000686276
0.000685919
0.000685553
0.000685191
0.000684849
0.000684536
0.00068425
0.000683968
0.000683638
0.000683183
0.000682514
0.000681562
0.000680325
0.000678903
0.000677475
0.000676261
0.000675453
0.000675145
0.000675305
0.000675797
0.000676443
0.000677076
0.000677608
0.000678022
0.000678313
0.000678515
0.000678671
0.00067881
0.000678948
0.000679094
0.000679251
0.000679422
0.000679607
0.000679806
0.000680017
0.000680231
0.000680433
0.000680599
0.000680703
0.000680717
0.000680618
0.000680401
0.000680088
0.000679741
0.000679486
0.000679525
0.000679865
0.00396269
0.00395258
0.00385715
0.00360666
0.00320469
0.00271512
0.00222645
0.0018047
0.00147357
0.00122743
0.00105017
0.000925508
0.000839964
0.000782975
0.000746297
0.000723538
0.000709885
0.000701879
0.000697199
0.000694393
0.000692614
0.0006914
0.000690509
0.000689819
0.000689263
0.000688799
0.000688421
0.000688093
0.000687796
0.000687521
0.000687257
0.000686996
0.000686735
0.000686472
0.000686203
0.000685928
0.000685652
0.000685376
0.000685105
0.00068484
0.000684583
0.000684337
0.0006841
0.000683872
0.00068365
0.000683431
0.000683211
0.000682984
0.000682747
0.000682491
0.000682194
0.000681923
0.000681603
0.000681253
0.000680883
0.000680504
0.000680129
0.000679772
0.000679445
0.000679145
0.000678849
0.000678506
0.000678039
0.00067736
0.000676399
0.000675159
0.000673738
0.000672316
0.000671111
0.000670315
0.000670016
0.000670181
0.000670672
0.000671309
0.000671931
0.00067245
0.00067285
0.000673131
0.000673329
0.000673485
0.000673629
0.000673777
0.000673938
0.000674111
0.000674295
0.000674487
0.000674688
0.000674889
0.000675088
0.000675272
0.000675423
0.000675518
0.000675534
0.000675449
0.000675259
0.000674989
0.000674699
0.000674515
0.000674638
0.000675059
0.00306481
0.00257881
0.00227245
0.00199899
0.00174152
0.00150911
0.00130613
0.00113317
0.000990094
0.000875754
0.000787594
0.000722068
0.000675283
0.000643361
0.000622663
0.000609951
0.000602531
0.000598386
0.000596132
0.000594905
0.000594215
0.000593804
0.000593541
0.000593366
0.000593255
0.000593245
0.000593191
0.000593154
0.000593124
0.00059308
0.000592998
0.000592858
0.000592655
0.000592384
0.000592072
0.0005917
0.000591289
0.000590864
0.000590434
0.000590003
0.00058957
0.000589138
0.000588704
0.00058827
0.000587823
0.000587365
0.000586882
0.000586372
0.000585834
0.000585285
0.000584739
0.000584157
0.000583544
0.000582916
0.00058228
0.000581638
0.000581009
0.00058041
0.000579853
0.000579335
0.000578833
0.000578289
0.000577631
0.000576769
0.000575638
0.000574241
0.000572674
0.000571118
0.000569793
0.000568886
0.000568476
0.000568524
0.000568883
0.000569363
0.0005698
0.000570127
0.000570294
0.000570355
0.000570354
0.000570334
0.00057032
0.000570336
0.000570395
0.000570482
0.000570559
0.000570598
0.000570596
0.000570508
0.000570383
0.000570237
0.000570083
0.000569933
0.000569787
0.000569634
0.000569476
0.00056934
0.000569297
0.000569476
0.000570072
0.000570955
0.000197265
0.000200891
0.000203985
0.000206411
0.000208444
0.000210303
0.000212046
0.000213632
0.000214994
0.000216086
0.000216899
0.000217462
0.000217827
0.000218061
0.000218221
0.000218351
0.00021848
0.000218621
0.00021878
0.000218958
0.000219154
0.000219379
0.000219632
0.000219908
0.000220199
0.000220484
0.000220796
0.000221112
0.000221428
0.000221745
0.000222061
0.000222375
0.000222687
0.000222995
0.0002233
0.0002236
0.000223895
0.000224184
0.000224468
0.000224744
0.000225012
0.000225272
0.000225524
0.000225765
0.000225997
0.000226219
0.000226431
0.000226631
0.00022682
0.000226995
0.000227136
0.000227283
0.000227416
0.000227531
0.000227629
0.000227713
0.000227782
0.00022784
0.000227888
0.000227931
0.000227976
0.00022803
0.000228108
0.000228234
0.000228441
0.000228743
0.000229083
0.000229444
0.000229824
0.00023022
0.00023063
0.000231053
0.000231485
0.000231923
0.000232362
0.000232792
0.000233241
0.000233699
0.000234165
0.00023464
0.000235124
0.000235615
0.000236114
0.000236618
0.000237128
0.00023764
0.000238155
0.000238671
0.00023919
0.00023971
0.00024023
0.00024075
0.000241267
0.000241783
0.000242293
0.000242796
0.000243286
0.00024376
0.000244205
0.00024455
)
;

boundaryField
{
    AXIS
    {
        type            empty;
    }
    OUTLET
    {
        type            calculated;
        value           nonuniform List<scalar> 
80
(
0.0006938
0.000693648
0.000693121
0.000692274
0.000691095
0.000689709
0.000688308
0.000686995
0.000685788
0.000684688
0.000683706
0.00068286
0.000682159
0.000681599
0.000681164
0.00068077
0.000680467
0.000680272
0.000680151
0.000680078
0.000680037
0.000680015
0.000680004
0.00068
0.000679999
0.00068
0.000680002
0.000680004
0.000680006
0.000680008
0.000680011
0.000680015
0.000680021
0.000680027
0.000680033
0.00068004
0.000680048
0.000680057
0.000680068
0.000680083
0.000680091
0.000680094
0.000680101
0.000680109
0.000680118
0.000680127
0.000680135
0.000680143
0.00068015
0.000680157
0.000680163
0.000680169
0.000680173
0.000680177
0.00068018
0.000680182
0.000680183
0.000680183
0.000680183
0.000680183
0.000680182
0.00068018
0.000680179
0.000680177
0.000680176
0.000680174
0.000680173
0.000680172
0.000680171
0.000680169
0.000680167
0.000680164
0.00068016
0.000680154
0.000680148
0.000680136
0.000679978
0.000675175
0.000571055
0.000244593
)
;
    }
    COFLOW
    {
        type            calculated;
        value           nonuniform List<scalar> 
50
(
0.00395918
0.00395975
0.00396338
0.00396535
0.00396441
0.0039618
0.00395915
0.00395724
0.00395606
0.00395534
0.00395486
0.00395454
0.00395435
0.00395428
0.00395428
0.00395434
0.00395442
0.00395449
0.00395451
0.00395443
0.00395423
0.00395394
0.00395362
0.00395336
0.00395325
0.00395332
0.00395357
0.00395394
0.00395437
0.00395482
0.00395524
0.00395564
0.00395599
0.00395628
0.00395648
0.00395657
0.00395651
0.00395629
0.00395593
0.00395543
0.00395484
0.0039542
0.00395353
0.00395287
0.00395224
0.00395163
0.00395107
0.00395057
0.00395015
0.00395
)
;
    }
    PILOT
    {
        type            calculated;
        value           nonuniform List<scalar> 
15
(
9.00474e-05
9.00387e-05
9.00322e-05
9.00199e-05
9.00003e-05
8.99748e-05
8.99454e-05
8.99145e-05
8.98839e-05
8.98552e-05
8.98291e-05
8.98062e-05
8.97869e-05
8.97711e-05
8.97594e-05
)
;
    }
    FUEL
    {
        type            calculated;
        value           nonuniform List<scalar> 
15
(
0.000686013
0.000686208
0.000686618
0.00068724
0.000688085
0.000689164
0.000690479
0.00069201
0.000693719
0.000695459
0.000697051
0.000698202
0.00069858
0.000698133
0.000697321
)
;
    }
    WALL
    {
        type            compressible::alphatWallFunction;
        Prt             0.85;
        value           nonuniform List<scalar> 
100
(
2.01523e-05
2.07827e-05
2.13182e-05
2.1737e-05
2.20878e-05
2.24084e-05
2.27087e-05
2.29815e-05
2.32154e-05
2.34028e-05
2.3542e-05
2.36382e-05
2.37008e-05
2.37407e-05
2.37681e-05
2.37904e-05
2.38125e-05
2.38367e-05
2.3864e-05
2.38944e-05
2.39281e-05
2.39666e-05
2.40101e-05
2.40574e-05
2.41072e-05
2.4156e-05
2.42093e-05
2.42633e-05
2.43175e-05
2.43717e-05
2.44257e-05
2.44794e-05
2.45327e-05
2.45854e-05
2.46374e-05
2.46886e-05
2.47389e-05
2.47883e-05
2.48366e-05
2.48837e-05
2.49295e-05
2.49738e-05
2.50166e-05
2.50578e-05
2.50973e-05
2.51351e-05
2.51712e-05
2.52053e-05
2.52374e-05
2.52672e-05
2.52912e-05
2.53163e-05
2.53389e-05
2.53585e-05
2.53754e-05
2.53897e-05
2.54016e-05
2.54116e-05
2.54201e-05
2.54278e-05
2.54358e-05
2.54456e-05
2.54594e-05
2.54815e-05
2.55174e-05
2.55692e-05
2.56267e-05
2.56878e-05
2.57522e-05
2.58193e-05
2.5889e-05
2.59607e-05
2.60341e-05
2.61085e-05
2.61832e-05
2.62563e-05
2.63326e-05
2.64105e-05
2.64896e-05
2.65703e-05
2.66526e-05
2.67361e-05
2.68208e-05
2.69064e-05
2.69929e-05
2.70798e-05
2.71671e-05
2.72547e-05
2.73426e-05
2.74308e-05
2.75189e-05
2.76069e-05
2.76946e-05
2.77818e-05
2.78682e-05
2.79532e-05
2.80362e-05
2.81162e-05
2.81913e-05
2.82496e-05
)
;
    }
    front
    {
        type            wedge;
    }
    back
    {
        type            wedge;
    }
}


// ************************************************************************* //
