/*--------------------------------*- C++ -*----------------------------------*\
  =========                 |
  \\      /  F ield         | OpenFOAM: The Open Source CFD Toolbox
   \\    /   O peration     | Website:  https://openfoam.org
    \\  /    A nd           | Version:  6
     \\/     M anipulation  |
\*---------------------------------------------------------------------------*/
FoamFile
{
    version     2.0;
    format      ascii;
    class       volScalarField;
    location    "0.005";
    object      k;
}
// * * * * * * * * * * * * * * * * * * * * * * * * * * * * * * * * * * * * * //

dimensions      [0 2 -2 0 0 0 0];

internalField   nonuniform List<scalar> 
8000
(
2.15601
2.13214
2.11611
2.10042
2.08172
2.06528
2.06048
2.06353
2.07532
2.10802
2.09836
2.11446
2.19294
2.23239
2.2681
2.3072
2.50143
2.94225
3.16472
3.18716
3.11689
3.13593
4.6968
2.92045
2.3816
2.39758
2.96675
3.9148
5.15445
6.58889
8.11176
9.70083
11.3485
13.2359
15.3744
17.3429
19.1657
21.0519
22.9159
24.6875
26.256
27.8198
28.4399
29.5235
26.7995
12.4659
6.3551
4.05437
2.02169
0.560845
0.165239
0.114824
0.106147
0.0976423
0.0918597
0.0889541
0.0870008
0.0854817
0.0843432
0.0834756
0.0828424
0.0823761
0.0820151
0.0817037
0.0814028
0.0811056
0.0808258
0.0806067
0.0804738
0.0804547
0.0805539
0.0807513
0.0810132
0.0813062
0.0815945
0.0818568
0.0820816
0.0822628
0.0824063
0.0825166
0.0826018
0.082679
0.0827419
0.0828041
0.0828625
0.0829255
0.0829991
0.0830856
0.0831795
0.0832839
0.0834084
0.083551
0.0837119
0.0838799
0.0840469
0.0842014
0.0843392
0.0844583
0.0845606
0.0845054
2.14867
2.13412
2.12143
2.10828
2.0925
2.07867
2.07637
2.08557
2.10909
2.16666
2.17445
2.21368
2.31317
2.39863
2.43364
2.45254
2.66837
3.14956
3.47062
3.4172
3.3449
3.3978
3.68409
2.82625
2.48067
2.43461
2.94604
3.86402
5.11178
6.5359
8.05401
9.66968
11.3841
13.3861
15.7118
17.8487
19.7398
21.7688
23.7256
25.6756
27.394
28.921
29.3815
30.0891
27.2251
12.959
6.67056
4.66831
2.28161
0.577868
0.167311
0.112461
0.104668
0.0966136
0.0910022
0.0882643
0.0864427
0.0850294
0.083977
0.0831811
0.0826049
0.0821831
0.0818558
0.0815692
0.0812861
0.0809993
0.0807223
0.0804969
0.0803498
0.0803103
0.0803855
0.0805589
0.0807988
0.0810731
0.0813458
0.0815957
0.0818115
0.0819869
0.0821266
0.082235
0.0823196
0.0823954
0.0824577
0.0825192
0.0825777
0.0826414
0.0827162
0.0828049
0.0829026
0.0830118
0.08314
0.0832841
0.0834428
0.0836044
0.0837606
0.083901
0.0840229
0.0841265
0.0842155
0.0841455
2.15097
2.14019
2.12947
2.12109
2.11367
2.10816
2.11555
2.14151
2.20113
2.36179
2.39953
2.50088
2.87078
2.83748
2.6386
2.73544
3.12371
3.99781
4.50223
4.20322
4.22275
3.97747
4.25828
3.41394
2.83817
2.57781
2.77044
3.72284
5.0471
6.49778
7.9611
9.64049
11.5086
13.7693
16.4956
19.0715
21.0851
23.3001
25.5978
27.8681
29.6816
31.4126
31.5411
31.4442
28.0801
13.7464
6.09531
4.28377
1.79529
0.492916
0.154033
0.111236
0.102471
0.0943419
0.0891042
0.0867485
0.0852422
0.0840755
0.0832142
0.0825743
0.0821214
0.0817952
0.0815385
0.0813003
0.081047
0.0807705
0.0804846
0.0802291
0.0800338
0.0799326
0.0799387
0.0800439
0.0802214
0.0804408
0.0806675
0.0808804
0.0810689
0.0812275
0.0813581
0.0814652
0.0815552
0.0816376
0.0817115
0.0817857
0.081859
0.0819374
0.0820248
0.0821235
0.0822309
0.0823478
0.082478
0.0826175
0.0827626
0.0829023
0.0830284
0.0831338
0.0832183
0.083288
0.0833534
0.0832964
2.15631
2.15421
2.14941
2.15205
2.15718
2.1734
2.20714
2.26009
2.39571
2.62356
2.81645
2.90813
3.97022
3.09363
3.09804
3.28939
3.89739
5.85261
5.72371
5.74778
6.26674
4.9813
4.97396
3.82703
3.1728
2.88986
3.1296
3.84006
4.88001
6.4738
7.77422
9.68429
11.8059
14.4574
17.7518
21.1958
23.2371
25.7645
28.3407
31.2114
33.1835
35.039
34.8297
33.6214
29.6041
14.5099
5.57088
2.64953
0.932914
0.2877
0.13411
0.112509
0.102036
0.0931791
0.0880484
0.0858711
0.0845096
0.0834491
0.0826709
0.0821006
0.0817022
0.0814162
0.081187
0.080966
0.0807223
0.0804463
0.0801519
0.0798765
0.0796511
0.0795111
0.079474
0.0795353
0.0796711
0.0798511
0.0800413
0.0802204
0.080378
0.0805097
0.0806171
0.0807053
0.0807806
0.0808504
0.0809169
0.0809864
0.081059
0.0811385
0.0812267
0.0813256
0.0814337
0.0815505
0.0816763
0.0818062
0.0819343
0.0820505
0.0821465
0.0822179
0.0822668
0.0823043
0.0823506
0.082323
2.17002
2.18379
2.19541
2.22626
2.25828
2.32899
2.41882
2.50806
2.65301
2.90666
2.91332
3.20015
3.49753
3.63474
3.70764
4.04687
5.27299
7.02139
9.13838
8.76421
8.19749
6.38649
5.61871
4.13572
3.59875
3.26985
3.36777
3.55193
4.66549
5.98091
7.67795
10.0351
12.5386
15.5407
19.224
23.7383
25.956
29.029
32.1469
35.5738
37.7202
39.7421
39.245
36.5578
31.706
15.525
5.08435
1.63227
0.496195
0.196118
0.134373
0.116363
0.102318
0.0926486
0.0874739
0.0853373
0.0840124
0.0829798
0.0822295
0.0816858
0.0813064
0.0810321
0.080809
0.0805917
0.080352
0.080079
0.0797858
0.0795058
0.0792698
0.0791133
0.0790561
0.0790961
0.0792115
0.0793718
0.079543
0.0797032
0.0798417
0.0799545
0.0800439
0.0801155
0.0801756
0.0802314
0.0802863
0.0803455
0.0804098
0.0804814
0.0805614
0.0806509
0.0807491
0.0808548
0.0809658
0.0810767
0.0811802
0.0812667
0.0813286
0.0813631
0.081375
0.0813797
0.0814066
0.0814057
2.20895
2.27546
2.33463
2.41772
2.53974
2.67251
2.83379
3.01201
3.21593
3.4687
3.66729
3.91184
4.22813
4.32742
4.45538
5.07127
7.33543
9.5743
15.9048
13.3705
12.6478
7.15929
5.77325
4.50231
3.90199
3.55146
3.53299
3.65425
4.91867
5.80344
7.72232
10.2161
13.9045
16.9233
21.4376
26.2403
29.485
33.1029
36.742
40.8252
43.1734
45.2817
43.6381
39.8409
34.3085
16.9527
5.133
1.2808
0.348708
0.177538
0.150373
0.122121
0.102836
0.0923207
0.0870543
0.0849168
0.0835957
0.0825689
0.0818312
0.0813016
0.0809312
0.0806612
0.0804396
0.0802245
0.07999
0.0797235
0.0794369
0.0791597
0.078922
0.0787591
0.0786925
0.0787222
0.0788281
0.0789797
0.0791429
0.0792952
0.0794251
0.0795292
0.0796099
0.0796733
0.079726
0.0797746
0.079823
0.0798756
0.0799331
0.079997
0.0800677
0.080146
0.0802311
0.0803213
0.0804134
0.0805012
0.080577
0.0806318
0.0806588
0.0806569
0.080633
0.0806061
0.0806132
0.0806284
2.29883
2.48242
2.64474
2.84503
3.0763
3.34582
3.56091
3.8448
4.08045
4.33161
4.43637
4.71019
4.89311
5.16124
5.4644
6.55604
8.40016
16.0052
23.6338
18.4451
13.0631
8.05003
5.55996
4.64835
3.7707
3.5452
3.45686
3.66098
4.37127
5.71833
7.75799
10.7531
14.494
18.9054
24.4962
29.7831
33.7662
38.006
42.2456
46.7156
49.5066
51.281
48.7235
43.6452
38.1053
18.7492
5.85837
1.36224
0.332305
0.192647
0.176557
0.127297
0.103201
0.0920439
0.0867012
0.0845591
0.0832383
0.0822141
0.081486
0.0809674
0.0806038
0.0803373
0.0801176
0.0799059
0.0796774
0.0794185
0.0791395
0.0788666
0.0786296
0.0784638
0.0783916
0.0784152
0.0785157
0.0786627
0.0788221
0.078971
0.0790971
0.0791975
0.0792749
0.0793354
0.0793856
0.0794319
0.079478
0.0795276
0.0795813
0.0796399
0.0797036
0.0797729
0.0798467
0.0799229
0.0799977
0.0800647
0.080116
0.0801431
0.0801401
0.0801071
0.080053
0.0799991
0.0799881
0.0800091
2.4917
2.88486
3.19881
3.54033
3.92028
4.32518
4.66269
5.17787
5.25867
5.51344
5.75583
5.95079
5.92424
6.23291
6.48562
7.01787
9.03138
14.5136
34.2095
21.1657
14.0732
9.57209
5.47435
4.66816
4.01724
3.4937
3.35511
3.57294
4.38067
6.0421
8.22082
12.0163
16.2881
21.5415
28.2326
34.4325
38.9384
43.8183
48.2127
53.553
57.2964
57.9602
54.1286
47.7537
40.4539
20.4755
7.0686
1.76424
0.38799
0.221435
0.218839
0.129014
0.102969
0.091788
0.0864168
0.0842686
0.0829503
0.0819293
0.0812097
0.0807004
0.0803429
0.0800801
0.0798632
0.0796553
0.0794326
0.0791804
0.0789077
0.0786384
0.078402
0.0782338
0.0781573
0.078176
0.0782722
0.0784154
0.0785718
0.0787181
0.0788417
0.0789399
0.0790154
0.0790746
0.0791239
0.0791695
0.0792148
0.079263
0.0793143
0.0793695
0.0794283
0.0794909
0.0795562
0.0796217
0.079683
0.0797338
0.0797659
0.0797715
0.0797452
0.0796881
0.0796106
0.0795357
0.0795093
0.0795297
2.87342
3.54884
4.04225
4.55109
5.05554
5.56808
6.03104
6.64989
6.54563
6.828
6.65675
6.69947
7.06525
6.73312
6.57382
7.07632
8.50669
15.8951
26.5264
20.1085
12.3258
7.1996
5.74376
4.82763
3.82192
3.37433
3.28381
3.56355
4.42072
6.72902
8.89052
13.7508
18.9203
24.9202
32.8851
40.3097
45.1802
50.8016
55.0284
60.6467
65.1135
64.5865
59.8115
52.1273
47.0589
22.3246
7.71471
1.77035
0.396159
0.240863
0.219673
0.128103
0.102607
0.0916516
0.0862225
0.084051
0.0827332
0.0817153
0.0810028
0.0805013
0.0801492
0.0798902
0.0796763
0.0794723
0.0792545
0.0790073
0.0787391
0.078472
0.0782355
0.078065
0.0779845
0.0779988
0.0780908
0.0782302
0.0783834
0.0785267
0.0786476
0.0787434
0.078817
0.0788749
0.0789233
0.0789682
0.0790126
0.0790594
0.0791088
0.0791613
0.0792164
0.0792742
0.0793332
0.0793908
0.0794421
0.0794807
0.0794985
0.0794882
0.0794447
0.07937
0.0792751
0.0791844
0.0791458
0.0791626
3.32426
4.36839
5.00998
5.61822
6.28472
6.83608
7.35865
7.62734
8.11885
7.58906
7.56234
8.10944
7.78383
7.1694
6.58882
7.28106
7.64747
13.3269
37.015
22.1306
12.1662
8.54471
5.50278
4.43929
3.66688
3.3007
3.32771
3.692
4.76503
7.76161
10.3965
15.4448
23.3116
29.0354
38.0055
46.7927
52.2686
59.5994
62.555
67.7324
71.7661
71.8834
66.4513
57.0112
47.0635
23.6016
11.1349
2.28171
0.448624
0.250693
0.331992
0.128759
0.102676
0.091781
0.0861587
0.0839097
0.0825783
0.0815612
0.0808544
0.0803593
0.0800118
0.0797565
0.0795457
0.079345
0.079131
0.0788874
0.0786219
0.0783559
0.0781187
0.0779458
0.0778619
0.0778722
0.0779603
0.0780958
0.0782455
0.0783856
0.0785034
0.0785966
0.078668
0.0787241
0.0787712
0.0788148
0.078858
0.0789032
0.0789507
0.0790008
0.079053
0.0791071
0.0791615
0.0792131
0.079257
0.0792866
0.0792941
0.0792721
0.0792163
0.0791288
0.0790213
0.0789191
0.0788712
0.0788835
3.57718
4.84964
5.62405
6.32393
7.16878
7.84276
8.44083
8.25434
8.23634
7.86862
8.1338
7.4793
7.50003
7.10803
6.61973
6.45213
6.82806
9.19987
23.9124
17.126
9.89637
6.85229
5.28043
4.13988
3.44774
3.31667
3.49688
4.02384
5.46396
8.47079
12.2622
18.0729
25.8131
33.9967
43.1847
52.5782
58.5229
69.5698
70.6068
75.5138
79.2039
79.9482
74.5421
62.26
50.6499
23.5161
15.8236
3.69192
0.550323
0.259979
0.194731
0.127126
0.10329
0.0923455
0.0862855
0.0838521
0.0824739
0.0814525
0.0807499
0.08026
0.0799166
0.0796645
0.0794565
0.0792587
0.0790475
0.0788063
0.0785424
0.0782767
0.0780386
0.0778635
0.0777766
0.0777835
0.077868
0.078
0.0781462
0.0782831
0.0783978
0.0784883
0.0785574
0.0786116
0.0786571
0.0786992
0.0787408
0.0787844
0.07883
0.078878
0.0789278
0.078979
0.0790298
0.0790771
0.0791156
0.0791386
0.0791385
0.0791082
0.0790436
0.0789471
0.0788307
0.0787202
0.0786653
0.0786737
4.10203
5.77319
6.61221
7.25547
8.48563
8.53389
8.5762
8.44273
7.83401
7.45194
6.97949
6.60014
6.46888
5.89811
5.70607
5.66165
6.28969
7.94977
16.6414
15.5386
8.34327
6.20823
5.16429
4.29893
3.60881
3.51112
3.94384
5.25808
6.38115
10.1151
14.6729
21.6579
30.3531
39.4984
48.7061
58.6602
65
76.3096
79.1462
84.41
87.1867
86.3029
83.9169
67.8951
54.0288
24.2878
17.3074
5.53573
0.536465
0.253921
0.22648
0.12758
0.104544
0.0934999
0.0866812
0.0839132
0.082413
0.0813765
0.0806764
0.0801908
0.0798507
0.0796015
0.079396
0.0792005
0.0789913
0.0787517
0.0784887
0.0782229
0.0779838
0.0778069
0.0777176
0.0777216
0.077803
0.077932
0.0780751
0.0782091
0.0783211
0.0784091
0.078476
0.0785283
0.0785722
0.0786127
0.0786528
0.0786948
0.0787387
0.0787849
0.0788327
0.0788818
0.07893
0.078974
0.0790085
0.0790269
0.0790213
0.0789852
0.0789144
0.0788116
0.0786891
0.0785728
0.078513
0.0785182
6.24104
8.90849
9.3048
9.0767
8.98986
8.57624
7.9599
7.38528
7.05459
6.26562
6.14658
5.8095
5.44117
5.39407
4.91039
4.88583
5.8624
7.24536
15.47
10.8792
7.30092
5.75731
4.97947
4.17369
3.84574
3.85443
4.23679
5.98954
7.42153
12.0205
17.8484
25.7454
35.437
45.6863
55.7298
65.3464
72.1742
84.4113
87.8245
94.2277
95.975
93.2547
87.2205
73.3381
57.2948
24.9839
12.5114
3.44665
0.469757
0.229731
0.181682
0.125969
0.106082
0.0951311
0.0873914
0.0841104
0.0823934
0.0813232
0.0806238
0.0801417
0.0798045
0.0795578
0.0793544
0.0791607
0.0789531
0.0787145
0.0784519
0.0781858
0.0779459
0.0777676
0.0776763
0.0776781
0.0777572
0.0778836
0.0780242
0.0781557
0.0782654
0.0783513
0.0784163
0.0784669
0.0785094
0.0785485
0.0785873
0.0786278
0.0786703
0.078715
0.0787613
0.0788088
0.0788551
0.0788968
0.0789285
0.0789435
0.0789341
0.0788939
0.0788189
0.0787119
0.0785853
0.0784651
0.0784017
0.0784046
9.26813
8.78332
8.42792
8.50752
7.71449
6.66999
6.50482
6.43961
6.01095
5.88192
5.53178
5.18585
4.93528
4.64773
4.32934
4.37971
5.14114
6.05427
11.6342
8.39217
6.08001
5.36256
4.85886
4.33659
4.08773
4.2409
5.0673
6.09592
8.92002
14.4433
21.669
30.6053
41.0781
53.4014
64.2261
72.5686
80.9747
93.2697
96.9664
105.224
106.519
101.151
93.4821
79.6539
59.8716
25.3046
8.85529
1.59696
0.394755
0.220125
0.172077
0.126117
0.107678
0.096713
0.0883494
0.0843147
0.0823946
0.0812837
0.0805844
0.0801055
0.0797708
0.0795263
0.0793248
0.0791326
0.0789261
0.0786882
0.0784258
0.0781596
0.077919
0.0777396
0.0776469
0.077647
0.0777243
0.0778488
0.0779875
0.078117
0.078225
0.0783091
0.0783726
0.0784219
0.0784632
0.0785012
0.0785389
0.0785782
0.0786196
0.0786632
0.0787084
0.0787547
0.0787996
0.0788398
0.0788694
0.078882
0.0788701
0.0788271
0.0787493
0.0786396
0.0785102
0.0783874
0.0783216
0.0783229
8.92943
6.2314
6.53102
6.64786
6.7601
5.91882
6.0803
5.59364
5.17174
5.38518
4.95987
4.71468
4.43033
4.15749
3.81208
3.97914
4.50281
5.82141
7.1364
6.93453
5.63086
5.20506
4.82599
4.54084
4.37539
4.80373
5.47939
7.2103
10.8332
17.3546
26.4346
35.7599
47.082
63.3687
74.7055
80.3569
91.3701
102.386
106.399
113.668
118.787
107.403
100.556
92.74
61.6464
23.4783
7.36159
1.29363
0.366421
0.218045
0.167166
0.126939
0.10911
0.0976219
0.0891904
0.0845133
0.0823599
0.0812495
0.0805536
0.0800778
0.0797454
0.0795028
0.079303
0.0791122
0.0789065
0.0786693
0.0784068
0.0781405
0.0778996
0.0777192
0.0776256
0.0776246
0.0777007
0.0778237
0.0779609
0.0780891
0.0781957
0.0782786
0.0783409
0.0783892
0.0784295
0.0784667
0.0785035
0.078542
0.0785825
0.0786252
0.0786697
0.0787151
0.0787592
0.0787981
0.0788264
0.0788374
0.0788236
0.0787788
0.0786992
0.0785877
0.0784566
0.0783321
0.0782647
0.0782648
6.61036
6.15215
6.94138
6.39512
6.3501
5.90427
5.94799
5.52613
5.22734
5.19339
4.47843
4.4022
4.24082
3.99041
3.7812
3.79325
4.14647
5.15858
6.07931
6.10503
5.32838
4.97619
4.80801
4.70655
4.79822
5.15683
6.25281
8.66396
13.6147
21.3818
33.4539
42.6359
56.0391
72.4961
84.8585
91.0033
105.933
112.273
117.428
122.551
124.826
116.442
108.323
89.8642
62.2046
19.6522
5.64831
0.947745
0.338964
0.218148
0.163944
0.127434
0.109679
0.0974918
0.0892778
0.0844923
0.0823122
0.0812159
0.0805258
0.0800537
0.0797237
0.079483
0.0792849
0.0790953
0.0788904
0.0786537
0.0783912
0.0781248
0.0778834
0.0777023
0.0776078
0.0776058
0.0776808
0.0778026
0.0779385
0.0780654
0.0781709
0.0782526
0.0783138
0.0783612
0.0784007
0.0784371
0.0784732
0.0785109
0.0785506
0.0785926
0.0786365
0.0786812
0.0787245
0.0787625
0.0787896
0.0787993
0.0787841
0.0787377
0.0786567
0.0785439
0.0784115
0.0782857
0.078217
0.0782162
3.68661
6.14497
7.06939
6.95319
6.23606
6.25898
6.2045
5.86979
5.77442
5.48795
5.13681
4.83813
4.87755
4.41944
4.08296
3.87029
4.02297
4.76247
5.47418
5.54796
5.0802
4.78864
4.84721
4.87118
4.95028
5.74501
7.57599
10.8765
18.0213
27.4938
40.1108
52.5565
67.6481
84.0293
96.2158
103.541
124.208
123.072
129.087
131.867
133.83
122.494
111.966
95.9325
61.4863
17.1736
4.55999
0.781747
0.307883
0.207611
0.156819
0.124223
0.106699
0.0953958
0.0884351
0.0840265
0.0822202
0.0811824
0.0805032
0.0800351
0.0797076
0.0794688
0.0792722
0.0790835
0.0788795
0.0786429
0.0783806
0.0781139
0.0778722
0.0776907
0.0775956
0.0775928
0.0776671
0.077788
0.0779229
0.078049
0.0781535
0.0782344
0.0782948
0.0783415
0.0783804
0.0784162
0.0784517
0.0784888
0.078528
0.0785694
0.0786128
0.078657
0.0786998
0.0787371
0.0787634
0.0787721
0.078756
0.0787086
0.0786268
0.0785131
0.0783799
0.0782533
0.0781837
0.0781823
1.35857
5.49029
6.62432
6.92578
6.55414
6.90191
6.58933
6.46457
6.52554
6.64889
6.28253
6.51351
6.20421
6.20599
5.25188
4.67155
4.65605
4.7555
5.44482
5.26701
4.94544
5.02234
4.80317
4.87183
5.27808
6.64244
9.39324
14.5156
23.2887
35.1953
50.0039
63.8765
79.8657
92.9353
109.881
115.02
128.578
133.175
138.376
141.599
140.384
130.197
116.861
101.688
58.9966
13.4904
2.94628
0.588464
0.265507
0.188688
0.146618
0.118333
0.102154
0.0923158
0.0864589
0.0836062
0.0821374
0.0811537
0.0804853
0.0800213
0.0796962
0.0794591
0.0792637
0.0790758
0.0788724
0.0786361
0.0783738
0.0781071
0.0778653
0.0776835
0.0775881
0.077585
0.0776589
0.0777794
0.0779137
0.0780392
0.0781433
0.0782237
0.0782836
0.0783299
0.0783684
0.0784038
0.078439
0.0784757
0.0785145
0.0785557
0.0785987
0.0786427
0.0786851
0.078722
0.0787478
0.078756
0.0787392
0.0786913
0.078609
0.0784949
0.0783613
0.0782343
0.0781642
0.0781624
0.713782
3.9314
5.41884
6.1182
6.37895
6.78325
7.02623
7.24751
7.67981
8.31935
8.96385
10.1338
11.3958
11.6902
8.96222
7.2972
6.16707
5.51456
5.37955
5.41689
5.02698
4.94766
4.92377
5.11585
5.92486
8.33892
12.7666
20.9466
31.5197
44.766
61.9198
75.7978
91.2162
105.047
118.474
125.391
136.923
141.339
149.54
149.303
147.521
141.731
121.976
104.721
55.0968
11.268
2.1389
0.480324
0.228071
0.169848
0.136999
0.112912
0.0987658
0.0904127
0.085611
0.0834166
0.0820794
0.0811293
0.0804708
0.0800109
0.0796883
0.0794527
0.0792584
0.0790712
0.0788683
0.0786322
0.07837
0.0781034
0.0778614
0.0776795
0.077584
0.0775808
0.0776544
0.0777747
0.0779087
0.0780339
0.0781377
0.0782178
0.0782774
0.0783234
0.0783617
0.0783969
0.0784319
0.0784683
0.0785069
0.0785479
0.0785908
0.0786345
0.0786767
0.0787134
0.0787389
0.0787467
0.0787296
0.0786814
0.0785989
0.0784846
0.0783507
0.0782235
0.0781532
0.0781511
0.639758
2.27688
3.77182
4.86694
5.7954
6.64021
7.34193
7.97965
9.01376
10.7642
13.4691
17.2295
20.7459
21.2141
17.769
14.0549
10.1915
7.88474
6.68554
6.3618
5.77671
5.80605
5.55322
5.86535
7.24444
11.1073
18.2754
28.3452
42.0616
56.5151
72.7794
87.0276
102.64
114.323
127.359
135.451
145.535
150.518
156.312
154.825
152.513
156.494
124.809
104.37
49.987
9.7391
1.74965
0.416647
0.202904
0.157635
0.130561
0.109601
0.0969244
0.0895455
0.0853357
0.0833197
0.0820324
0.0811072
0.0804579
0.0800022
0.0796821
0.0794482
0.0792549
0.0790683
0.0788658
0.0786301
0.0783679
0.0781014
0.0778594
0.0776775
0.0775818
0.0775786
0.0776522
0.0777723
0.0779062
0.0780313
0.0781349
0.0782148
0.0782742
0.07832
0.0783582
0.0783932
0.0784281
0.0784644
0.0785029
0.0785437
0.0785865
0.0786301
0.0786722
0.0787087
0.078734
0.0787416
0.0787243
0.078676
0.0785933
0.0784789
0.0783449
0.0782176
0.0781473
0.078145
0.65154
1.26083
2.2457
3.39449
4.74614
6.0516
7.12466
8.31001
10.3586
13.9431
19.1798
25.6183
31.0585
33.0496
30.561
25.253
18.5876
14.1353
10.1693
8.30826
7.8501
7.28904
7.14131
7.8354
10.4326
16.8364
28.4059
38.8432
52.8546
69.3315
85.5721
98.3499
115.279
124.625
137.527
143.958
153.631
153.026
162.835
159.121
157.974
151.905
125.122
100.669
46.7422
8.15359
1.47953
0.36864
0.191078
0.153836
0.128148
0.108541
0.0961935
0.0891717
0.0852223
0.0832567
0.0819917
0.0810864
0.080446
0.0799945
0.0796771
0.0794447
0.0792524
0.0790665
0.0788645
0.078629
0.078367
0.0781005
0.0778585
0.0776766
0.077581
0.0775777
0.0776513
0.0777714
0.0779052
0.0780303
0.0781338
0.0782135
0.0782729
0.0783186
0.0783566
0.0783916
0.0784263
0.0784626
0.078501
0.0785417
0.0785844
0.078628
0.0786699
0.0787063
0.0787315
0.0787389
0.0787216
0.0786731
0.0785904
0.078476
0.0783419
0.0782146
0.0781443
0.0781419
0.640703
0.88277
1.34726
2.11543
3.37754
4.8648
6.29005
8.26144
11.6976
17.0515
23.6774
30.6316
36.4802
40.34
41.1478
37.2654
30.1244
23.1662
17.1672
14.6836
13.6381
11.312
11.1933
12.2459
17.5078
26.0554
39.2514
51.0957
64.9883
80.4243
99.0842
109.161
127.33
134.566
148.102
150.985
162.481
165.432
168.058
163.589
162.437
152.651
126.518
92.9804
36.149
6.39833
1.22457
0.32821
0.187993
0.156127
0.129262
0.109142
0.0962329
0.089
0.0851337
0.083209
0.0819603
0.081067
0.0804344
0.0799872
0.0796725
0.0794417
0.0792505
0.0790652
0.0788637
0.0786286
0.0783667
0.0781003
0.0778582
0.0776763
0.0775807
0.0775775
0.0776512
0.0777713
0.0779051
0.0780301
0.0781336
0.0782132
0.0782725
0.0783181
0.0783561
0.078391
0.0784257
0.0784618
0.0785002
0.0785409
0.0785836
0.0786271
0.0786689
0.0787052
0.0787303
0.0787377
0.0787202
0.0786718
0.078589
0.0784746
0.0783405
0.0782133
0.078143
0.0781406
0.604683
0.772333
0.990529
1.3838
2.22268
3.53952
5.24999
8.01169
12.4836
18.2315
24.4073
30.442
36.1011
41.4276
45.6226
45.6933
41.1443
34.338
27.6463
24.192
21.2523
18.8002
18.1194
19.6254
25.299
38.3836
55.1539
64.4762
77.5754
91.244
107.087
122.108
136.403
141.886
152.837
156.219
163.416
169.092
171.117
167.669
166.294
155.417
126.618
83.6946
27.554
4.95174
1.00079
0.293567
0.186747
0.160922
0.132295
0.110461
0.0964018
0.0888959
0.0850628
0.0831785
0.0819516
0.0810501
0.0804229
0.0799799
0.0796681
0.0794389
0.0792488
0.0790643
0.0788633
0.0786285
0.0783667
0.0781004
0.0778584
0.0776765
0.0775809
0.0775778
0.0776515
0.0777716
0.0779055
0.0780304
0.0781339
0.0782135
0.0782727
0.0783182
0.0783561
0.078391
0.0784256
0.0784618
0.0785001
0.0785408
0.0785834
0.0786268
0.0786686
0.0787048
0.0787299
0.0787372
0.0787197
0.0786712
0.0785884
0.078474
0.07834
0.0782128
0.0781427
0.0781401
0.564271
0.714396
0.861291
1.07899
1.58119
2.62392
4.44006
7.51584
11.9337
16.7761
21.705
26.8389
32.4102
38.5965
45.0499
49.1769
48.8681
44.7235
39.4695
35.5774
32.4911
29.294
28.6837
30.7011
37.0535
51.9187
67.9659
77.9359
90.1191
102.059
115.059
146.103
142.29
149.022
156.819
160.492
171.206
172.442
173.865
170.727
168.543
158.789
123.93
72.5396
20.4838
3.7903
0.810535
0.263025
0.183887
0.162042
0.133231
0.110061
0.0960878
0.0887984
0.0850944
0.0832414
0.0819684
0.0810347
0.080411
0.0799724
0.0796635
0.0794362
0.0792472
0.0790634
0.0788629
0.0786284
0.0783669
0.0781006
0.0778586
0.0776767
0.0775812
0.0775782
0.077652
0.0777722
0.0779061
0.0780311
0.0781344
0.078214
0.0782732
0.0783187
0.0783565
0.0783913
0.0784259
0.078462
0.0785003
0.078541
0.0785836
0.078627
0.0786687
0.0787048
0.0787298
0.0787371
0.0787196
0.0786711
0.0785883
0.0784739
0.0783399
0.0782128
0.0781428
0.0781402
0.533942
0.666402
0.80117
0.973553
1.34883
2.23775
3.98602
6.77094
10.2904
13.9407
17.8114
22.3389
27.7975
34.3588
41.8756
48.8714
52.6482
52.4685
49.8673
46.9054
43.8875
40.8589
40.8532
43.6461
51.1126
67.2117
81.1463
89.7556
101.203
111.114
122.596
135.479
145.964
154.571
160.214
164.175
170.992
174.476
176.153
173.042
170.396
158.353
118.19
59.012
15.4261
2.9145
0.655796
0.236318
0.180522
0.159997
0.13061
0.107714
0.0954008
0.0887048
0.0851857
0.0832816
0.0819067
0.0810098
0.080398
0.0799646
0.0796588
0.0794333
0.0792455
0.0790625
0.0788626
0.0786285
0.0783671
0.0781009
0.0778589
0.0776771
0.0775816
0.0775787
0.0776526
0.0777729
0.0779068
0.0780318
0.0781352
0.0782147
0.0782738
0.0783193
0.078357
0.0783918
0.0784264
0.0784625
0.0785008
0.0785414
0.078584
0.0786273
0.078669
0.0787051
0.07873
0.0787373
0.0787197
0.0786712
0.0785885
0.0784741
0.0783401
0.0782131
0.0781431
0.0781404
0.523
0.647586
0.789616
0.97597
1.35343
2.21014
3.7771
5.95721
8.48038
11.16
14.2964
18.3329
23.538
30.0924
37.9601
46.4097
53.2292
56.7804
57.4441
56.6591
54.7084
52.597
55.4707
57.3447
66.6389
79.6654
91.9617
99.8579
109.473
118.003
128.111
138.569
149.24
158.457
162.542
166.795
172.457
176.044
177.643
174.587
171.909
156.507
108.979
51.4974
11.6149
2.2378
0.530345
0.214824
0.177942
0.157378
0.126585
0.105659
0.0947091
0.0884945
0.0850595
0.0830978
0.0818338
0.0809835
0.0803845
0.0799567
0.0796539
0.0794305
0.0792438
0.0790618
0.0788623
0.0786287
0.0783674
0.0781014
0.0778593
0.0776776
0.0775822
0.0775793
0.0776533
0.0777737
0.0779077
0.0780327
0.078136
0.0782156
0.0782746
0.07832
0.0783577
0.0783924
0.078427
0.078463
0.0785013
0.078542
0.0785845
0.0786278
0.0786694
0.0787055
0.0787304
0.0787376
0.0787201
0.0786716
0.0785888
0.0784745
0.0783405
0.0782135
0.0781436
0.0781409
0.543938
0.693078
0.862862
1.09002
1.512
2.34276
3.62918
5.2027
6.98104
9.01003
11.6206
15.1889
20.0036
26.2908
34.1015
43.0436
51.704
58.1152
61.9495
63.3885
63.2922
62.4938
63.979
69.1503
80.5103
91.076
101.852
106.085
114.152
122.739
132.122
141.267
151.25
160.077
164.527
168.908
173.672
176.969
178.078
175.192
174.585
153.417
98.3731
41.4249
9.04124
1.73174
0.429782
0.198743
0.175682
0.153445
0.123041
0.104128
0.0940596
0.088198
0.0848546
0.082957
0.0817785
0.0809597
0.0803716
0.0799491
0.0796495
0.079428
0.0792427
0.0790615
0.0788626
0.0786293
0.0783682
0.0781022
0.0778602
0.0776784
0.077583
0.0775803
0.0776544
0.0777748
0.0779089
0.0780338
0.0781372
0.0782166
0.0782757
0.078321
0.0783586
0.0783932
0.0784277
0.0784638
0.0785021
0.0785427
0.0785852
0.0786284
0.07867
0.078706
0.0787309
0.078738
0.0787205
0.078672
0.0785893
0.0784749
0.078341
0.078214
0.0781442
0.0781413
0.618134
0.828791
1.0396
1.30268
1.72925
2.4371
3.39386
4.52151
5.85305
7.49189
9.70515
12.8158
17.1486
22.9874
30.4857
39.4331
48.9826
57.3032
63.5798
67.4469
68.7592
69.6895
73.1499
80.4168
92.2057
99.6284
109.091
110.205
117.704
125.733
134.882
143.183
152.724
161.002
165.718
170.072
174.248
177.137
177.407
175.545
179.53
147.807
87.8199
41.3129
6.9356
1.32507
0.35124
0.18788
0.173397
0.148555
0.11981
0.10287
0.0934757
0.0879009
0.0846851
0.0828685
0.081737
0.0809376
0.080359
0.0799417
0.0796452
0.0794258
0.0792418
0.0790616
0.0788632
0.0786302
0.0783693
0.0781033
0.0778612
0.0776795
0.0775841
0.0775814
0.0776556
0.0777761
0.0779102
0.0780351
0.0781384
0.0782178
0.0782768
0.078322
0.0783595
0.0783941
0.0784285
0.0784645
0.0785028
0.0785434
0.0785859
0.0786291
0.0786706
0.0787066
0.0787314
0.0787386
0.078721
0.0786725
0.0785898
0.0784755
0.0783416
0.0782146
0.0781448
0.0781417
0.775258
1.00457
1.19778
1.43369
1.77761
2.30377
3.01586
3.912
5.02551
6.4466
8.35006
11.0307
14.8317
20.0949
27.0817
35.749
45.5757
55.0569
63.0624
68.851
72.1939
75.1148
79.7749
87.4035
96.5081
105.557
113.964
112.659
119.508
127.123
134.18
144.555
153.648
161.415
166.147
170.352
174.002
176.421
175.549
172.929
168.623
139.465
78.8133
43.2217
5.26708
1.01021
0.293324
0.181883
0.171839
0.144893
0.117358
0.101891
0.0929818
0.0876477
0.0845557
0.0828028
0.081697
0.0809138
0.0803442
0.0799325
0.0796392
0.0794221
0.0792396
0.0790604
0.0788627
0.07863
0.0783694
0.0781034
0.0778614
0.0776798
0.0775845
0.077582
0.0776563
0.0777769
0.077911
0.078036
0.0781393
0.0782187
0.0782776
0.0783228
0.0783603
0.0783949
0.0784293
0.0784653
0.0785036
0.0785441
0.0785867
0.0786298
0.0786713
0.0787072
0.078732
0.0787392
0.0787216
0.0786731
0.0785904
0.0784761
0.0783422
0.0782153
0.0781453
0.0781422
1.03186
0.994037
1.02284
1.17201
1.45181
1.91143
2.56517
3.40307
4.44467
5.72625
7.39425
9.69041
12.9541
17.5578
23.8602
31.9976
41.6902
51.8354
61.025
68.2731
73.2655
77.6221
82.9166
90.3763
95.1365
111.695
111.835
112.695
119.731
127.45
140.723
145.525
154.074
161.359
165.853
169.769
172.817
174.662
172.391
167.865
159.543
129.973
70.171
33.1515
3.91269
0.779638
0.25312
0.179876
0.171271
0.142973
0.116447
0.101308
0.0925772
0.087425
0.0844458
0.0827412
0.0816553
0.0808873
0.0803265
0.0799209
0.0796311
0.0794168
0.079236
0.0790581
0.078861
0.0786288
0.0783685
0.0781026
0.0778608
0.0776793
0.0775842
0.0775819
0.0776564
0.0777772
0.0779115
0.0780366
0.07814
0.0782194
0.0782783
0.0783235
0.078361
0.0783955
0.07843
0.078466
0.0785043
0.0785449
0.0785874
0.0786305
0.078672
0.0787079
0.0787326
0.0787398
0.0787222
0.0786737
0.0785911
0.0784768
0.0783429
0.0782159
0.0781458
0.0781425
0.207739
0.309722
0.39678
0.553302
0.860613
1.36646
2.05998
2.91388
3.92063
5.10533
6.57235
8.51133
11.1984
15.0029
20.2946
27.3464
36.1413
46.2071
56.1564
64.6428
71.2222
77.0608
82.9421
89.2951
96.1019
103.522
106.609
110.661
117.902
126.532
137.115
145.43
153.924
160.343
164.213
167.384
169.23
169.851
164.627
155.903
142.052
109.044
62.2899
12.9757
2.08353
0.496939
0.20617
0.177089
0.166951
0.138344
0.11422
0.0999006
0.0918453
0.0870674
0.0842759
0.0826447
0.0815932
0.0808481
0.0803014
0.0799051
0.0796213
0.0794111
0.0792335
0.0790574
0.078861
0.0786295
0.0783695
0.0781037
0.0778619
0.0776804
0.0775855
0.0775833
0.077658
0.077779
0.0779134
0.0780386
0.078142
0.0782213
0.0782801
0.0783252
0.0783626
0.078397
0.0784314
0.0784673
0.0785056
0.0785462
0.0785887
0.0786318
0.0786732
0.0787089
0.0787337
0.0787408
0.0787232
0.0786747
0.078592
0.0784778
0.0783439
0.0782169
0.0781466
0.0781431
0.0994175
0.120015
0.167865
0.30219
0.594794
1.08636
1.76325
2.59125
3.55072
4.65389
5.96094
7.59088
9.7275
12.6542
16.7376
22.2828
29.4063
37.9045
47.0548
55.5565
62.6427
68.9507
74.9311
81.1433
88.4943
95.0659
99.6622
105.313
113.439
123.601
134.332
143.825
151.392
156.266
158.618
160.095
159.778
158.044
147.478
131.8
115.244
82.3121
36.7728
5.72247
1.18274
0.329177
0.180267
0.172326
0.157763
0.130493
0.109892
0.0979813
0.0909384
0.0866342
0.0840644
0.082521
0.0815146
0.0807974
0.0802693
0.0798849
0.0796093
0.0794043
0.0792306
0.0790568
0.0788616
0.0786311
0.0783714
0.0781058
0.077864
0.0776824
0.0775877
0.0775858
0.0776607
0.077782
0.0779164
0.0780415
0.0781449
0.0782241
0.0782827
0.0783276
0.0783649
0.0783991
0.0784334
0.0784692
0.0785074
0.078548
0.0785904
0.0786334
0.0786746
0.0787103
0.0787349
0.0787419
0.0787242
0.0786757
0.0785931
0.0784789
0.078345
0.0782182
0.0781478
0.078144
0.096139
0.109856
0.150686
0.276441
0.547955
0.997142
1.6148
2.37579
3.26596
4.29507
5.50058
6.94688
8.74147
11.0614
14.1847
18.3838
23.814
30.4104
37.8508
45.4704
52.5008
59.0416
65.3563
72.0035
79.485
86.9917
93.2582
100.391
109.731
120.864
131.774
140.782
146.747
149.035
149.115
148.481
145.858
140.555
123.863
100.539
76.0534
55.4198
14.2786
3.06729
0.693867
0.234661
0.170273
0.170021
0.150466
0.124607
0.106654
0.096372
0.0901182
0.086223
0.083849
0.0823916
0.0814297
0.0807419
0.0802331
0.0798617
0.0795946
0.0793952
0.0792251
0.0790537
0.0788603
0.0786308
0.0783718
0.0781063
0.0778647
0.0776832
0.0775887
0.0775871
0.0776625
0.077784
0.0779186
0.0780438
0.0781471
0.0782262
0.0782847
0.0783295
0.0783666
0.0784007
0.0784349
0.0784707
0.0785088
0.0785494
0.0785917
0.0786345
0.0786756
0.0787111
0.0787355
0.0787424
0.0787247
0.0786762
0.0785936
0.0784795
0.0783457
0.0782192
0.078149
0.0781451
0.102605
0.116194
0.154292
0.27449
0.526574
0.932586
1.48592
2.172
2.99021
3.95541
5.09863
6.46093
8.0961
10.1154
12.6834
16.0084
20.2244
25.3447
31.2362
37.66
44.2847
50.9101
57.5878
64.668
72.4287
80.3719
88.1069
96.7184
107.011
118.334
128.495
135.754
138.832
137.843
135.315
132.303
126.999
116.855
94.963
65.0916
42.3406
33.0863
7.693
1.62183
0.410889
0.187463
0.170254
0.168287
0.144084
0.119824
0.103997
0.0949249
0.0893307
0.085807
0.083622
0.0822544
0.0813404
0.080683
0.0801946
0.0798366
0.0795787
0.0793853
0.079219
0.0790504
0.0788588
0.0786305
0.0783722
0.0781069
0.0778654
0.0776841
0.0775898
0.0775886
0.0776643
0.0777861
0.0779208
0.0780461
0.0781494
0.0782284
0.0782867
0.0783313
0.0783682
0.0784022
0.0784362
0.0784719
0.07851
0.0785505
0.0785927
0.0786354
0.0786763
0.0787115
0.0787358
0.0787426
0.0787248
0.0786762
0.0785936
0.0784796
0.0783461
0.07822
0.0781501
0.0781463
0.104457
0.118575
0.152487
0.259713
0.482665
0.838911
1.32532
1.93734
2.68474
3.59352
4.69814
6.0316
7.63141
9.55874
11.9399
14.8949
18.5364
22.8888
27.9147
33.5317
39.6413
46.11
52.8693
60.0763
67.9329
76.2451
84.7975
94.2373
104.702
115.177
123.354
127.6
126.793
122.347
117.492
112.929
102.282
87.3982
65.8583
36.8398
24.0203
13.2237
3.52074
0.829919
0.259568
0.169927
0.174193
0.16457
0.137559
0.115474
0.101576
0.0935715
0.088576
0.085394
0.0833899
0.0821127
0.0812481
0.0806215
0.0801537
0.0798098
0.0795614
0.0793744
0.0792123
0.0790465
0.078857
0.07863
0.0783723
0.0781074
0.0778659
0.0776847
0.0775907
0.0775899
0.077666
0.0777882
0.0779231
0.0780484
0.0781516
0.0782305
0.0782887
0.078333
0.0783697
0.0784035
0.0784374
0.078473
0.0785111
0.0785515
0.0785936
0.0786361
0.0786768
0.0787118
0.0787358
0.0787425
0.0787246
0.078676
0.0785934
0.0784795
0.0783462
0.0782206
0.0781513
0.0781476
0.106655
0.121876
0.147994
0.232566
0.413038
0.708199
1.12142
1.65713
2.33461
3.18979
4.26626
5.60143
7.22909
9.19358
11.5956
14.5233
18.0386
22.1477
26.8268
32.0449
37.7736
43.9696
50.571
57.6473
65.3876
73.7628
82.5776
92.0679
101.737
110.21
115.225
115.21
110.493
102.947
97.1347
89.8294
74.4565
57.3754
43.186
20.8421
12.4895
5.84905
1.61194
0.43231
0.190292
0.168451
0.175467
0.157601
0.13086
0.111362
0.0993088
0.0922966
0.0878532
0.0849872
0.083155
0.0819677
0.081153
0.0805575
0.0801106
0.0797812
0.0795429
0.0793625
0.0792048
0.0790422
0.0788549
0.0786292
0.0783723
0.0781077
0.0778663
0.0776852
0.0775915
0.0775912
0.0776678
0.0777903
0.0779254
0.0780508
0.0781539
0.0782327
0.0782907
0.0783348
0.0783713
0.0784049
0.0784386
0.0784742
0.0785121
0.0785524
0.0785944
0.0786367
0.0786772
0.0787119
0.0787358
0.0787422
0.0787242
0.0786755
0.078593
0.0784793
0.0783463
0.0782211
0.0781525
0.078149
0.110561
0.128174
0.146154
0.203635
0.332983
0.556728
0.887659
1.34022
1.9428
2.74127
3.79027
5.13621
6.81506
8.88009
11.4147
14.4918
18.1182
22.2567
26.8578
31.8961
37.3652
43.2655
49.5744
56.3442
63.7618
71.8601
80.3646
89.0605
96.8979
102.247
103.125
99.1006
90.9294
82.0654
75.4695
65.6604
48.6848
34.635
27.4165
11.566
6.10009
2.51064
0.73694
0.252705
0.166871
0.172482
0.172101
0.148902
0.124218
0.10749
0.0971981
0.0910993
0.087162
0.0845881
0.0829191
0.0818199
0.0810553
0.080491
0.0800654
0.079751
0.0795231
0.0793497
0.0791967
0.0790374
0.0788524
0.0786282
0.0783721
0.0781077
0.0778664
0.0776856
0.0775922
0.0775924
0.0776696
0.0777924
0.0779278
0.0780532
0.0781563
0.0782349
0.0782927
0.0783366
0.0783728
0.0784062
0.0784398
0.0784753
0.0785132
0.0785534
0.0785952
0.0786373
0.0786775
0.078712
0.0787357
0.0787419
0.0787238
0.078675
0.0785925
0.0784789
0.0783463
0.0782217
0.0781537
0.0781505
0.115739
0.137143
0.150423
0.18423
0.263383
0.41261
0.653938
1.01279
1.52818
2.25757
3.2689
4.62158
6.35863
8.55315
11.2681
14.5761
18.4165
22.6918
27.3101
32.2315
37.4578
43.0134
48.9019
55.1837
62.0368
69.4759
77.0705
84.118
89.1622
90.595
87.4311
80.0457
69.6196
60.6938
54.8989
44.9153
30.0353
20.158
15.9238
6.12363
2.8146
1.07236
0.361887
0.183496
0.16518
0.175306
0.164973
0.139742
0.118018
0.103965
0.0952582
0.0899785
0.0865022
0.0841981
0.0826834
0.0816701
0.080955
0.0804221
0.080018
0.0797191
0.0795021
0.079336
0.0791879
0.0790321
0.0788495
0.0786269
0.0783717
0.0781076
0.0778664
0.0776857
0.0775928
0.0775936
0.0776713
0.0777946
0.0779302
0.0780557
0.0781587
0.0782372
0.0782948
0.0783384
0.0783744
0.0784076
0.0784411
0.0784764
0.0785142
0.0785543
0.078596
0.078638
0.0786779
0.0787121
0.0787355
0.0787416
0.0787233
0.0786745
0.078592
0.0784786
0.0783464
0.0782225
0.0781551
0.0781522
0.121408
0.147036
0.159753
0.17935
0.219838
0.303042
0.45559
0.711935
1.12294
1.76155
2.71415
4.05576
5.84268
8.16101
11.0721
14.6283
18.7023
23.1216
27.7427
32.5046
37.4126
42.5019
47.7967
53.3571
59.3428
65.7094
71.8072
76.5111
78.2081
75.8554
69.6978
60.3467
49.8684
42.5732
38.7243
30.341
18.7152
11.4083
8.35192
3.10934
1.27796
0.484477
0.218341
0.164201
0.170382
0.17355
0.15538
0.130827
0.112428
0.100806
0.0934841
0.0889316
0.0858733
0.0838181
0.082449
0.0815186
0.0808526
0.0803509
0.0799688
0.0796858
0.07948
0.0793215
0.0791787
0.0790266
0.0788465
0.0786255
0.0783712
0.0781073
0.0778662
0.0776858
0.0775934
0.0775949
0.0776732
0.0777971
0.0779329
0.0780584
0.0781614
0.0782397
0.078297
0.0783404
0.0783762
0.0784092
0.0784424
0.0784777
0.0785154
0.0785554
0.078597
0.0786387
0.0786784
0.0787123
0.0787355
0.0787414
0.078723
0.0786741
0.0785916
0.0784785
0.0783467
0.0782235
0.0781569
0.0781544
0.126974
0.156244
0.17004
0.18468
0.2038
0.240768
0.318988
0.474636
0.767117
1.28771
2.14769
3.44416
5.25049
7.65613
10.7396
14.5154
18.7811
23.2834
27.8275
32.3273
36.7843
41.2354
45.7198
50.2925
55.1032
60.0442
64.2376
66.3177
64.8816
59.8238
52.3524
43.3964
34.6677
29.43
27.2607
20.8925
11.6997
6.23094
4.06707
1.53269
0.601465
0.263449
0.172148
0.164659
0.173105
0.166385
0.144365
0.12251
0.107462
0.0979746
0.0918527
0.0879455
0.0852673
0.0834433
0.0822122
0.0813626
0.0807451
0.0802751
0.0799156
0.0796492
0.0794552
0.0793048
0.0791675
0.0790195
0.0788421
0.078623
0.0783697
0.0781062
0.0778653
0.0776853
0.0775935
0.0775958
0.0776749
0.0777993
0.0779355
0.0780611
0.078164
0.0782421
0.0782992
0.0783424
0.078378
0.0784108
0.078444
0.0784792
0.0785169
0.0785569
0.0785983
0.0786399
0.0786793
0.078713
0.078736
0.0787417
0.0787232
0.0786743
0.078592
0.0784792
0.078348
0.0782255
0.0781597
0.0781577
0.132036
0.164067
0.178599
0.192378
0.203824
0.217571
0.247661
0.321196
0.494006
0.869458
1.58863
2.78269
4.54488
6.96923
10.1491
14.0515
18.4042
22.8775
27.2287
31.3432
35.2069
38.8504
42.3205
45.6822
49.1249
52.5129
54.8335
54.6214
50.9538
44.8002
37.87
30.9126
24.3416
20.1422
18.723
14.0693
7.00467
3.27454
1.85139
0.732225
0.313702
0.186004
0.163002
0.168484
0.169911
0.155174
0.133065
0.114979
0.103057
0.0954202
0.0903467
0.0870168
0.0846873
0.0830792
0.081979
0.0812072
0.0806374
0.0801989
0.0798621
0.0796124
0.0794303
0.0792881
0.0791564
0.0790125
0.0788381
0.0786208
0.0783685
0.0781052
0.0778644
0.0776847
0.0775935
0.0775966
0.0776765
0.0778015
0.0779381
0.0780638
0.0781667
0.0782446
0.0783015
0.0783444
0.0783797
0.0784123
0.0784453
0.0784803
0.0785179
0.0785577
0.0785989
0.0786402
0.0786794
0.0787128
0.0787354
0.078741
0.0787223
0.0786734
0.0785911
0.0784785
0.0783477
0.078226
0.078161
0.0781593
0.136431
0.170252
0.184776
0.198335
0.2078
0.213742
0.222621
0.247859
0.326209
0.552158
1.08891
2.11305
3.74935
6.10653
9.27269
13.1713
17.4753
21.7906
25.8306
29.4472
32.5995
35.3085
37.6364
39.6986
41.766
43.7239
44.5509
42.9187
38.4007
32.4803
26.9242
22.118
17.2078
13.4299
11.9081
8.75352
4.01339
1.7201
0.86082
0.376882
0.208391
0.166463
0.164748
0.168495
0.161489
0.143074
0.123399
0.108982
0.0995379
0.0933277
0.0890765
0.086214
0.084176
0.0827528
0.0817664
0.0810633
0.080536
0.0801264
0.0798108
0.0795771
0.0794063
0.0792718
0.0791456
0.0790058
0.0788341
0.0786185
0.078367
0.0781039
0.0778631
0.0776835
0.0775928
0.0775967
0.0776774
0.077803
0.0779399
0.0780658
0.0781686
0.0782464
0.0783031
0.0783457
0.0783807
0.0784131
0.0784459
0.0784808
0.0785182
0.0785579
0.0785989
0.0786399
0.0786787
0.0787118
0.0787341
0.0787394
0.0787205
0.0786713
0.078589
0.0784765
0.0783463
0.0782252
0.0781609
0.0781596
0.140266
0.174964
0.188761
0.201776
0.210587
0.214652
0.217602
0.22441
0.249776
0.354343
0.691218
1.47783
2.89726
5.08025
8.09738
11.8469
15.9706
20.0251
23.6824
26.7525
29.1612
30.9287
32.1574
33.0241
33.9117
34.7776
34.7153
32.5957
28.1437
22.9043
18.478
15.1438
11.5309
8.29461
6.71185
4.76806
2.14262
0.895673
0.429943
0.234253
0.175164
0.164719
0.165651
0.162591
0.149526
0.131082
0.115031
0.103894
0.0964744
0.0914436
0.087895
0.0854473
0.083677
0.0824274
0.0815497
0.0809134
0.0804288
0.0800486
0.0797552
0.0795381
0.0793793
0.0792531
0.0791327
0.0789973
0.0788287
0.0786151
0.0783646
0.0781017
0.0778609
0.0776816
0.0775917
0.0775965
0.0776781
0.0778044
0.0779418
0.0780679
0.0781707
0.0782484
0.0783048
0.0783472
0.078382
0.0784142
0.0784468
0.0784816
0.0785189
0.0785584
0.0785992
0.07864
0.0786785
0.0787112
0.0787333
0.0787383
0.0787192
0.07867
0.0785877
0.0784755
0.0783457
0.0782255
0.0781619
0.078161
0.143592
0.178491
0.190989
0.20299
0.211189
0.214932
0.217163
0.219882
0.225633
0.259264
0.423017
0.930796
2.03125
3.90427
6.62263
10.074
13.8894
17.6038
20.8495
23.3894
25.1096
26.0649
26.4047
26.3621
26.3695
26.467
25.9747
23.9274
19.9773
15.4468
11.7832
9.37492
6.86848
4.57255
3.3498
2.28993
1.05958
0.467831
0.257367
0.186079
0.168403
0.16506
0.161526
0.151937
0.136504
0.120474
0.108141
0.0996689
0.0938517
0.0897797
0.0868214
0.0847355
0.0832062
0.0821155
0.0813384
0.0807649
0.0803211
0.0799699
0.0796986
0.0794983
0.0793515
0.0792337
0.0791194
0.0789886
0.0788231
0.0786114
0.0783618
0.0780991
0.0778585
0.0776796
0.0775904
0.0775962
0.0776789
0.077806
0.0779437
0.0780701
0.0781729
0.0782504
0.0783066
0.0783487
0.0783833
0.0784152
0.0784477
0.0784824
0.0785196
0.0785589
0.0785995
0.07864
0.0786782
0.0787107
0.0787325
0.0787372
0.078718
0.0786687
0.0785864
0.0784745
0.0783453
0.0782259
0.0781631
0.0781627
0.14648
0.181102
0.191927
0.202528
0.209887
0.213573
0.21645
0.21948
0.220758
0.225402
0.280361
0.533602
1.24506
2.67366
4.94004
7.93578
11.3173
14.6284
17.4646
19.5395
20.7046
21.0548
20.8234
20.2276
19.6271
19.1236
18.2783
16.4837
13.2888
9.65475
6.77705
5.07734
3.54632
2.24831
1.52518
1.00733
0.508045
0.274948
0.196652
0.17352
0.166638
0.161155
0.152116
0.139064
0.124429
0.111815
0.102634
0.0961957
0.0916208
0.0883185
0.085852
0.0840798
0.0827659
0.081819
0.0811339
0.0806187
0.0802136
0.0798908
0.0796414
0.0794578
0.079323
0.0792136
0.0791054
0.0789794
0.0788171
0.0786073
0.0783587
0.0780961
0.0778555
0.077677
0.0775887
0.0775957
0.0776794
0.0778074
0.0779457
0.0780722
0.078175
0.0782523
0.0783083
0.0783502
0.0783845
0.0784163
0.0784486
0.0784831
0.0785202
0.0785594
0.0785998
0.07864
0.0786779
0.0787101
0.0787316
0.0787361
0.0787167
0.0786673
0.0785851
0.0784735
0.0783449
0.0782263
0.0781644
0.0781645
0.148971
0.182989
0.191965
0.200945
0.207254
0.210803
0.214499
0.218755
0.22016
0.216442
0.223478
0.313014
0.663254
1.55328
3.20319
5.59658
8.42854
11.2644
13.6992
15.3889
16.1708
16.1585
15.6426
14.7812
13.8547
12.9231
11.8119
10.2071
7.90507
5.38097
3.49886
2.45108
1.63674
1.00697
0.663468
0.448673
0.279277
0.203982
0.178678
0.168838
0.161495
0.151876
0.139638
0.12646
0.114449
0.105075
0.0982724
0.0933386
0.089721
0.087035
0.0849782
0.0834784
0.0823563
0.0815386
0.0809368
0.0804753
0.0801069
0.0798115
0.0795838
0.0794166
0.0792937
0.0791928
0.0790909
0.0789696
0.0788106
0.0786028
0.078355
0.0780926
0.077852
0.077674
0.0775867
0.0775949
0.0776798
0.0778086
0.0779474
0.0780742
0.0781769
0.0782541
0.0783099
0.0783515
0.0783856
0.0784172
0.0784494
0.0784837
0.0785206
0.0785597
0.0785999
0.0786398
0.0786775
0.0787093
0.0787305
0.0787349
0.0787153
0.0786658
0.0785836
0.0784723
0.0783443
0.0782266
0.0781655
0.0781662
0.151065
0.184264
0.191378
0.198683
0.203833
0.207092
0.211402
0.216732
0.219063
0.214086
0.205401
0.221567
0.345774
0.755099
1.70411
3.34123
5.4901
7.76458
9.76843
11.143
11.6979
11.5495
10.9536
10.0325
9.08248
8.04181
6.8974
5.59349
4.11297
2.67402
1.64742
1.07996
0.710504
0.457865
0.324973
0.251765
0.204424
0.182036
0.171061
0.161842
0.151429
0.139385
0.127026
0.115867
0.106781
0.0999049
0.0947964
0.0909749
0.0880973
0.0859058
0.084192
0.0829293
0.0819771
0.0812745
0.0807474
0.080335
0.0800012
0.0797325
0.0795261
0.0793751
0.0792639
0.0791714
0.0790758
0.0789595
0.0788037
0.0785978
0.0783508
0.0780884
0.0778479
0.0776704
0.0775841
0.0775937
0.0776798
0.0778096
0.077949
0.078076
0.0781787
0.0782558
0.0783113
0.0783527
0.0783866
0.078418
0.07845
0.0784842
0.078521
0.0785598
0.0785998
0.0786395
0.0786768
0.0787084
0.0787294
0.0787334
0.0787137
0.0786641
0.078582
0.078471
0.0783437
0.0782268
0.0781666
0.0781679
0.152738
0.18498
0.190338
0.196035
0.200019
0.202852
0.20745
0.213381
0.216307
0.211638
0.199471
0.190903
0.218499
0.355965
0.745405
1.58502
2.91946
4.517
6.02546
7.09733
7.5499
7.41352
6.91448
6.15655
5.36373
4.50833
3.63197
2.75629
1.9208
1.21104
0.738387
0.485159
0.341725
0.256407
0.215746
0.195587
0.182152
0.172028
0.162103
0.150844
0.138779
0.12691
0.116376
0.10774
0.101015
0.0958963
0.091995
0.0890063
0.086704
0.0849115
0.0834871
0.0824309
0.0816279
0.0810265
0.080566
0.0801985
0.0798972
0.0796543
0.0794686
0.0793335
0.0792337
0.0791496
0.0790604
0.078949
0.0787965
0.0785923
0.078346
0.0780836
0.0778432
0.0776663
0.0775811
0.0775921
0.0776796
0.0778104
0.0779504
0.0780777
0.0781804
0.0782573
0.0783125
0.0783537
0.0783874
0.0784186
0.0784505
0.0784846
0.0785211
0.0785598
0.0785995
0.0786389
0.078676
0.0787073
0.078728
0.0787319
0.0787119
0.0786622
0.0785803
0.0784696
0.0783429
0.0782269
0.0781675
0.0781694
0.153951
0.185159
0.188946
0.193177
0.196053
0.198363
0.202919
0.208918
0.211841
0.207343
0.195053
0.180508
0.176864
0.209871
0.330008
0.633156
1.21754
2.06271
2.99292
3.75035
4.13351
4.09374
3.78877
3.30776
2.79275
2.24737
1.72036
1.24394
0.843533
0.545527
0.361244
0.266177
0.219145
0.194847
0.183916
0.177692
0.170382
0.160958
0.149851
0.137895
0.126433
0.116378
0.108134
0.101643
0.0966178
0.0927328
0.0897135
0.0873563
0.0855043
0.0840371
0.0828584
0.0819812
0.0813077
0.0807945
0.0803928
0.080066
0.0797953
0.0795773
0.0794117
0.0792919
0.0792033
0.0791274
0.0790446
0.0789382
0.0787889
0.0785865
0.0783407
0.0780782
0.0778379
0.0776616
0.0775777
0.0775902
0.0776792
0.077811
0.0779516
0.0780792
0.0781819
0.0782586
0.0783137
0.0783546
0.0783881
0.0784191
0.0784508
0.0784848
0.0785212
0.0785596
0.078599
0.0786382
0.078675
0.078706
0.0787265
0.0787301
0.07871
0.0786602
0.0785783
0.078468
0.0783419
0.0782268
0.0781683
0.0781709
0.154654
0.184811
0.187263
0.190204
0.19206
0.193788
0.19803
0.203633
0.205997
0.201156
0.189126
0.17411
0.162923
0.164701
0.194131
0.280562
0.466023
0.776514
1.18335
1.57977
1.82684
1.85796
1.73458
1.5099
1.25686
0.994966
0.755377
0.551628
0.3948
0.288106
0.226904
0.196262
0.181812
0.174509
0.16992
0.164895
0.157191
0.147184
0.136167
0.125414
0.115933
0.108104
0.101877
0.0970019
0.0931916
0.0902001
0.0878387
0.0859654
0.0844702
0.0832713
0.0823016
0.0815778
0.0810152
0.0805779
0.0802279
0.079938
0.0796962
0.079502
0.0793558
0.0792508
0.079173
0.0791052
0.0790288
0.0789272
0.0787811
0.0785802
0.0783349
0.0780722
0.0778319
0.0776564
0.0775739
0.077588
0.0776784
0.0778114
0.0779527
0.0780805
0.0781832
0.0782598
0.0783146
0.0783553
0.0783886
0.0784195
0.0784511
0.0784848
0.078521
0.0785591
0.0785983
0.0786372
0.0786737
0.0787045
0.0787247
0.0787282
0.0787079
0.078658
0.0785762
0.0784662
0.0783408
0.0782265
0.078169
0.0781722
0.154809
0.183948
0.18533
0.187164
0.188096
0.189212
0.192947
0.197829
0.199245
0.193636
0.181525
0.167001
0.155007
0.149567
0.154389
0.176056
0.226287
0.316427
0.446641
0.591633
0.698977
0.732138
0.701771
0.626915
0.535405
0.439896
0.354734
0.285058
0.234529
0.201498
0.182442
0.172213
0.166172
0.16146
0.156574
0.150416
0.142262
0.132878
0.123445
0.114869
0.107627
0.10176
0.0970961
0.0934055
0.0904798
0.0881501
0.0862866
0.0847894
0.0835808
0.0826048
0.0818118
0.0812176
0.0807486
0.0803762
0.0800715
0.079815
0.0796003
0.079429
0.0793013
0.0792103
0.0791429
0.0790831
0.0790131
0.0789162
0.078773
0.0785736
0.0783285
0.0780656
0.0778254
0.0776506
0.0775696
0.0775855
0.0776775
0.0778116
0.0779536
0.0780817
0.0781844
0.0782608
0.0783154
0.0783558
0.078389
0.0784197
0.0784511
0.0784847
0.0785206
0.0785585
0.0785974
0.078636
0.0786722
0.0787028
0.0787228
0.078726
0.0787056
0.0786557
0.0785739
0.0784643
0.0783395
0.0782261
0.0781694
0.0781734
0.154391
0.182586
0.183178
0.184084
0.184182
0.184675
0.187779
0.191762
0.192052
0.185474
0.172981
0.158756
0.147173
0.140713
0.14016
0.146013
0.159936
0.184387
0.220328
0.262732
0.298047
0.314295
0.311219
0.293225
0.268263
0.241106
0.21669
0.196664
0.181737
0.171221
0.163736
0.158006
0.15292
0.147719
0.141986
0.135436
0.128002
0.120291
0.113015
0.106621
0.101273
0.0969154
0.0934025
0.0905786
0.0883071
0.0864759
0.0849958
0.0837956
0.0828201
0.0820292
0.0813835
0.0808969
0.080506
0.0801887
0.0799235
0.0796975
0.0795083
0.0793588
0.0792486
0.0791709
0.0791135
0.0790614
0.0789976
0.0789052
0.0787648
0.0785666
0.0783215
0.0780582
0.0778182
0.0776444
0.077565
0.0775827
0.0776763
0.0778116
0.0779543
0.0780827
0.0781854
0.0782616
0.078316
0.0783562
0.0783892
0.0784198
0.0784511
0.0784844
0.0785201
0.0785576
0.0785962
0.0786345
0.0786705
0.0787008
0.0787206
0.0787237
0.0787031
0.0786531
0.0785715
0.0784622
0.078338
0.0782255
0.0781697
0.0781744
0.153404
0.180752
0.180828
0.180973
0.18032
0.180191
0.182597
0.185612
0.184775
0.177262
0.16433
0.150172
0.138851
0.132396
0.130811
0.133216
0.138851
0.147377
0.158524
0.171175
0.182527
0.189595
0.191571
0.189151
0.184125
0.177818
0.17154
0.165588
0.16002
0.154715
0.149498
0.144325
0.139079
0.133652
0.128018
0.122165
0.116172
0.110352
0.105027
0.100376
0.0964449
0.0931869
0.0905132
0.0883297
0.0865507
0.0851023
0.0839224
0.0829597
0.082174
0.081535
0.0810103
0.080612
0.0802857
0.0800149
0.0797844
0.0795863
0.0794211
0.079292
0.0791983
0.0791329
0.0790849
0.0790402
0.0789825
0.0788944
0.0787564
0.0785591
0.0783138
0.0780503
0.0778104
0.0776377
0.07756
0.0775797
0.077675
0.0778115
0.0779549
0.0780836
0.0781863
0.0782623
0.0783165
0.0783565
0.0783893
0.0784197
0.0784509
0.078484
0.0785194
0.0785566
0.0785948
0.0786328
0.0786685
0.0786986
0.0787183
0.0787212
0.0787004
0.0786504
0.0785688
0.0784599
0.0783364
0.0782247
0.0781697
0.0781753
0.151884
0.178469
0.178283
0.177826
0.176504
0.175767
0.177442
0.17949
0.177627
0.169369
0.156165
0.142069
0.130868
0.124305
0.122212
0.123523
0.127075
0.13197
0.137566
0.143289
0.148438
0.152326
0.15464
0.15541
0.154924
0.153409
0.151156
0.148183
0.144518
0.140279
0.135626
0.130795
0.125927
0.121088
0.116327
0.11167
0.107159
0.102915
0.0990605
0.0956662
0.0927495
0.0902865
0.0882308
0.0865285
0.0851268
0.0839766
0.0830339
0.0822612
0.0816286
0.0811126
0.0806856
0.0803588
0.0800858
0.0798544
0.0796544
0.0794819
0.0793392
0.0792292
0.0791506
0.0790967
0.0790575
0.07902
0.078968
0.0788838
0.0787479
0.0785512
0.0783056
0.0780416
0.0778021
0.0776306
0.0775548
0.0775765
0.0776736
0.0778113
0.0779554
0.0780844
0.0781871
0.0782629
0.0783168
0.0783566
0.0783893
0.0784196
0.0784505
0.0784834
0.0785185
0.0785553
0.0785932
0.0786308
0.0786663
0.0786962
0.0787157
0.0787184
0.0786975
0.0786474
0.078566
0.0784575
0.0783346
0.0782237
0.0781696
0.078176
0.149895
0.17576
0.175533
0.174623
0.172724
0.171408
0.172349
0.173465
0.170715
0.161954
0.148745
0.134913
0.123891
0.117144
0.114473
0.11489
0.117301
0.120804
0.124736
0.128624
0.132107
0.134905
0.136869
0.13793
0.138092
0.137351
0.135808
0.13347
0.130415
0.126812
0.122883
0.118856
0.114885
0.111042
0.107363
0.103856
0.100532
0.0974348
0.0946121
0.0920971
0.0899016
0.0880174
0.0864221
0.0850858
0.0839755
0.0830581
0.0823022
0.0816804
0.0811697
0.0807516
0.080403
0.0801339
0.0799048
0.0797071
0.0795342
0.0793853
0.0792634
0.0791709
0.0791059
0.0790625
0.0790316
0.0790008
0.0789542
0.0788734
0.0787392
0.0785428
0.0782967
0.0780323
0.0777932
0.0776231
0.0775494
0.0775732
0.077672
0.0778111
0.0779559
0.0780851
0.0781878
0.0782634
0.078317
0.0783567
0.0783891
0.0784193
0.0784501
0.0784827
0.0785174
0.0785539
0.0785913
0.0786286
0.0786638
0.0786936
0.0787129
0.0787154
0.0786945
0.0786443
0.078563
0.0784548
0.0783326
0.0782225
0.0781692
0.0781765
0.147515
0.172641
0.172557
0.171345
0.168975
0.167129
0.167353
0.167591
0.164095
0.155055
0.142085
0.128774
0.118109
0.11131
0.108138
0.107709
0.109073
0.111451
0.114268
0.117113
0.1197
0.121819
0.12334
0.124188
0.124324
0.123714
0.12246
0.120584
0.118179
0.115393
0.112399
0.109356
0.10637
0.103494
0.100749
0.0981419
0.0956796
0.0933825
0.0912752
0.0893776
0.0876997
0.0862407
0.0849908
0.0839334
0.0830478
0.0823113
0.0817014
0.0811978
0.0807832
0.0804428
0.0801568
0.0799345
0.0797419
0.079573
0.0794244
0.0792971
0.0791942
0.0791174
0.0790647
0.0790308
0.0790074
0.0789829
0.0789411
0.0788633
0.0787303
0.0785338
0.078287
0.0780223
0.0777838
0.0776153
0.0775438
0.0775698
0.0776705
0.0778108
0.0779563
0.0780858
0.0781884
0.0782638
0.0783172
0.0783566
0.0783889
0.078419
0.0784495
0.0784819
0.0785162
0.0785522
0.0785892
0.0786262
0.0786611
0.0786907
0.0787098
0.0787123
0.0786912
0.078641
0.0785598
0.078452
0.0783304
0.0782211
0.0781687
0.0781768
0.144818
0.169131
0.169342
0.16798
0.165262
0.16295
0.16249
0.161912
0.157802
0.148668
0.136148
0.123525
0.113394
0.106739
0.10328
0.102212
0.102711
0.104119
0.105963
0.107907
0.109719
0.11123
0.112326
0.112936
0.113024
0.11256
0.111636
0.110275
0.10855
0.106563
0.104423
0.102229
0.100052
0.0979321
0.0958901
0.093938
0.0920868
0.0903515
0.0887486
0.0872921
0.0859907
0.0848471
0.0838575
0.0830129
0.0823
0.0817034
0.081207
0.0807958
0.0804569
0.0801783
0.0799427
0.0797586
0.0795963
0.0794525
0.0793257
0.079218
0.079132
0.079069
0.0790271
0.0790016
0.0789852
0.0789663
0.0789287
0.0788534
0.078721
0.0785241
0.0782766
0.0780117
0.0777739
0.0776073
0.0775381
0.0775664
0.077669
0.0778105
0.0779568
0.0780865
0.078189
0.0782641
0.0783173
0.0783565
0.0783886
0.0784185
0.0784489
0.0784809
0.0785148
0.0785504
0.078587
0.0786236
0.0786582
0.0786875
0.0787065
0.0787089
0.0786877
0.0786375
0.0785565
0.0784491
0.0783281
0.0782195
0.0781679
0.078177
0.141865
0.165268
0.165904
0.164546
0.161607
0.1589
0.157793
0.156465
0.151859
0.142768
0.13084
0.11901
0.109527
0.103168
0.099626
0.0981663
0.0980631
0.0987544
0.0998478
0.101077
0.102257
0.103263
0.104004
0.104423
0.104487
0.104172
0.103543
0.102613
0.101428
0.100049
0.0985427
0.0969707
0.0953818
0.0938093
0.0922752
0.0907951
0.0893822
0.0880499
0.086811
0.0856763
0.0846537
0.0837469
0.0829551
0.0822736
0.0816939
0.0812057
0.0807977
0.0804594
0.0801809
0.0799521
0.0797573
0.0796045
0.0794679
0.0793458
0.0792385
0.0791481
0.079077
0.0790259
0.0789933
0.0789753
0.0789651
0.0789512
0.0789171
0.0788434
0.0787113
0.0785136
0.0782653
0.0780004
0.0777638
0.0775992
0.0775325
0.0775631
0.0776675
0.0778103
0.0779572
0.0780871
0.0781895
0.0782645
0.0783173
0.0783563
0.0783883
0.078418
0.0784481
0.0784799
0.0785134
0.0785484
0.0785846
0.0786208
0.0786551
0.0786842
0.078703
0.0787052
0.078684
0.0786339
0.078553
0.078446
0.0783256
0.0782178
0.078167
0.078177
0.1387
0.161122
0.162303
0.161091
0.15805
0.155009
0.153291
0.151274
0.146273
0.137348
0.126083
0.115098
0.106313
0.100336
0.0968486
0.0951845
0.094703
0.094917
0.0954943
0.0962178
0.0969441
0.0975769
0.0980492
0.0983173
0.098354
0.0981378
0.0977082
0.0970705
0.0962497
0.0952813
0.0942056
0.0930627
0.0918868
0.0907051
0.0895382
0.0884018
0.0873094
0.0862728
0.0853027
0.0844079
0.0835953
0.0828688
0.082229
0.0816736
0.0811975
0.0807944
0.0804567
0.0801771
0.0799477
0.0797594
0.079598
0.0794712
0.0793563
0.0792532
0.079163
0.0790876
0.079029
0.078988
0.0789633
0.0789519
0.0789471
0.0789375
0.0789061
0.0788335
0.078701
0.0785023
0.0782533
0.0779886
0.0777534
0.0775911
0.077527
0.07756
0.0776662
0.0778102
0.0779578
0.0780878
0.0781901
0.0782647
0.0783173
0.0783561
0.0783879
0.0784174
0.0784473
0.0784787
0.0785118
0.0785464
0.078582
0.0786178
0.0786518
0.0786806
0.0786993
0.0787014
0.0786801
0.07863
0.0785494
0.0784428
0.078323
0.0782159
0.0781659
0.0781769
0.13536
0.156805
0.158639
0.157693
0.15464
0.151304
0.148999
0.146346
0.141037
0.132368
0.121813
0.111681
0.103601
0.0980423
0.0946876
0.0929386
0.0922301
0.0921373
0.0923744
0.0927589
0.093175
0.0935475
0.0938261
0.0939771
0.0939782
0.0938108
0.0934985
0.0930414
0.092452
0.0917508
0.0909629
0.0901142
0.0892291
0.0883285
0.0874299
0.0865476
0.0856935
0.0848781
0.0841104
0.0833978
0.0827459
0.0821585
0.0816368
0.0811802
0.0807864
0.0804517
0.0801716
0.0799406
0.0797517
0.0795967
0.0794627
0.0793575
0.0792611
0.0791744
0.0790987
0.079036
0.0789878
0.0789551
0.0789372
0.0789314
0.0789312
0.078925
0.0788955
0.0788232
0.0786899
0.0784901
0.0782406
0.0779764
0.0777429
0.0775831
0.0775217
0.0775571
0.0776651
0.0778103
0.0779584
0.0780886
0.0781907
0.078265
0.0783173
0.0783558
0.0783874
0.0784168
0.0784464
0.0784775
0.0785101
0.0785442
0.0785793
0.0786146
0.0786482
0.0786768
0.0786953
0.0786974
0.0786761
0.0786261
0.0785457
0.0784395
0.0783202
0.078214
0.0781647
0.0781767
0.131881
0.15245
0.155034
0.154433
0.151416
0.1478
0.144922
0.141684
0.136149
0.127795
0.117969
0.108676
0.101281
0.0961456
0.092963
0.0912002
0.09036
0.0900707
0.0900837
0.0902419
0.0904481
0.0906413
0.0907823
0.0908443
0.0908091
0.0906609
0.0904142
0.0900664
0.0896232
0.0890968
0.0885025
0.0878576
0.0871792
0.0864828
0.0857824
0.0850899
0.0844156
0.0837682
0.0831552
0.0825826
0.0820552
0.0815763
0.0811478
0.0807705
0.0804438
0.080166
0.0799342
0.0797438
0.0795885
0.0794609
0.0793494
0.0792621
0.0791813
0.0791085
0.079045
0.0789926
0.0789529
0.078927
0.0789148
0.0789138
0.0789174
0.0789137
0.0788852
0.0788126
0.0786781
0.0784771
0.0782272
0.0779638
0.0777324
0.0775754
0.0775167
0.0775545
0.0776643
0.0778105
0.0779591
0.0780893
0.0781912
0.0782652
0.0783171
0.0783554
0.0783868
0.078416
0.0784455
0.0784762
0.0785083
0.0785419
0.0785765
0.0786113
0.0786446
0.0786729
0.0786912
0.0786931
0.0786718
0.078622
0.0785419
0.0784361
0.0783174
0.0782119
0.0781634
0.0781764
0.128305
0.148198
0.151594
0.151363
0.148391
0.144493
0.14106
0.137289
0.131598
0.123603
0.114506
0.106019
0.0992764
0.0945505
0.0915558
0.0898205
0.0889084
0.0884933
0.0883572
0.0883629
0.0884264
0.0884962
0.08854
0.0885363
0.0884697
0.0883271
0.0881173
0.0878369
0.0874879
0.0870775
0.0866155
0.0861134
0.0855831
0.0850361
0.084483
0.0839334
0.0833956
0.0828767
0.0823827
0.0819187
0.0814886
0.0810957
0.0807422
0.0804299
0.0801592
0.0799295
0.0797384
0.0795818
0.0794542
0.0793489
0.0792559
0.0791835
0.0791158
0.0790543
0.0790007
0.0789566
0.0789237
0.0789035
0.078896
0.0788989
0.0789055
0.0789033
0.0788751
0.0788014
0.0786654
0.0784632
0.0782133
0.0779512
0.0777221
0.0775679
0.0775121
0.0775522
0.0776637
0.0778109
0.07796
0.0780902
0.0781918
0.0782654
0.078317
0.0783549
0.0783862
0.0784152
0.0784444
0.0784747
0.0785065
0.0785395
0.0785736
0.078608
0.0786408
0.0786688
0.0786869
0.0786887
0.0786674
0.0786177
0.0785379
0.0784326
0.0783146
0.0782098
0.0781621
0.078176
0.124683
0.144155
0.148362
0.148467
0.145526
0.141358
0.13741
0.133175
0.127392
0.119784
0.111397
0.103671
0.0975362
0.0931965
0.0903913
0.0887064
0.0877599
0.0872651
0.0870294
0.0869314
0.086897
0.0868817
0.0868575
0.0868063
0.0867152
0.086573
0.0863853
0.0861481
0.0858617
0.0855303
0.0851603
0.0847595
0.0843362
0.0838989
0.0834556
0.0830137
0.0825797
0.0821593
0.0817573
0.0813778
0.0810246
0.0807006
0.0804083
0.0801498
0.079926
0.0797364
0.0795791
0.0794503
0.0793452
0.079258
0.0791801
0.0791199
0.0790628
0.0790105
0.0789648
0.0789272
0.0788998
0.0788842
0.0788807
0.0788867
0.0788952
0.0788937
0.0788648
0.0787895
0.0786518
0.0784487
0.0781991
0.0779387
0.0777122
0.077561
0.0775078
0.0775502
0.0776633
0.0778115
0.0779609
0.078091
0.0781923
0.0782655
0.0783167
0.0783544
0.0783854
0.0784142
0.0784432
0.0784732
0.0785045
0.0785371
0.0785707
0.0786045
0.0786369
0.0786645
0.0786824
0.0786841
0.0786629
0.0786134
0.0785339
0.078429
0.0783117
0.0782076
0.0781607
0.0781756
0.121063
0.140361
0.145286
0.14565
0.14273
0.138342
0.133967
0.12936
0.123551
0.116347
0.108637
0.101615
0.0960352
0.0920507
0.0894269
0.087803
0.086845
0.0863003
0.0859977
0.0858286
0.0857267
0.0856521
0.0855801
0.085495
0.0853857
0.0852425
0.0850688
0.0848608
0.0846175
0.0843413
0.0840366
0.0837087
0.0833636
0.0830074
0.0826461
0.0822854
0.0819304
0.0815855
0.0812547
0.0809415
0.0806492
0.0803806
0.0801381
0.0799237
0.0797384
0.0795817
0.0794518
0.0793454
0.0792583
0.0791857
0.0791199
0.0790695
0.0790208
0.0789757
0.0789362
0.0789038
0.0788809
0.0788691
0.0788687
0.0788769
0.0788864
0.0788846
0.0788542
0.078777
0.0786376
0.0784337
0.078185
0.0779266
0.0777029
0.0775545
0.0775041
0.0775486
0.0776632
0.0778122
0.0779619
0.0780918
0.0781927
0.0782655
0.0783163
0.0783537
0.0783845
0.0784131
0.0784418
0.0784715
0.0785025
0.0785346
0.0785677
0.078601
0.0786329
0.0786602
0.0786778
0.0786794
0.0786583
0.078609
0.0785298
0.0784255
0.0783088
0.0782055
0.0781594
0.0781752
0.117497
0.136791
0.142249
0.142761
0.139879
0.135377
0.130716
0.125862
0.120101
0.113308
0.106228
0.0998441
0.0947631
0.0910971
0.0886399
0.0870785
0.0861213
0.0855452
0.0851966
0.0849776
0.0848278
0.0847109
0.0846048
0.0844953
0.0843725
0.084228
0.0840638
0.0838762
0.0836634
0.0834269
0.0831695
0.0828949
0.0826074
0.0823116
0.082012
0.0817128
0.0814181
0.0811314
0.0808561
0.080595
0.0803509
0.0801266
0.0799241
0.0797453
0.0795908
0.0794603
0.0793522
0.0792635
0.0791907
0.0791297
0.0790733
0.0790306
0.0789884
0.078949
0.0789142
0.0788861
0.0788667
0.078858
0.0788597
0.0788691
0.0788786
0.0788757
0.0788433
0.0787638
0.0786228
0.0784186
0.0781711
0.077915
0.0776941
0.0775486
0.0775007
0.0775472
0.0776632
0.077813
0.0779629
0.0780926
0.078193
0.0782653
0.0783157
0.0783527
0.0783833
0.0784117
0.0784402
0.0784697
0.0785003
0.0785321
0.0785647
0.0785975
0.0786289
0.0786557
0.0786731
0.0786746
0.0786535
0.0786045
0.0785258
0.0784219
0.0783059
0.0782033
0.0781581
0.0781748
0.114046
0.133382
0.139127
0.139664
0.136855
0.132386
0.127623
0.122677
0.117045
0.110667
0.104169
0.0983525
0.093709
0.090322
0.0880119
0.0865086
0.0855574
0.0849599
0.084578
0.0843219
0.0841366
0.0839883
0.0838569
0.0837293
0.0835964
0.0834507
0.0832932
0.0831203
0.0829298
0.0827224
0.0825
0.0822651
0.0820209
0.0817707
0.081518
0.081266
0.0810178
0.0807764
0.0805443
0.0803242
0.0801183
0.0799291
0.0797583
0.0796076
0.0794775
0.0793676
0.0792764
0.0792016
0.0791398
0.0790876
0.0790387
0.0790019
0.0789646
0.0789295
0.0788985
0.0788736
0.078857
0.0788503
0.0788534
0.078863
0.0788716
0.0788667
0.0788318
0.0787501
0.0786078
0.0784038
0.0781579
0.0779042
0.0776861
0.0775433
0.0774978
0.0775462
0.0776634
0.0778139
0.0779638
0.0780932
0.0781932
0.0782649
0.0783148
0.0783516
0.0783819
0.0784102
0.0784385
0.0784677
0.078498
0.0785294
0.0785616
0.0785939
0.0786249
0.0786513
0.0786683
0.0786697
0.0786488
0.0785999
0.0785216
0.0784184
0.078303
0.0782013
0.0781568
0.0781745
0.110784
0.130086
0.135865
0.136309
0.133605
0.129313
0.124638
0.11976
0.114345
0.10839
0.102426
0.0971113
0.0928469
0.0896995
0.087516
0.0860636
0.0851193
0.0845059
0.084098
0.0838131
0.0836
0.0834274
0.0832763
0.0831348
0.0829943
0.0828478
0.0826958
0.0825345
0.0823612
0.0821763
0.0819809
0.0817767
0.0815659
0.081351
0.0811347
0.0809194
0.0807076
0.0805016
0.0803036
0.0801157
0.0799399
0.0797783
0.0796325
0.0795038
0.0793927
0.0792987
0.0792207
0.0791565
0.0791032
0.0790579
0.0790145
0.0789821
0.0789486
0.0789167
0.0788885
0.078866
0.0788512
0.0788457
0.0788491
0.0788579
0.0788647
0.0788572
0.0788198
0.078736
0.0785929
0.0783896
0.0781455
0.0778943
0.0776787
0.0775384
0.0774951
0.0775453
0.0776637
0.0778147
0.0779647
0.0780937
0.0781931
0.0782642
0.0783137
0.0783502
0.0783803
0.0784083
0.0784365
0.0784655
0.0784956
0.0785266
0.0785584
0.0785903
0.0786208
0.0786468
0.0786636
0.0786649
0.078644
0.0785954
0.0785176
0.0784149
0.0783002
0.0781992
0.0781556
0.0781742
0.107805
0.126905
0.132528
0.132774
0.130168
0.126142
0.121703
0.117037
0.111923
0.106404
0.100935
0.0960655
0.0921308
0.0891891
0.0871134
0.0857047
0.084767
0.0841415
0.0837132
0.0834056
0.0831707
0.0829791
0.082813
0.0826611
0.0825153
0.082369
0.0822225
0.0820714
0.081913
0.081747
0.0815739
0.0813947
0.0812111
0.0810247
0.0808375
0.0806515
0.0804686
0.0802906
0.0801195
0.0799571
0.0798051
0.0796652
0.0795389
0.0794273
0.079331
0.0792495
0.0791817
0.0791257
0.0790789
0.0790386
0.0789993
0.0789702
0.0789394
0.0789098
0.0788835
0.0788625
0.0788486
0.0788432
0.0788458
0.078853
0.0788573
0.0788471
0.0788072
0.0787219
0.0785785
0.0783763
0.0781341
0.0778852
0.077672
0.077534
0.0774926
0.0775444
0.077664
0.0778155
0.0779653
0.0780939
0.0781927
0.0782633
0.0783123
0.0783485
0.0783784
0.0784063
0.0784343
0.0784631
0.078493
0.0785237
0.0785552
0.0785867
0.0786168
0.0786424
0.0786589
0.0786601
0.0786392
0.0785909
0.0785135
0.0784114
0.0782974
0.0781972
0.0781545
0.0781739
0.105195
0.12388
0.129268
0.129246
0.126675
0.122919
0.118793
0.114441
0.109699
0.104628
0.0996239
0.0951536
0.0915075
0.0887441
0.0867624
0.0853929
0.0844633
0.0838298
0.0833865
0.0830619
0.0828108
0.0826053
0.0824286
0.0822699
0.0821216
0.0819774
0.0818371
0.0816962
0.0815515
0.0814025
0.081249
0.0810916
0.0809311
0.0807688
0.0806058
0.0804439
0.0802845
0.0801293
0.0799797
0.0798375
0.0797042
0.0795815
0.0794707
0.0793727
0.079288
0.0792162
0.0791563
0.0791065
0.0790646
0.079028
0.0789917
0.0789649
0.0789359
0.0789077
0.0788825
0.078862
0.078848
0.0788417
0.0788427
0.0788474
0.078849
0.0788361
0.0787943
0.0787082
0.0785651
0.0783642
0.0781239
0.0778769
0.0776657
0.0775297
0.0774902
0.0775435
0.0776641
0.077816
0.0779657
0.0780938
0.078192
0.078262
0.0783106
0.0783465
0.0783762
0.0784039
0.0784318
0.0784605
0.0784901
0.0785207
0.0785519
0.0785831
0.0786128
0.0786381
0.0786543
0.0786554
0.0786346
0.0785865
0.0785095
0.078408
0.0782947
0.0781953
0.0781533
0.0781735
0.102995
0.121033
0.126223
0.125925
0.123311
0.119761
0.115952
0.11196
0.10763
0.103012
0.0984452
0.0943344
0.0909423
0.0883352
0.0864367
0.085104
0.0841846
0.083548
0.0830958
0.0827604
0.0824989
0.0822847
0.0821018
0.0819398
0.0817913
0.0816508
0.0815174
0.0813865
0.0812549
0.0811214
0.0809856
0.0808475
0.0807073
0.0805656
0.0804235
0.0802819
0.0801421
0.0800056
0.0798737
0.079748
0.0796299
0.079521
0.0794225
0.0793353
0.0792599
0.0791957
0.079142
0.0790969
0.0790585
0.0790245
0.0789902
0.0789648
0.0789368
0.0789093
0.0788842
0.0788632
0.0788481
0.07884
0.0788385
0.0788405
0.0788393
0.0788244
0.0787814
0.0786953
0.078553
0.0783535
0.0781147
0.0778692
0.0776597
0.0775254
0.0774877
0.0775425
0.077664
0.0778163
0.0779658
0.0780933
0.0781909
0.0782604
0.0783086
0.0783442
0.0783738
0.0784014
0.0784291
0.0784576
0.0784871
0.0785175
0.0785485
0.0785795
0.0786089
0.0786339
0.0786499
0.0786508
0.0786301
0.0785823
0.0785056
0.0784046
0.0782919
0.0781933
0.0781521
0.0781731
0.101149
0.118293
0.123405
0.122924
0.120238
0.116829
0.113301
0.109668
0.105749
0.101563
0.0973955
0.0936037
0.0904334
0.0879619
0.0861364
0.0848375
0.0839299
0.083294
0.0828374
0.0824962
0.082229
0.0820103
0.0818248
0.0816623
0.0815158
0.08138
0.0812538
0.0811324
0.0810125
0.0808927
0.0807723
0.0806507
0.0805278
0.0804038
0.0802792
0.0801547
0.0800315
0.0799107
0.0797935
0.0796815
0.079576
0.0794785
0.0793902
0.0793118
0.0792438
0.0791857
0.0791365
0.0790949
0.0790589
0.0790267
0.0789935
0.0789688
0.078941
0.0789132
0.0788872
0.0788648
0.0788476
0.078837
0.0788326
0.0788318
0.0788285
0.0788123
0.0787691
0.0786836
0.0785424
0.0783441
0.0781065
0.0778621
0.0776538
0.0775211
0.077485
0.0775412
0.0776636
0.0778162
0.0779656
0.0780926
0.0781896
0.0782585
0.0783064
0.0783417
0.0783712
0.0783986
0.0784262
0.0784546
0.0784839
0.0785141
0.078545
0.0785758
0.0786051
0.0786299
0.0786457
0.0786466
0.0786258
0.0785782
0.0785018
0.0784013
0.0782892
0.0781913
0.0781508
0.0781726
0.0995135
0.115483
0.120663
0.120203
0.117537
0.114269
0.110991
0.10768
0.104128
0.100322
0.0964983
0.0929785
0.0899954
0.0876381
0.0858748
0.0846056
0.0837095
0.0830758
0.0826175
0.0822732
0.0820032
0.0817828
0.0815968
0.0814355
0.0812922
0.0811615
0.0810421
0.0809291
0.0808191
0.0807106
0.0806026
0.0804944
0.0803854
0.0802756
0.0801652
0.0800548
0.0799453
0.0798375
0.0797328
0.0796324
0.0795376
0.0794499
0.0793702
0.0792992
0.0792372
0.0791838
0.0791382
0.079099
0.0790646
0.0790333
0.0790004
0.0789755
0.078947
0.0789181
0.0788904
0.0788657
0.0788458
0.0788321
0.0788248
0.0788217
0.0788169
0.0788004
0.0787579
0.0786736
0.0785334
0.078336
0.078099
0.0778552
0.0776479
0.0775166
0.077482
0.0775397
0.077663
0.0778159
0.0779651
0.0780915
0.0781879
0.0782564
0.0783039
0.0783391
0.0783684
0.0783958
0.0784232
0.0784514
0.0784806
0.0785107
0.0785414
0.0785722
0.0786014
0.0786261
0.0786418
0.0786425
0.0786218
0.0785743
0.0784982
0.0783981
0.0782865
0.0781892
0.0781494
0.0781719
0.0979079
0.112422
0.117784
0.117622
0.115179
0.112133
0.109102
0.106063
0.10281
0.0993108
0.0957664
0.0924665
0.0896359
0.0873723
0.0856602
0.0844154
0.0835288
0.0828972
0.0824377
0.0820915
0.0818197
0.0815987
0.0814132
0.0812537
0.0811137
0.0809879
0.0808745
0.0807686
0.0806667
0.0805673
0.0804691
0.0803712
0.080273
0.0801742
0.0800751
0.079976
0.0798775
0.0797807
0.0796864
0.079596
0.0795106
0.0794313
0.0793591
0.0792944
0.0792375
0.0791881
0.0791452
0.0791077
0.0790742
0.0790429
0.0790095
0.0789838
0.0789539
0.078923
0.078893
0.0788654
0.0788423
0.0788255
0.0788156
0.0788108
0.0788055
0.0787895
0.0787483
0.0786652
0.078526
0.078329
0.0780921
0.0778486
0.077642
0.0775119
0.0774789
0.0775379
0.0776621
0.0778153
0.0779643
0.0780901
0.078186
0.078254
0.0783013
0.0783363
0.0783656
0.0783929
0.0784202
0.0784482
0.0784772
0.0785071
0.0785378
0.0785686
0.0785978
0.0786225
0.0786382
0.0786388
0.078618
0.0785706
0.0784948
0.0783949
0.0782838
0.078187
0.0781478
0.078171
0.0961939
0.10906
0.114655
0.115048
0.113053
0.110336
0.107562
0.104752
0.101735
0.0984791
0.0951598
0.0920408
0.0893369
0.0871517
0.0854826
0.0842583
0.0833798
0.0827499
0.0822896
0.0819418
0.0816689
0.0814475
0.0812628
0.0811054
0.0809686
0.0808472
0.080739
0.0806392
0.0805441
0.0804521
0.0803618
0.0802722
0.0801827
0.0800929
0.0800028
0.0799129
0.0798238
0.0797361
0.0796508
0.0795691
0.0794918
0.0794199
0.0793542
0.079295
0.0792425
0.0791962
0.0791554
0.079119
0.0790856
0.0790539
0.0790194
0.0789921
0.0789603
0.078927
0.0788942
0.0788636
0.0788375
0.078818
0.0788061
0.0788003
0.0787951
0.0787802
0.0787404
0.0786585
0.0785199
0.0783229
0.0780858
0.0778422
0.0776361
0.0775072
0.0774756
0.0775359
0.077661
0.0778144
0.0779631
0.0780885
0.0781839
0.0782516
0.0782986
0.0783336
0.0783627
0.0783899
0.0784171
0.0784449
0.0784737
0.0785035
0.0785342
0.078565
0.0785944
0.0786192
0.0786348
0.0786354
0.0786146
0.0785672
0.0784915
0.078392
0.0782812
0.0781847
0.0781459
0.0781698
0.0942999
0.105525
0.11135
0.112439
0.111025
0.108698
0.10618
0.103575
0.100765
0.0977253
0.0946088
0.0916536
0.0890646
0.0869504
0.0853204
0.0841154
0.0832448
0.0826174
0.0821572
0.0818088
0.0815357
0.0813146
0.081131
0.0809757
0.080842
0.0807247
0.0806215
0.0805273
0.0804385
0.0803533
0.0802702
0.0801883
0.0801066
0.0800248
0.0799429
0.0798612
0.0797802
0.0797005
0.0796231
0.0795489
0.0794786
0.0794131
0.0793529
0.0792982
0.0792492
0.0792053
0.0791659
0.07913
0.0790964
0.0790637
0.0790277
0.0789987
0.0789647
0.0789291
0.0788937
0.0788604
0.0788318
0.0788102
0.0787969
0.0787906
0.078786
0.0787723
0.078734
0.0786532
0.0785148
0.0783175
0.0780797
0.0778358
0.0776302
0.0775023
0.0774721
0.0775337
0.0776595
0.0778132
0.0779617
0.0780866
0.0781816
0.078249
0.0782959
0.0783308
0.0783599
0.0783871
0.078414
0.0784417
0.0784702
0.0784999
0.0785306
0.0785616
0.0785911
0.0786161
0.0786318
0.0786323
0.0786114
0.078564
0.0784885
0.0783891
0.0782786
0.0781823
0.0781439
0.0781683
0.0921585
0.101963
0.107948
0.109697
0.108852
0.106903
0.104645
0.102273
0.0997156
0.0969384
0.0940591
0.0912877
0.088822
0.0867801
0.085187
0.0839975
0.0831315
0.0825038
0.0820416
0.0816912
0.0814167
0.0811951
0.0810119
0.080858
0.0807268
0.080613
0.0805139
0.0804248
0.0803419
0.0802631
0.0801871
0.0801125
0.0800384
0.0799643
0.0798901
0.0798159
0.0797423
0.0796698
0.0795992
0.0795314
0.079467
0.0794067
0.079351
0.0793
0.0792537
0.0792117
0.0791732
0.0791374
0.0791032
0.0790696
0.0790323
0.0790017
0.0789661
0.0789286
0.0788913
0.0788561
0.0788257
0.0788026
0.0787883
0.0787819
0.078778
0.0787655
0.0787284
0.0786484
0.07851
0.0783121
0.0780736
0.0778294
0.0776242
0.0774973
0.0774684
0.0775311
0.0776577
0.0778116
0.07796
0.0780845
0.0781792
0.0782464
0.0782932
0.0783281
0.0783572
0.0783843
0.0784112
0.0784386
0.0784669
0.0784965
0.0785272
0.0785583
0.0785881
0.0786132
0.078629
0.0786295
0.0786086
0.0785612
0.0784857
0.0783865
0.0782761
0.07818
0.0781418
0.0781667
0.0898663
0.0986378
0.104734
0.107041
0.106717
0.105139
0.103147
0.101011
0.0986998
0.0961751
0.0935237
0.0909307
0.0885874
0.0866202
0.0850677
0.0838977
0.0830393
0.0824132
0.08195
0.0815979
0.0813218
0.0810989
0.0809151
0.0807615
0.0806313
0.0805193
0.080423
0.0803375
0.0802589
0.0801852
0.0801149
0.0800464
0.0799787
0.079911
0.0798432
0.0797754
0.0797078
0.0796411
0.0795759
0.0795132
0.0794534
0.0793972
0.079345
0.0792968
0.0792525
0.0792118
0.079174
0.0791383
0.0791038
0.0790695
0.0790314
0.0789999
0.0789633
0.0789248
0.0788863
0.0788499
0.0788183
0.0787942
0.0787793
0.0787729
0.0787695
0.078758
0.078722
0.0786425
0.0785042
0.0783059
0.0780668
0.0778224
0.0776177
0.0774919
0.0774643
0.0775281
0.0776554
0.0778095
0.0779578
0.0780822
0.0781767
0.0782437
0.0782905
0.0783255
0.0783547
0.0783818
0.0784085
0.0784358
0.078464
0.0784934
0.0785242
0.0785555
0.0785855
0.0786109
0.0786268
0.0786274
0.0786065
0.0785591
0.0784838
0.0783847
0.0782744
0.0781785
0.0781405
0.0781657
0.0869405
0.0947372
0.100325
0.102559
0.102515
0.101532
0.100343
0.0990649
0.0975287
0.0956056
0.0933511
0.0909704
0.0887052
0.0867375
0.0851503
0.0839384
0.0830436
0.0823901
0.0819081
0.0815436
0.0812594
0.0810313
0.0808442
0.0806885
0.0805573
0.0804451
0.0803493
0.0802652
0.0801888
0.080118
0.0800511
0.0799865
0.079923
0.0798599
0.0797967
0.0797335
0.0796705
0.0796083
0.0795475
0.0794889
0.079433
0.0793804
0.0793313
0.0792858
0.0792437
0.0792047
0.0791681
0.0791334
0.0790996
0.0790658
0.0790281
0.078997
0.0789608
0.0789226
0.0788844
0.0788481
0.0788165
0.0787924
0.0787778
0.0787719
0.0787695
0.0787594
0.078725
0.0786469
0.0785098
0.0783125
0.0780748
0.077832
0.0776293
0.0775057
0.07748
0.0775451
0.0776731
0.0778276
0.0779759
0.0781003
0.078195
0.0782624
0.0783097
0.0783451
0.0783749
0.0784024
0.0784296
0.0784571
0.0784855
0.0785154
0.0785468
0.078579
0.07861
0.0786364
0.0786534
0.0786551
0.0786353
0.0785893
0.0785154
0.0784179
0.0783092
0.0782145
0.0781775
0.0782034
0.0861428
0.0933151
0.0977295
0.0986854
0.0978777
0.0967823
0.0959121
0.0951646
0.0942681
0.0930395
0.0914691
0.0896907
0.0878989
0.0862666
0.0848973
0.0838186
0.083004
0.0824011
0.0819542
0.0816173
0.0813567
0.0811501
0.0809828
0.0808457
0.0807319
0.0806359
0.0805561
0.0804878
0.0804271
0.0803723
0.0803218
0.0802744
0.0802289
0.0801846
0.0801407
0.0800976
0.0800552
0.0800136
0.0799733
0.0799349
0.0798989
0.0798657
0.0798354
0.079808
0.0797835
0.0797615
0.0797415
0.0797231
0.0797055
0.0796876
0.0796652
0.0796502
0.0796302
0.0796083
0.0795864
0.0795665
0.079551
0.0795426
0.0795431
0.0795519
0.0795642
0.0795693
0.0795515
0.0794927
0.0793783
0.0792077
0.0789992
0.0787867
0.0786123
0.0785124
0.0785045
0.0785816
0.0787175
0.0788779
0.0790329
0.0791649
0.0792702
0.0793497
0.0794102
0.0794593
0.0795027
0.0795435
0.0795833
0.0796231
0.0796644
0.0797081
0.0797545
0.079804
0.0798537
0.0799002
0.0799385
0.0799629
0.0799674
0.0799477
0.0799021
0.0798343
0.0797547
0.0796855
0.0796655
0.0796991
0.0815959
0.0846258
0.0872487
0.0893316
0.0910976
0.0927284
0.0942705
0.0956838
0.0969052
0.097889
0.0986235
0.0991323
0.0994633
0.0996741
0.099818
0.0999351
0.100051
0.100178
0.100322
0.100482
0.100659
0.100862
0.101092
0.101342
0.101605
0.101862
0.102144
0.102428
0.102713
0.102998
0.103281
0.103563
0.103842
0.104118
0.10439
0.104659
0.104923
0.105183
0.105438
0.105688
0.105932
0.10617
0.106402
0.106628
0.106847
0.10706
0.107266
0.107466
0.107658
0.107842
0.107999
0.108167
0.108327
0.108478
0.10862
0.108755
0.108884
0.10901
0.109134
0.109259
0.109391
0.109536
0.109706
0.109923
0.110216
0.110597
0.111007
0.111432
0.111871
0.11232
0.112779
0.113245
0.113715
0.114187
0.114655
0.11511
0.115579
0.116052
0.116528
0.11701
0.117496
0.117987
0.118481
0.11898
0.119482
0.119985
0.120489
0.120992
0.121495
0.121997
0.122497
0.122994
0.123485
0.123969
0.124442
0.124899
0.125338
0.125752
0.12613
0.126401
)
;

boundaryField
{
    AXIS
    {
        type            empty;
    }
    OUTLET
    {
        type            zeroGradient;
    }
    COFLOW
    {
        type            fixedValue;
        value           uniform 0.08;
    }
    PILOT
    {
        type            fixedValue;
        value           uniform 0.41;
    }
    FUEL
    {
        type            fixedValue;
        value           uniform 2.16;
    }
    WALL
    {
        type            kqRWallFunction;
        value           nonuniform List<scalar> 
100
(
0.0815959
0.0846258
0.0872487
0.0893316
0.0910976
0.0927284
0.0942705
0.0956838
0.0969052
0.097889
0.0986235
0.0991323
0.0994633
0.0996741
0.099818
0.0999351
0.100051
0.100178
0.100322
0.100482
0.100659
0.100862
0.101092
0.101342
0.101605
0.101862
0.102144
0.102428
0.102713
0.102998
0.103281
0.103563
0.103842
0.104118
0.10439
0.104659
0.104923
0.105183
0.105438
0.105688
0.105932
0.10617
0.106402
0.106628
0.106847
0.10706
0.107266
0.107466
0.107658
0.107842
0.107999
0.108167
0.108327
0.108478
0.10862
0.108755
0.108884
0.10901
0.109134
0.109259
0.109391
0.109536
0.109706
0.109923
0.110216
0.110597
0.111007
0.111432
0.111871
0.11232
0.112779
0.113245
0.113715
0.114187
0.114655
0.11511
0.115579
0.116052
0.116528
0.11701
0.117496
0.117987
0.118481
0.11898
0.119482
0.119985
0.120489
0.120992
0.121495
0.121997
0.122497
0.122994
0.123485
0.123969
0.124442
0.124899
0.125338
0.125752
0.12613
0.126401
)
;
    }
    front
    {
        type            wedge;
    }
    back
    {
        type            wedge;
    }
}


// ************************************************************************* //
