/*--------------------------------*- C++ -*----------------------------------*\
  =========                 |
  \\      /  F ield         | OpenFOAM: The Open Source CFD Toolbox
   \\    /   O peration     | Website:  https://openfoam.org
    \\  /    A nd           | Version:  6
     \\/     M anipulation  |
\*---------------------------------------------------------------------------*/
FoamFile
{
    version     2.0;
    format      ascii;
    class       volScalarField;
    location    "0.005";
    object      nut;
}
// * * * * * * * * * * * * * * * * * * * * * * * * * * * * * * * * * * * * * //

dimensions      [0 2 -1 0 0 0 0];

internalField   nonuniform List<scalar> 
8000
(
0.000594201
0.000593825
0.000594686
0.000595692
0.000596349
0.000597492
0.000600723
0.000605746
0.000612934
0.000624756
0.00062973
0.000639267
0.000658967
0.000671522
0.000682347
0.00068926
0.000714398
0.000761371
0.000768815
0.00073193
0.000679733
0.000631389
0.000720206
0.000499763
0.000380039
0.000293802
0.000284768
0.000328189
0.000402873
0.000498307
0.000612642
0.000752931
0.000930853
0.0011737
0.00149069
0.00184893
0.00223577
0.00265182
0.00307624
0.00347692
0.00379409
0.00398557
0.0038231
0.00327914
0.0024597
0.00109282
0.000430451
0.000231249
0.000109952
3.37119e-05
1.86861e-05
7.16e-05
0.000360204
0.000612521
0.000628835
0.000620136
0.000612979
0.000607402
0.000603307
0.000600235
0.000598002
0.000596365
0.00059511
0.00059404
0.000593018
0.000591981
0.00059096
0.000590088
0.000589482
0.00058926
0.000589471
0.000590071
0.000590946
0.00059196
0.000592963
0.000593863
0.000594624
0.000595213
0.000595657
0.000595981
0.000596216
0.000596421
0.000596576
0.000596728
0.000596868
0.000597022
0.000597206
0.000597422
0.00059764
0.000597854
0.000598071
0.000598271
0.000598442
0.000598546
0.000598562
0.000598471
0.000598296
0.000598091
0.00059795
0.000597425
0.000593123
0.000594122
0.000595482
0.000596917
0.000598173
0.000599959
0.000603887
0.000610223
0.000619622
0.000636304
0.000644185
0.000657195
0.000678747
0.000695627
0.00070203
0.000703035
0.000725971
0.000769985
0.000784804
0.000744678
0.000701073
0.000668043
0.000624678
0.000489637
0.000393088
0.000305368
0.000287673
0.00032821
0.000403046
0.0004986
0.000614636
0.000760346
0.000947808
0.00120639
0.00154743
0.00192643
0.00232431
0.00275339
0.0031854
0.00359754
0.00391555
0.00409447
0.00392227
0.00336167
0.00251932
0.00113328
0.000425631
0.000229895
0.000105557
3.04147e-05
1.62599e-05
6.07464e-05
0.000345004
0.000609921
0.000626952
0.000618653
0.000611881
0.000606612
0.00060276
0.000599887
0.000597813
0.000596297
0.000595129
0.000594116
0.000593124
0.000592094
0.000591057
0.000590146
0.000589478
0.000589178
0.000589303
0.000589819
0.000590618
0.000591569
0.000592523
0.000593388
0.00059413
0.000594714
0.000595164
0.000595503
0.000595759
0.000595984
0.000596162
0.000596335
0.000596495
0.000596668
0.00059687
0.000597101
0.000597337
0.000597571
0.00059781
0.000598031
0.000598221
0.000598342
0.000598371
0.000598291
0.000598125
0.000597929
0.000597797
0.000597294
0.000593452
0.000594892
0.000596899
0.000599437
0.000602489
0.000606228
0.000612276
0.000621378
0.000636326
0.000666137
0.000677154
0.00069605
0.000756144
0.000748691
0.000716769
0.000721281
0.000752249
0.000826073
0.000849844
0.000790447
0.00076568
0.00070666
0.000685167
0.000552633
0.000441198
0.000339839
0.000284003
0.000327567
0.000404989
0.000502846
0.000620837
0.000779564
0.000988878
0.00128218
0.00167161
0.00210129
0.0025169
0.00296478
0.00342057
0.00384957
0.00415361
0.00432618
0.00413062
0.00353327
0.00264383
0.00121208
0.000397869
0.000199136
7.87497e-05
2.51391e-05
1.71488e-05
7.98805e-05
0.000397654
0.000616263
0.000623605
0.000615626
0.000609619
0.000604976
0.00060161
0.000599137
0.000597383
0.000596118
0.00059513
0.000594233
0.000593301
0.000592276
0.000591192
0.000590183
0.000589373
0.0005889
0.000588835
0.000589169
0.000589805
0.000590619
0.000591469
0.000592261
0.000592962
0.00059354
0.000594006
0.000594383
0.000594695
0.000594976
0.000595221
0.000595457
0.00059568
0.00059591
0.000596159
0.00059643
0.000596704
0.000596973
0.00059724
0.000597484
0.000597686
0.000597812
0.000597839
0.000597752
0.000597577
0.000597377
0.000597255
0.000596842
0.00059447
0.000597792
0.000600964
0.000605831
0.000611487
0.00061939
0.000629763
0.000642024
0.000663775
0.000695149
0.000719843
0.000730597
0.000874074
0.000752485
0.00074315
0.00074629
0.000786324
0.000937501
0.000894703
0.000878896
0.000907744
0.000769598
0.000731851
0.000586996
0.000475693
0.000380268
0.000334043
0.000348353
0.00040659
0.000510938
0.00062936
0.000817279
0.00106178
0.00140675
0.00185747
0.00237017
0.00279917
0.00327585
0.00374573
0.00420052
0.00448924
0.00463935
0.00441475
0.00376517
0.00281323
0.00129188
0.00039863
0.000145993
4.91936e-05
1.88969e-05
2.82708e-05
0.000155618
0.000501429
0.000627009
0.000621858
0.000613868
0.000608367
0.000604094
0.000600997
0.000598745
0.000597171
0.000596046
0.000595152
0.000594304
0.000593377
0.000592316
0.000591162
0.00059005
0.000589112
0.000588494
0.000588278
0.000588464
0.000588962
0.000589651
0.000590388
0.000591082
0.000591702
0.000592218
0.000592637
0.000592984
0.000593282
0.000593555
0.000593809
0.000594063
0.000594316
0.000594583
0.000594871
0.000595183
0.000595504
0.000595825
0.000596143
0.000596433
0.000596675
0.000596833
0.000596884
0.000596818
0.000596658
0.000596475
0.000596386
0.000596113
0.000596932
0.000603358
0.000609819
0.000619594
0.000629574
0.000644584
0.000660238
0.000672638
0.000688609
0.000713765
0.000705985
0.000736097
0.000761217
0.000768147
0.000755448
0.000764945
0.000843726
0.000959253
0.00106893
0.00105046
0.00101513
0.000854233
0.000767924
0.000604898
0.000506505
0.000418638
0.000370262
0.00034565
0.000407938
0.000507713
0.000657089
0.000889722
0.00118494
0.00158524
0.00209632
0.00267914
0.00314119
0.00366231
0.00415587
0.00462346
0.00489472
0.00501925
0.00475149
0.00403256
0.00301381
0.00139213
0.000401686
0.00011273
3.38343e-05
2.07631e-05
6.30904e-05
0.000287918
0.000583352
0.0006341
0.000621255
0.00061311
0.000607787
0.000603632
0.000600624
0.000598452
0.000596941
0.000595857
0.000594981
0.000594129
0.000593184
0.000592089
0.000590894
0.00058973
0.000588728
0.000588037
0.000587744
0.000587851
0.000588273
0.000588887
0.00058955
0.000590171
0.000590718
0.000591163
0.000591516
0.000591801
0.000592043
0.000592266
0.000592482
0.000592709
0.000592949
0.000593213
0.000593504
0.000593824
0.000594164
0.000594513
0.000594858
0.000595177
0.000595442
0.000595619
0.000595681
0.000595623
0.000595468
0.000595293
0.000595232
0.000595098
0.000603207
0.000617958
0.00063114
0.000646835
0.000666077
0.000681995
0.000697715
0.000709787
0.000720429
0.000736475
0.000746347
0.000757365
0.000776703
0.000770033
0.000758542
0.000787152
0.000931549
0.00107686
0.00142312
0.00128463
0.00124044
0.000879529
0.000763474
0.000625451
0.000523463
0.000439739
0.000393096
0.000368154
0.000441779
0.000525455
0.000701875
0.000969402
0.00136819
0.00181159
0.00240504
0.00303553
0.00356427
0.00411271
0.0046219
0.00510019
0.005356
0.00544935
0.00507546
0.00430853
0.0032311
0.00151334
0.000423823
0.00010329
3.1897e-05
3.47591e-05
0.000142119
0.000429423
0.000627416
0.000637423
0.000620845
0.000612549
0.000607249
0.000603105
0.000600118
0.000597975
0.000596481
0.0005954
0.000594515
0.00059365
0.000592691
0.000591586
0.000590383
0.000589208
0.000588188
0.000587471
0.00058715
0.000587226
0.00058762
0.000588205
0.000588838
0.000589428
0.000589939
0.000590345
0.000590657
0.000590902
0.000591104
0.00059129
0.000591474
0.000591674
0.000591893
0.000592139
0.000592414
0.000592718
0.000593046
0.000593385
0.00059372
0.000594025
0.000594271
0.000594423
0.000594457
0.000594367
0.000594184
0.000593988
0.000593932
0.000593905
0.000616195
0.000645207
0.000667501
0.000689879
0.00071012
0.000725196
0.000732737
0.000741254
0.00074203
0.000747276
0.000742519
0.000750253
0.00075089
0.000758464
0.000763559
0.000823467
0.00093182
0.00140835
0.00180477
0.00150516
0.00118971
0.000890999
0.000715606
0.000627069
0.000509965
0.000439482
0.000396707
0.00038748
0.000436192
0.000556028
0.000763584
0.0010924
0.0015445
0.00210138
0.00278509
0.00345912
0.00403703
0.0046148
0.00513726
0.00560089
0.00586742
0.00589554
0.00545597
0.00458893
0.00348199
0.00164144
0.000468237
0.000111925
3.72642e-05
6.10081e-05
0.000246359
0.00051851
0.000646615
0.000638596
0.000620288
0.000611867
0.000606547
0.000602388
0.000599412
0.000597288
0.000595803
0.000594719
0.000593824
0.000592951
0.000591993
0.000590896
0.000589707
0.000588541
0.000587525
0.000586805
0.000586476
0.000586545
0.000586933
0.000587516
0.000588148
0.000588734
0.000589239
0.000589636
0.000589937
0.000590169
0.000590359
0.000590533
0.000590707
0.000590896
0.000591104
0.000591337
0.000591595
0.000591879
0.000592183
0.000592495
0.000592798
0.000593066
0.000593267
0.000593369
0.000593348
0.000593203
0.000592968
0.000592731
0.000592661
0.000592698
0.000637861
0.000681736
0.00070665
0.00072542
0.000740607
0.000746262
0.000752216
0.000766282
0.000751065
0.00074957
0.00076049
0.000755707
0.000739875
0.00074606
0.000757549
0.000798023
0.000923387
0.00124531
0.00216376
0.00159486
0.00123216
0.000957441
0.000693016
0.000622939
0.000531442
0.000444376
0.000402331
0.000399287
0.00046111
0.000616334
0.000858848
0.00127969
0.00180109
0.00243948
0.00321133
0.00395147
0.00455237
0.00516391
0.00567544
0.00614345
0.00642166
0.00634817
0.00582827
0.00486933
0.00364336
0.00175536
0.000524857
0.000134503
4.46774e-05
8.63559e-05
0.000339009
0.000553945
0.00065479
0.000638994
0.000619666
0.000611101
0.000605753
0.00060158
0.000598618
0.000596514
0.000595038
0.000593954
0.000593055
0.000592183
0.000591237
0.000590158
0.00058899
0.00058784
0.000586834
0.000586116
0.000585785
0.000585853
0.000586243
0.00058683
0.000587469
0.000588063
0.000588574
0.000588975
0.00058928
0.000589515
0.000589708
0.000589886
0.000590062
0.000590252
0.000590458
0.000590684
0.000590931
0.000591198
0.00059148
0.000591764
0.000592033
0.000592259
0.000592412
0.00059246
0.000592379
0.000592174
0.000591882
0.000591597
0.000591501
0.000591567
0.000664252
0.000709357
0.000725559
0.000733587
0.000738868
0.000735383
0.000743224
0.000754805
0.000736654
0.00073684
0.000723517
0.000712173
0.000722818
0.000697041
0.000696336
0.000741654
0.000853432
0.00131211
0.0018628
0.00156897
0.00111146
0.000792953
0.000706706
0.000625898
0.00051364
0.000441323
0.000408208
0.000415347
0.000490988
0.000704502
0.000976298
0.00150479
0.00211915
0.00282457
0.00367157
0.00448378
0.00510493
0.00577257
0.00624538
0.0067043
0.00693856
0.00678527
0.00620072
0.00514673
0.00397985
0.0018315
0.000534767
0.000132311
4.87645e-05
0.000105198
0.000377209
0.000582504
0.000660644
0.000639571
0.000619202
0.00061039
0.000604997
0.000600815
0.000597869
0.000595785
0.00059432
0.000593241
0.000592343
0.000591478
0.000590546
0.000589487
0.00058834
0.000587205
0.000586206
0.00058549
0.000585155
0.000585219
0.00058561
0.000586199
0.000586843
0.000587444
0.00058796
0.000588366
0.000588676
0.000588917
0.000589117
0.000589301
0.000589484
0.000589677
0.000589884
0.000590107
0.000590346
0.0005906
0.000590863
0.000591124
0.000591362
0.000591552
0.000591661
0.000591658
0.000591523
0.000591262
0.000590916
0.000590585
0.000590458
0.000590528
0.000661983
0.000690692
0.000689964
0.000682974
0.000683886
0.000675543
0.000685849
0.000689755
0.000708805
0.000681191
0.000681423
0.000703009
0.000678649
0.000645585
0.000632025
0.000699414
0.000754988
0.00110312
0.00209208
0.00155601
0.0010428
0.000848559
0.000667263
0.000585369
0.000498363
0.00043957
0.000420458
0.000441553
0.000546518
0.000830712
0.0011648
0.00173873
0.00254
0.00324902
0.00415005
0.00500872
0.00567286
0.00645783
0.0068414
0.00726526
0.00744378
0.00726616
0.00660035
0.00542071
0.00400058
0.001875
0.000616772
0.000144181
4.83544e-05
0.000108253
0.000518406
0.000581038
0.000664894
0.000641033
0.000619189
0.000609873
0.000604368
0.000600172
0.000597241
0.000595177
0.000593724
0.000592652
0.00059176
0.000590905
0.000589987
0.000588945
0.000587814
0.000586689
0.000585694
0.000584975
0.000584633
0.00058469
0.000585075
0.000585662
0.000586305
0.000586905
0.000587422
0.000587829
0.000588141
0.000588385
0.000588589
0.000588777
0.000588962
0.000589158
0.000589364
0.000589583
0.000589815
0.000590057
0.000590304
0.000590544
0.000590756
0.000590914
0.000590985
0.000590939
0.000590757
0.000590446
0.000590052
0.000589678
0.00058952
0.000589581
0.00057783
0.000550317
0.000542907
0.000540909
0.000553797
0.000559006
0.000586343
0.000589454
0.000599324
0.000598339
0.000622052
0.000594995
0.000597952
0.000576952
0.000570705
0.000595402
0.000660656
0.000838256
0.00161177
0.00130089
0.000916294
0.000740968
0.000643607
0.000548966
0.000475413
0.000442593
0.00044098
0.000483029
0.000629147
0.000942629
0.0013812
0.00202501
0.00285427
0.0037167
0.00463368
0.00552043
0.00620651
0.00712884
0.0074398
0.0078349
0.00796349
0.00775776
0.00704209
0.00568412
0.00413277
0.00183549
0.000738245
0.000185353
4.5688e-05
9.00616e-05
0.000357055
0.000613948
0.00067149
0.000644165
0.000619922
0.000609658
0.000603896
0.000599669
0.000596751
0.000594706
0.000593265
0.000592202
0.000591319
0.000590474
0.000589569
0.00058854
0.00058742
0.0005863
0.000585304
0.000584579
0.000584228
0.000584275
0.000584651
0.000585229
0.000585865
0.00058646
0.000586972
0.000587375
0.000587684
0.000587927
0.00058813
0.000588318
0.000588503
0.000588696
0.000588899
0.000589113
0.000589337
0.000589569
0.000589802
0.000590024
0.000590213
0.000590344
0.000590382
0.000590299
0.000590077
0.000589724
0.000589289
0.000588878
0.000588689
0.000588736
0.000378162
0.000348775
0.000362282
0.00038343
0.000425006
0.000434856
0.000455266
0.000477869
0.000478315
0.00049235
0.000495104
0.000495169
0.000498157
0.00047868
0.000487027
0.000512186
0.00059265
0.000731452
0.0012277
0.00121717
0.000812185
0.000690563
0.000622488
0.000548226
0.000483038
0.000458658
0.000480211
0.000586712
0.000728904
0.00111056
0.00162894
0.00237473
0.00327751
0.00419612
0.00512176
0.00606293
0.00673301
0.00768361
0.0080436
0.00843377
0.0084915
0.00814963
0.00746589
0.00593664
0.00423486
0.00180103
0.000788322
0.00024071
4.58153e-05
0.000101003
0.000436529
0.000621993
0.000677711
0.000648994
0.000621555
0.00060987
0.000603585
0.000599289
0.00059638
0.000594352
0.000592924
0.000591872
0.000590998
0.000590163
0.00058927
0.000588249
0.000587135
0.000586016
0.000585017
0.000584285
0.000583924
0.000583959
0.000584324
0.000584891
0.000585518
0.000586104
0.000586607
0.000587003
0.000587306
0.000587543
0.000587743
0.000587927
0.000588108
0.000588297
0.000588495
0.000588702
0.000588918
0.00058914
0.000589361
0.000589567
0.000589738
0.000589845
0.000589857
0.000589744
0.000589489
0.000589102
0.000588632
0.00058819
0.000587976
0.000588007
0.000240128
0.000280163
0.000298468
0.00031157
0.000330039
0.000344843
0.000351214
0.000365992
0.000381889
0.000390835
0.000407617
0.000412184
0.000407088
0.000416538
0.000413485
0.000439586
0.000533125
0.000662921
0.00117631
0.000938828
0.00073125
0.000645876
0.000595044
0.000528742
0.000496231
0.00048553
0.000512877
0.00066434
0.000844112
0.00130811
0.00192691
0.00275099
0.00372056
0.00473827
0.00571206
0.00662427
0.00729698
0.00823419
0.00863564
0.00906061
0.00905038
0.00853921
0.0076784
0.00616109
0.00430507
0.00174731
0.000642667
0.000177374
4.7458e-05
0.000105832
0.000408346
0.000647354
0.000684127
0.000653984
0.000623929
0.000610454
0.000603419
0.000599003
0.000596098
0.000594086
0.000592671
0.000591629
0.000590766
0.00058994
0.000589055
0.00058804
0.00058693
0.00058581
0.000584807
0.000584067
0.000583696
0.00058372
0.000584074
0.00058463
0.000585246
0.000585821
0.000586315
0.000586702
0.000586997
0.000587228
0.000587422
0.000587601
0.000587777
0.000587961
0.000588152
0.000588353
0.000588561
0.000588775
0.000588985
0.000589179
0.000589335
0.000589424
0.000589414
0.000589277
0.000588997
0.000588583
0.000588087
0.00058762
0.000587386
0.000587404
0.000207751
0.000216606
0.000234471
0.000259665
0.000267334
0.000268067
0.000287542
0.000308867
0.00031541
0.000338835
0.000339979
0.000347791
0.000350951
0.000351414
0.000357176
0.000386907
0.000462596
0.00056751
0.00092508
0.000775803
0.000631097
0.000601913
0.000572817
0.000533505
0.000509248
0.00051503
0.00058213
0.000700556
0.000992367
0.00153728
0.00226501
0.00317036
0.00417335
0.00533925
0.00636737
0.00720392
0.007951
0.00884487
0.00925024
0.00970819
0.00966819
0.00895463
0.00795762
0.00639764
0.00433421
0.00167833
0.000503403
0.000108653
5.16351e-05
0.000124328
0.00043264
0.000663368
0.000688027
0.000656682
0.000626609
0.000610991
0.00060332
0.000598776
0.000595877
0.00059388
0.000592477
0.000591446
0.000590593
0.000589775
0.000588896
0.000587887
0.000586777
0.000585657
0.000584649
0.000583903
0.000583523
0.000583538
0.000583881
0.000584427
0.000585032
0.000585598
0.000586082
0.000586461
0.000586749
0.000586973
0.000587161
0.000587335
0.000587505
0.000587683
0.000587869
0.000588064
0.000588266
0.000588472
0.000588675
0.000588859
0.000589003
0.000589077
0.000589052
0.000588897
0.000588597
0.000588164
0.000587649
0.000587164
0.000586913
0.000586922
0.00020869
0.000166355
0.000191046
0.000213233
0.000234791
0.000236462
0.000260674
0.000264975
0.000271249
0.000295095
0.00028687
0.000296082
0.00029879
0.000302086
0.000306008
0.000343998
0.000407493
0.000531756
0.000651971
0.000664006
0.000584714
0.000573118
0.00055695
0.000539197
0.000525749
0.000555229
0.000625198
0.000806442
0.00117287
0.00179868
0.00264811
0.00357784
0.00466783
0.00599397
0.00707271
0.00778468
0.00867172
0.00948749
0.00987072
0.0102225
0.0102657
0.00931333
0.00825251
0.00688493
0.00430385
0.00150349
0.000436464
9.45101e-05
5.61538e-05
0.000142755
0.000455844
0.000676855
0.00069138
0.000657433
0.000628427
0.000611571
0.000603126
0.000598582
0.000595699
0.000593717
0.000592325
0.000591304
0.000590459
0.000589649
0.000588775
0.00058777
0.00058666
0.000585539
0.000584529
0.000583776
0.00058339
0.000583397
0.000583732
0.000584269
0.000584865
0.000585422
0.000585899
0.00058627
0.000586551
0.000586769
0.000586952
0.00058712
0.000587286
0.000587459
0.00058764
0.000587829
0.000588027
0.000588228
0.000588424
0.000588601
0.000588736
0.0005888
0.000588762
0.000588595
0.000588282
0.000587835
0.000587306
0.000586808
0.000586546
0.000586547
0.000169594
0.000171092
0.000196129
0.000197336
0.000215652
0.000226714
0.000243402
0.000245681
0.00025347
0.000260544
0.000239814
0.000250086
0.000258756
0.000265619
0.00027892
0.000307444
0.000361567
0.000466229
0.000557639
0.00058127
0.000543008
0.000537043
0.000538625
0.000539382
0.000550147
0.000589396
0.000701753
0.000948773
0.00142559
0.0021544
0.00319608
0.0041414
0.00534623
0.00672147
0.00780709
0.00850661
0.00957788
0.0102078
0.0106085
0.0107504
0.0107047
0.00974604
0.00853352
0.00668754
0.00418206
0.00127613
0.000346946
7.6287e-05
6.61149e-05
0.000177297
0.000493032
0.000691817
0.000695351
0.000658964
0.00062959
0.000611496
0.000602876
0.000598388
0.00059553
0.000593564
0.000592185
0.000591175
0.000590339
0.000589536
0.000588667
0.000587664
0.000586555
0.000585433
0.000584419
0.00058366
0.000583268
0.000583268
0.000583595
0.000584123
0.00058471
0.000585259
0.000585728
0.000586092
0.000586366
0.000586578
0.000586756
0.000586919
0.00058708
0.000587247
0.000587423
0.000587608
0.000587801
0.000587998
0.000588189
0.000588359
0.000588486
0.000588541
0.000588493
0.000588314
0.00058799
0.000587532
0.000586993
0.000586485
0.000586213
0.000586207
0.000102861
0.000170934
0.000199748
0.00021135
0.000211411
0.000229686
0.000242997
0.000247212
0.000256847
0.000253178
0.00024982
0.000250211
0.000264139
0.000264371
0.000271786
0.000287638
0.000329122
0.000413065
0.000489904
0.00051848
0.000503598
0.000504046
0.00052383
0.000537925
0.000557449
0.000640036
0.000818069
0.00115036
0.00178962
0.002643
0.00376025
0.00488955
0.00616908
0.00751782
0.00858124
0.00934051
0.0107112
0.0109837
0.0113777
0.0113824
0.0111308
0.010055
0.00872023
0.00681454
0.00396744
0.00107454
0.000280756
6.48117e-05
6.97002e-05
0.00019942
0.000521886
0.000698221
0.000690591
0.000654134
0.000627197
0.000609852
0.000602475
0.000598197
0.000595384
0.000593438
0.000592071
0.00059107
0.000590243
0.000589445
0.000588581
0.00058758
0.000586472
0.000585348
0.000584331
0.000583569
0.000583172
0.000583166
0.000583487
0.000584008
0.000584588
0.00058513
0.000585592
0.000585951
0.000586218
0.000586426
0.000586599
0.000586758
0.000586915
0.000587078
0.00058725
0.000587431
0.000587621
0.000587813
0.000588001
0.000588166
0.000588287
0.000588335
0.000588279
0.000588093
0.000587761
0.000587296
0.00058675
0.000586235
0.000585957
0.000585947
5.27352e-05
0.000155731
0.00019371
0.000215717
0.000222097
0.00024425
0.000253211
0.000263473
0.000275865
0.000288347
0.000288713
0.000309257
0.000316074
0.000332815
0.000314237
0.000310571
0.000337453
0.000382627
0.000456365
0.000472906
0.000471145
0.000496973
0.000505512
0.000531696
0.000583253
0.000718312
0.00098422
0.00146871
0.00225573
0.00325866
0.00447618
0.00567735
0.00702439
0.00819643
0.00944126
0.0101801
0.0113007
0.0117129
0.0119925
0.0119626
0.0115425
0.0104409
0.00885782
0.00682813
0.00361661
0.000843733
0.000193463
5.29267e-05
6.66924e-05
0.000206391
0.000535893
0.000692779
0.000677831
0.000643869
0.000620269
0.000608217
0.000602103
0.000598039
0.000595271
0.000593343
0.000591988
0.000590996
0.000590175
0.000589382
0.000588521
0.000587522
0.000586414
0.000585289
0.000584271
0.000583507
0.000583107
0.000583097
0.000583415
0.000583932
0.000584508
0.000585045
0.000585503
0.000585857
0.000586121
0.000586326
0.000586496
0.000586652
0.000586806
0.000586967
0.000587136
0.000587315
0.000587501
0.000587692
0.000587876
0.000588039
0.000588156
0.000588199
0.000588139
0.000587947
0.000587612
0.000587143
0.000586592
0.000586073
0.000585792
0.000585779
6.18365e-05
0.000122578
0.000171073
0.000203653
0.000225164
0.000249369
0.000270826
0.000290952
0.000315464
0.000350575
0.00039259
0.000460241
0.000530161
0.000563634
0.000482585
0.000427336
0.000395741
0.00039486
0.000423521
0.000449753
0.000448946
0.000469904
0.000495531
0.000538761
0.000629046
0.000847403
0.00124973
0.00194797
0.00287529
0.00398275
0.00528031
0.00647319
0.0078612
0.00901091
0.0101884
0.0110007
0.0119256
0.0123079
0.0126253
0.0124248
0.0119035
0.0109607
0.00892755
0.00670701
0.00316887
0.000682607
0.0001388
4.32689e-05
5.77564e-05
0.000199056
0.000537172
0.000682947
0.000666055
0.000636123
0.000616562
0.00060736
0.00060183
0.000597909
0.000595184
0.000593274
0.00059193
0.000590945
0.00059013
0.00058934
0.000588482
0.000587484
0.000586376
0.000585252
0.000584233
0.000583468
0.000583066
0.000583055
0.00058337
0.000583885
0.000584458
0.000584993
0.000585448
0.000585799
0.000586061
0.000586263
0.000586431
0.000586586
0.000586738
0.000586897
0.000587064
0.000587241
0.000587426
0.000587615
0.000587798
0.000587959
0.000588073
0.000588113
0.00058805
0.000587856
0.000587517
0.000587046
0.000586494
0.000585972
0.000585689
0.000585674
0.000139286
8.63899e-05
0.000134974
0.000178229
0.000217436
0.000253668
0.000287853
0.000322483
0.000370778
0.000452445
0.000576404
0.000742694
0.000905666
0.000960024
0.000855339
0.00072071
0.000574433
0.000489864
0.000461202
0.000469006
0.00046275
0.000492861
0.0005142
0.000576485
0.000720492
0.00106171
0.00165187
0.00250245
0.00360039
0.00478859
0.00607999
0.00733332
0.00870399
0.00979926
0.0109638
0.0117859
0.0125644
0.0129141
0.0131404
0.0127909
0.0121833
0.0114471
0.00888057
0.00651005
0.00272142
0.000545505
0.000107132
3.61044e-05
5.17177e-05
0.000197443
0.000541606
0.000676747
0.000658937
0.000632163
0.000615185
0.000606911
0.000601616
0.0005978
0.000595113
0.000593221
0.000591889
0.000590911
0.0005901
0.000589314
0.000588458
0.000587461
0.000586354
0.00058523
0.00058421
0.000583444
0.000583042
0.00058303
0.000583344
0.000583858
0.000584429
0.000584962
0.000585416
0.000585765
0.000586026
0.000586226
0.000586394
0.000586547
0.000586698
0.000586855
0.000587022
0.000587198
0.000587382
0.00058757
0.000587752
0.00058791
0.000588023
0.000588062
0.000587996
0.0005878
0.000587461
0.000586988
0.000586435
0.000585912
0.000585627
0.000585611
0.000256977
7.14663e-05
0.000100573
0.000144044
0.000195183
0.000245637
0.000293727
0.000351529
0.000443278
0.000600458
0.000821247
0.00108149
0.00131145
0.00142041
0.00135608
0.0011794
0.000933857
0.000751181
0.000606246
0.000549519
0.000548848
0.000552525
0.000588505
0.000687362
0.000924736
0.00144435
0.00228814
0.00320791
0.00435264
0.00562084
0.00698983
0.00819996
0.009628
0.0106217
0.0118022
0.0124954
0.0132275
0.0132783
0.0135804
0.0130765
0.0124249
0.0112722
0.00873388
0.00616101
0.00241686
0.000440175
8.76496e-05
3.17542e-05
5.2262e-05
0.000212082
0.000556904
0.000676626
0.000655928
0.000630404
0.000614625
0.000606636
0.00060144
0.000597704
0.000595053
0.000593179
0.000591858
0.000590887
0.000590081
0.000589297
0.000588444
0.000587448
0.000586342
0.000585218
0.000584198
0.000583432
0.000583029
0.000583016
0.00058333
0.000583843
0.000584414
0.000584946
0.000585399
0.000585747
0.000586007
0.000586207
0.000586373
0.000586525
0.000586676
0.000586833
0.000586998
0.000587174
0.000587357
0.000587545
0.000587726
0.000587883
0.000587995
0.000588032
0.000587966
0.000587769
0.000587428
0.000586955
0.000586401
0.000585878
0.000585593
0.000585576
0.000364504
0.000101755
9.2771e-05
0.000116991
0.000163469
0.000222174
0.000288296
0.000383497
0.000537955
0.000772377
0.00105418
0.00134694
0.00159983
0.00176638
0.00180455
0.00167544
0.00142049
0.00115232
0.000919721
0.000827269
0.000810362
0.000753194
0.000798699
0.000938216
0.00133706
0.00202005
0.00300075
0.00401152
0.00516396
0.0064313
0.00785571
0.0090335
0.0105069
0.0114288
0.0125077
0.0130935
0.0138712
0.0139795
0.0139465
0.0133242
0.0125746
0.0111559
0.00856183
0.00565978
0.00194157
0.000348324
7.28289e-05
2.97296e-05
5.96714e-05
0.000246861
0.00058646
0.000681573
0.000655782
0.000629601
0.000614252
0.00060644
0.000601311
0.000597618
0.000594999
0.000593143
0.000591833
0.000590869
0.000590068
0.000589287
0.000588436
0.000587442
0.000586336
0.000585212
0.000584192
0.000583426
0.000583023
0.00058301
0.000583324
0.000583837
0.000584407
0.000584939
0.000585391
0.000585739
0.000585998
0.000586197
0.000586363
0.000586515
0.000586665
0.000586821
0.000586986
0.000587162
0.000587345
0.000587532
0.000587712
0.000587869
0.00058798
0.000588017
0.000587949
0.000587752
0.000587411
0.000586938
0.000586383
0.00058586
0.000585575
0.000585557
0.000439377
0.000195204
0.000132337
0.000120589
0.000143407
0.00019946
0.000287288
0.000428333
0.000640991
0.000914179
0.00120475
0.00148761
0.00174513
0.00196275
0.00210358
0.00209084
0.00191346
0.00165039
0.00138974
0.0012664
0.00118633
0.00113036
0.0011709
0.00136564
0.00183251
0.00272672
0.00386821
0.00483712
0.00600214
0.00721928
0.00860483
0.0100065
0.0112259
0.0121324
0.0131399
0.0136457
0.0141613
0.0143716
0.0142093
0.0135063
0.0126349
0.0110586
0.00830134
0.0050259
0.00151446
0.000275345
6.10896e-05
2.92602e-05
7.20055e-05
0.000299066
0.000624785
0.000688969
0.000656169
0.000629121
0.000614022
0.000606327
0.000601269
0.000597544
0.000594948
0.00059311
0.000591812
0.000590855
0.000590058
0.000589281
0.000588431
0.000587439
0.000586334
0.00058521
0.00058419
0.000583424
0.000583021
0.000583009
0.000583323
0.000583835
0.000584406
0.000584937
0.000585389
0.000585737
0.000585995
0.000586194
0.000586359
0.000586511
0.000586661
0.000586817
0.000586981
0.000587156
0.000587339
0.000587526
0.000587706
0.000587863
0.000587973
0.000588009
0.000587942
0.000587744
0.000587403
0.000586929
0.000586375
0.000585852
0.000585566
0.000585548
0.000475963
0.000311641
0.000220326
0.000169138
0.000158624
0.000204587
0.000312441
0.000489477
0.000728714
0.000995701
0.00126349
0.00152718
0.0017899
0.00204632
0.00226976
0.00237998
0.00232919
0.00214856
0.0019304
0.00179706
0.00171255
0.00165023
0.00172343
0.0019774
0.002518
0.00352688
0.00468259
0.00568229
0.00682841
0.00801421
0.00933333
0.0113942
0.0119105
0.0128373
0.0136803
0.0141335
0.014709
0.0146523
0.0143729
0.0135919
0.0126147
0.0108943
0.0079129
0.00430899
0.00115462
0.000216799
5.1581e-05
2.98066e-05
8.84066e-05
0.000355148
0.000657689
0.000691612
0.000655268
0.00062869
0.000614061
0.000606497
0.00060129
0.000597474
0.000594897
0.000593077
0.000591792
0.000590843
0.00059005
0.000589276
0.000588429
0.000587438
0.000586333
0.00058521
0.00058419
0.000583424
0.000583021
0.000583009
0.000583323
0.000583836
0.000584407
0.000584938
0.00058539
0.000585737
0.000585995
0.000586194
0.000586359
0.00058651
0.00058666
0.000586816
0.00058698
0.000587155
0.000587338
0.000587524
0.000587704
0.00058786
0.00058797
0.000588006
0.000587938
0.000587741
0.0005874
0.000586926
0.000586372
0.000585849
0.000585563
0.000585544
0.000471043
0.000371831
0.000303031
0.000246066
0.000217273
0.0002565
0.000378411
0.000568634
0.000798352
0.00103665
0.0012724
0.00151715
0.00178226
0.00206572
0.00234673
0.00256163
0.00264118
0.00258318
0.00245174
0.00235309
0.00228371
0.00224347
0.00237015
0.00268458
0.00330841
0.00436264
0.00544412
0.00643877
0.0075771
0.00873769
0.0100311
0.011393
0.012499
0.0134523
0.014143
0.0145529
0.0148981
0.0148479
0.014462
0.013588
0.0125019
0.0106377
0.00736792
0.00349856
0.000886701
0.000171491
4.39717e-05
3.13949e-05
0.000110054
0.000409752
0.000676384
0.000687707
0.0006532
0.000628221
0.000614219
0.000606579
0.000601058
0.000597374
0.000594843
0.000593044
0.000591772
0.00059083
0.000590043
0.000589272
0.000588427
0.000587438
0.000586334
0.000585211
0.000584191
0.000583425
0.000583022
0.000583011
0.000583325
0.000583839
0.000584409
0.000584941
0.000585392
0.000585739
0.000585997
0.000586196
0.000586361
0.000586512
0.000586661
0.000586817
0.000586981
0.000587156
0.000587339
0.000587525
0.000587704
0.00058786
0.00058797
0.000588006
0.000587938
0.00058774
0.000587399
0.000586926
0.000586371
0.000585849
0.000585563
0.000585544
0.000422336
0.000352026
0.000322932
0.00029907
0.000293237
0.000347527
0.000481337
0.000666265
0.000869443
0.00107311
0.0012737
0.00149457
0.00175392
0.00205231
0.00237203
0.00266526
0.00285833
0.00292624
0.0029045
0.00287882
0.00286113
0.00286832
0.00309261
0.00342251
0.00414788
0.00513111
0.0061829
0.00716114
0.00822377
0.00938514
0.010659
0.0118876
0.0130268
0.0139458
0.0145307
0.014896
0.0151126
0.0149785
0.0144709
0.0134926
0.0123256
0.0102114
0.00667855
0.00295027
0.000674757
0.000135488
3.79158e-05
3.45414e-05
0.000138809
0.000463715
0.000684754
0.000683375
0.000650953
0.000627476
0.000613847
0.000605965
0.00060078
0.000597267
0.000594787
0.000593011
0.000591751
0.000590818
0.000590036
0.000589269
0.000588426
0.000587438
0.000586335
0.000585213
0.000584193
0.000583427
0.000583025
0.000583013
0.000583328
0.000583842
0.000584413
0.000584944
0.000585396
0.000585743
0.000586
0.000586199
0.000586363
0.000586514
0.000586663
0.000586819
0.000586983
0.000587158
0.000587341
0.000587527
0.000587706
0.000587862
0.000587971
0.000588007
0.000587939
0.000587741
0.0005874
0.000586927
0.000586372
0.00058585
0.000585565
0.000585544
0.000343881
0.000295991
0.000299013
0.000314465
0.000352885
0.000443325
0.000592185
0.000769252
0.000949781
0.00112155
0.00128598
0.00147727
0.00172125
0.0020225
0.00236607
0.00271397
0.00299935
0.0031802
0.0032722
0.00333327
0.00338612
0.00345123
0.00366192
0.00412632
0.00492726
0.00585484
0.00688929
0.00772718
0.00878546
0.00998075
0.0112384
0.0124106
0.0135044
0.0143766
0.0148834
0.0151767
0.0152706
0.0150304
0.0143926
0.0133262
0.0121123
0.00968243
0.00588854
0.00234386
0.000526708
0.000107719
3.32834e-05
3.97938e-05
0.00017442
0.000511323
0.000689948
0.000679985
0.000648745
0.000626428
0.000613124
0.000605411
0.000600551
0.000597168
0.000594733
0.00059298
0.000591733
0.000590808
0.000590031
0.000589268
0.000588427
0.000587441
0.000586338
0.000585216
0.000584196
0.00058343
0.000583028
0.000583017
0.000583332
0.000583846
0.000584417
0.000584949
0.0005854
0.000585747
0.000586004
0.000586202
0.000586367
0.000586517
0.000586666
0.000586822
0.000586986
0.000587161
0.000587343
0.000587529
0.000587708
0.000587864
0.000587973
0.000588009
0.00058794
0.000587743
0.000587402
0.000586929
0.000586374
0.000585852
0.000585566
0.000585546
0.000271096
0.000257884
0.000280039
0.000318687
0.000388382
0.000508675
0.000673863
0.00085571
0.00103034
0.00118152
0.00131522
0.00147457
0.00169479
0.00198644
0.00233953
0.00272234
0.00307891
0.0033552
0.00355074
0.00370225
0.00381133
0.00395365
0.00424279
0.00478225
0.00560199
0.00647908
0.00751503
0.00823063
0.0093189
0.0105231
0.0117622
0.0129025
0.0139394
0.0147395
0.0151733
0.015381
0.0153549
0.014999
0.0142273
0.0130504
0.0117989
0.00902655
0.00505206
0.00216068
0.000405245
8.53379e-05
3.01142e-05
4.78554e-05
0.000215491
0.000549753
0.000692691
0.000677099
0.000646687
0.0006253
0.000612444
0.000605033
0.000600374
0.000597075
0.00059468
0.000592948
0.000591714
0.000590798
0.000590026
0.000589267
0.000588429
0.000587444
0.000586342
0.00058522
0.0005842
0.000583434
0.000583032
0.000583021
0.000583337
0.000583851
0.000584422
0.000584954
0.000585405
0.000585751
0.000586009
0.000586206
0.00058637
0.00058652
0.000586669
0.000586824
0.000586989
0.000587163
0.000587346
0.000587531
0.00058771
0.000587866
0.000587975
0.00058801
0.000587942
0.000587745
0.000587404
0.00058693
0.000586376
0.000585854
0.000585568
0.000585547
0.000228709
0.000239404
0.000263664
0.000307122
0.00038796
0.000525301
0.000711686
0.000915292
0.00110139
0.00124857
0.00136354
0.00149403
0.00168442
0.00195442
0.0023019
0.00270217
0.00310907
0.00346225
0.00374774
0.00398106
0.00417197
0.00439481
0.00475347
0.00532647
0.00610426
0.00705874
0.00799774
0.00867592
0.00980134
0.0110146
0.0122187
0.0133672
0.0143247
0.0150275
0.0153855
0.0155041
0.015358
0.0148824
0.0139697
0.0126733
0.0110982
0.00824021
0.00427371
0.00201628
0.000306493
6.78033e-05
2.84535e-05
5.94758e-05
0.000261353
0.00058457
0.000694805
0.000674724
0.00064487
0.000624291
0.000611901
0.000604752
0.000600208
0.000596976
0.000594618
0.000592909
0.000591688
0.000590782
0.000590017
0.000589262
0.000588426
0.000587443
0.000586342
0.00058522
0.000584201
0.000583435
0.000583034
0.000583024
0.00058334
0.000583854
0.000584426
0.000584958
0.000585409
0.000585755
0.000586012
0.00058621
0.000586373
0.000586523
0.000586672
0.000586827
0.000586992
0.000587166
0.000587349
0.000587534
0.000587713
0.000587868
0.000587977
0.000588012
0.000587944
0.000587747
0.000587406
0.000586932
0.000586378
0.000585856
0.00058557
0.000585549
0.000211421
0.000202574
0.000212642
0.000254396
0.000345617
0.000505176
0.00072178
0.000954409
0.00116186
0.00131827
0.0014297
0.00153949
0.00169843
0.00193744
0.00226512
0.002666
0.00310213
0.00351408
0.00387339
0.00417967
0.00444859
0.00474303
0.00515259
0.00574255
0.00640646
0.00758523
0.00832858
0.00910145
0.0102607
0.0114901
0.0128543
0.0137789
0.0146528
0.0152526
0.0155224
0.0155456
0.0152774
0.014679
0.0136187
0.012152
0.0102852
0.00736365
0.00360619
0.00158009
0.000232837
5.47904e-05
2.82728e-05
7.52956e-05
0.000311719
0.00061796
0.000698968
0.000673099
0.00064329
0.000623384
0.000611444
0.000604498
0.000600039
0.000596869
0.000594547
0.000592863
0.000591657
0.000590761
0.000590003
0.000589253
0.00058842
0.000587439
0.000586339
0.000585218
0.000584199
0.000583434
0.000583033
0.000583024
0.000583341
0.000583856
0.000584428
0.00058496
0.000585412
0.000585758
0.000586015
0.000586213
0.000586376
0.000586526
0.000586675
0.00058683
0.000586995
0.000587169
0.000587351
0.000587537
0.000587715
0.00058787
0.000587979
0.000588014
0.000587946
0.000587748
0.000587407
0.000586934
0.00058638
0.000585858
0.000585572
0.000585551
7.45356e-05
9.22592e-05
0.000114607
0.000166943
0.000282165
0.000476847
0.000730108
0.000996937
0.00123421
0.00141314
0.00153255
0.00162676
0.00174751
0.00194087
0.00222894
0.00261099
0.00306397
0.0035419
0.00399547
0.00440296
0.00477766
0.00517865
0.0056676
0.00628056
0.00702744
0.00800185
0.0088613
0.00981327
0.0109984
0.0122316
0.0134405
0.0143589
0.0150894
0.0155146
0.0156247
0.0154824
0.0150121
0.0142097
0.0128965
0.0111216
0.00889224
0.0057805
0.00287598
0.000687241
0.00013336
3.84525e-05
3.18236e-05
0.000117275
0.000409738
0.000667154
0.000702948
0.000669201
0.000640603
0.00062198
0.000610759
0.000604106
0.000599785
0.000596708
0.000594443
0.000592797
0.000591616
0.000590737
0.000589992
0.00058925
0.00058842
0.000587441
0.000586343
0.000585222
0.000584203
0.000583438
0.000583038
0.00058303
0.000583347
0.000583864
0.000584436
0.000584968
0.00058542
0.000585766
0.000586022
0.000586219
0.000586382
0.000586532
0.00058668
0.000586835
0.000587
0.000587174
0.000587356
0.000587541
0.000587719
0.000587874
0.000587982
0.000588017
0.000587949
0.000587751
0.00058741
0.000586937
0.000586383
0.000585861
0.000585575
0.000585553
0.000152217
9.61089e-05
9.31735e-05
0.000142262
0.000265379
0.000471294
0.000739074
0.00102907
0.00130165
0.00152831
0.00169666
0.00181664
0.00192332
0.00206232
0.00227997
0.00259698
0.00300819
0.00348621
0.00398399
0.00446591
0.00493673
0.00544344
0.0060289
0.00672668
0.00758695
0.00858804
0.00956947
0.0106337
0.0118378
0.0130409
0.01409
0.0148684
0.015355
0.0155231
0.015397
0.015008
0.0142601
0.0131752
0.0114982
0.00937758
0.00697668
0.00405307
0.00175734
0.000341082
8.06669e-05
2.94912e-05
4.20699e-05
0.000179114
0.000502016
0.000691755
0.00069619
0.000663058
0.000637181
0.00062026
0.0006099
0.000603599
0.00059946
0.000596498
0.000594309
0.000592713
0.000591565
0.000590708
0.000589979
0.000589246
0.000588421
0.000587447
0.00058635
0.00058523
0.000584211
0.000583446
0.000583047
0.000583039
0.000583358
0.000583875
0.000584447
0.00058498
0.000585431
0.000585777
0.000586033
0.000586229
0.000586391
0.00058654
0.000586688
0.000586842
0.000587006
0.00058718
0.000587362
0.000587547
0.000587724
0.000587878
0.000587986
0.000588021
0.000587952
0.000587754
0.000587413
0.000586941
0.000586387
0.000585865
0.000585579
0.000585557
0.000620133
0.000207357
0.000126482
0.000160054
0.00027814
0.000477808
0.000740378
0.00103452
0.00132869
0.00159966
0.00183204
0.00201794
0.00216619
0.00230517
0.00248133
0.00273794
0.0030913
0.00353321
0.00403619
0.00456909
0.00512886
0.00574922
0.00645727
0.00727271
0.00822576
0.00930821
0.0103791
0.0114794
0.0126236
0.0136904
0.0145318
0.0150676
0.0152725
0.0151515
0.0147718
0.0141257
0.0130954
0.0116975
0.00966244
0.00723281
0.00470548
0.00267181
0.000821478
0.000193185
5.08367e-05
2.69097e-05
6.5773e-05
0.000271746
0.000589305
0.000706295
0.00068952
0.000657505
0.000634014
0.000618613
0.000609023
0.000603067
0.00059911
0.000596267
0.000594159
0.000592616
0.000591503
0.00059067
0.000589956
0.000589234
0.000588416
0.000587446
0.000586352
0.000585232
0.000584214
0.00058345
0.000583051
0.000583045
0.000583366
0.000583884
0.000584457
0.00058499
0.000585441
0.000585786
0.000586041
0.000586237
0.000586399
0.000586547
0.000586694
0.000586849
0.000587012
0.000587186
0.000587368
0.000587552
0.000587729
0.000587882
0.000587989
0.000588023
0.000587955
0.000587757
0.000587416
0.000586943
0.00058639
0.00058587
0.000585585
0.000585562
0.00107381
0.000306252
0.000152161
0.000173267
0.000284023
0.000471452
0.000719143
0.00100401
0.001305
0.0016066
0.00189761
0.0021656
0.00240144
0.00261239
0.00282536
0.00308562
0.00342686
0.00386011
0.00437881
0.00496309
0.00559985
0.00631967
0.00713316
0.00803753
0.00904252
0.0101346
0.0112064
0.0122434
0.0132323
0.0140792
0.0146556
0.0148975
0.0147836
0.0143649
0.0137353
0.0128318
0.0115205
0.009785
0.0074923
0.00485961
0.00273379
0.00165721
0.000449884
0.00010864
3.41912e-05
3.19443e-05
0.000114937
0.000392546
0.000658187
0.000711868
0.000682769
0.000652299
0.000630948
0.000616947
0.0006081
0.000602504
0.000598742
0.000596024
0.000593999
0.000592512
0.000591437
0.000590629
0.000589931
0.00058922
0.00058841
0.000587445
0.000586354
0.000585235
0.000584217
0.000583453
0.000583056
0.000583051
0.000583373
0.000583893
0.000584467
0.000585
0.00058545
0.000585795
0.00058605
0.000586245
0.000586406
0.000586553
0.0005867
0.000586854
0.000587018
0.000587191
0.000587373
0.000587556
0.000587732
0.000587884
0.000587991
0.000588025
0.000587955
0.000587757
0.000587417
0.000586945
0.000586392
0.000585874
0.00058559
0.000585567
0.00127876
0.000383361
0.00017252
0.000178247
0.000275734
0.000444565
0.000670208
0.000936438
0.00123081
0.00154699
0.00188109
0.00222393
0.00256135
0.00288438
0.00320534
0.00355324
0.00396429
0.00445677
0.00503432
0.00568633
0.00639336
0.00716916
0.00802306
0.0089403
0.00991711
0.0109371
0.0118993
0.0127802
0.0135498
0.0141299
0.0144026
0.0143152
0.0138605
0.013155
0.012312
0.0111949
0.00950953
0.00752605
0.00530883
0.00286562
0.00158829
0.000777494
0.000224634
6.10268e-05
2.74625e-05
5.01509e-05
0.000203455
0.000519444
0.000702075
0.000710331
0.0006756
0.000647292
0.000627988
0.000615287
0.000607155
0.000601923
0.000598361
0.00059577
0.00059383
0.000592401
0.000591366
0.000590584
0.000589903
0.000589204
0.000588403
0.000587443
0.000586355
0.000585237
0.00058422
0.000583456
0.00058306
0.000583057
0.000583381
0.000583902
0.000584476
0.00058501
0.00058546
0.000585805
0.000586058
0.000586252
0.000586412
0.000586559
0.000586706
0.000586859
0.000587023
0.000587196
0.000587377
0.000587559
0.000587734
0.000587886
0.000587992
0.000588025
0.000587955
0.000587757
0.000587416
0.000586945
0.000586393
0.000585877
0.000585595
0.000585573
0.00143143
0.000504442
0.00020863
0.000182978
0.000256733
0.000398504
0.000594909
0.000834704
0.00111215
0.00142869
0.00178848
0.00218874
0.00261524
0.00305129
0.00349758
0.00397257
0.00450198
0.00509966
0.00576605
0.00649187
0.00725708
0.00805274
0.00888925
0.00975304
0.0106358
0.011516
0.0123097
0.0129909
0.0135139
0.0138013
0.0137433
0.0132904
0.0125132
0.0115501
0.0105734
0.00924088
0.00721764
0.00517549
0.00355384
0.00166678
0.000871364
0.000377555
0.000112982
3.70329e-05
3.05938e-05
9.37163e-05
0.000330601
0.000624212
0.000723334
0.000703929
0.000668179
0.000642476
0.000625133
0.000613647
0.000606197
0.000601327
0.000597968
0.000595504
0.000593651
0.000592282
0.000591289
0.000590535
0.000589872
0.000589186
0.000588394
0.00058744
0.000586355
0.000585239
0.000584221
0.000583459
0.000583064
0.000583063
0.000583389
0.000583911
0.000584486
0.00058502
0.00058547
0.000585814
0.000586067
0.00058626
0.000586419
0.000586565
0.000586711
0.000586864
0.000587027
0.0005872
0.00058738
0.000587562
0.000587736
0.000587887
0.000587992
0.000588024
0.000587954
0.000587755
0.000587415
0.000586944
0.000586394
0.000585879
0.0005856
0.000585578
0.00159039
0.000715034
0.000290693
0.000202876
0.000238155
0.000342486
0.000501111
0.000706612
0.000958348
0.00126384
0.00163422
0.00207263
0.00256512
0.00309206
0.00364534
0.00423724
0.00488314
0.00558726
0.00634079
0.007129
0.00793153
0.00872712
0.00951746
0.0102938
0.0110499
0.0117643
0.0123726
0.0128386
0.0130988
0.0130709
0.0126595
0.0118637
0.0107925
0.00968634
0.00862787
0.00711076
0.00498014
0.00326206
0.00230327
0.000960493
0.000455511
0.000179083
5.87093e-05
2.88176e-05
4.87992e-05
0.000178391
0.000474168
0.000694076
0.000727597
0.000694653
0.000660808
0.000637881
0.000622387
0.000612033
0.000605233
0.000600719
0.000597564
0.000595229
0.000593463
0.000592156
0.000591206
0.000590481
0.000589839
0.000589166
0.000588384
0.000587436
0.000586354
0.000585239
0.000584222
0.00058346
0.000583067
0.000583068
0.000583396
0.00058392
0.000584496
0.00058503
0.00058548
0.000585823
0.000586076
0.000586267
0.000586426
0.000586571
0.000586716
0.000586869
0.000587032
0.000587204
0.000587384
0.000587565
0.000587738
0.000587887
0.000587991
0.000588023
0.000587952
0.000587753
0.000587413
0.000586943
0.000586394
0.000585882
0.000585606
0.000585585
0.00175332
0.00102534
0.000472996
0.000270247
0.00024105
0.000294163
0.000404483
0.000566019
0.000782417
0.00106645
0.00143489
0.00189525
0.00243276
0.00302456
0.00365545
0.00433729
0.00507628
0.00586606
0.00668716
0.00751667
0.00833108
0.0091062
0.00983133
0.0105018
0.0111163
0.0116587
0.0120769
0.0123164
0.0122963
0.0119356
0.0111878
0.0101001
0.00879865
0.00762918
0.00662741
0.00514199
0.00324053
0.00198259
0.00139546
0.000538645
0.000229135
8.71756e-05
3.58723e-05
3.42619e-05
9.59015e-05
0.000309732
0.000602045
0.000729917
0.000721431
0.000684294
0.000653736
0.000633525
0.000619752
0.000610452
0.000604268
0.000600102
0.00059715
0.000594943
0.000593267
0.000592024
0.000591119
0.000590424
0.000589802
0.000589144
0.000588372
0.00058743
0.000586352
0.000585238
0.000584222
0.000583461
0.000583069
0.000583073
0.000583404
0.00058393
0.000584507
0.000585041
0.00058549
0.000585833
0.000586084
0.000586275
0.000586432
0.000586577
0.000586721
0.000586874
0.000587036
0.000587208
0.000587387
0.000587567
0.000587739
0.000587888
0.000587991
0.000588022
0.00058795
0.000587751
0.000587411
0.000586942
0.000586395
0.000585885
0.000585612
0.000585593
0.0019048
0.00138414
0.000807068
0.000449553
0.000304882
0.000280925
0.000328271
0.000433564
0.000602389
0.000852806
0.00120726
0.00167607
0.0022424
0.00287679
0.00356162
0.0043085
0.00511638
0.00596721
0.00683078
0.00767614
0.00847495
0.00920117
0.00983795
0.0103829
0.0108416
0.0112064
0.0114281
0.0114312
0.0111229
0.0104491
0.00943326
0.00813496
0.00674464
0.00566357
0.00487675
0.00363769
0.0021252
0.00118799
0.000780357
0.000294665
0.00011675
4.79352e-05
3.21962e-05
5.98701e-05
0.000189827
0.000465567
0.000690917
0.000739764
0.000709863
0.000673876
0.000647074
0.000629412
0.000617225
0.000608904
0.000603305
0.000599476
0.000596725
0.000594647
0.000593061
0.000591884
0.000591027
0.000590364
0.000589763
0.000589121
0.000588359
0.000587424
0.00058635
0.000585237
0.000584221
0.000583461
0.000583071
0.000583078
0.000583411
0.000583939
0.000584517
0.000585052
0.000585501
0.000585842
0.000586093
0.000586282
0.000586439
0.000586582
0.000586726
0.000586878
0.00058704
0.000587212
0.000587391
0.00058757
0.000587741
0.000587888
0.00058799
0.00058802
0.000587948
0.000587749
0.000587409
0.000586941
0.000586396
0.00058589
0.000585619
0.000585602
0.00203659
0.00172088
0.00124411
0.00080469
0.000499986
0.000346951
0.000302839
0.00033498
0.000441278
0.00064262
0.000967837
0.00143071
0.0020114
0.0026713
0.00339303
0.0041862
0.00504162
0.00592892
0.00680799
0.00764086
0.00839414
0.0090394
0.00955948
0.00995554
0.0102429
0.0104249
0.0104487
0.0102194
0.009648
0.00873011
0.00756019
0.00623101
0.0049379
0.00405891
0.00352519
0.00259497
0.0014092
0.000700408
0.000411303
0.000159072
6.46153e-05
3.61077e-05
4.62001e-05
0.000121492
0.000331655
0.000604557
0.000735625
0.000733032
0.000696044
0.000663826
0.000640785
0.000625477
0.000614757
0.000607355
0.000602314
0.000598817
0.000596266
0.000594321
0.000592829
0.000591722
0.000590914
0.000590286
0.000589709
0.000589084
0.000588334
0.000587407
0.000586337
0.000585225
0.00058421
0.000583452
0.000583066
0.000583076
0.000583413
0.000583943
0.000584523
0.000585057
0.000585506
0.000585847
0.000586097
0.000586285
0.000586441
0.000586584
0.000586728
0.00058688
0.000587042
0.000587214
0.000587392
0.000587571
0.000587741
0.000587887
0.000587989
0.000588018
0.000587946
0.000587747
0.000587408
0.000586942
0.000586399
0.000585896
0.00058563
0.000585614
0.00214706
0.00200158
0.00166764
0.001277
0.00087759
0.000559942
0.000372348
0.000299467
0.000323347
0.000455913
0.000729754
0.00116561
0.0017425
0.00241276
0.0031564
0.00397827
0.00486005
0.00575906
0.00662648
0.00741878
0.00809793
0.00863311
0.00901046
0.00923915
0.00934874
0.00935553
0.00920369
0.00878133
0.00801044
0.00696642
0.00580677
0.00464138
0.0035701
0.00285475
0.00248615
0.00180939
0.000900092
0.000402684
0.000206765
8.59394e-05
4.36374e-05
4.29696e-05
8.95702e-05
0.000238272
0.000499433
0.000701477
0.000746905
0.000718076
0.000681943
0.000654431
0.000634936
0.000621775
0.000612407
0.000605863
0.000601352
0.000598173
0.000595818
0.000594003
0.000592606
0.000591568
0.00059081
0.000590216
0.000589663
0.000589055
0.000588317
0.000587398
0.000586332
0.000585221
0.000584207
0.00058345
0.000583066
0.00058308
0.00058342
0.000583953
0.000584534
0.000585069
0.000585518
0.000585858
0.000586106
0.000586294
0.000586449
0.000586591
0.000586734
0.000586885
0.000587047
0.000587218
0.000587395
0.000587573
0.000587742
0.000587887
0.000587987
0.000588016
0.000587943
0.000587744
0.000587405
0.000586939
0.000586399
0.000585899
0.000585635
0.000585621
0.00224087
0.00222343
0.00201208
0.00172619
0.00134772
0.000935568
0.000587997
0.000364014
0.000274703
0.000318382
0.000516417
0.000897684
0.00144736
0.00211106
0.00285912
0.00368947
0.00457462
0.00546053
0.00629067
0.00701705
0.0075979
0.00800045
0.00821815
0.00827569
0.00821826
0.00807653
0.00779411
0.00725219
0.00639778
0.00536324
0.00434805
0.00344075
0.00259103
0.00196331
0.00164944
0.00117606
0.000548266
0.000232022
0.00010947
5.41246e-05
4.39229e-05
7.29832e-05
0.00017584
0.000393926
0.000634383
0.000742922
0.000737463
0.000701553
0.000669718
0.000646555
0.000629984
0.000618591
0.00061036
0.000604551
0.000600497
0.000597595
0.000595413
0.000593714
0.000592404
0.000591431
0.000590719
0.000590156
0.000589625
0.000589034
0.000588307
0.000587395
0.000586332
0.000585222
0.000584208
0.000583451
0.000583069
0.000583086
0.000583429
0.000583965
0.000584547
0.000585083
0.000585532
0.000585871
0.000586119
0.000586305
0.000586458
0.000586599
0.000586741
0.000586891
0.000587052
0.000587223
0.000587399
0.000587575
0.000587743
0.000587886
0.000587985
0.000588012
0.000587938
0.000587738
0.000587399
0.000586933
0.000586394
0.000585897
0.000585636
0.000585624
0.0023223
0.00239685
0.00227009
0.00207665
0.00176714
0.00135828
0.000928552
0.000557443
0.000318667
0.000248846
0.000349282
0.000644093
0.00113645
0.00177181
0.00250414
0.00332145
0.00418792
0.00503944
0.00581248
0.00645502
0.00692252
0.0071821
0.00724068
0.00714279
0.00694781
0.00670079
0.0063484
0.00577283
0.00493421
0.00398866
0.00314372
0.00246358
0.00180361
0.00125866
0.000977292
0.000673541
0.000309399
0.000132373
6.59867e-05
4.79767e-05
6.63633e-05
0.000141189
0.000313856
0.000553402
0.000715064
0.000747137
0.000719208
0.000685165
0.000658536
0.000639319
0.000625323
0.000615518
0.000608339
0.000603223
0.000599608
0.000596979
0.000594971
0.000593393
0.000592174
0.00059127
0.000590608
0.000590079
0.000589572
0.000588999
0.000588285
0.000587381
0.000586323
0.000585214
0.000584199
0.000583444
0.000583065
0.000583085
0.000583432
0.000583971
0.000584555
0.000585092
0.000585541
0.00058588
0.000586127
0.000586312
0.000586464
0.000586604
0.000586746
0.000586895
0.000587056
0.000587225
0.000587401
0.000587576
0.000587742
0.000587884
0.000587982
0.000588008
0.000587933
0.000587733
0.000587393
0.000586929
0.000586392
0.000585898
0.00058564
0.000585629
0.00239541
0.00253707
0.00246281
0.00233033
0.00208178
0.00171487
0.00128706
0.000848294
0.000469076
0.000258307
0.000244901
0.000425208
0.000820313
0.00139445
0.00208638
0.00286734
0.00369402
0.00449463
0.0051983
0.00574935
0.00610083
0.00622662
0.00614956
0.00593645
0.00565057
0.00534426
0.00497094
0.00442352
0.00366175
0.00282803
0.00212233
0.0016151
0.00113151
0.000724702
0.000512599
0.000340985
0.000162938
7.88249e-05
5.41155e-05
6.58342e-05
0.00012474
0.00026418
0.000481934
0.000671099
0.000742971
0.000731839
0.000699248
0.00067036
0.000648654
0.000632828
0.000621047
0.000612644
0.000606419
0.000601943
0.000598737
0.000596364
0.000594524
0.000593066
0.000591938
0.000591104
0.000590492
0.000589998
0.000589516
0.000588963
0.000588262
0.000587366
0.000586311
0.000585203
0.000584189
0.000583435
0.000583059
0.000583084
0.000583435
0.000583977
0.000584564
0.000585101
0.00058555
0.000585889
0.000586134
0.000586319
0.00058647
0.000586609
0.00058675
0.000586899
0.000587059
0.000587228
0.000587402
0.000587576
0.000587741
0.000587882
0.000587978
0.000588004
0.000587928
0.000587727
0.000587388
0.000586925
0.00058639
0.0005859
0.000585645
0.000585637
0.00246365
0.00265597
0.00261263
0.00251409
0.00230331
0.00197545
0.00158482
0.00115782
0.000709762
0.000355409
0.000213069
0.00026767
0.000526835
0.000994348
0.00161236
0.00232943
0.00309535
0.00383277
0.00446242
0.0049247
0.00517252
0.00519125
0.0050223
0.00474454
0.00441508
0.00407864
0.0036983
0.00320661
0.00255611
0.00185846
0.00129033
0.000927894
0.000618324
0.00037451
0.00024638
0.000160768
8.79986e-05
6.06193e-05
6.91684e-05
0.000119701
0.000238543
0.000432611
0.000626369
0.000726832
0.000736791
0.000710192
0.000680941
0.000657578
0.000640065
0.00062706
0.000617156
0.000609984
0.000604618
0.000600723
0.000597892
0.000595759
0.000594078
0.000592737
0.0005917
0.000590936
0.000590373
0.000589914
0.000589458
0.000588924
0.000588236
0.000587349
0.000586298
0.00058519
0.000584177
0.000583424
0.000583052
0.000583082
0.000583438
0.000583983
0.000584572
0.00058511
0.000585559
0.000585897
0.000586141
0.000586325
0.000586475
0.000586613
0.000586753
0.000586902
0.000587061
0.00058723
0.000587403
0.000587576
0.00058774
0.000587879
0.000587975
0.000587999
0.000587923
0.000587721
0.000587383
0.00058692
0.000586389
0.000585902
0.00058565
0.000585644
0.00252932
0.00276139
0.00273604
0.00265368
0.0024606
0.00215664
0.00180431
0.00142585
0.000991301
0.000543303
0.000259138
0.000191778
0.000302594
0.000611692
0.00110405
0.0017238
0.00240704
0.00306938
0.00362557
0.00400883
0.00417905
0.00413163
0.00391883
0.00361821
0.00328395
0.00293838
0.00256371
0.00212672
0.0016143
0.00109299
0.000700004
0.000471709
0.000302352
0.000180067
0.000117904
8.33721e-05
6.48101e-05
7.49104e-05
0.000123046
0.0002308
0.000406209
0.000593004
0.000706662
0.000734122
0.00071655
0.000689197
0.000665322
0.000646736
0.000632636
0.000621947
0.000613629
0.000607534
0.000602938
0.000599567
0.000597077
0.000595164
0.000593635
0.000592407
0.00059146
0.000590764
0.000590251
0.000589828
0.000589398
0.000588884
0.00058821
0.00058733
0.000586283
0.000585175
0.000584162
0.000583412
0.000583043
0.000583079
0.000583439
0.000583988
0.000584579
0.000585119
0.000585567
0.000585905
0.000586148
0.00058633
0.00058648
0.000586617
0.000586756
0.000586904
0.000587063
0.000587231
0.000587404
0.000587576
0.000587738
0.000587876
0.00058797
0.000587994
0.000587917
0.000587715
0.000587376
0.000586916
0.000586386
0.000585903
0.000585655
0.000585651
0.00259374
0.00285791
0.00284331
0.00276705
0.00257856
0.0022842
0.00195835
0.00163031
0.00125463
0.000798567
0.000390955
0.000197028
0.000184307
0.00032101
0.000628907
0.00109631
0.00166275
0.00223375
0.00271395
0.0030325
0.00315381
0.00308482
0.00287049
0.00258125
0.00227678
0.00195602
0.00161798
0.00126106
0.000899364
0.000574504
0.00034752
0.0002217
0.000143441
9.44137e-05
7.30304e-05
6.85285e-05
8.41414e-05
0.000134912
0.000239113
0.000401119
0.000575601
0.000690602
0.000727615
0.000718318
0.00069448
0.000671249
0.000652331
0.000637581
0.000626212
0.000617414
0.00061044
0.00060529
0.000601379
0.000598477
0.000596293
0.000594582
0.000593196
0.000592079
0.00059122
0.000590591
0.000590127
0.000589738
0.000589335
0.000588842
0.000588181
0.000587309
0.000586265
0.000585158
0.000584145
0.000583397
0.000583033
0.000583074
0.00058344
0.000583993
0.000584586
0.000585126
0.000585575
0.000585912
0.000586154
0.000586335
0.000586484
0.00058662
0.000586759
0.000586907
0.000587065
0.000587232
0.000587403
0.000587574
0.000587735
0.000587872
0.000587965
0.000587988
0.00058791
0.000587708
0.00058737
0.00058691
0.000586384
0.000585904
0.00058566
0.000585658
0.00265745
0.00294785
0.00294009
0.00286491
0.00267385
0.00237917
0.00206631
0.00177436
0.00146162
0.00106228
0.000606884
0.000283076
0.000162829
0.000175089
0.000299108
0.000558017
0.000945836
0.00138653
0.0017775
0.00203967
0.00214184
0.00208439
0.0019081
0.00167014
0.00142374
0.001169
0.000916047
0.00067099
0.000451944
0.000279625
0.000170006
0.000113348
8.49033e-05
7.44152e-05
8.05526e-05
0.000104008
0.00016017
0.000265478
0.00041792
0.000576265
0.000683151
0.000721973
0.000717426
0.000696996
0.000675131
0.000656496
0.000641577
0.000629842
0.000620647
0.000613398
0.000607568
0.000603246
0.00059994
0.000597452
0.000595542
0.000594015
0.000592763
0.000591753
0.000590981
0.000590418
0.000590001
0.000589647
0.00058927
0.000588798
0.000588151
0.000587286
0.000586245
0.000585138
0.000584125
0.000583379
0.00058302
0.000583067
0.000583439
0.000583996
0.000584592
0.000585133
0.000585582
0.000585918
0.00058616
0.00058634
0.000586487
0.000586623
0.000586761
0.000586908
0.000587065
0.000587231
0.000587402
0.000587572
0.000587732
0.000587868
0.00058796
0.000587981
0.000587903
0.0005877
0.000587362
0.000586904
0.00058638
0.000585904
0.000585664
0.000585665
0.00272037
0.00303212
0.0030292
0.002953
0.00275614
0.0024554
0.00214482
0.00187151
0.00160334
0.00127606
0.000860506
0.00045779
0.000222754
0.000144629
0.0001564
0.000244037
0.000422792
0.000676236
0.000939114
0.00113958
0.00123371
0.00120924
0.0010987
0.000942903
0.000780652
0.000616612
0.000463746
0.000328018
0.000218632
0.000143126
0.000101171
8.49294e-05
8.62567e-05
0.000104517
0.000143108
0.00020849
0.000315253
0.000456998
0.000595132
0.000685966
0.000719675
0.00071608
0.000697707
0.000677215
0.000659188
0.00064445
0.000632656
0.00062328
0.000615817
0.000609846
0.000604998
0.000601397
0.000598618
0.000596491
0.000594823
0.000593465
0.00059234
0.000591433
0.000590744
0.000590245
0.000589874
0.000589555
0.000589205
0.000588753
0.000588119
0.000587262
0.000586223
0.000585115
0.000584103
0.00058336
0.000583006
0.000583059
0.000583437
0.000583999
0.000584597
0.00058514
0.000585588
0.000585924
0.000586164
0.000586343
0.00058649
0.000586625
0.000586763
0.000586909
0.000587065
0.000587231
0.0005874
0.000587569
0.000587728
0.000587862
0.000587953
0.000587974
0.000587895
0.000587692
0.000587354
0.000586898
0.000586376
0.000585904
0.000585667
0.000585671
0.00278195
0.00311087
0.00311188
0.00303412
0.00283048
0.00252089
0.00220551
0.00193664
0.00169018
0.00141572
0.0010763
0.000690655
0.000371043
0.00019883
0.00013623
0.00013466
0.000182115
0.000275061
0.000395064
0.000506751
0.00057276
0.000575415
0.000528489
0.000453575
0.000372572
0.000292451
0.000222401
0.000164796
0.000123261
0.000100504
9.69252e-05
0.00011095
0.000143505
0.000199958
0.00028314
0.000391283
0.000516107
0.000627569
0.000696824
0.00072053
0.000714954
0.000697377
0.000677937
0.000660601
0.00064623
0.000634591
0.000625226
0.000617696
0.000611627
0.00060672
0.000602713
0.000599735
0.000597409
0.000595594
0.000594139
0.000592933
0.000591927
0.000591119
0.000590511
0.000590073
0.000589748
0.000589463
0.000589139
0.000588707
0.000588087
0.000587236
0.000586198
0.00058509
0.000584078
0.000583338
0.00058299
0.00058305
0.000583434
0.000584
0.000584602
0.000585145
0.000585594
0.000585929
0.000586168
0.000586346
0.000586492
0.000586627
0.000586764
0.000586909
0.000587065
0.000587229
0.000587397
0.000587565
0.000587722
0.000587856
0.000587946
0.000587966
0.000587886
0.000587683
0.000587346
0.00058689
0.000586372
0.000585903
0.00058567
0.000585677
0.00284145
0.00318389
0.00318867
0.00310956
0.00289921
0.0025797
0.00225541
0.00198158
0.001739
0.00148981
0.00121102
0.000898453
0.000584678
0.000342476
0.000203615
0.000139412
0.000122763
0.000136868
0.000169512
0.000208264
0.000236751
0.000243983
0.000231447
0.000206427
0.000177683
0.000149738
0.000127635
0.000113383
0.00010981
0.000120673
0.000150527
0.000202095
0.000276641
0.000373344
0.00048168
0.000584523
0.000664831
0.000710064
0.00072218
0.000713389
0.00069603
0.000677521
0.00066095
0.000647064
0.000635708
0.000626486
0.000619009
0.000612939
0.000608002
0.000603989
0.000600697
0.000598247
0.000596305
0.000594757
0.000593489
0.000592421
0.000591528
0.000590815
0.000590284
0.000589905
0.000589623
0.00058937
0.000589073
0.000588661
0.000588053
0.000587208
0.000586172
0.000585062
0.00058405
0.000583314
0.000582972
0.000583039
0.00058343
0.000584001
0.000584606
0.00058515
0.000585599
0.000585933
0.000586172
0.000586349
0.000586494
0.000586628
0.000586764
0.000586909
0.000587063
0.000587226
0.000587393
0.00058756
0.000587716
0.000587849
0.000587938
0.000587957
0.000587877
0.000587673
0.000587336
0.000586882
0.000586366
0.000585901
0.000585672
0.000585682
0.00289818
0.00325103
0.00325985
0.00317995
0.00296333
0.00263363
0.00229816
0.002014
0.00176461
0.00152005
0.00127109
0.00102181
0.000775954
0.000547109
0.000362705
0.00023631
0.000164933
0.000132666
0.000122331
0.000123523
0.000128232
0.000130745
0.00012919
0.000125019
0.000120885
0.000119418
0.000123806
0.00013748
0.000164881
0.000211513
0.000281332
0.000371263
0.000471004
0.000566847
0.000644405
0.00069546
0.000719421
0.000721456
0.000710119
0.000693264
0.000675911
0.000660309
0.000647073
0.000636115
0.000627131
0.000619789
0.000613793
0.000608894
0.000604887
0.00060162
0.00059893
0.00059692
0.000595299
0.000593978
0.000592874
0.000591933
0.000591145
0.000590523
0.000590064
0.00058974
0.0005895
0.00058928
0.000589009
0.000588615
0.000588019
0.000587179
0.000586142
0.000585032
0.00058402
0.000583288
0.000582953
0.000583028
0.000583425
0.000584002
0.000584609
0.000585155
0.000585604
0.000585937
0.000586174
0.000586351
0.000586495
0.000586628
0.000586764
0.000586908
0.000587061
0.000587223
0.000587388
0.000587553
0.000587709
0.000587841
0.000587929
0.000587947
0.000587866
0.000587662
0.000587326
0.000586874
0.00058636
0.000585899
0.000585673
0.000585686
0.0029518
0.00331232
0.0033257
0.00324559
0.00302319
0.00268329
0.00233537
0.00203805
0.00177669
0.00152597
0.00128469
0.00106696
0.000879653
0.0007144
0.000561222
0.00042103
0.000307513
0.000229719
0.000181364
0.000154333
0.000141739
0.000137883
0.000138994
0.000144495
0.000155111
0.000173441
0.000202039
0.000245316
0.000306491
0.000385545
0.000475858
0.000563722
0.000635735
0.00068533
0.000712393
0.000720954
0.000716369
0.000704053
0.000688555
0.000672888
0.000658614
0.000646275
0.000635881
0.000627241
0.000620108
0.000614242
0.000609426
0.000605473
0.000602231
0.000599582
0.000597387
0.000595739
0.000594384
0.000593256
0.000592295
0.00059147
0.000590782
0.000590245
0.000589854
0.000589582
0.000589381
0.000589192
0.000588946
0.00058857
0.000587984
0.000587147
0.00058611
0.000584998
0.000583987
0.000583259
0.000582932
0.000583015
0.00058342
0.000584001
0.000584611
0.000585159
0.000585607
0.00058594
0.000586176
0.000586352
0.000586495
0.000586628
0.000586763
0.000586906
0.000587058
0.000587218
0.000587383
0.000587546
0.000587701
0.000587832
0.000587919
0.000587937
0.000587855
0.000587651
0.000587315
0.000586864
0.000586354
0.000585896
0.000585674
0.00058569
0.00300251
0.00336811
0.00338653
0.00330664
0.00307881
0.00272874
0.00236757
0.00205561
0.00178033
0.00151962
0.00127617
0.00106848
0.000908363
0.000789904
0.00069481
0.000604197
0.000511285
0.000423752
0.000350271
0.00029677
0.000264731
0.000251335
0.000252138
0.000265158
0.000289626
0.000327166
0.00037677
0.000438808
0.000508987
0.000579043
0.000639123
0.000682169
0.00070691
0.000716464
0.000715257
0.000707219
0.000695315
0.000681812
0.000668311
0.000655766
0.000644629
0.000635018
0.000626868
0.000620037
0.000614358
0.000609662
0.00060579
0.000602602
0.000599981
0.000597834
0.000596042
0.000594689
0.000593553
0.000592588
0.000591754
0.000591035
0.000590441
0.000589983
0.000589656
0.000589431
0.000589266
0.000589107
0.000588885
0.000588526
0.000587948
0.000587114
0.000586076
0.000584962
0.000583952
0.000583229
0.00058291
0.000583002
0.000583414
0.000584
0.000584614
0.000585162
0.000585611
0.000585942
0.000586178
0.000586352
0.000586495
0.000586628
0.000586762
0.000586903
0.000587054
0.000587213
0.000587376
0.000587538
0.000587692
0.000587822
0.000587909
0.000587925
0.000587843
0.000587639
0.000587303
0.000586854
0.000586346
0.000585891
0.000585673
0.000585693
0.00305097
0.00341892
0.00344259
0.00336308
0.00313
0.00276978
0.0023948
0.00206742
0.0017778
0.00150671
0.00125882
0.00105312
0.000902133
0.000802404
0.000738994
0.000693594
0.000651402
0.000605731
0.000557259
0.000512482
0.000479199
0.000462285
0.000461643
0.000475625
0.000501673
0.000537999
0.000579017
0.000621173
0.000658955
0.000687717
0.000705294
0.00071236
0.000711387
0.000705151
0.000695885
0.000685088
0.000673718
0.000662472
0.000651845
0.000642147
0.000633533
0.000626041
0.000619628
0.000614208
0.000609673
0.000605903
0.000602782
0.000600205
0.000598082
0.000596338
0.000594869
0.000593754
0.0005928
0.000591975
0.000591253
0.000590633
0.000590125
0.00058974
0.000589469
0.000589289
0.000589159
0.000589027
0.000588828
0.000588483
0.000587912
0.000587079
0.000586038
0.000584923
0.000583915
0.000583198
0.000582887
0.000582988
0.000583407
0.000583999
0.000584616
0.000585165
0.000585614
0.000585944
0.000586179
0.000586353
0.000586495
0.000586626
0.00058676
0.0005869
0.00058705
0.000587207
0.000587368
0.000587529
0.000587681
0.000587811
0.000587897
0.000587913
0.00058783
0.000587626
0.000587291
0.000586843
0.000586338
0.000585886
0.000585672
0.000585695
0.00309809
0.00346524
0.00349394
0.00341464
0.00317638
0.00280612
0.00241702
0.00207384
0.0017701
0.00148959
0.00123801
0.00103325
0.000885751
0.000791614
0.000737714
0.000708945
0.00069257
0.000679984
0.000666852
0.000652985
0.000641084
0.00063461
0.000635275
0.000642828
0.000655442
0.000670981
0.00068581
0.000697968
0.000705666
0.000708239
0.000706163
0.000700611
0.000692874
0.000683981
0.000674621
0.000665207
0.000655996
0.000647198
0.000638987
0.000631494
0.000624795
0.000618915
0.000613839
0.000609515
0.000605874
0.000602831
0.000600303
0.000598208
0.000596479
0.000595055
0.000593846
0.000592925
0.000592122
0.000591416
0.000590796
0.000590265
0.000589836
0.000589517
0.000589297
0.000589156
0.000589058
0.000588953
0.000588773
0.000588441
0.000587875
0.000587041
0.000585998
0.000584881
0.000583875
0.000583165
0.000582864
0.000582974
0.000583401
0.000583998
0.000584617
0.000585168
0.000585616
0.000585946
0.00058618
0.000586352
0.000586494
0.000586625
0.000586757
0.000586897
0.000587045
0.0005872
0.000587359
0.000587519
0.00058767
0.000587799
0.000587884
0.0005879
0.000587817
0.000587612
0.000587277
0.000586831
0.000586329
0.000585881
0.000585669
0.000585696
0.00314447
0.00350713
0.00354025
0.00346081
0.00321751
0.00283748
0.00243417
0.00207511
0.00175787
0.00146932
0.00121572
0.0010129
0.000868369
0.000776612
0.000724659
0.000698805
0.000688049
0.000684839
0.000684614
0.000685167
0.000685971
0.000687345
0.000689658
0.00069282
0.000696227
0.000699088
0.000700542
0.000700097
0.000697522
0.000692971
0.00068689
0.000679829
0.000672272
0.000664557
0.000656899
0.000649424
0.000642227
0.000635399
0.000629027
0.000623185
0.000617924
0.00061327
0.000609218
0.000605742
0.000602796
0.000600321
0.000598255
0.00059654
0.000595123
0.000593955
0.000592956
0.000592193
0.000591516
0.000590914
0.000590385
0.000589935
0.000589577
0.000589315
0.000589141
0.000589035
0.000588965
0.000588884
0.000588722
0.000588399
0.000587836
0.000587001
0.000585954
0.000584836
0.000583834
0.000583132
0.00058284
0.000582959
0.000583394
0.000583997
0.000584619
0.000585171
0.000585619
0.000585948
0.00058618
0.000586352
0.000586493
0.000586623
0.000586755
0.000586893
0.000587039
0.000587192
0.00058735
0.000587508
0.000587658
0.000587786
0.00058787
0.000587885
0.000587802
0.000587597
0.000587263
0.000586819
0.000586319
0.000585874
0.000585666
0.000585697
0.00319001
0.00354408
0.00358077
0.00350087
0.00325294
0.00286372
0.00244635
0.00207158
0.00174166
0.00144656
0.00119268
0.000993098
0.000852244
0.000762804
0.000711567
0.000685454
0.000674337
0.000671384
0.000672404
0.000675022
0.000678015
0.000680807
0.000683115
0.000684744
0.000685476
0.000685071
0.000683564
0.000680877
0.000677075
0.00067234
0.000666924
0.000661094
0.00065507
0.000649014
0.000643034
0.000637207
0.000631596
0.000626264
0.000621271
0.000616669
0.000612497
0.000608778
0.000605516
0.000602697
0.000600291
0.000598259
0.000596556
0.000595142
0.000593975
0.000593013
0.000592184
0.000591551
0.000590981
0.00059047
0.000590021
0.000589644
0.000589348
0.000589135
0.000589
0.000588925
0.000588882
0.000588821
0.000588674
0.000588358
0.000587795
0.000586957
0.000585907
0.000584789
0.000583791
0.000583098
0.000582816
0.000582946
0.000583388
0.000583996
0.000584621
0.000585174
0.000585621
0.000585949
0.00058618
0.000586351
0.000586492
0.000586621
0.000586752
0.000586889
0.000587033
0.000587184
0.00058734
0.000587496
0.000587645
0.000587772
0.000587856
0.00058787
0.000587787
0.000587582
0.000587249
0.000586806
0.000586308
0.000585867
0.000585662
0.000585697
0.00323357
0.00357494
0.00361446
0.00353408
0.00328235
0.00288484
0.00245378
0.00206363
0.00172204
0.00142198
0.00116933
0.000974105
0.000837622
0.000750945
0.000700666
0.000674196
0.000662008
0.000657754
0.00065755
0.000659163
0.000661358
0.000663464
0.000665111
0.000666085
0.000666246
0.000665471
0.000663917
0.000661564
0.000658483
0.000654795
0.000650648
0.000646198
0.000641582
0.00063691
0.000632265
0.000627715
0.000623315
0.000619117
0.000615167
0.000611507
0.000608168
0.000605171
0.000602522
0.000600216
0.000598233
0.00059655
0.000595138
0.000593966
0.000593003
0.00059221
0.000591521
0.000590995
0.000590516
0.000590084
0.000589706
0.000589391
0.000589148
0.000588977
0.000588875
0.000588827
0.000588807
0.000588764
0.000588628
0.000588316
0.000587752
0.00058691
0.000585857
0.000584739
0.000583748
0.000583064
0.000582793
0.000582933
0.000583383
0.000583996
0.000584624
0.000585177
0.000585624
0.00058595
0.00058618
0.00058635
0.00058649
0.000586619
0.000586748
0.000586884
0.000587027
0.000587176
0.000587329
0.000587484
0.000587631
0.000587757
0.00058784
0.000587854
0.000587771
0.000587566
0.000587234
0.000586793
0.000586297
0.000585859
0.000585658
0.000585697
0.0032731
0.00359825
0.0036403
0.00355986
0.00330561
0.00290103
0.0024568
0.00205177
0.00169959
0.00139613
0.00114604
0.000956006
0.000824356
0.000740769
0.000691787
0.000665322
0.000652383
0.000647021
0.000645606
0.000646053
0.00064721
0.000648454
0.00064944
0.000649976
0.000649944
0.000649247
0.000648011
0.000646214
0.000643895
0.000641127
0.000638002
0.000634621
0.00063108
0.000627462
0.000623836
0.00062026
0.000616784
0.000613452
0.000610303
0.000607368
0.000604675
0.00060224
0.000600071
0.000598169
0.000596524
0.000595124
0.00059395
0.00059298
0.000592186
0.000591531
0.000590957
0.000590521
0.000590118
0.000589755
0.000589438
0.000589176
0.000588976
0.00058884
0.000588766
0.000588742
0.000588741
0.000588712
0.000588584
0.000588274
0.000587706
0.000586859
0.000585803
0.000584688
0.000583704
0.00058303
0.000582771
0.000582921
0.000583379
0.000583997
0.000584627
0.00058518
0.000585626
0.000585951
0.00058618
0.000586349
0.000586488
0.000586616
0.000586745
0.000586879
0.00058702
0.000587166
0.000587318
0.000587471
0.000587616
0.000587741
0.000587824
0.000587837
0.000587754
0.00058755
0.000587218
0.000586779
0.000586286
0.000585851
0.000585653
0.000585696
0.00330627
0.00361297
0.00365783
0.00357813
0.00332287
0.00291261
0.00245584
0.00203655
0.00167498
0.00136953
0.00112311
0.000938853
0.000812274
0.000731932
0.000684457
0.000658286
0.000644941
0.00063883
0.000636541
0.000636114
0.000636473
0.000637041
0.000637511
0.00063771
0.000637535
0.000636901
0.0006359
0.000634501
0.000632722
0.000630606
0.000628212
0.000625607
0.000622858
0.000620028
0.000617173
0.000614341
0.000611575
0.00060891
0.00060638
0.00060401
0.000601821
0.000599828
0.000598042
0.000596465
0.000595098
0.000593933
0.000592959
0.000592158
0.000591504
0.000590964
0.000590484
0.000590123
0.000589786
0.00058948
0.000589214
0.000588995
0.00058883
0.000588723
0.000588673
0.000588669
0.000588683
0.000588665
0.000588541
0.000588229
0.000587657
0.000586804
0.000585747
0.000584636
0.00058366
0.000582998
0.00058275
0.00058291
0.000583375
0.000583998
0.00058463
0.000585184
0.000585629
0.000585952
0.00058618
0.000586348
0.000586486
0.000586613
0.000586741
0.000586873
0.000587012
0.000587157
0.000587306
0.000587457
0.000587601
0.000587725
0.000587806
0.00058782
0.000587736
0.000587532
0.000587202
0.000586765
0.000586274
0.000585842
0.000585648
0.000585695
0.0033315
0.00361942
0.00366783
0.0035896
0.00333457
0.00291985
0.00245133
0.00201858
0.00164886
0.00134272
0.00110083
0.000922699
0.000801253
0.000724172
0.000678295
0.000652597
0.000639087
0.000632499
0.000629613
0.000628574
0.000628366
0.000628449
0.000628539
0.000628481
0.000628184
0.000627572
0.000626712
0.000625571
0.000624154
0.000622485
0.000620604
0.000618555
0.000616386
0.000614144
0.000611872
0.000609609
0.000607388
0.000605241
0.000603192
0.000601263
0.000599472
0.000597832
0.000596354
0.000595046
0.000593911
0.000592945
0.000592141
0.000591482
0.000590943
0.000590496
0.000590093
0.000589795
0.000589512
0.000589254
0.000589029
0.000588845
0.000588709
0.000588625
0.000588595
0.000588607
0.000588634
0.000588622
0.000588499
0.000588183
0.000587604
0.000586746
0.000585689
0.000584583
0.000583617
0.000582966
0.000582731
0.0005829
0.000583373
0.000583999
0.000584633
0.000585187
0.000585631
0.000585953
0.000586179
0.000586346
0.000586483
0.00058661
0.000586736
0.000586868
0.000587005
0.000587147
0.000587294
0.000587443
0.000587585
0.000587707
0.000587788
0.000587801
0.000587718
0.000587515
0.000587186
0.00058675
0.000586262
0.000585833
0.000585642
0.000585693
0.00334886
0.00362009
0.00367275
0.00359592
0.00334135
0.0029229
0.00244356
0.0019985
0.00162196
0.00131625
0.0010795
0.000907628
0.000791228
0.000717329
0.000673056
0.000647928
0.000634408
0.000627529
0.00062424
0.000622777
0.000622172
0.000621911
0.000621727
0.00062148
0.000621085
0.000620475
0.000619702
0.00061873
0.000617557
0.000616198
0.000614679
0.000613031
0.000611288
0.000609485
0.000607653
0.000605823
0.000604022
0.000602275
0.000600601
0.000599018
0.000597542
0.000596187
0.000594962
0.000593877
0.000592936
0.000592139
0.000591475
0.000590932
0.000590487
0.000590117
0.000589777
0.00058953
0.000589291
0.000589071
0.000588879
0.000588723
0.000588609
0.000588545
0.000588531
0.000588557
0.000588591
0.000588582
0.000588456
0.000588134
0.000587547
0.000586686
0.00058563
0.00058453
0.000583575
0.000582937
0.000582713
0.000582892
0.000583371
0.000584002
0.000584638
0.000585191
0.000585634
0.000585954
0.000586178
0.000586344
0.00058648
0.000586606
0.000586731
0.000586861
0.000586997
0.000587137
0.000587282
0.000587429
0.000587569
0.00058769
0.00058777
0.000587782
0.000587699
0.000587497
0.000587169
0.000586735
0.00058625
0.000585824
0.000585636
0.000585692
0.00336049
0.00361944
0.00367646
0.00359943
0.00334396
0.0029217
0.00243267
0.00197688
0.001595
0.00129071
0.00105947
0.000893778
0.00078221
0.000711329
0.000668606
0.000644084
0.000630647
0.000623598
0.000620039
0.000618282
0.000617397
0.000616893
0.000616514
0.000616128
0.000615659
0.000615045
0.000614327
0.00061347
0.000612468
0.000611329
0.000610071
0.000608716
0.000607287
0.00060581
0.000604311
0.000602811
0.000601332
0.000599894
0.000598512
0.000597202
0.000595978
0.000594852
0.000593834
0.000592932
0.000592152
0.000591491
0.000590942
0.000590493
0.000590124
0.000589814
0.000589525
0.000589319
0.000589116
0.000588926
0.00058876
0.000588625
0.000588531
0.000588482
0.000588482
0.000588516
0.000588555
0.000588544
0.000588412
0.000588082
0.000587488
0.000586623
0.000585571
0.000584479
0.000583536
0.00058291
0.000582697
0.000582885
0.000583371
0.000584005
0.000584642
0.000585195
0.000585636
0.000585954
0.000586177
0.000586341
0.000586476
0.000586601
0.000586726
0.000586854
0.000586988
0.000587127
0.00058727
0.000587414
0.000587552
0.000587671
0.00058775
0.000587762
0.000587679
0.000587478
0.000587152
0.00058672
0.000586238
0.000585815
0.000585631
0.00058569
0.00336976
0.00362252
0.00368297
0.00360241
0.00334296
0.00291591
0.00241852
0.00195415
0.00156865
0.00126668
0.00104108
0.000881307
0.000774249
0.000706158
0.000664881
0.000640953
0.000627645
0.000620504
0.00061676
0.000614794
0.000613709
0.000613029
0.000612509
0.000612022
0.000611497
0.000610877
0.000610197
0.000609421
0.000608541
0.000607562
0.000606494
0.000605355
0.00060416
0.000602929
0.000601681
0.000600434
0.000599203
0.000598004
0.000596851
0.000595756
0.000594732
0.00059379
0.000592938
0.000592185
0.000591534
0.000590983
0.000590525
0.00059015
0.000589841
0.00058958
0.000589331
0.000589157
0.000588981
0.000588815
0.000588669
0.000588552
0.000588472
0.000588436
0.000588445
0.000588484
0.000588523
0.000588508
0.000588367
0.000588027
0.000587426
0.00058656
0.000585513
0.000584431
0.000583499
0.000582886
0.000582683
0.000582879
0.000583371
0.000584009
0.000584646
0.000585198
0.000585637
0.000585953
0.000586174
0.000586337
0.000586471
0.000586595
0.000586719
0.000586847
0.000586979
0.000587116
0.000587257
0.000587399
0.000587536
0.000587653
0.000587731
0.000587742
0.00058766
0.000587459
0.000587135
0.000586705
0.000586226
0.000585806
0.000585625
0.000585688
0.00337968
0.00363265
0.00369467
0.00360611
0.00333841
0.00290496
0.00240075
0.00193046
0.00154333
0.00124453
0.00102457
0.00087033
0.000767376
0.000701801
0.000661828
0.000638451
0.000625286
0.000618092
0.000614216
0.000612095
0.00061086
0.000610048
0.000609423
0.00060886
0.000608293
0.000607666
0.000607013
0.000606297
0.000605507
0.000604645
0.00060372
0.000602742
0.000601725
0.000600681
0.000599626
0.000598572
0.000597534
0.000596522
0.000595548
0.000594624
0.000593759
0.000592963
0.000592244
0.000591608
0.000591058
0.000590594
0.000590208
0.00058989
0.000589628
0.000589404
0.000589186
0.000589037
0.000588882
0.000588734
0.000588604
0.0005885
0.000588432
0.000588405
0.000588418
0.000588459
0.000588494
0.00058847
0.000588319
0.000587969
0.000587363
0.000586498
0.000585457
0.000584386
0.000583465
0.000582863
0.000582671
0.000582875
0.000583372
0.000584012
0.00058465
0.000585201
0.000585638
0.000585952
0.000586171
0.000586332
0.000586466
0.000586589
0.000586712
0.000586838
0.00058697
0.000587105
0.000587244
0.000587384
0.000587519
0.000587634
0.000587711
0.000587722
0.00058764
0.00058744
0.000587118
0.000586691
0.000586214
0.000585798
0.00058562
0.000585687
0.00339136
0.00364931
0.00371084
0.00360991
0.00332963
0.00288816
0.00237884
0.00190564
0.00151908
0.00122433
0.00100995
0.00086082
0.000761537
0.000698179
0.000659354
0.000636466
0.000623438
0.000616212
0.000612234
0.000609993
0.00060864
0.000607726
0.000607018
0.000606397
0.000605797
0.000605167
0.000604535
0.000603866
0.000603146
0.000602376
0.000601561
0.00060071
0.00059983
0.000598932
0.000598026
0.000597125
0.000596237
0.000595372
0.00059454
0.00059375
0.000593011
0.00059233
0.000591716
0.000591172
0.000590702
0.000590305
0.000589974
0.000589701
0.000589475
0.000589279
0.000589085
0.000588955
0.000588815
0.000588681
0.000588562
0.000588469
0.000588408
0.000588386
0.000588401
0.000588438
0.000588465
0.000588431
0.000588269
0.000587911
0.000587301
0.000586439
0.000585405
0.000584344
0.000583434
0.000582843
0.00058266
0.000582871
0.000583373
0.000584016
0.000584654
0.000585203
0.000585638
0.000585949
0.000586167
0.000586327
0.000586459
0.000586581
0.000586704
0.000586829
0.000586959
0.000587093
0.000587231
0.000587369
0.000587502
0.000587616
0.000587691
0.000587702
0.00058762
0.000587421
0.000587101
0.000586676
0.000586202
0.000585789
0.000585615
0.000585686
0.00340364
0.00366799
0.00372769
0.0036117
0.00331576
0.00286512
0.0023525
0.00187939
0.00149564
0.00120583
0.000997006
0.000852577
0.000756562
0.000695142
0.000657311
0.000634849
0.000621944
0.000614697
0.000610641
0.000608305
0.00060686
0.000605865
0.000605094
0.000604429
0.000603806
0.000603177
0.000602567
0.000601939
0.00060128
0.000600587
0.000599864
0.000599116
0.000598348
0.000597568
0.000596783
0.000596003
0.000595235
0.000594488
0.000593768
0.000593085
0.000592444
0.000591855
0.000591322
0.000590851
0.000590443
0.000590098
0.00058981
0.000589572
0.000589372
0.000589199
0.000589022
0.000588906
0.000588777
0.000588652
0.000588542
0.000588454
0.000588397
0.000588376
0.000588388
0.000588418
0.000588435
0.000588389
0.000588217
0.000587852
0.000587242
0.000586383
0.000585358
0.000584306
0.000583406
0.000582824
0.000582649
0.000582868
0.000583375
0.000584019
0.000584657
0.000585204
0.000585636
0.000585946
0.000586161
0.00058632
0.000586451
0.000586573
0.000586694
0.000586819
0.000586948
0.000587081
0.000587218
0.000587354
0.000587485
0.000587597
0.000587671
0.000587682
0.0005876
0.000587403
0.000587084
0.000586661
0.000586191
0.000585781
0.00058561
0.000585684
0.00341452
0.00368238
0.00374025
0.00360928
0.00329669
0.00283652
0.00232214
0.00185167
0.00147274
0.00118871
0.000985413
0.000845331
0.000752224
0.000692498
0.000655532
0.000633444
0.000620654
0.000613401
0.000609289
0.000606881
0.000605367
0.000604313
0.000603496
0.000602802
0.000602168
0.000601547
0.000600962
0.000600376
0.000599773
0.00059915
0.000598508
0.000597849
0.000597177
0.000596496
0.000595813
0.000595133
0.000594463
0.00059381
0.000593181
0.000592582
0.00059202
0.000591502
0.000591034
0.00059062
0.000590262
0.000589957
0.000589703
0.000589491
0.000589312
0.000589155
0.000588991
0.000588884
0.000588763
0.000588644
0.000588538
0.000588453
0.000588395
0.00058837
0.000588375
0.000588395
0.0005884
0.000588344
0.000588163
0.000587795
0.000587186
0.000586332
0.000585315
0.000584271
0.00058338
0.000582806
0.000582639
0.000582864
0.000583375
0.000584022
0.000584659
0.000585204
0.000585633
0.00058594
0.000586154
0.000586311
0.000586442
0.000586563
0.000586684
0.000586808
0.000586937
0.000587069
0.000587204
0.000587339
0.000587468
0.000587579
0.000587652
0.000587662
0.00058758
0.000587384
0.000587067
0.000586647
0.000586179
0.000585773
0.000585605
0.000585683
0.00342326
0.00368798
0.00374497
0.00360173
0.00327375
0.00280442
0.00228931
0.00182323
0.00145052
0.00117284
0.000974971
0.00083889
0.000748364
0.000690119
0.000653906
0.000632151
0.000619474
0.00061223
0.000608085
0.000605632
0.000604074
0.000602982
0.000602138
0.000601429
0.000600794
0.000600187
0.000599631
0.000599085
0.000598535
0.000597976
0.000597407
0.000596828
0.000596239
0.000595645
0.000595048
0.000594453
0.000593865
0.00059329
0.000592735
0.000592205
0.000591707
0.000591247
0.000590831
0.000590463
0.000590143
0.000589871
0.000589642
0.00058945
0.000589287
0.00058914
0.000588985
0.000588884
0.000588767
0.000588651
0.000588545
0.000588458
0.000588396
0.000588363
0.000588357
0.000588366
0.00058836
0.000588295
0.00058811
0.000587741
0.000587135
0.000586288
0.000585276
0.000584239
0.000583355
0.000582789
0.000582629
0.00058286
0.000583375
0.000584023
0.00058466
0.000585202
0.000585629
0.000585934
0.000586146
0.000586302
0.000586432
0.000586553
0.000586673
0.000586797
0.000586924
0.000587056
0.00058719
0.000587324
0.000587452
0.000587562
0.000587634
0.000587643
0.000587562
0.000587367
0.000587051
0.000586633
0.000586168
0.000585764
0.0005856
0.000585681
0.00343134
0.00368416
0.00374092
0.00358939
0.00324891
0.00277168
0.00225661
0.00179572
0.00142977
0.00115847
0.000965713
0.000833231
0.000744963
0.000687992
0.000652428
0.000630966
0.000618397
0.000611175
0.000607016
0.000604538
0.000602954
0.000601842
0.000600986
0.000600274
0.000599646
0.000599059
0.000598532
0.000598026
0.000597523
0.00059702
0.000596515
0.000596004
0.000595487
0.000594966
0.000594442
0.000593918
0.0005934
0.000592891
0.000592397
0.000591924
0.00059148
0.000591068
0.000590695
0.000590363
0.000590075
0.000589828
0.000589619
0.000589442
0.000589289
0.000589149
0.000588999
0.000588901
0.000588785
0.000588667
0.000588558
0.000588465
0.000588394
0.000588351
0.000588333
0.00058833
0.000588315
0.000588245
0.000588059
0.000587693
0.000587091
0.000586248
0.000585242
0.000584209
0.00058333
0.00058277
0.000582618
0.000582855
0.000583374
0.000584023
0.000584659
0.000585199
0.000585624
0.000585926
0.000586136
0.000586292
0.000586421
0.000586541
0.000586661
0.000586784
0.000586911
0.000587042
0.000587175
0.000587309
0.000587436
0.000587545
0.000587617
0.000587625
0.000587544
0.000587349
0.000587035
0.000586619
0.000586156
0.000585756
0.000585595
0.000585679
0.00344141
0.00367346
0.003729
0.00357269
0.00322358
0.00274084
0.00222679
0.0017712
0.00141164
0.0011461
0.000957815
0.000828419
0.00074206
0.000686161
0.000651145
0.000629934
0.000617463
0.000610267
0.000606104
0.000603612
0.000602015
0.000600895
0.000600036
0.000599328
0.000598713
0.000598147
0.000597648
0.000597176
0.000596714
0.000596258
0.000595803
0.000595348
0.00059489
0.000594427
0.000593963
0.000593498
0.000593037
0.000592582
0.000592141
0.000591717
0.000591317
0.000590947
0.00059061
0.000590309
0.000590046
0.00058982
0.000589626
0.000589459
0.000589312
0.000589177
0.000589027
0.000588929
0.00058881
0.000588688
0.000588572
0.000588469
0.000588387
0.000588331
0.000588301
0.000588288
0.000588267
0.000588195
0.000588012
0.000587651
0.000587053
0.000586214
0.00058521
0.00058418
0.000583306
0.000582752
0.000582605
0.000582848
0.000583371
0.000584022
0.000584657
0.000585195
0.000585617
0.000585917
0.000586126
0.000586281
0.00058641
0.000586529
0.000586649
0.000586771
0.000586897
0.000587027
0.00058716
0.000587294
0.000587421
0.000587529
0.0005876
0.000587609
0.000587527
0.000587333
0.00058702
0.000586606
0.000586145
0.000585747
0.000585589
0.000585676
0.00345496
0.00365889
0.00371024
0.00355144
0.0031979
0.00271316
0.00220158
0.00175099
0.00139682
0.00113598
0.000951338
0.000824452
0.000739657
0.000684643
0.000650083
0.000629081
0.000616693
0.00060952
0.000605356
0.000602856
0.000601251
0.000600126
0.000599268
0.000598568
0.000597966
0.00059742
0.000596946
0.000596503
0.000596075
0.000595656
0.000595242
0.00059483
0.000594417
0.000594001
0.000593584
0.000593166
0.000592751
0.000592343
0.000591945
0.000591563
0.000591203
0.000590868
0.000590562
0.000590288
0.000590047
0.000589837
0.000589655
0.000589495
0.000589352
0.000589217
0.000589066
0.000588964
0.000588839
0.000588709
0.000588583
0.000588468
0.000588372
0.000588303
0.000588263
0.000588243
0.00058822
0.00058815
0.000587972
0.000587616
0.000587022
0.000586185
0.000585182
0.000584153
0.000583281
0.000582732
0.000582592
0.000582841
0.000583367
0.00058402
0.000584654
0.000585189
0.000585609
0.000585908
0.000586115
0.00058627
0.000586398
0.000586517
0.000586636
0.000586757
0.000586883
0.000587012
0.000587145
0.000587279
0.000587406
0.000587514
0.000587585
0.000587593
0.000587511
0.000587318
0.000587005
0.000586593
0.000586134
0.000585738
0.000585582
0.000585672
0.00347003
0.00364146
0.00368483
0.003525
0.00317118
0.00268813
0.00218042
0.00173444
0.00138463
0.00112757
0.000945882
0.000821085
0.000737613
0.000683356
0.000649188
0.000628369
0.000616053
0.000608901
0.000604737
0.000602231
0.00060062
0.000599494
0.000598639
0.000597946
0.000597357
0.00059683
0.000596378
0.00059596
0.000595559
0.000595171
0.000594791
0.000594414
0.000594037
0.000593658
0.000593279
0.0005929
0.000592524
0.000592154
0.000591795
0.000591449
0.000591123
0.000590819
0.000590541
0.00059029
0.000590067
0.00058987
0.000589697
0.000589542
0.0005894
0.000589263
0.000589107
0.000588998
0.000588866
0.000588726
0.000588588
0.00058846
0.000588352
0.000588272
0.000588223
0.000588199
0.000588176
0.000588111
0.000587939
0.000587588
0.000586997
0.00058616
0.000585155
0.000584126
0.000583256
0.000582712
0.000582578
0.000582833
0.000583363
0.000584016
0.000584649
0.000585183
0.000585601
0.000585898
0.000586104
0.000586258
0.000586386
0.000586505
0.000586623
0.000586744
0.000586868
0.000586997
0.00058713
0.000587264
0.000587392
0.0005875
0.000587571
0.000587579
0.000587497
0.000587303
0.000586992
0.00058658
0.000586123
0.000585728
0.000585575
0.000585667
0.00348164
0.00362037
0.0036529
0.00349322
0.00314242
0.00266363
0.0021606
0.001719
0.00137317
0.00111961
0.000940731
0.000817919
0.000735701
0.000682161
0.000648365
0.00062772
0.000615476
0.000608347
0.000604186
0.000601677
0.000600065
0.000598939
0.000598088
0.000597403
0.000596827
0.000596317
0.000595885
0.00059549
0.000595116
0.000594756
0.000594406
0.00059406
0.000593716
0.000593372
0.000593026
0.000592682
0.00059234
0.000592004
0.000591677
0.000591363
0.000591066
0.000590789
0.000590534
0.000590303
0.000590094
0.000589908
0.000589741
0.000589588
0.000589445
0.000589304
0.000589141
0.000589025
0.000588884
0.000588734
0.000588586
0.000588447
0.000588329
0.000588239
0.000588185
0.000588159
0.000588138
0.000588078
0.000587912
0.000587565
0.000586975
0.000586137
0.00058513
0.000584099
0.000583231
0.000582692
0.000582564
0.000582823
0.000583356
0.000584011
0.000584643
0.000585175
0.000585591
0.000585887
0.000586093
0.000586246
0.000586374
0.000586493
0.00058661
0.00058673
0.000586854
0.000586982
0.000587115
0.000587249
0.000587378
0.000587487
0.000587558
0.000587566
0.000587484
0.00058729
0.000586979
0.000586568
0.000586112
0.000585718
0.000585566
0.000585661
0.00348441
0.00359433
0.00361443
0.00345452
0.00310742
0.00263346
0.00213561
0.00169942
0.00135895
0.00111012
0.00093487
0.000814511
0.000733772
0.000681037
0.000647637
0.000627163
0.000614979
0.000607864
0.0006037
0.000601183
0.000599565
0.000598436
0.000597586
0.000596908
0.000596342
0.000595846
0.000595432
0.000595057
0.000594707
0.000594375
0.000594054
0.000593739
0.000593426
0.000593114
0.0005928
0.000592487
0.000592176
0.00059187
0.000591572
0.000591285
0.000591013
0.000590757
0.000590521
0.000590305
0.000590109
0.00058993
0.000589766
0.000589614
0.000589469
0.000589324
0.000589156
0.000589034
0.000588885
0.000588728
0.000588571
0.000588425
0.000588298
0.000588203
0.000588144
0.000588118
0.0005881
0.000588045
0.000587884
0.00058754
0.00058695
0.000586109
0.000585099
0.000584067
0.000583201
0.000582666
0.000582543
0.000582808
0.000583344
0.000584
0.000584632
0.000585162
0.000585577
0.000585872
0.000586077
0.000586231
0.000586359
0.000586477
0.000586594
0.000586713
0.000586836
0.000586964
0.000587097
0.000587232
0.000587361
0.000587471
0.000587542
0.00058755
0.000587468
0.000587274
0.000586963
0.000586553
0.000586097
0.000585705
0.000585554
0.000585651
0.00347494
0.00355835
0.00355974
0.00339298
0.00304771
0.002582
0.00209532
0.00167012
0.00133896
0.00109727
0.000927041
0.000809921
0.000731115
0.000679454
0.000646608
0.000626401
0.000614335
0.000607265
0.000603115
0.000600601
0.000598982
0.000597854
0.000597006
0.000596333
0.000595776
0.000595292
0.000594892
0.000594536
0.000594206
0.000593897
0.000593601
0.000593313
0.000593028
0.000592744
0.000592458
0.000592172
0.000591886
0.000591605
0.00059133
0.000591064
0.000590811
0.000590573
0.000590351
0.000590147
0.000589958
0.000589785
0.000589624
0.000589472
0.000589325
0.000589176
0.000589005
0.000588878
0.000588725
0.000588562
0.0005884
0.000588248
0.000588116
0.000588016
0.000587954
0.000587926
0.00058791
0.000587858
0.000587701
0.00058736
0.000586769
0.000585927
0.000584915
0.000583883
0.00058302
0.00058249
0.000582373
0.000582642
0.000583182
0.000583838
0.000584469
0.000584998
0.000585412
0.000585707
0.000585912
0.000586066
0.000586195
0.000586314
0.000586432
0.000586551
0.000586674
0.000586802
0.000586936
0.000587071
0.000587201
0.000587312
0.000587383
0.00058739
0.000587308
0.000587116
0.000586807
0.0005864
0.000585947
0.000585559
0.000585412
0.000585515
0.00339863
0.00338996
0.00330811
0.00309327
0.00274851
0.00232863
0.00190952
0.00154779
0.00126379
0.00105269
0.00090066
0.000793737
0.000720365
0.000671482
0.000640018
0.000620492
0.000608773
0.000601897
0.000597873
0.000595454
0.000593916
0.000592862
0.000592084
0.000591477
0.000590984
0.00059057
0.000590228
0.000589928
0.000589653
0.000589395
0.000589146
0.000588898
0.000588648
0.000588396
0.000588138
0.000587874
0.000587608
0.000587345
0.000587086
0.000586835
0.000586595
0.000586367
0.000586152
0.000585951
0.000585763
0.000585586
0.000585418
0.000585255
0.000585094
0.000584931
0.000584748
0.000584602
0.000584431
0.000584251
0.000584072
0.000583903
0.000583754
0.000583636
0.000583559
0.000583517
0.00058349
0.000583428
0.000583264
0.000582917
0.000582323
0.000581479
0.00058047
0.000579444
0.000578589
0.000578069
0.000577961
0.000578235
0.000578776
0.000579428
0.000580051
0.000580572
0.000580975
0.000581263
0.000581465
0.000581619
0.000581751
0.000581877
0.000582005
0.000582137
0.000582269
0.000582403
0.000582536
0.000582662
0.000582778
0.000582873
0.00058293
0.000582931
0.000582852
0.000582673
0.000582389
0.000582018
0.000581615
0.000581286
0.000581209
0.000581378
0.00262883
0.00221196
0.00194918
0.00171462
0.00149377
0.00129442
0.0011203
0.00097195
0.000849223
0.000751146
0.000675524
0.000619317
0.000579184
0.000551799
0.000534041
0.000523131
0.000516761
0.000513199
0.000511258
0.000510198
0.000509597
0.000509235
0.000508998
0.000508836
0.000508727
0.000508704
0.000508641
0.000508591
0.000508546
0.000508486
0.000508393
0.000508248
0.000508048
0.000507789
0.000507495
0.000507148
0.000506769
0.000506379
0.000505987
0.000505595
0.000505206
0.000504821
0.000504439
0.000504063
0.000503682
0.000503297
0.0005029
0.000502487
0.000502061
0.000501635
0.000501224
0.000500794
0.000500351
0.000499911
0.000499478
0.000499056
0.000498661
0.000498307
0.000498002
0.000497743
0.000497507
0.000497242
0.000496882
0.000496346
0.000495575
0.000494565
0.000493399
0.00049223
0.000491244
0.000490604
0.000490378
0.000490533
0.000490944
0.000491447
0.000491899
0.000492245
0.00049244
0.000492532
0.000492558
0.000492557
0.000492551
0.000492562
0.000492602
0.00049266
0.000492704
0.000492709
0.000492673
0.000492555
0.0004924
0.000492219
0.000492024
0.000491826
0.000491623
0.000491402
0.000491164
0.00049093
0.000490762
0.000490772
0.000491128
0.000491723
0.00016921
0.00017232
0.000174974
0.000177055
0.000178799
0.000180393
0.000181887
0.000183246
0.000184413
0.000185348
0.000186044
0.000186525
0.000186837
0.000187035
0.000187171
0.000187281
0.000187389
0.000187508
0.000187642
0.000187792
0.000187958
0.000188147
0.000188361
0.000188594
0.000188838
0.000189078
0.000189339
0.000189602
0.000189866
0.000190129
0.000190391
0.00019065
0.000190908
0.000191161
0.000191412
0.000191658
0.0001919
0.000192138
0.000192371
0.000192599
0.000192822
0.000193039
0.000193251
0.000193456
0.000193655
0.000193848
0.000194035
0.000194216
0.00019439
0.000194556
0.000194697
0.000194849
0.000194994
0.000195129
0.000195257
0.000195377
0.000195493
0.000195605
0.000195715
0.000195826
0.000195942
0.000196069
0.000196219
0.000196409
0.000196667
0.000197006
0.000197372
0.000197752
0.000198143
0.000198542
0.000198948
0.000199359
0.000199773
0.000200187
0.000200598
0.000200995
0.000201404
0.000201816
0.000202229
0.000202646
0.000203066
0.000203489
0.000203915
0.000204343
0.000204774
0.000205204
0.000205634
0.000206062
0.00020649
0.000206916
0.000207339
0.000207758
0.000208172
0.000208579
0.000208976
0.00020936
0.000209727
0.000210073
0.000210388
0.000210614
)
;

boundaryField
{
    AXIS
    {
        type            empty;
    }
    OUTLET
    {
        type            calculated;
        value           nonuniform List<scalar> 
80
(
0.000597425
0.000597294
0.000596842
0.000596113
0.000595098
0.000593905
0.000592698
0.000591567
0.000590528
0.000589581
0.000588736
0.000588007
0.000587404
0.000586922
0.000586547
0.000586207
0.000585947
0.000585779
0.000585674
0.000585611
0.000585576
0.000585557
0.000585548
0.000585544
0.000585544
0.000585544
0.000585546
0.000585547
0.000585549
0.000585551
0.000585553
0.000585557
0.000585562
0.000585567
0.000585573
0.000585578
0.000585585
0.000585593
0.000585602
0.000585614
0.000585621
0.000585624
0.000585629
0.000585637
0.000585644
0.000585651
0.000585658
0.000585665
0.000585671
0.000585677
0.000585682
0.000585686
0.00058569
0.000585693
0.000585695
0.000585696
0.000585697
0.000585697
0.000585697
0.000585696
0.000585695
0.000585693
0.000585692
0.00058569
0.000585688
0.000585687
0.000585686
0.000585684
0.000585683
0.000585681
0.000585679
0.000585676
0.000585672
0.000585667
0.000585661
0.000585651
0.000585515
0.000581378
0.000491723
0.000210614
)
;
    }
    COFLOW
    {
        type            calculated;
        value           uniform 0.00338824;
    }
    PILOT
    {
        type            calculated;
        value           uniform 0.000552153;
    }
    FUEL
    {
        type            calculated;
        value           uniform 0.000591664;
    }
    WALL
    {
        type            nutkWallFunction;
        Cmu             0.09;
        kappa           0.41;
        E               9.8;
        value           nonuniform List<scalar> 
100
(
1.46933e-05
1.5153e-05
1.55434e-05
1.58488e-05
1.61045e-05
1.63382e-05
1.6557e-05
1.67558e-05
1.69262e-05
1.70627e-05
1.71641e-05
1.72341e-05
1.72795e-05
1.73085e-05
1.73282e-05
1.73444e-05
1.73602e-05
1.73777e-05
1.73974e-05
1.74194e-05
1.74437e-05
1.74714e-05
1.75028e-05
1.75369e-05
1.75728e-05
1.76078e-05
1.76461e-05
1.76849e-05
1.77236e-05
1.77623e-05
1.78008e-05
1.7839e-05
1.78769e-05
1.79143e-05
1.79512e-05
1.79875e-05
1.80231e-05
1.80581e-05
1.80924e-05
1.8126e-05
1.81586e-05
1.81904e-05
1.82212e-05
1.8251e-05
1.82798e-05
1.83076e-05
1.83344e-05
1.83601e-05
1.83847e-05
1.84079e-05
1.84273e-05
1.84481e-05
1.84674e-05
1.84852e-05
1.85016e-05
1.85167e-05
1.85307e-05
1.85439e-05
1.85566e-05
1.85692e-05
1.85824e-05
1.85972e-05
1.86151e-05
1.86391e-05
1.8673e-05
1.87183e-05
1.87674e-05
1.88187e-05
1.88719e-05
1.89266e-05
1.89826e-05
1.90397e-05
1.90974e-05
1.91555e-05
1.92133e-05
1.92694e-05
1.93275e-05
1.93862e-05
1.94454e-05
1.95053e-05
1.95659e-05
1.96271e-05
1.96887e-05
1.97509e-05
1.98134e-05
1.98761e-05
1.99387e-05
2.00013e-05
2.00639e-05
2.01263e-05
2.01885e-05
2.02502e-05
2.03113e-05
2.03716e-05
2.04307e-05
2.04882e-05
2.05435e-05
2.0596e-05
2.06443e-05
2.06801e-05
)
;
    }
    front
    {
        type            wedge;
    }
    back
    {
        type            wedge;
    }
}


// ************************************************************************* //
