/*--------------------------------*- C++ -*----------------------------------*\
  =========                 |
  \\      /  F ield         | OpenFOAM: The Open Source CFD Toolbox
   \\    /   O peration     | Website:  https://openfoam.org
    \\  /    A nd           | Version:  6
     \\/     M anipulation  |
\*---------------------------------------------------------------------------*/
FoamFile
{
    version     2.0;
    format      ascii;
    class       volScalarField;
    location    "0.005";
    object      O2;
}
// * * * * * * * * * * * * * * * * * * * * * * * * * * * * * * * * * * * * * //

dimensions      [0 0 0 0 0 0 0];

internalField   nonuniform List<scalar> 
8000
(
0.228946
0.22894
0.228936
0.228928
0.228909
0.22887
0.228799
0.228691
0.228578
0.22847
0.228358
0.228239
0.228117
0.228018
0.227972
0.227955
0.227915
0.227809
0.227611
0.22708
0.225103
0.214727
0.174546
0.167382
0.124551
0.0717475
0.0475013
0.0383464
0.0343776
0.0308298
0.0247625
0.0173373
0.010583
0.00715016
0.00483388
0.00385035
0.00326395
0.00297351
0.00280739
0.00260807
0.00281545
0.00261922
0.00202388
0.00209052
0.00615757
0.0495923
0.122089
0.15215
0.180888
0.214102
0.228062
0.231084
0.231911
0.231966
0.23197
0.23197
0.23197
0.23197
0.23197
0.23197
0.23197
0.23197
0.23197
0.23197
0.23197
0.23197
0.23197
0.23197
0.23197
0.23197
0.23197
0.23197
0.23197
0.23197
0.23197
0.23197
0.23197
0.23197
0.23197
0.23197
0.23197
0.23197
0.23197
0.23197
0.23197
0.23197
0.23197
0.23197
0.23197
0.23197
0.23197
0.23197
0.23197
0.23197
0.23197
0.23197
0.23197
0.23197
0.23197
0.23197
0.228933
0.228906
0.228907
0.228901
0.228883
0.228833
0.22873
0.22856
0.22839
0.228256
0.228128
0.227999
0.227861
0.227724
0.227688
0.227728
0.227729
0.227635
0.227455
0.226944
0.224808
0.207654
0.0164596
0.128349
0.114699
0.0637807
0.0367695
0.0313023
0.0324073
0.0305629
0.0250547
0.0175349
0.0106211
0.0071385
0.00481128
0.00399056
0.00323879
0.003107
0.00277867
0.00308902
0.0030441
0.0025891
0.00200516
0.00207005
0.00598025
0.0455826
0.123488
0.159213
0.187222
0.217702
0.22846
0.23077
0.231902
0.231966
0.23197
0.23197
0.23197
0.23197
0.23197
0.23197
0.23197
0.23197
0.23197
0.23197
0.23197
0.23197
0.23197
0.23197
0.23197
0.23197
0.23197
0.23197
0.23197
0.23197
0.23197
0.23197
0.23197
0.23197
0.23197
0.23197
0.23197
0.23197
0.23197
0.23197
0.23197
0.23197
0.23197
0.23197
0.23197
0.23197
0.23197
0.23197
0.23197
0.23197
0.23197
0.23197
0.23197
0.23197
0.23197
0.23197
0.228886
0.228541
0.228786
0.228489
0.228804
0.22875
0.228597
0.228299
0.226528
0.227746
0.227589
0.227448
0.227313
0.227065
0.223622
0.224618
0.227362
0.22724
0.227065
0.226652
0.225137
0.217621
0.165443
0.174936
0.144268
0.0710757
0.0101793
0.0267468
0.0330902
0.0325056
0.0264022
0.0179533
0.0106633
0.00710366
0.00473903
0.00390134
0.00331062
0.00304098
0.00289271
0.00301284
0.00296694
0.00276295
0.00209327
0.00211158
0.00514389
0.0402215
0.131173
0.171727
0.21283
0.221487
0.22917
0.231265
0.231929
0.231967
0.23197
0.23197
0.23197
0.23197
0.23197
0.23197
0.23197
0.23197
0.23197
0.23197
0.23197
0.23197
0.23197
0.23197
0.23197
0.23197
0.23197
0.23197
0.23197
0.23197
0.23197
0.23197
0.23197
0.23197
0.23197
0.23197
0.23197
0.23197
0.23197
0.23197
0.23197
0.23197
0.23197
0.23197
0.23197
0.23197
0.23197
0.23197
0.23197
0.23197
0.23197
0.23197
0.23197
0.23197
0.23197
0.23197
0.228931
0.228884
0.228831
0.228763
0.228691
0.22862
0.228471
0.228203
0.227754
0.223849
0.226324
0.226147
0.226082
0.222751
0.227106
0.227199
0.227071
0.226387
0.221037
0.225914
0.224626
0.213214
0.202231
0.192419
0.164149
0.109893
0.0654884
0.0439079
0.0362991
0.0391558
0.0264027
0.017883
0.0105814
0.00704649
0.00457618
0.00374595
0.0033523
0.00308609
0.00278382
0.00317099
0.00286207
0.00266865
0.00202892
0.0020515
0.00485793
0.0421545
0.137924
0.187522
0.211836
0.225339
0.229947
0.231641
0.231945
0.231968
0.23197
0.23197
0.23197
0.23197
0.23197
0.23197
0.23197
0.23197
0.23197
0.23197
0.23197
0.23197
0.23197
0.23197
0.23197
0.23197
0.23197
0.23197
0.23197
0.23197
0.23197
0.23197
0.23197
0.23197
0.23197
0.23197
0.23197
0.23197
0.23197
0.23197
0.23197
0.23197
0.23197
0.23197
0.23197
0.23197
0.23197
0.23197
0.23197
0.23197
0.23197
0.23197
0.23197
0.23197
0.23197
0.23197
0.22893
0.228841
0.228101
0.228453
0.227317
0.228278
0.22822
0.22721
0.227636
0.222459
0.203063
0.207203
0.215059
0.226409
0.226959
0.223482
0.226535
0.219423
0.224745
0.224356
0.216075
0.212614
0.209974
0.18723
0.164645
0.126318
0.0759762
0.0238711
0.0277199
0.0325805
0.0274775
0.0177459
0.0104848
0.00634118
0.00456447
0.00833306
0.00354817
0.00314242
0.00347696
0.00301861
0.00273285
0.00255796
0.00234163
0.0020721
0.00457044
0.0423669
0.144368
0.197206
0.218773
0.227827
0.230527
0.23175
0.231945
0.231968
0.23197
0.23197
0.23197
0.23197
0.23197
0.23197
0.23197
0.23197
0.23197
0.23197
0.23197
0.23197
0.23197
0.23197
0.23197
0.23197
0.23197
0.23197
0.23197
0.23197
0.23197
0.23197
0.23197
0.23197
0.23197
0.23197
0.23197
0.23197
0.23197
0.23197
0.23197
0.23197
0.23197
0.23197
0.23197
0.23197
0.23197
0.23197
0.23197
0.23197
0.23197
0.23197
0.23197
0.23197
0.23197
0.23197
0.228924
0.228804
0.228476
0.227515
0.227893
0.227186
0.228125
0.228084
0.227838
0.227284
0.226305
0.226207
0.226637
0.227017
0.227036
0.226648
0.225491
0.215653
0.219767
0.210462
0.219197
0.209166
0.209036
0.183636
0.139569
0.126167
0.0958246
0.0447023
0.0537595
0.0475185
0.033064
0.0173398
0.0146793
0.00628563
0.00454317
0.00378599
0.00338522
0.00354173
0.00328267
0.00283928
0.00258395
0.0024341
0.00783293
0.00199678
0.00425718
0.0390074
0.143751
0.201155
0.222124
0.228837
0.230552
0.231536
0.23193
0.231966
0.23197
0.23197
0.23197
0.23197
0.23197
0.23197
0.23197
0.23197
0.23197
0.23197
0.23197
0.23197
0.23197
0.23197
0.23197
0.23197
0.23197
0.23197
0.23197
0.23197
0.23197
0.23197
0.23197
0.23197
0.23197
0.23197
0.23197
0.23197
0.23197
0.23197
0.23197
0.23197
0.23197
0.23197
0.23197
0.23197
0.23197
0.23197
0.23197
0.23197
0.23197
0.23197
0.23197
0.23197
0.23197
0.23197
0.228921
0.228867
0.228746
0.228588
0.228421
0.228282
0.227322
0.227991
0.227778
0.22755
0.224888
0.224106
0.224362
0.227084
0.22678
0.225916
0.224371
0.219811
0.190673
0.211768
0.20057
0.212078
0.196473
0.177897
0.0417976
0.101079
0.107744
0.0914154
0.0768133
0.0555313
0.0342555
0.0188398
0.0103505
0.00611922
0.00442025
0.00382586
0.00339355
0.00361932
0.00306661
0.0073988
0.00242152
0.0022999
0.00236508
0.00194103
0.00392164
0.0329825
0.139936
0.201875
0.223652
0.229507
0.230516
0.231108
0.231902
0.231963
0.23197
0.23197
0.23197
0.23197
0.23197
0.23197
0.23197
0.23197
0.23197
0.23197
0.23197
0.23197
0.23197
0.23197
0.23197
0.23197
0.23197
0.23197
0.23197
0.23197
0.23197
0.23197
0.23197
0.23197
0.23197
0.23197
0.23197
0.23197
0.23197
0.23197
0.23197
0.23197
0.23197
0.23197
0.23197
0.23197
0.23197
0.23197
0.23197
0.23197
0.23197
0.23197
0.23197
0.23197
0.23197
0.23197
0.228608
0.228546
0.228762
0.228615
0.228427
0.227447
0.227961
0.227518
0.223838
0.227222
0.227266
0.227295
0.227189
0.2266
0.220832
0.218048
0.211392
0.199393
0.177753
0.173358
0.201715
0.201337
0.186263
0.175074
0.12595
0.118802
0.126769
0.108528
0.0806781
0.049518
0.027978
0.0152612
0.0086501
0.00570073
0.00431585
0.00375143
0.00374096
0.00334443
0.00283331
0.00245545
0.00224647
0.00215657
0.00226991
0.00199534
0.00357682
0.0263518
0.136612
0.214799
0.224956
0.230935
0.231666
0.231446
0.231916
0.231962
0.23197
0.23197
0.23197
0.23197
0.23197
0.23197
0.23197
0.23197
0.23197
0.23197
0.23197
0.23197
0.23197
0.23197
0.23197
0.23197
0.23197
0.23197
0.23197
0.23197
0.23197
0.23197
0.23197
0.23197
0.23197
0.23197
0.23197
0.23197
0.23197
0.23197
0.23197
0.23197
0.23197
0.23197
0.23197
0.23197
0.23197
0.23197
0.23197
0.23197
0.23197
0.23197
0.23197
0.23197
0.23197
0.23197
0.22851
0.228376
0.228619
0.228332
0.22757
0.228025
0.226467
0.226912
0.217984
0.226479
0.222978
0.22348
0.226782
0.226083
0.225082
0.21604
0.208905
0.190223
0.0594598
0.164234
0.184808
0.170821
0.184739
0.150393
0.122289
0.14192
0.132207
0.107998
0.0673677
0.0338383
0.0131585
0.0105747
0.00738623
0.00534961
0.00433882
0.00364212
0.00372772
0.00305064
0.00258939
0.00225779
0.00728292
0.00732189
0.00217291
0.00196727
0.0102449
0.0263097
0.138484
0.20435
0.225627
0.230365
0.230634
0.231619
0.231916
0.231956
0.231967
0.23197
0.23197
0.23197
0.23197
0.23197
0.23197
0.23197
0.23197
0.23197
0.23197
0.23197
0.23197
0.23197
0.23197
0.23197
0.23197
0.23197
0.23197
0.23197
0.23197
0.23197
0.23197
0.23197
0.23197
0.23197
0.23197
0.23197
0.23197
0.23197
0.23197
0.23197
0.23197
0.23197
0.23197
0.23197
0.23197
0.23197
0.23197
0.23197
0.23197
0.23197
0.23197
0.23197
0.23197
0.23197
0.228801
0.228212
0.22785
0.2277
0.228139
0.226736
0.227602
0.227155
0.22643
0.221756
0.226287
0.225771
0.220073
0.216977
0.208184
0.212049
0.218065
0.195521
0.111018
0.147831
0.162377
0.154185
0.159008
0.148724
0.142741
0.138308
0.123166
0.0978633
0.0624842
0.0352691
0.0164603
0.00942946
0.00920718
0.00478043
0.00412203
0.00801765
0.00336232
0.00274219
0.00234285
0.0020646
0.00735297
0.00189061
0.00208398
0.00196181
0.004064
0.0311903
0.162577
0.207734
0.226595
0.230545
0.230675
0.231611
0.231895
0.231943
0.231962
0.23197
0.23197
0.23197
0.23197
0.23197
0.23197
0.23197
0.23197
0.23197
0.23197
0.23197
0.23197
0.23197
0.23197
0.23197
0.23197
0.23197
0.23197
0.23197
0.23197
0.23197
0.23197
0.23197
0.23197
0.23197
0.23197
0.23197
0.23197
0.23197
0.23197
0.23197
0.23197
0.23197
0.23197
0.23197
0.23197
0.23197
0.23197
0.23197
0.23197
0.23197
0.23197
0.23197
0.23197
0.23197
0.228312
0.228655
0.228528
0.228334
0.228024
0.225332
0.223807
0.221935
0.225124
0.224422
0.223272
0.216668
0.220574
0.21311
0.218622
0.217891
0.2141
0.174161
0.0857863
0.0578974
0.136338
0.0978572
0.12761
0.0806736
0.0988223
0.118963
0.101526
0.0795161
0.050197
0.0280293
0.0151585
0.00862534
0.00595695
0.00458344
0.00395449
0.00800386
0.00300365
0.00779224
0.00210416
0.00187345
0.00176567
0.00176299
0.00199783
0.00188162
0.00449216
0.0367509
0.153006
0.21076
0.227148
0.231484
0.23073
0.231605
0.231855
0.231914
0.231951
0.231967
0.23197
0.23197
0.23197
0.23197
0.23197
0.23197
0.23197
0.23197
0.23197
0.23197
0.23197
0.23197
0.23197
0.23197
0.23197
0.23197
0.23197
0.23197
0.23197
0.23197
0.23197
0.23197
0.23197
0.23197
0.23197
0.23197
0.23197
0.23197
0.23197
0.23197
0.23197
0.23197
0.23197
0.23197
0.23197
0.23197
0.23197
0.23197
0.23197
0.23197
0.23197
0.23197
0.23197
0.23197
0.228867
0.228604
0.228206
0.224896
0.226922
0.22216
0.2204
0.222196
0.211484
0.210918
0.209719
0.208706
0.204508
0.197949
0.208168
0.20784
0.203041
0.167045
0.0898742
0.0843888
0.119233
0.111843
0.0954318
0.0783785
0.0948184
0.096449
0.0769873
0.0578715
0.0347476
0.0159453
0.0113043
0.00758889
0.00533355
0.00872306
0.00354524
0.00344647
0.00781274
0.00216155
0.00187985
0.00168963
0.00161977
0.00164649
0.00782997
0.00192158
0.00513441
0.0421149
0.183647
0.222713
0.227657
0.230396
0.231757
0.231531
0.23178
0.231862
0.231923
0.231961
0.23197
0.23197
0.23197
0.23197
0.23197
0.23197
0.23197
0.23197
0.23197
0.23197
0.23197
0.23197
0.23197
0.23197
0.23197
0.23197
0.23197
0.23197
0.23197
0.23197
0.23197
0.23197
0.23197
0.23197
0.23197
0.23197
0.23197
0.23197
0.23197
0.23197
0.23197
0.23197
0.23197
0.23197
0.23197
0.23197
0.23197
0.23197
0.23197
0.23197
0.23197
0.23197
0.23197
0.23197
0.228733
0.227546
0.225315
0.218834
0.214405
0.210026
0.212848
0.193883
0.108589
0.126512
0.165591
0.171407
0.175448
0.17949
0.185891
0.186926
0.164926
0.162654
0.130997
0.0777051
0.0874628
0.0853239
0.0699351
0.0430659
0.0747117
0.0736827
0.0589776
0.0419419
0.0247334
0.0134324
0.00899183
0.00630403
0.00499923
0.00391729
0.0031437
0.00304897
0.00801619
0.00802237
0.00168001
0.00152048
0.00148563
0.00755181
0.00789689
0.0019943
0.00612141
0.0603863
0.173068
0.224021
0.228144
0.230251
0.230934
0.231516
0.231641
0.231764
0.231866
0.231943
0.23197
0.23197
0.23197
0.23197
0.23197
0.23197
0.23197
0.23197
0.23197
0.23197
0.23197
0.23197
0.23197
0.23197
0.23197
0.23197
0.23197
0.23197
0.23197
0.23197
0.23197
0.23197
0.23197
0.23197
0.23197
0.23197
0.23197
0.23197
0.23197
0.23197
0.23197
0.23197
0.23197
0.23197
0.23197
0.23197
0.23197
0.23197
0.23197
0.23197
0.23197
0.23197
0.23197
0.23197
0.227667
0.198819
0.19382
0.190223
0.180778
0.118587
0.162353
0.167983
0.128461
0.129007
0.127797
0.132829
0.135215
0.140331
0.149272
0.156821
0.15075
0.0974729
0.10955
0.0561298
0.0279515
0.0583205
0.0552322
0.052275
0.0452188
0.0496383
0.0399612
0.0304466
0.0175463
0.00982321
0.00731309
0.0055936
0.00862767
0.00361869
0.00278426
0.00256038
0.00224482
0.00837396
0.00150976
0.00137412
0.0013664
0.00145081
0.00168485
0.00203417
0.00838333
0.0812396
0.180452
0.219216
0.228666
0.230333
0.231124
0.231492
0.231543
0.231606
0.231771
0.231879
0.231965
0.23197
0.23197
0.23197
0.23197
0.23197
0.23197
0.23197
0.23197
0.23197
0.23197
0.23197
0.23197
0.23197
0.23197
0.23197
0.23197
0.23197
0.23197
0.23197
0.23197
0.23197
0.23197
0.23197
0.23197
0.23197
0.23197
0.23197
0.23197
0.23197
0.23197
0.23197
0.23197
0.23197
0.23197
0.23197
0.23197
0.23197
0.23197
0.23197
0.23197
0.23197
0.23197
0.23197
0.207954
0.00696941
0.0316009
0.0626746
0.101227
0.0591418
0.119043
0.0838148
0.0510092
0.0747884
0.0450941
0.0725575
0.0635388
0.0861652
0.0633061
0.112326
0.124014
0.120814
0.0965292
0.0381443
0.027961
0.0352831
0.0454764
0.0425987
0.0387338
0.0300912
0.0284156
0.0191054
0.0115438
0.00909753
0.00885264
0.00880744
0.00856806
0.0086996
0.00886955
0.00894854
0.00185795
0.00151537
0.00851119
0.00118514
0.00813779
0.00136918
0.00810727
0.0089366
0.0108475
0.111018
0.188383
0.2214
0.22899
0.230415
0.231205
0.231495
0.231514
0.231516
0.23163
0.231922
0.231967
0.23197
0.23197
0.23197
0.23197
0.23197
0.23197
0.23197
0.23197
0.23197
0.23197
0.23197
0.23197
0.23197
0.23197
0.23197
0.23197
0.23197
0.23197
0.23197
0.23197
0.23197
0.23197
0.23197
0.23197
0.23197
0.23197
0.23197
0.23197
0.23197
0.23197
0.23197
0.23197
0.23197
0.23197
0.23197
0.23197
0.23197
0.23197
0.23197
0.23197
0.23197
0.23197
0.23197
0.132283
0.0530753
0.042021
0.0083663
0.0368419
0.0351355
0.0730831
0.060796
0.0290644
0.0346203
0.0255636
0.01083
0.0301097
0.0426603
0.0567975
0.0769619
0.0920134
0.0959971
0.0748371
0.0370742
0.0449128
0.0411907
0.0349254
0.0291661
0.02117
0.0190512
0.0161151
0.0113798
0.00831137
0.00635269
0.00887835
0.00424441
0.00339533
0.00275099
0.00239659
0.00955383
0.00965637
0.00162563
0.0088956
0.00848795
0.000972115
0.00797639
0.00828146
0.00244213
0.0165764
0.123913
0.19745
0.223546
0.229412
0.230511
0.231283
0.23156
0.231576
0.231511
0.231276
0.231881
0.231966
0.23197
0.23197
0.23197
0.23197
0.23197
0.23197
0.23197
0.23197
0.23197
0.23197
0.23197
0.23197
0.23197
0.23197
0.23197
0.23197
0.23197
0.23197
0.23197
0.23197
0.23197
0.23197
0.23197
0.23197
0.23197
0.23197
0.23197
0.23197
0.23197
0.23197
0.23197
0.23197
0.23197
0.23197
0.23197
0.23197
0.23197
0.23197
0.23197
0.23197
0.23197
0.23197
0.23197
0.0597534
0.0661883
0.0361903
0.0198691
0.0165982
0.0320776
0.0420206
0.040227
0.0330804
0.00876533
0.0181648
0.00801705
0.00859959
0.0174727
0.0286329
0.0405203
0.0546949
0.0644215
0.050785
0.0457764
0.0391988
0.0324835
0.0265134
0.0172531
0.0104308
0.0122879
0.00953355
0.00886073
0.00859452
0.00858112
0.00402202
0.00341777
0.00290748
0.0027001
0.0100623
0.0104035
0.0103798
0.00201395
0.00149034
0.0087922
0.00848918
0.00104448
0.00864424
0.00313491
0.0273293
0.164989
0.217642
0.225305
0.22977
0.230603
0.231496
0.231738
0.231784
0.231766
0.231798
0.231951
0.23197
0.23197
0.23197
0.23197
0.23197
0.23197
0.23197
0.23197
0.23197
0.23197
0.23197
0.23197
0.23197
0.23197
0.23197
0.23197
0.23197
0.23197
0.23197
0.23197
0.23197
0.23197
0.23197
0.23197
0.23197
0.23197
0.23197
0.23197
0.23197
0.23197
0.23197
0.23197
0.23197
0.23197
0.23197
0.23197
0.23197
0.23197
0.23197
0.23197
0.23197
0.23197
0.23197
0.23197
0.0336508
0.0598919
0.0323338
0.0176844
0.0102752
0.0182497
0.0268157
0.0271418
0.0211485
0.0116043
0.00898605
0.00843784
0.00836428
0.0109116
0.0124375
0.0221924
0.0323695
0.0398011
0.0345021
0.0363793
0.0312773
0.0281479
0.0224551
0.0169297
0.0134497
0.0110809
0.00945749
0.00729287
0.00586226
0.00458398
0.00347053
0.00970347
0.0100726
0.00300503
0.0113693
0.00346203
0.00321195
0.00245826
0.00177345
0.00127133
0.00876607
0.00856824
0.00170251
0.0041595
0.0380871
0.183114
0.211478
0.226725
0.230035
0.23096
0.231743
0.231859
0.231891
0.231906
0.231936
0.231966
0.23197
0.23197
0.23197
0.23197
0.23197
0.23197
0.23197
0.23197
0.23197
0.23197
0.23197
0.23197
0.23197
0.23197
0.23197
0.23197
0.23197
0.23197
0.23197
0.23197
0.23197
0.23197
0.23197
0.23197
0.23197
0.23197
0.23197
0.23197
0.23197
0.23197
0.23197
0.23197
0.23197
0.23197
0.23197
0.23197
0.23197
0.23197
0.23197
0.23197
0.23197
0.23197
0.23197
0.23197
0.0263175
0.047461
0.037847
0.0227703
0.0132247
0.0171512
0.0224908
0.0213239
0.0148859
0.0101601
0.00762583
0.00722504
0.0143952
0.017682
0.0137277
0.0166091
0.0203146
0.0244131
0.0247086
0.0254649
0.0217523
0.0190142
0.0185459
0.0166575
0.0125589
0.00975643
0.00788901
0.0111989
0.00619336
0.0044473
0.00975848
0.0103305
0.00368932
0.0116542
0.01206
0.00523649
0.00475504
0.0036814
0.00943525
0.00148469
0.00885276
0.00119485
0.00206701
0.0144427
0.0566322
0.172634
0.216289
0.227775
0.230155
0.231286
0.231828
0.231906
0.231937
0.231952
0.231963
0.23197
0.23197
0.23197
0.23197
0.23197
0.23197
0.23197
0.23197
0.23197
0.23197
0.23197
0.23197
0.23197
0.23197
0.23197
0.23197
0.23197
0.23197
0.23197
0.23197
0.23197
0.23197
0.23197
0.23197
0.23197
0.23197
0.23197
0.23197
0.23197
0.23197
0.23197
0.23197
0.23197
0.23197
0.23197
0.23197
0.23197
0.23197
0.23197
0.23197
0.23197
0.23197
0.23197
0.23197
0.23197
0.024583
0.0358964
0.04161
0.0387576
0.0278938
0.0250823
0.0264112
0.0234436
0.0185114
0.0170396
0.0193083
0.0233446
0.028455
0.0297145
0.0273147
0.021098
0.0151393
0.0145051
0.0166062
0.0235402
0.0156451
0.0242304
0.0156919
0.0148745
0.0126709
0.00890828
0.00756463
0.00718749
0.00643687
0.0107234
0.0113016
0.00580798
0.0130187
0.0135742
0.00724792
0.00714081
0.0117499
0.00461331
0.00758176
0.00176198
0.00122716
0.00914361
0.00311192
0.0102464
0.0825026
0.184882
0.219594
0.228605
0.230355
0.231341
0.231781
0.231904
0.231949
0.231962
0.231968
0.23197
0.23197
0.23197
0.23197
0.23197
0.23197
0.23197
0.23197
0.23197
0.23197
0.23197
0.23197
0.23197
0.23197
0.23197
0.23197
0.23197
0.23197
0.23197
0.23197
0.23197
0.23197
0.23197
0.23197
0.23197
0.23197
0.23197
0.23197
0.23197
0.23197
0.23197
0.23197
0.23197
0.23197
0.23197
0.23197
0.23197
0.23197
0.23197
0.23197
0.23197
0.23197
0.23197
0.23197
0.23197
0.0241838
0.0286676
0.0340659
0.0396999
0.0414178
0.037955
0.0357936
0.032825
0.0305495
0.0340393
0.0408985
0.0491469
0.0552451
0.053974
0.0453858
0.0341718
0.0236244
0.0258946
0.0148722
0.0111199
0.0220522
0.0128964
0.0123984
0.0117894
0.0109398
0.0092787
0.0196246
0.00769008
0.00730234
0.0145464
0.00839396
0.00846369
0.00936191
0.00982649
0.00997852
0.00933049
0.00781316
0.00593363
0.00828687
0.00731731
0.00143297
0.00165186
0.00449188
0.0251117
0.109921
0.195064
0.222074
0.229057
0.230447
0.231184
0.231582
0.231831
0.231937
0.231959
0.231966
0.23197
0.23197
0.23197
0.23197
0.23197
0.23197
0.23197
0.23197
0.23197
0.23197
0.23197
0.23197
0.23197
0.23197
0.23197
0.23197
0.23197
0.23197
0.23197
0.23197
0.23197
0.23197
0.23197
0.23197
0.23197
0.23197
0.23197
0.23197
0.23197
0.23197
0.23197
0.23197
0.23197
0.23197
0.23197
0.23197
0.23197
0.23197
0.23197
0.23197
0.23197
0.23197
0.23197
0.23197
0.23197
0.0241918
0.0260122
0.0287093
0.032839
0.0384411
0.0420817
0.043561
0.0455302
0.0492983
0.0587001
0.0707034
0.0808566
0.0853848
0.0810692
0.0691902
0.0536127
0.0381275
0.0265017
0.0182912
0.0230238
0.0228843
0.0128898
0.0111904
0.0217155
0.0223693
0.00872203
0.00845153
0.00910634
0.00915135
0.0210585
0.0221105
0.0123851
0.0138459
0.0142933
0.0207749
0.0123708
0.00982804
0.0130356
0.0112053
0.00312917
0.00214873
0.00238864
0.00668927
0.0261469
0.120121
0.202709
0.224131
0.229433
0.230547
0.230994
0.231418
0.231495
0.231902
0.231951
0.23196
0.231966
0.23197
0.23197
0.23197
0.23197
0.23197
0.23197
0.23197
0.23197
0.23197
0.23197
0.23197
0.23197
0.23197
0.23197
0.23197
0.23197
0.23197
0.23197
0.23197
0.23197
0.23197
0.23197
0.23197
0.23197
0.23197
0.23197
0.23197
0.23197
0.23197
0.23197
0.23197
0.23197
0.23197
0.23197
0.23197
0.23197
0.23197
0.23197
0.23197
0.23197
0.23197
0.23197
0.23197
0.23197
0.024409
0.0256258
0.0274359
0.0301544
0.0345627
0.0402851
0.0464055
0.0549415
0.0670251
0.0843693
0.100746
0.111268
0.113703
0.107176
0.0930226
0.0744399
0.0549484
0.0401696
0.0258229
0.0185572
0.0150519
0.0130391
0.0111129
0.00955511
0.00918373
0.00865307
0.0234903
0.0109421
0.0124844
0.0144702
0.0163286
0.0284631
0.029612
0.0178129
0.0166278
0.0146785
0.011871
0.00900429
0.00608323
0.00366061
0.0025266
0.00317105
0.0108745
0.0403451
0.14226
0.208851
0.225714
0.229741
0.230637
0.231163
0.231393
0.231393
0.231864
0.231943
0.231948
0.231953
0.23197
0.23197
0.23197
0.23197
0.23197
0.23197
0.23197
0.23197
0.23197
0.23197
0.23197
0.23197
0.23197
0.23197
0.23197
0.23197
0.23197
0.23197
0.23197
0.23197
0.23197
0.23197
0.23197
0.23197
0.23197
0.23197
0.23197
0.23197
0.23197
0.23197
0.23197
0.23197
0.23197
0.23197
0.23197
0.23197
0.23197
0.23197
0.23197
0.23197
0.23197
0.23197
0.23197
0.23197
0.0248424
0.026403
0.0284293
0.0314844
0.0362936
0.0431609
0.0539832
0.0698084
0.0906896
0.112499
0.129579
0.138126
0.138152
0.130018
0.114798
0.0944269
0.0724733
0.0522725
0.0366019
0.024075
0.0251578
0.0131677
0.0109953
0.010057
0.00960452
0.00958596
0.0111877
0.0139852
0.0167171
0.0196389
0.0214587
0.034078
0.0220389
0.0215768
0.0197649
0.0170945
0.0158119
0.0098904
0.00700007
0.00422673
0.00308795
0.011567
0.0164246
0.058639
0.161313
0.213634
0.226843
0.229912
0.23082
0.231303
0.231428
0.231713
0.231919
0.231944
0.231937
0.231909
0.231965
0.23197
0.23197
0.23197
0.23197
0.23197
0.23197
0.23197
0.23197
0.23197
0.23197
0.23197
0.23197
0.23197
0.23197
0.23197
0.23197
0.23197
0.23197
0.23197
0.23197
0.23197
0.23197
0.23197
0.23197
0.23197
0.23197
0.23197
0.23197
0.23197
0.23197
0.23197
0.23197
0.23197
0.23197
0.23197
0.23197
0.23197
0.23197
0.23197
0.23197
0.23197
0.23197
0.23197
0.0256285
0.0281996
0.031091
0.0354322
0.0423927
0.053335
0.0712548
0.0949723
0.11963
0.140801
0.154558
0.159922
0.157768
0.148617
0.13323
0.112507
0.0892038
0.0666823
0.0480342
0.0324836
0.0221009
0.0154955
0.0113599
0.0110428
0.0112823
0.0255819
0.027744
0.0182378
0.0221632
0.0255051
0.0271117
0.0271962
0.0265438
0.0249886
0.0225948
0.0195763
0.0150393
0.0108082
0.00781534
0.00489624
0.00389135
0.00610947
0.0258172
0.0924979
0.176259
0.217307
0.227744
0.230085
0.230975
0.231352
0.231641
0.231876
0.231944
0.23195
0.231947
0.231951
0.231968
0.23197
0.23197
0.23197
0.23197
0.23197
0.23197
0.23197
0.23197
0.23197
0.23197
0.23197
0.23197
0.23197
0.23197
0.23197
0.23197
0.23197
0.23197
0.23197
0.23197
0.23197
0.23197
0.23197
0.23197
0.23197
0.23197
0.23197
0.23197
0.23197
0.23197
0.23197
0.23197
0.23197
0.23197
0.23197
0.23197
0.23197
0.23197
0.23197
0.23197
0.23197
0.23197
0.23197
0.0270745
0.0316274
0.036179
0.0424853
0.0532981
0.0710392
0.0958645
0.12349
0.147199
0.164453
0.173981
0.176416
0.172686
0.163129
0.148109
0.128122
0.104627
0.081033
0.0595721
0.0433771
0.0305168
0.0215383
0.0246411
0.0148396
0.0153293
0.0178946
0.0208169
0.0241642
0.0285439
0.0319658
0.0330456
0.0326059
0.0308737
0.0359077
0.029427
0.0215031
0.0161017
0.0115525
0.00851212
0.00569681
0.00508279
0.00945957
0.0379673
0.102234
0.188802
0.220138
0.228424
0.23028
0.231116
0.231396
0.23166
0.231921
0.231956
0.231959
0.231959
0.231965
0.23197
0.23197
0.23197
0.23197
0.23197
0.23197
0.23197
0.23197
0.23197
0.23197
0.23197
0.23197
0.23197
0.23197
0.23197
0.23197
0.23197
0.23197
0.23197
0.23197
0.23197
0.23197
0.23197
0.23197
0.23197
0.23197
0.23197
0.23197
0.23197
0.23197
0.23197
0.23197
0.23197
0.23197
0.23197
0.23197
0.23197
0.23197
0.23197
0.23197
0.23197
0.23197
0.23197
0.23197
0.029794
0.0385481
0.046094
0.0561895
0.0715966
0.0948177
0.123353
0.1497
0.169361
0.182029
0.188063
0.188399
0.18372
0.174194
0.15993
0.141146
0.118456
0.0947561
0.0724156
0.0545275
0.0404147
0.0305367
0.0240251
0.0214253
0.030688
0.0251089
0.0289744
0.0421338
0.035746
0.0388753
0.0390488
0.0377979
0.0350904
0.0316662
0.0284661
0.023026
0.0168384
0.0122674
0.00932162
0.00748107
0.0075893
0.013598
0.0537357
0.146735
0.198057
0.222448
0.228877
0.230476
0.231241
0.231519
0.231843
0.231944
0.231963
0.231965
0.231966
0.23197
0.23197
0.23197
0.23197
0.23197
0.23197
0.23197
0.23197
0.23197
0.23197
0.23197
0.23197
0.23197
0.23197
0.23197
0.23197
0.23197
0.23197
0.23197
0.23197
0.23197
0.23197
0.23197
0.23197
0.23197
0.23197
0.23197
0.23197
0.23197
0.23197
0.23197
0.23197
0.23197
0.23197
0.23197
0.23197
0.23197
0.23197
0.23197
0.23197
0.23197
0.23197
0.23197
0.23197
0.23197
0.0351542
0.0530492
0.0673621
0.0801953
0.0985219
0.123462
0.149966
0.171384
0.185918
0.194744
0.198156
0.19698
0.191831
0.182622
0.16927
0.151822
0.130555
0.107577
0.0853833
0.0663755
0.0567614
0.0417845
0.0347326
0.0308313
0.0403736
0.034164
0.0383403
0.0402535
0.0440441
0.046083
0.0449306
0.0428321
0.0392257
0.0352479
0.030594
0.0239785
0.0174845
0.0130858
0.0104005
0.00882151
0.0209985
0.0205534
0.0726208
0.142892
0.205623
0.224403
0.229266
0.230666
0.23136
0.231563
0.231877
0.231952
0.231966
0.231968
0.23197
0.23197
0.23197
0.23197
0.23197
0.23197
0.23197
0.23197
0.23197
0.23197
0.23197
0.23197
0.23197
0.23197
0.23197
0.23197
0.23197
0.23197
0.23197
0.23197
0.23197
0.23197
0.23197
0.23197
0.23197
0.23197
0.23197
0.23197
0.23197
0.23197
0.23197
0.23197
0.23197
0.23197
0.23197
0.23197
0.23197
0.23197
0.23197
0.23197
0.23197
0.23197
0.23197
0.23197
0.23197
0.23197
0.046787
0.0810458
0.1024
0.116086
0.132873
0.153741
0.173466
0.188554
0.198497
0.203981
0.205265
0.203115
0.197867
0.189142
0.176749
0.160649
0.141028
0.119265
0.0979006
0.0793908
0.0651298
0.0556855
0.0476804
0.0428986
0.04194
0.0443223
0.0611479
0.0503387
0.0526456
0.0533449
0.0504762
0.0476653
0.0433937
0.0381478
0.0321556
0.0247052
0.0181976
0.0141053
0.0117612
0.0107173
0.0139728
0.0305339
0.0933905
0.162038
0.211661
0.225921
0.229594
0.230851
0.231447
0.231692
0.231864
0.231947
0.231967
0.23197
0.23197
0.23197
0.23197
0.23197
0.23197
0.23197
0.23197
0.23197
0.23197
0.23197
0.23197
0.23197
0.23197
0.23197
0.23197
0.23197
0.23197
0.23197
0.23197
0.23197
0.23197
0.23197
0.23197
0.23197
0.23197
0.23197
0.23197
0.23197
0.23197
0.23197
0.23197
0.23197
0.23197
0.23197
0.23197
0.23197
0.23197
0.23197
0.23197
0.23197
0.23197
0.23197
0.23197
0.23197
0.23197
0.23197
0.0771564
0.127935
0.149529
0.158739
0.168403
0.180664
0.192274
0.201313
0.207243
0.210063
0.210261
0.207632
0.202484
0.194326
0.182889
0.168091
0.150111
0.129856
0.109689
0.0921919
0.0784601
0.069463
0.0619462
0.0564536
0.0537667
0.0691383
0.0706161
0.0604121
0.0613701
0.0603806
0.0673305
0.0524046
0.04745
0.0407605
0.0331924
0.0255138
0.0190395
0.0153512
0.0136012
0.0137493
0.0202249
0.0457241
0.115861
0.195103
0.216148
0.227093
0.229858
0.231024
0.231574
0.231768
0.231804
0.231933
0.231965
0.23197
0.23197
0.23197
0.23197
0.23197
0.23197
0.23197
0.23197
0.23197
0.23197
0.23197
0.23197
0.23197
0.23197
0.23197
0.23197
0.23197
0.23197
0.23197
0.23197
0.23197
0.23197
0.23197
0.23197
0.23197
0.23197
0.23197
0.23197
0.23197
0.23197
0.23197
0.23197
0.23197
0.23197
0.23197
0.23197
0.23197
0.23197
0.23197
0.23197
0.23197
0.23197
0.23197
0.23197
0.23197
0.23197
0.23197
0.224735
0.217397
0.211676
0.207834
0.206734
0.208039
0.210591
0.213229
0.215198
0.216009
0.215267
0.212335
0.207186
0.199807
0.189727
0.176919
0.16171
0.144603
0.127293
0.111945
0.0997819
0.0906716
0.0849766
0.0803118
0.0761533
0.0762615
0.0769503
0.0766066
0.0748617
0.0711333
0.0654866
0.0597861
0.0520652
0.043602
0.0350927
0.0270583
0.0208604
0.0181158
0.0174138
0.0206954
0.0343555
0.0771132
0.171402
0.199917
0.22208
0.228601
0.230423
0.231412
0.23182
0.231879
0.231871
0.231929
0.231968
0.23197
0.23197
0.23197
0.23197
0.23197
0.23197
0.23197
0.23197
0.23197
0.23197
0.23197
0.23197
0.23197
0.23197
0.23197
0.23197
0.23197
0.23197
0.23197
0.23197
0.23197
0.23197
0.23197
0.23197
0.23197
0.23197
0.23197
0.23197
0.23197
0.23197
0.23197
0.23197
0.23197
0.23197
0.23197
0.23197
0.23197
0.23197
0.23197
0.23197
0.23197
0.23197
0.23197
0.23197
0.23197
0.23197
0.23197
0.231119
0.229138
0.226744
0.224462
0.222675
0.221595
0.221215
0.221229
0.221217
0.220769
0.219539
0.217105
0.212624
0.2062
0.197783
0.18716
0.174706
0.161088
0.147072
0.134169
0.123748
0.115706
0.109901
0.105381
0.101506
0.0991271
0.0963955
0.0934834
0.0883988
0.0815997
0.0738645
0.0659457
0.0569865
0.047888
0.0385711
0.0302712
0.0251034
0.0233874
0.0260884
0.0360703
0.0624051
0.143831
0.194207
0.212719
0.225858
0.229538
0.230966
0.231714
0.231908
0.231942
0.231953
0.231966
0.23197
0.23197
0.23197
0.23197
0.23197
0.23197
0.23197
0.23197
0.23197
0.23197
0.23197
0.23197
0.23197
0.23197
0.23197
0.23197
0.23197
0.23197
0.23197
0.23197
0.23197
0.23197
0.23197
0.23197
0.23197
0.23197
0.23197
0.23197
0.23197
0.23197
0.23197
0.23197
0.23197
0.23197
0.23197
0.23197
0.23197
0.23197
0.23197
0.23197
0.23197
0.23197
0.23197
0.23197
0.23197
0.23197
0.23197
0.23197
0.231841
0.231354
0.230523
0.229438
0.228252
0.227167
0.226274
0.225552
0.224811
0.223845
0.222423
0.220253
0.216869
0.211496
0.204541
0.195976
0.186001
0.175247
0.164355
0.154
0.145061
0.137709
0.131665
0.126192
0.120938
0.116053
0.111572
0.105588
0.0982057
0.0895598
0.0804308
0.0711595
0.0627112
0.0530366
0.0429855
0.0350373
0.0322707
0.0324107
0.0413405
0.0622224
0.101376
0.158019
0.195564
0.22039
0.228079
0.230215
0.231354
0.231836
0.231938
0.231962
0.231968
0.23197
0.23197
0.23197
0.23197
0.23197
0.23197
0.23197
0.23197
0.23197
0.23197
0.23197
0.23197
0.23197
0.23197
0.23197
0.23197
0.23197
0.23197
0.23197
0.23197
0.23197
0.23197
0.23197
0.23197
0.23197
0.23197
0.23197
0.23197
0.23197
0.23197
0.23197
0.23197
0.23197
0.23197
0.23197
0.23197
0.23197
0.23197
0.23197
0.23197
0.23197
0.23197
0.23197
0.23197
0.23197
0.23197
0.23197
0.23197
0.23197
0.231944
0.231827
0.231563
0.231097
0.230442
0.229673
0.228866
0.228024
0.227102
0.225967
0.224497
0.222523
0.219727
0.215574
0.209793
0.202882
0.194964
0.186449
0.177842
0.169455
0.161512
0.154337
0.147741
0.14124
0.13463
0.127622
0.121239
0.11356
0.105097
0.095845
0.0864848
0.0768027
0.0689832
0.0592933
0.0491292
0.0425251
0.0420448
0.0474089
0.0650099
0.100084
0.145251
0.18278
0.211326
0.225172
0.229274
0.230746
0.231607
0.231866
0.231941
0.231964
0.23197
0.23197
0.23197
0.23197
0.23197
0.23197
0.23197
0.23197
0.23197
0.23197
0.23197
0.23197
0.23197
0.23197
0.23197
0.23197
0.23197
0.23197
0.23197
0.23197
0.23197
0.23197
0.23197
0.23197
0.23197
0.23197
0.23197
0.23197
0.23197
0.23197
0.23197
0.23197
0.23197
0.23197
0.23197
0.23197
0.23197
0.23197
0.23197
0.23197
0.23197
0.23197
0.23197
0.23197
0.23197
0.23197
0.23197
0.23197
0.23197
0.23197
0.231966
0.231936
0.231848
0.231651
0.231311
0.230833
0.230233
0.229506
0.228602
0.227473
0.226036
0.224199
0.221727
0.218251
0.21356
0.207735
0.201194
0.194139
0.186882
0.179601
0.172302
0.165103
0.157985
0.150697
0.143097
0.135192
0.127105
0.118538
0.109635
0.100537
0.0918749
0.0837022
0.0767476
0.0676147
0.0580516
0.0539539
0.0566959
0.0702803
0.0964718
0.143192
0.17885
0.203177
0.220672
0.227963
0.23017
0.231299
0.231811
0.231889
0.23193
0.231966
0.23197
0.23197
0.23197
0.23197
0.23197
0.23197
0.23197
0.23197
0.23197
0.23197
0.23197
0.23197
0.23197
0.23197
0.23197
0.23197
0.23197
0.23197
0.23197
0.23197
0.23197
0.23197
0.23197
0.23197
0.23197
0.23197
0.23197
0.23197
0.23197
0.23197
0.23197
0.23197
0.23197
0.23197
0.23197
0.23197
0.23197
0.23197
0.23197
0.23197
0.23197
0.23197
0.23197
0.23197
0.23197
0.23197
0.23197
0.23197
0.23197
0.23197
0.23197
0.231961
0.231929
0.231841
0.231667
0.231384
0.230971
0.230396
0.229606
0.228543
0.227175
0.225501
0.223329
0.220201
0.216186
0.211126
0.205354
0.199076
0.192476
0.18566
0.17861
0.171305
0.163774
0.155903
0.147621
0.139012
0.130238
0.121495
0.11296
0.104878
0.0978656
0.092216
0.0871609
0.0794656
0.070747
0.0673005
0.0788407
0.102456
0.130348
0.177285
0.201055
0.216619
0.225989
0.229407
0.230928
0.231705
0.231891
0.231936
0.231961
0.23197
0.23197
0.23197
0.23197
0.23197
0.23197
0.23197
0.23197
0.23197
0.23197
0.23197
0.23197
0.23197
0.23197
0.23197
0.23197
0.23197
0.23197
0.23197
0.23197
0.23197
0.23197
0.23197
0.23197
0.23197
0.23197
0.23197
0.23197
0.23197
0.23197
0.23197
0.23197
0.23197
0.23197
0.23197
0.23197
0.23197
0.23197
0.23197
0.23197
0.23197
0.23197
0.23197
0.23197
0.23197
0.23197
0.23197
0.23197
0.23197
0.23197
0.23197
0.23197
0.231967
0.231954
0.231913
0.231822
0.23165
0.231367
0.230925
0.23026
0.229311
0.228086
0.226565
0.224608
0.221651
0.217887
0.213337
0.20801
0.202102
0.195769
0.189088
0.182041
0.174576
0.166714
0.158427
0.14973
0.140805
0.132015
0.123781
0.116405
0.110185
0.105812
0.103601
0.100646
0.0938939
0.0855321
0.086707
0.107757
0.139537
0.163903
0.200148
0.215167
0.224035
0.228587
0.230377
0.231388
0.231856
0.231935
0.231959
0.231968
0.23197
0.23197
0.23197
0.23197
0.23197
0.23197
0.23197
0.23197
0.23197
0.23197
0.23197
0.23197
0.23197
0.23197
0.23197
0.23197
0.23197
0.23197
0.23197
0.23197
0.23197
0.23197
0.23197
0.23197
0.23197
0.23197
0.23197
0.23197
0.23197
0.23197
0.23197
0.23197
0.23197
0.23197
0.23197
0.23197
0.23197
0.23197
0.23197
0.23197
0.23197
0.23197
0.23197
0.23197
0.23197
0.23197
0.23197
0.23197
0.23197
0.23197
0.23197
0.23197
0.23197
0.231963
0.231943
0.231893
0.231789
0.231595
0.231257
0.230706
0.229902
0.228794
0.227366
0.225537
0.222764
0.21901
0.214733
0.209667
0.203928
0.197678
0.19098
0.183826
0.176182
0.16807
0.15954
0.150711
0.141897
0.133663
0.126615
0.121242
0.118035
0.116818
0.117264
0.117215
0.112522
0.105652
0.111793
0.139445
0.172231
0.190907
0.214053
0.222958
0.227845
0.229905
0.231065
0.23163
0.231884
0.231938
0.231965
0.23197
0.23197
0.23197
0.23197
0.23197
0.23197
0.23197
0.23197
0.23197
0.23197
0.23197
0.23197
0.23197
0.23197
0.23197
0.23197
0.23197
0.23197
0.23197
0.23197
0.23197
0.23197
0.23197
0.23197
0.23197
0.23197
0.23197
0.23197
0.23197
0.23197
0.23197
0.23197
0.23197
0.23197
0.23197
0.23197
0.23197
0.23197
0.23197
0.23197
0.23197
0.23197
0.23197
0.23197
0.23197
0.23197
0.23197
0.23197
0.23197
0.23197
0.23197
0.23197
0.23197
0.23197
0.23197
0.23196
0.23194
0.231886
0.231764
0.231538
0.2311
0.230372
0.22936
0.228002
0.226255
0.22361
0.219886
0.215691
0.210731
0.205077
0.19885
0.1921
0.184835
0.177056
0.168818
0.160257
0.151617
0.143394
0.136368
0.131307
0.128832
0.128768
0.130706
0.134533
0.138037
0.135426
0.129972
0.138938
0.168609
0.195838
0.209124
0.22201
0.227265
0.229522
0.230838
0.231483
0.231851
0.231929
0.231959
0.23197
0.23197
0.23197
0.23197
0.23197
0.23197
0.23197
0.23197
0.23197
0.23197
0.23197
0.23197
0.23197
0.23197
0.23197
0.23197
0.23197
0.23197
0.23197
0.23197
0.23197
0.23197
0.23197
0.23197
0.23197
0.23197
0.23197
0.23197
0.23197
0.23197
0.23197
0.23197
0.23197
0.23197
0.23197
0.23197
0.23197
0.23197
0.23197
0.23197
0.23197
0.23197
0.23197
0.23197
0.23197
0.23197
0.23197
0.23197
0.23197
0.23197
0.23197
0.23197
0.23197
0.23197
0.23197
0.23197
0.231967
0.231961
0.231941
0.231885
0.231746
0.231428
0.230803
0.22986
0.228573
0.226882
0.224301
0.220641
0.216474
0.21158
0.205999
0.199809
0.193052
0.185755
0.177963
0.169797
0.161491
0.153423
0.146285
0.141155
0.138775
0.13928
0.142359
0.147377
0.154079
0.160637
0.160023
0.155915
0.164349
0.191213
0.210986
0.219702
0.226542
0.229219
0.230599
0.231411
0.231819
0.231915
0.231955
0.231967
0.23197
0.23197
0.23197
0.23197
0.23197
0.23197
0.23197
0.23197
0.23197
0.23197
0.23197
0.23197
0.23197
0.23197
0.23197
0.23197
0.23197
0.23197
0.23197
0.23197
0.23197
0.23197
0.23197
0.23197
0.23197
0.23197
0.23197
0.23197
0.23197
0.23197
0.23197
0.23197
0.23197
0.23197
0.23197
0.23197
0.23197
0.23197
0.23197
0.23197
0.23197
0.23197
0.23197
0.23197
0.23197
0.23197
0.23197
0.23197
0.23197
0.23197
0.23197
0.23197
0.23197
0.23197
0.23197
0.23197
0.23197
0.231967
0.231962
0.231942
0.231878
0.231689
0.231204
0.230337
0.22913
0.227546
0.225056
0.221501
0.217376
0.212579
0.207122
0.201051
0.1944
0.187227
0.179632
0.171818
0.164128
0.157048
0.151344
0.148188
0.148378
0.152155
0.158382
0.16557
0.173349
0.181659
0.182768
0.180436
0.187215
0.207699
0.22022
0.225605
0.228869
0.230414
0.231298
0.2318
0.231908
0.231953
0.231966
0.23197
0.23197
0.23197
0.23197
0.23197
0.23197
0.23197
0.23197
0.23197
0.23197
0.23197
0.23197
0.23197
0.23197
0.23197
0.23197
0.23197
0.23197
0.23197
0.23197
0.23197
0.23197
0.23197
0.23197
0.23197
0.23197
0.23197
0.23197
0.23197
0.23197
0.23197
0.23197
0.23197
0.23197
0.23197
0.23197
0.23197
0.23197
0.23197
0.23197
0.23197
0.23197
0.23197
0.23197
0.23197
0.23197
0.23197
0.23197
0.23197
0.23197
0.23197
0.23197
0.23197
0.23197
0.23197
0.23197
0.23197
0.23197
0.23197
0.231968
0.231962
0.231938
0.23185
0.231544
0.2308
0.229679
0.228181
0.225925
0.222571
0.218557
0.213943
0.208713
0.202891
0.196518
0.189691
0.182582
0.175478
0.168808
0.16313
0.15908
0.157823
0.160563
0.167042
0.17529
0.18318
0.189827
0.198224
0.201873
0.20038
0.20533
0.218258
0.225535
0.228522
0.23018
0.231129
0.231701
0.2319
0.231949
0.231965
0.23197
0.23197
0.23197
0.23197
0.23197
0.23197
0.23197
0.23197
0.23197
0.23197
0.23197
0.23197
0.23197
0.23197
0.23197
0.23197
0.23197
0.23197
0.23197
0.23197
0.23197
0.23197
0.23197
0.23197
0.23197
0.23197
0.23197
0.23197
0.23197
0.23197
0.23197
0.23197
0.23197
0.23197
0.23197
0.23197
0.23197
0.23197
0.23197
0.23197
0.23197
0.23197
0.23197
0.23197
0.23197
0.23197
0.23197
0.23197
0.23197
0.23197
0.23197
0.23197
0.23197
0.23197
0.23197
0.23197
0.23197
0.23197
0.23197
0.23197
0.23197
0.23197
0.23196
0.231926
0.231773
0.231253
0.230237
0.22887
0.226965
0.223915
0.22009
0.215769
0.210891
0.205475
0.199577
0.193348
0.187035
0.180982
0.175638
0.17169
0.169376
0.169644
0.174193
0.182203
0.191225
0.198735
0.204131
0.210366
0.214691
0.21451
0.217716
0.224715
0.228442
0.23004
0.231056
0.231642
0.231873
0.231935
0.231963
0.23197
0.23197
0.23197
0.23197
0.23197
0.23197
0.23197
0.23197
0.23197
0.23197
0.23197
0.23197
0.23197
0.23197
0.23197
0.23197
0.23197
0.23197
0.23197
0.23197
0.23197
0.23197
0.23197
0.23197
0.23197
0.23197
0.23197
0.23197
0.23197
0.23197
0.23197
0.23197
0.23197
0.23197
0.23197
0.23197
0.23197
0.23197
0.23197
0.23197
0.23197
0.23197
0.23197
0.23197
0.23197
0.23197
0.23197
0.23197
0.23197
0.23197
0.23197
0.23197
0.23197
0.23197
0.23197
0.23197
0.23197
0.23197
0.23197
0.23197
0.23197
0.23197
0.23197
0.231967
0.231957
0.231896
0.231623
0.230827
0.229602
0.227999
0.225455
0.222
0.218068
0.213678
0.208832
0.203616
0.198244
0.193003
0.188232
0.184259
0.182208
0.181447
0.18237
0.187845
0.196083
0.204674
0.211061
0.215048
0.218752
0.222516
0.22325
0.225139
0.22827
0.23
0.231027
0.231627
0.231884
0.231937
0.23196
0.231968
0.23197
0.23197
0.23197
0.23197
0.23197
0.23197
0.23197
0.23197
0.23197
0.23197
0.23197
0.23197
0.23197
0.23197
0.23197
0.23197
0.23197
0.23197
0.23197
0.23197
0.23197
0.23197
0.23197
0.23197
0.23197
0.23197
0.23197
0.23197
0.23197
0.23197
0.23197
0.23197
0.23197
0.23197
0.23197
0.23197
0.23197
0.23197
0.23197
0.23197
0.23197
0.23197
0.23197
0.23197
0.23197
0.23197
0.23197
0.23197
0.23197
0.23197
0.23197
0.23197
0.23197
0.23197
0.23197
0.23197
0.23197
0.23197
0.23197
0.23197
0.23197
0.23197
0.23197
0.23197
0.231967
0.23195
0.23183
0.231381
0.23037
0.228984
0.227132
0.224257
0.220752
0.216937
0.21281
0.208462
0.204148
0.200159
0.196712
0.193753
0.19362
0.194163
0.195943
0.200728
0.207871
0.21495
0.219769
0.222614
0.224734
0.22712
0.227895
0.228766
0.230109
0.231051
0.231647
0.231886
0.231942
0.231961
0.231967
0.23197
0.23197
0.23197
0.23197
0.23197
0.23197
0.23197
0.23197
0.23197
0.23197
0.23197
0.23197
0.23197
0.23197
0.23197
0.23197
0.23197
0.23197
0.23197
0.23197
0.23197
0.23197
0.23197
0.23197
0.23197
0.23197
0.23197
0.23197
0.23197
0.23197
0.23197
0.23197
0.23197
0.23197
0.23197
0.23197
0.23197
0.23197
0.23197
0.23197
0.23197
0.23197
0.23197
0.23197
0.23197
0.23197
0.23197
0.23197
0.23197
0.23197
0.23197
0.23197
0.23197
0.23197
0.23197
0.23197
0.23197
0.23197
0.23197
0.23197
0.23197
0.23197
0.23197
0.23197
0.23197
0.23197
0.231964
0.231938
0.231778
0.231124
0.229997
0.228533
0.226515
0.223731
0.220462
0.217107
0.213739
0.210567
0.207834
0.205664
0.20415
0.204786
0.20607
0.208055
0.211971
0.217206
0.222031
0.225464
0.227333
0.228358
0.229362
0.229959
0.230497
0.231158
0.231709
0.231892
0.231944
0.231962
0.231968
0.23197
0.23197
0.23197
0.23197
0.23197
0.23197
0.23197
0.23197
0.23197
0.23197
0.23197
0.23197
0.23197
0.23197
0.23197
0.23197
0.23197
0.23197
0.23197
0.23197
0.23197
0.23197
0.23197
0.23197
0.23197
0.23197
0.23197
0.23197
0.23197
0.23197
0.23197
0.23197
0.23197
0.23197
0.23197
0.23197
0.23197
0.23197
0.23197
0.23197
0.23197
0.23197
0.23197
0.23197
0.23197
0.23197
0.23197
0.23197
0.23197
0.23197
0.23197
0.23197
0.23197
0.23197
0.23197
0.23197
0.23197
0.23197
0.23197
0.23197
0.23197
0.23197
0.23197
0.23197
0.23197
0.23197
0.23197
0.23197
0.23196
0.231916
0.231695
0.230948
0.22983
0.228413
0.226548
0.224097
0.221449
0.218958
0.216827
0.215199
0.214092
0.213357
0.214501
0.215985
0.217847
0.220583
0.223939
0.226706
0.228542
0.229528
0.230144
0.230749
0.231092
0.231405
0.231797
0.231904
0.231946
0.231962
0.231968
0.23197
0.23197
0.23197
0.23197
0.23197
0.23197
0.23197
0.23197
0.23197
0.23197
0.23197
0.23197
0.23197
0.23197
0.23197
0.23197
0.23197
0.23197
0.23197
0.23197
0.23197
0.23197
0.23197
0.23197
0.23197
0.23197
0.23197
0.23197
0.23197
0.23197
0.23197
0.23197
0.23197
0.23197
0.23197
0.23197
0.23197
0.23197
0.23197
0.23197
0.23197
0.23197
0.23197
0.23197
0.23197
0.23197
0.23197
0.23197
0.23197
0.23197
0.23197
0.23197
0.23197
0.23197
0.23197
0.23197
0.23197
0.23197
0.23197
0.23197
0.23197
0.23197
0.23197
0.23197
0.23197
0.23197
0.23197
0.23197
0.23197
0.231967
0.231955
0.23189
0.231626
0.230938
0.229938
0.228711
0.227287
0.225532
0.22388
0.222433
0.221476
0.221032
0.221082
0.22194
0.223188
0.224559
0.226134
0.227843
0.229193
0.230178
0.230789
0.231181
0.231501
0.231767
0.231866
0.231921
0.231951
0.231963
0.231968
0.23197
0.23197
0.23197
0.23197
0.23197
0.23197
0.23197
0.23197
0.23197
0.23197
0.23197
0.23197
0.23197
0.23197
0.23197
0.23197
0.23197
0.23197
0.23197
0.23197
0.23197
0.23197
0.23197
0.23197
0.23197
0.23197
0.23197
0.23197
0.23197
0.23197
0.23197
0.23197
0.23197
0.23197
0.23197
0.23197
0.23197
0.23197
0.23197
0.23197
0.23197
0.23197
0.23197
0.23197
0.23197
0.23197
0.23197
0.23197
0.23197
0.23197
0.23197
0.23197
0.23197
0.23197
0.23197
0.23197
0.23197
0.23197
0.23197
0.23197
0.23197
0.23197
0.23197
0.23197
0.23197
0.23197
0.23197
0.23197
0.23197
0.23197
0.23197
0.231965
0.231951
0.231884
0.231666
0.231086
0.230306
0.229391
0.228427
0.227521
0.226747
0.226279
0.226147
0.226338
0.226838
0.227505
0.228227
0.229061
0.229901
0.230624
0.231154
0.231512
0.231789
0.231873
0.231915
0.231941
0.231957
0.231965
0.23197
0.23197
0.23197
0.23197
0.23197
0.23197
0.23197
0.23197
0.23197
0.23197
0.23197
0.23197
0.23197
0.23197
0.23197
0.23197
0.23197
0.23197
0.23197
0.23197
0.23197
0.23197
0.23197
0.23197
0.23197
0.23197
0.23197
0.23197
0.23197
0.23197
0.23197
0.23197
0.23197
0.23197
0.23197
0.23197
0.23197
0.23197
0.23197
0.23197
0.23197
0.23197
0.23197
0.23197
0.23197
0.23197
0.23197
0.23197
0.23197
0.23197
0.23197
0.23197
0.23197
0.23197
0.23197
0.23197
0.23197
0.23197
0.23197
0.23197
0.23197
0.23197
0.23197
0.23197
0.23197
0.23197
0.23197
0.23197
0.23197
0.23197
0.23197
0.23197
0.23197
0.23197
0.231964
0.23195
0.231898
0.231768
0.231339
0.230841
0.230265
0.229724
0.229304
0.229075
0.229026
0.229147
0.229411
0.22978
0.230192
0.230645
0.231074
0.231435
0.231759
0.231865
0.231916
0.231942
0.231955
0.231963
0.231967
0.23197
0.23197
0.23197
0.23197
0.23197
0.23197
0.23197
0.23197
0.23197
0.23197
0.23197
0.23197
0.23197
0.23197
0.23197
0.23197
0.23197
0.23197
0.23197
0.23197
0.23197
0.23197
0.23197
0.23197
0.23197
0.23197
0.23197
0.23197
0.23197
0.23197
0.23197
0.23197
0.23197
0.23197
0.23197
0.23197
0.23197
0.23197
0.23197
0.23197
0.23197
0.23197
0.23197
0.23197
0.23197
0.23197
0.23197
0.23197
0.23197
0.23197
0.23197
0.23197
0.23197
0.23197
0.23197
0.23197
0.23197
0.23197
0.23197
0.23197
0.23197
0.23197
0.23197
0.23197
0.23197
0.23197
0.23197
0.23197
0.23197
0.23197
0.23197
0.23197
0.23197
0.23197
0.23197
0.23197
0.231965
0.231954
0.231923
0.231846
0.23167
0.231345
0.231066
0.23084
0.230712
0.23068
0.230742
0.230875
0.231063
0.231269
0.231494
0.231736
0.231846
0.231911
0.231942
0.231955
0.231962
0.231966
0.23197
0.23197
0.23197
0.23197
0.23197
0.23197
0.23197
0.23197
0.23197
0.23197
0.23197
0.23197
0.23197
0.23197
0.23197
0.23197
0.23197
0.23197
0.23197
0.23197
0.23197
0.23197
0.23197
0.23197
0.23197
0.23197
0.23197
0.23197
0.23197
0.23197
0.23197
0.23197
0.23197
0.23197
0.23197
0.23197
0.23197
0.23197
0.23197
0.23197
0.23197
0.23197
0.23197
0.23197
0.23197
0.23197
0.23197
0.23197
0.23197
0.23197
0.23197
0.23197
0.23197
0.23197
0.23197
0.23197
0.23197
0.23197
0.23197
0.23197
0.23197
0.23197
0.23197
0.23197
0.23197
0.23197
0.23197
0.23197
0.23197
0.23197
0.23197
0.23197
0.23197
0.23197
0.23197
0.23197
0.23197
0.23197
0.23197
0.231966
0.231959
0.231944
0.231909
0.231851
0.231781
0.231681
0.231596
0.231567
0.231597
0.231669
0.23175
0.231812
0.231865
0.231914
0.231942
0.231955
0.231962
0.231966
0.23197
0.23197
0.23197
0.23197
0.23197
0.23197
0.23197
0.23197
0.23197
0.23197
0.23197
0.23197
0.23197
0.23197
0.23197
0.23197
0.23197
0.23197
0.23197
0.23197
0.23197
0.23197
0.23197
0.23197
0.23197
0.23197
0.23197
0.23197
0.23197
0.23197
0.23197
0.23197
0.23197
0.23197
0.23197
0.23197
0.23197
0.23197
0.23197
0.23197
0.23197
0.23197
0.23197
0.23197
0.23197
0.23197
0.23197
0.23197
0.23197
0.23197
0.23197
0.23197
0.23197
0.23197
0.23197
0.23197
0.23197
0.23197
0.23197
0.23197
0.23197
0.23197
0.23197
0.23197
0.23197
0.23197
0.23197
0.23197
0.23197
0.23197
0.23197
0.23197
0.23197
0.23197
0.23197
0.23197
0.23197
0.23197
0.23197
0.23197
0.23197
0.23197
0.231968
0.231964
0.231957
0.231947
0.231932
0.231914
0.231899
0.231892
0.231896
0.231908
0.231924
0.231938
0.231949
0.231957
0.231963
0.231966
0.23197
0.23197
0.23197
0.23197
0.23197
0.23197
0.23197
0.23197
0.23197
0.23197
0.23197
0.23197
0.23197
0.23197
0.23197
0.23197
0.23197
0.23197
0.23197
0.23197
0.23197
0.23197
0.23197
0.23197
0.23197
0.23197
0.23197
0.23197
0.23197
0.23197
0.23197
0.23197
0.23197
0.23197
0.23197
0.23197
0.23197
0.23197
0.23197
0.23197
0.23197
0.23197
0.23197
0.23197
0.23197
0.23197
0.23197
0.23197
0.23197
0.23197
0.23197
0.23197
0.23197
0.23197
0.23197
0.23197
0.23197
0.23197
0.23197
0.23197
0.23197
0.23197
0.23197
0.23197
0.23197
0.23197
0.23197
0.23197
0.23197
0.23197
0.23197
0.23197
0.23197
0.23197
0.23197
0.23197
0.23197
0.23197
0.23197
0.23197
0.23197
0.23197
0.23197
0.23197
0.23197
0.23197
0.231967
0.231965
0.231962
0.231959
0.231957
0.231956
0.231956
0.231958
0.23196
0.231963
0.231965
0.231967
0.23197
0.23197
0.23197
0.23197
0.23197
0.23197
0.23197
0.23197
0.23197
0.23197
0.23197
0.23197
0.23197
0.23197
0.23197
0.23197
0.23197
0.23197
0.23197
0.23197
0.23197
0.23197
0.23197
0.23197
0.23197
0.23197
0.23197
0.23197
0.23197
0.23197
0.23197
0.23197
0.23197
0.23197
0.23197
0.23197
0.23197
0.23197
0.23197
0.23197
0.23197
0.23197
0.23197
0.23197
0.23197
0.23197
0.23197
0.23197
0.23197
0.23197
0.23197
0.23197
0.23197
0.23197
0.23197
0.23197
0.23197
0.23197
0.23197
0.23197
0.23197
0.23197
0.23197
0.23197
0.23197
0.23197
0.23197
0.23197
0.23197
0.23197
0.23197
0.23197
0.23197
0.23197
0.23197
0.23197
0.23197
0.23197
0.23197
0.23197
0.23197
0.23197
0.23197
0.23197
0.23197
0.23197
0.23197
0.23197
0.23197
0.23197
0.23197
0.23197
0.231967
0.231967
0.231967
0.231968
0.23197
0.23197
0.23197
0.23197
0.23197
0.23197
0.23197
0.23197
0.23197
0.23197
0.23197
0.23197
0.23197
0.23197
0.23197
0.23197
0.23197
0.23197
0.23197
0.23197
0.23197
0.23197
0.23197
0.23197
0.23197
0.23197
0.23197
0.23197
0.23197
0.23197
0.23197
0.23197
0.23197
0.23197
0.23197
0.23197
0.23197
0.23197
0.23197
0.23197
0.23197
0.23197
0.23197
0.23197
0.23197
0.23197
0.23197
0.23197
0.23197
0.23197
0.23197
0.23197
0.23197
0.23197
0.23197
0.23197
0.23197
0.23197
0.23197
0.23197
0.23197
0.23197
0.23197
0.23197
0.23197
0.23197
0.23197
0.23197
0.23197
0.23197
0.23197
0.23197
0.23197
0.23197
0.23197
0.23197
0.23197
0.23197
0.23197
0.23197
0.23197
0.23197
0.23197
0.23197
0.23197
0.23197
0.23197
0.23197
0.23197
0.23197
0.23197
0.23197
0.23197
0.23197
0.23197
0.23197
0.23197
0.23197
0.23197
0.23197
0.23197
0.23197
0.23197
0.23197
0.23197
0.23197
0.23197
0.23197
0.23197
0.23197
0.23197
0.23197
0.23197
0.23197
0.23197
0.23197
0.23197
0.23197
0.23197
0.23197
0.23197
0.23197
0.23197
0.23197
0.23197
0.23197
0.23197
0.23197
0.23197
0.23197
0.23197
0.23197
0.23197
0.23197
0.23197
0.23197
0.23197
0.23197
0.23197
0.23197
0.23197
0.23197
0.23197
0.23197
0.23197
0.23197
0.23197
0.23197
0.23197
0.23197
0.23197
0.23197
0.23197
0.23197
0.23197
0.23197
0.23197
0.23197
0.23197
0.23197
0.23197
0.23197
0.23197
0.23197
0.23197
0.23197
0.23197
0.23197
0.23197
0.23197
0.23197
0.23197
0.23197
0.23197
0.23197
0.23197
0.23197
0.23197
0.23197
0.23197
0.23197
0.23197
0.23197
0.23197
0.23197
0.23197
0.23197
0.23197
0.23197
0.23197
0.23197
0.23197
0.23197
0.23197
0.23197
0.23197
0.23197
0.23197
0.23197
0.23197
0.23197
0.23197
0.23197
0.23197
0.23197
0.23197
0.23197
0.23197
0.23197
0.23197
0.23197
0.23197
0.23197
0.23197
0.23197
0.23197
0.23197
0.23197
0.23197
0.23197
0.23197
0.23197
0.23197
0.23197
0.23197
0.23197
0.23197
0.23197
0.23197
0.23197
0.23197
0.23197
0.23197
0.23197
0.23197
0.23197
0.23197
0.23197
0.23197
0.23197
0.23197
0.23197
0.23197
0.23197
0.23197
0.23197
0.23197
0.23197
0.23197
0.23197
0.23197
0.23197
0.23197
0.23197
0.23197
0.23197
0.23197
0.23197
0.23197
0.23197
0.23197
0.23197
0.23197
0.23197
0.23197
0.23197
0.23197
0.23197
0.23197
0.23197
0.23197
0.23197
0.23197
0.23197
0.23197
0.23197
0.23197
0.23197
0.23197
0.23197
0.23197
0.23197
0.23197
0.23197
0.23197
0.23197
0.23197
0.23197
0.23197
0.23197
0.23197
0.23197
0.23197
0.23197
0.23197
0.23197
0.23197
0.23197
0.23197
0.23197
0.23197
0.23197
0.23197
0.23197
0.23197
0.23197
0.23197
0.23197
0.23197
0.23197
0.23197
0.23197
0.23197
0.23197
0.23197
0.23197
0.23197
0.23197
0.23197
0.23197
0.23197
0.23197
0.23197
0.23197
0.23197
0.23197
0.23197
0.23197
0.23197
0.23197
0.23197
0.23197
0.23197
0.23197
0.23197
0.23197
0.23197
0.23197
0.23197
0.23197
0.23197
0.23197
0.23197
0.23197
0.23197
0.23197
0.23197
0.23197
0.23197
0.23197
0.23197
0.23197
0.23197
0.23197
0.23197
0.23197
0.23197
0.23197
0.23197
0.23197
0.23197
0.23197
0.23197
0.23197
0.23197
0.23197
0.23197
0.23197
0.23197
0.23197
0.23197
0.23197
0.23197
0.23197
0.23197
0.23197
0.23197
0.23197
0.23197
0.23197
0.23197
0.23197
0.23197
0.23197
0.23197
0.23197
0.23197
0.23197
0.23197
0.23197
0.23197
0.23197
0.23197
0.23197
0.23197
0.23197
0.23197
0.23197
0.23197
0.23197
0.23197
0.23197
0.23197
0.23197
0.23197
0.23197
0.23197
0.23197
0.23197
0.23197
0.23197
0.23197
0.23197
0.23197
0.23197
0.23197
0.23197
0.23197
0.23197
0.23197
0.23197
0.23197
0.23197
0.23197
0.23197
0.23197
0.23197
0.23197
0.23197
0.23197
0.23197
0.23197
0.23197
0.23197
0.23197
0.23197
0.23197
0.23197
0.23197
0.23197
0.23197
0.23197
0.23197
0.23197
0.23197
0.23197
0.23197
0.23197
0.23197
0.23197
0.23197
0.23197
0.23197
0.23197
0.23197
0.23197
0.23197
0.23197
0.23197
0.23197
0.23197
0.23197
0.23197
0.23197
0.23197
0.23197
0.23197
0.23197
0.23197
0.23197
0.23197
0.23197
0.23197
0.23197
0.23197
0.23197
0.23197
0.23197
0.23197
0.23197
0.23197
0.23197
0.23197
0.23197
0.23197
0.23197
0.23197
0.23197
0.23197
0.23197
0.23197
0.23197
0.23197
0.23197
0.23197
0.23197
0.23197
0.23197
0.23197
0.23197
0.23197
0.23197
0.23197
0.23197
0.23197
0.23197
0.23197
0.23197
0.23197
0.23197
0.23197
0.23197
0.23197
0.23197
0.23197
0.23197
0.23197
0.23197
0.23197
0.23197
0.23197
0.23197
0.23197
0.23197
0.23197
0.23197
0.23197
0.23197
0.23197
0.23197
0.23197
0.23197
0.23197
0.23197
0.23197
0.23197
0.23197
0.23197
0.23197
0.23197
0.23197
0.23197
0.23197
0.23197
0.23197
0.23197
0.23197
0.23197
0.23197
0.23197
0.23197
0.23197
0.23197
0.23197
0.23197
0.23197
0.23197
0.23197
0.23197
0.23197
0.23197
0.23197
0.23197
0.23197
0.23197
0.23197
0.23197
0.23197
0.23197
0.23197
0.23197
0.23197
0.23197
0.23197
0.23197
0.23197
0.23197
0.23197
0.23197
0.23197
0.23197
0.23197
0.23197
0.23197
0.23197
0.23197
0.23197
0.23197
0.23197
0.23197
0.23197
0.23197
0.23197
0.23197
0.23197
0.23197
0.23197
0.23197
0.23197
0.23197
0.23197
0.23197
0.23197
0.23197
0.23197
0.23197
0.23197
0.23197
0.23197
0.23197
0.23197
0.23197
0.23197
0.23197
0.23197
0.23197
0.23197
0.23197
0.23197
0.23197
0.23197
0.23197
0.23197
0.23197
0.23197
0.23197
0.23197
0.23197
0.23197
0.23197
0.23197
0.23197
0.23197
0.23197
0.23197
0.23197
0.23197
0.23197
0.23197
0.23197
0.23197
0.23197
0.23197
0.23197
0.23197
0.23197
0.23197
0.23197
0.23197
0.23197
0.23197
0.23197
0.23197
0.23197
0.23197
0.23197
0.23197
0.23197
0.23197
0.23197
0.23197
0.23197
0.23197
0.23197
0.23197
0.23197
0.23197
0.23197
0.23197
0.23197
0.23197
0.23197
0.23197
0.23197
0.23197
0.23197
0.23197
0.23197
0.23197
0.23197
0.23197
0.23197
0.23197
0.23197
0.23197
0.23197
0.23197
0.23197
0.23197
0.23197
0.23197
0.23197
0.23197
0.23197
0.23197
0.23197
0.23197
0.23197
0.23197
0.23197
0.23197
0.23197
0.23197
0.23197
0.23197
0.23197
0.23197
0.23197
0.23197
0.23197
0.23197
0.23197
0.23197
0.23197
0.23197
0.23197
0.23197
0.23197
0.23197
0.23197
0.23197
0.23197
0.23197
0.23197
0.23197
0.23197
0.23197
0.23197
0.23197
0.23197
0.23197
0.23197
0.23197
0.23197
0.23197
0.23197
0.23197
0.23197
0.23197
0.23197
0.23197
0.23197
0.23197
0.23197
0.23197
0.23197
0.23197
0.23197
0.23197
0.23197
0.23197
0.23197
0.23197
0.23197
0.23197
0.23197
0.23197
0.23197
0.23197
0.23197
0.23197
0.23197
0.23197
0.23197
0.23197
0.23197
0.23197
0.23197
0.23197
0.23197
0.23197
0.23197
0.23197
0.23197
0.23197
0.23197
0.23197
0.23197
0.23197
0.23197
0.23197
0.23197
0.23197
0.23197
0.23197
0.23197
0.23197
0.23197
0.23197
0.23197
0.23197
0.23197
0.23197
0.23197
0.23197
0.23197
0.23197
0.23197
0.23197
0.23197
0.23197
0.23197
0.23197
0.23197
0.23197
0.23197
0.23197
0.23197
0.23197
0.23197
0.23197
0.23197
0.23197
0.23197
0.23197
0.23197
0.23197
0.23197
0.23197
0.23197
0.23197
0.23197
0.23197
0.23197
0.23197
0.23197
0.23197
0.23197
0.23197
0.23197
0.23197
0.23197
0.23197
0.23197
0.23197
0.23197
0.23197
0.23197
0.23197
0.23197
0.23197
0.23197
0.23197
0.23197
0.23197
0.23197
0.23197
0.23197
0.23197
0.23197
0.23197
0.23197
0.23197
0.23197
0.23197
0.23197
0.23197
0.23197
0.23197
0.23197
0.23197
0.23197
0.23197
0.23197
0.23197
0.23197
0.23197
0.23197
0.23197
0.23197
0.23197
0.23197
0.23197
0.23197
0.23197
0.23197
0.23197
0.23197
0.23197
0.23197
0.23197
0.23197
0.23197
0.23197
0.23197
0.23197
0.23197
0.23197
0.23197
0.23197
0.23197
0.23197
0.23197
0.23197
0.23197
0.23197
0.23197
0.23197
0.23197
0.23197
0.23197
0.23197
0.23197
0.23197
0.23197
0.23197
0.23197
0.23197
0.23197
0.23197
0.23197
0.23197
0.23197
0.23197
0.23197
0.23197
0.23197
0.23197
0.23197
0.23197
0.23197
0.23197
0.23197
0.23197
0.23197
0.23197
0.23197
0.23197
0.23197
0.23197
0.23197
0.23197
0.23197
0.23197
0.23197
0.23197
0.23197
0.23197
0.23197
0.23197
0.23197
0.23197
0.23197
0.23197
0.23197
0.23197
0.23197
0.23197
0.23197
0.23197
0.23197
0.23197
0.23197
0.23197
0.23197
0.23197
0.23197
0.23197
0.23197
0.23197
0.23197
0.23197
0.23197
0.23197
0.23197
0.23197
0.23197
0.23197
0.23197
0.23197
0.23197
0.23197
0.23197
0.23197
0.23197
0.23197
0.23197
0.23197
0.23197
0.23197
0.23197
0.23197
0.23197
0.23197
0.23197
0.23197
0.23197
0.23197
0.23197
0.23197
0.23197
0.23197
0.23197
0.23197
0.23197
0.23197
0.23197
0.23197
0.23197
0.23197
0.23197
0.23197
0.23197
0.23197
0.23197
0.23197
0.23197
0.23197
0.23197
0.23197
0.23197
0.23197
0.23197
0.23197
0.23197
0.23197
0.23197
0.23197
0.23197
0.23197
0.23197
0.23197
0.23197
0.23197
0.23197
0.23197
0.23197
0.23197
0.23197
0.23197
0.23197
0.23197
0.23197
0.23197
0.23197
0.23197
0.23197
0.23197
0.23197
0.23197
0.23197
0.23197
0.23197
0.23197
0.23197
0.23197
0.23197
0.23197
0.23197
0.23197
0.23197
0.23197
0.23197
0.23197
0.23197
0.23197
0.23197
0.23197
0.23197
0.23197
0.23197
0.23197
0.23197
0.23197
0.23197
0.23197
0.23197
0.23197
0.23197
0.23197
0.23197
0.23197
0.23197
0.23197
0.23197
0.23197
0.23197
0.23197
0.23197
0.23197
0.23197
0.23197
0.23197
0.23197
0.23197
0.23197
0.23197
0.23197
0.23197
0.23197
0.23197
0.23197
0.23197
0.23197
0.23197
0.23197
0.23197
0.23197
0.23197
0.23197
0.23197
0.23197
0.23197
0.23197
0.23197
0.23197
0.23197
0.23197
0.23197
0.23197
0.23197
0.23197
0.23197
0.23197
0.23197
0.23197
0.23197
0.23197
0.23197
0.23197
0.23197
0.23197
0.23197
0.23197
0.23197
0.23197
0.23197
0.23197
0.23197
0.23197
0.23197
0.23197
0.23197
0.23197
0.23197
0.23197
0.23197
0.23197
0.23197
0.23197
0.23197
0.23197
0.23197
0.23197
0.23197
0.23197
0.23197
0.23197
0.23197
0.23197
0.23197
0.23197
0.23197
0.23197
0.23197
0.23197
0.23197
0.23197
0.23197
0.23197
0.23197
0.23197
0.23197
0.23197
0.23197
0.23197
0.23197
0.23197
0.23197
0.23197
0.23197
0.23197
0.23197
0.23197
0.23197
0.23197
0.23197
0.23197
0.23197
0.23197
0.23197
0.23197
0.23197
0.23197
0.23197
0.23197
0.23197
0.23197
0.23197
0.23197
0.23197
0.23197
0.23197
0.23197
0.23197
0.23197
0.23197
0.23197
0.23197
0.23197
0.23197
0.23197
0.23197
0.23197
0.23197
0.23197
0.23197
0.23197
0.23197
0.23197
0.23197
0.23197
0.23197
0.23197
0.23197
0.23197
0.23197
0.23197
0.23197
0.23197
0.23197
0.23197
0.23197
0.23197
0.23197
0.23197
0.23197
0.23197
0.23197
0.23197
0.23197
0.23197
0.23197
0.23197
0.23197
0.23197
0.23197
0.23197
0.23197
0.23197
0.23197
0.23197
0.23197
0.23197
0.23197
0.23197
0.23197
0.23197
0.23197
0.23197
0.23197
0.23197
0.23197
0.23197
0.23197
0.23197
0.23197
0.23197
0.23197
0.23197
0.23197
0.23197
0.23197
0.23197
0.23197
0.23197
0.23197
0.23197
0.23197
0.23197
0.23197
0.23197
0.23197
0.23197
0.23197
0.23197
0.23197
0.23197
0.23197
0.23197
0.23197
0.23197
0.23197
0.23197
0.23197
0.23197
0.23197
0.23197
0.23197
0.23197
0.23197
0.23197
0.23197
0.23197
0.23197
0.23197
0.23197
0.23197
0.23197
0.23197
0.23197
0.23197
0.23197
0.23197
0.23197
0.23197
0.23197
0.23197
0.23197
0.23197
0.23197
0.23197
0.23197
0.23197
0.23197
0.23197
0.23197
0.23197
0.23197
0.23197
0.23197
0.23197
0.23197
0.23197
0.23197
0.23197
0.23197
0.23197
0.23197
0.23197
0.23197
0.23197
0.23197
0.23197
0.23197
0.23197
0.23197
0.23197
0.23197
0.23197
0.23197
0.23197
0.23197
0.23197
0.23197
0.23197
0.23197
0.23197
0.23197
0.23197
0.23197
0.23197
0.23197
0.23197
0.23197
0.23197
0.23197
0.23197
0.23197
0.23197
0.23197
0.23197
0.23197
0.23197
0.23197
0.23197
0.23197
0.23197
0.23197
0.23197
0.23197
0.23197
0.23197
0.23197
0.23197
0.23197
0.23197
0.23197
0.23197
0.23197
0.23197
0.23197
0.23197
0.23197
0.23197
0.23197
0.23197
0.23197
0.23197
0.23197
0.23197
0.23197
0.23197
0.23197
0.23197
0.23197
0.23197
0.23197
0.23197
0.23197
0.23197
0.23197
0.23197
0.23197
0.23197
0.23197
0.23197
0.23197
0.23197
0.23197
0.23197
0.23197
0.23197
0.23197
0.23197
0.23197
0.23197
0.23197
0.23197
0.23197
0.23197
0.23197
0.23197
0.23197
0.23197
0.23197
0.23197
0.23197
0.23197
0.23197
0.23197
0.23197
0.23197
0.23197
0.23197
0.23197
0.23197
0.23197
0.23197
0.23197
0.23197
0.23197
0.23197
0.23197
0.23197
0.23197
0.23197
0.23197
0.23197
0.23197
0.23197
0.23197
0.23197
0.23197
0.23197
0.23197
0.23197
0.23197
0.23197
0.23197
0.23197
0.23197
0.23197
0.23197
0.23197
0.23197
0.23197
0.23197
0.23197
0.23197
0.23197
0.23197
0.23197
0.23197
0.23197
0.23197
0.23197
0.23197
0.23197
0.23197
0.23197
0.23197
0.23197
0.23197
0.23197
0.23197
0.23197
0.23197
0.23197
0.23197
0.23197
0.23197
0.23197
0.23197
0.23197
0.23197
0.23197
0.23197
0.23197
0.23197
0.23197
0.23197
0.23197
0.23197
0.23197
0.23197
0.23197
0.23197
0.23197
0.23197
0.23197
0.23197
0.23197
0.23197
0.23197
0.23197
0.23197
0.23197
0.23197
0.23197
0.23197
0.23197
0.23197
0.23197
0.23197
0.23197
0.23197
0.23197
0.23197
0.23197
0.23197
0.23197
0.23197
0.23197
0.23197
0.23197
0.23197
0.23197
0.23197
0.23197
0.23197
0.23197
0.23197
0.23197
0.23197
0.23197
0.23197
0.23197
0.23197
0.23197
0.23197
0.23197
0.23197
0.23197
0.23197
0.23197
0.23197
0.23197
0.23197
0.23197
0.23197
0.23197
0.23197
0.23197
0.23197
0.23197
0.23197
0.23197
0.23197
0.23197
0.23197
0.23197
0.23197
0.23197
0.23197
0.23197
0.23197
0.23197
0.23197
0.23197
0.23197
0.23197
0.23197
0.23197
0.23197
0.23197
0.23197
0.23197
0.23197
0.23197
0.23197
0.23197
0.23197
0.23197
0.23197
0.23197
0.23197
0.23197
0.23197
0.23197
0.23197
0.23197
0.23197
0.23197
0.23197
0.23197
0.23197
0.23197
0.23197
0.23197
0.23197
0.23197
0.23197
0.23197
0.23197
0.23197
0.23197
0.23197
0.23197
0.23197
0.23197
0.23197
0.23197
0.23197
0.23197
0.23197
0.23197
0.23197
0.23197
0.23197
0.23197
0.23197
0.23197
0.23197
0.23197
0.23197
0.23197
0.23197
0.23197
0.23197
0.23197
0.23197
0.23197
0.23197
0.23197
0.23197
0.23197
0.23197
0.23197
0.23197
0.23197
0.23197
0.23197
0.23197
0.23197
0.23197
0.23197
0.23197
0.23197
0.23197
0.23197
0.23197
0.23197
0.23197
0.23197
0.23197
0.23197
0.23197
0.23197
0.23197
0.23197
0.23197
0.23197
0.23197
0.23197
0.23197
0.23197
0.23197
0.23197
0.23197
0.23197
0.23197
0.23197
0.23197
0.23197
0.23197
0.23197
0.23197
0.23197
0.23197
0.23197
0.23197
0.23197
0.23197
0.23197
0.23197
0.23197
0.23197
0.23197
0.23197
0.23197
0.23197
0.23197
0.23197
0.23197
0.23197
0.23197
0.23197
0.23197
0.23197
0.23197
0.23197
0.23197
0.23197
0.23197
0.23197
0.23197
0.23197
0.23197
0.23197
0.23197
0.23197
0.23197
0.23197
0.23197
0.23197
0.23197
0.23197
0.23197
0.23197
0.23197
0.23197
0.23197
0.23197
0.23197
0.23197
0.23197
0.23197
0.23197
0.23197
0.23197
0.23197
0.23197
0.23197
0.23197
0.23197
0.23197
0.23197
0.23197
0.23197
0.23197
0.23197
0.23197
0.23197
0.23197
0.23197
0.23197
0.23197
0.23197
0.23197
0.23197
0.23197
0.23197
0.23197
0.23197
0.23197
0.23197
0.23197
0.23197
0.23197
0.23197
0.23197
0.23197
0.23197
0.23197
0.23197
0.23197
0.23197
0.23197
0.23197
0.23197
0.23197
0.23197
0.23197
0.23197
0.23197
0.23197
0.23197
0.23197
0.23197
0.23197
0.23197
0.23197
0.23197
0.23197
0.23197
0.23197
0.23197
0.23197
0.23197
0.23197
0.23197
0.23197
0.23197
0.23197
0.23197
0.23197
0.23197
0.23197
0.23197
0.23197
0.23197
0.23197
0.23197
0.23197
0.23197
0.23197
0.23197
0.23197
0.23197
0.23197
0.23197
0.23197
0.23197
0.23197
0.23197
0.23197
0.23197
0.23197
0.23197
0.23197
0.23197
0.23197
0.23197
0.23197
0.23197
0.23197
0.23197
0.23197
0.23197
0.23197
0.23197
0.23197
0.23197
0.23197
0.23197
0.23197
0.23197
0.23197
0.23197
0.23197
0.23197
0.23197
0.23197
0.23197
0.23197
0.23197
0.23197
0.23197
0.23197
0.23197
0.23197
0.23197
0.23197
0.23197
0.23197
0.23197
0.23197
0.23197
0.23197
0.23197
0.23197
0.23197
0.23197
0.23197
0.23197
0.23197
0.23197
0.23197
0.23197
0.23197
0.23197
0.23197
0.23197
0.23197
0.23197
0.23197
0.23197
0.23197
0.23197
0.23197
0.23197
0.23197
0.23197
0.23197
0.23197
0.23197
0.23197
0.23197
0.23197
0.23197
0.23197
0.23197
0.23197
0.23197
0.23197
0.23197
0.23197
0.23197
0.23197
0.23197
0.23197
0.23197
0.23197
0.23197
0.23197
0.23197
0.23197
0.23197
0.23197
0.23197
0.23197
0.23197
0.23197
0.23197
0.23197
0.23197
0.23197
0.23197
0.23197
0.23197
0.23197
0.23197
0.23197
0.23197
0.23197
0.23197
0.23197
0.23197
0.23197
0.23197
0.23197
0.23197
0.23197
0.23197
0.23197
0.23197
0.23197
0.23197
0.23197
0.23197
0.23197
0.23197
0.23197
0.23197
0.23197
0.23197
0.23197
0.23197
0.23197
0.23197
0.23197
0.23197
0.23197
0.23197
0.23197
0.23197
0.23197
0.23197
0.23197
0.23197
0.23197
0.23197
0.23197
0.23197
0.23197
0.23197
0.23197
0.23197
0.23197
0.23197
0.23197
0.23197
0.23197
0.23197
0.23197
0.23197
0.23197
0.23197
0.23197
0.23197
0.23197
0.23197
0.23197
0.23197
0.23197
0.23197
0.23197
0.23197
0.23197
0.23197
0.23197
0.23197
0.23197
0.23197
0.23197
0.23197
0.23197
0.23197
0.23197
0.23197
0.23197
0.23197
0.23197
0.23197
0.23197
0.23197
0.23197
0.23197
0.23197
0.23197
0.23197
0.23197
0.23197
0.23197
0.23197
0.23197
0.23197
0.23197
0.23197
0.23197
0.23197
0.23197
0.23197
0.23197
0.23197
0.23197
0.23197
0.23197
0.23197
0.23197
0.23197
0.23197
0.23197
0.23197
0.23197
0.23197
0.23197
0.23197
0.23197
0.23197
0.23197
0.23197
0.23197
0.23197
0.23197
0.23197
0.23197
0.23197
0.23197
0.23197
0.23197
0.23197
0.23197
0.23197
0.23197
0.23197
0.23197
0.23197
0.23197
0.23197
0.23197
0.23197
0.23197
0.23197
0.23197
0.23197
0.23197
0.23197
0.23197
0.23197
0.23197
0.23197
0.23197
0.23197
0.23197
0.23197
0.23197
0.23197
0.23197
0.23197
0.23197
0.23197
0.23197
0.23197
0.23197
0.23197
0.23197
0.23197
0.23197
0.23197
0.23197
0.23197
0.23197
0.23197
0.23197
0.23197
0.23197
0.23197
0.23197
0.23197
0.23197
0.23197
0.23197
0.23197
0.23197
0.23197
0.23197
0.23197
0.23197
0.23197
0.23197
0.23197
0.23197
0.23197
0.23197
0.23197
0.23197
0.23197
0.23197
0.23197
0.23197
0.23197
0.23197
0.23197
0.23197
0.23197
0.23197
0.23197
0.23197
0.23197
0.23197
0.23197
0.23197
0.23197
0.23197
0.23197
0.23197
0.23197
0.23197
0.23197
0.23197
0.23197
0.23197
0.23197
0.23197
0.23197
0.23197
0.23197
0.23197
0.23197
0.23197
0.23197
0.23197
0.23197
0.23197
0.23197
0.23197
0.23197
0.23197
0.23197
0.23197
0.23197
0.23197
0.23197
0.23197
0.23197
0.23197
0.23197
0.23197
0.23197
0.23197
0.23197
0.23197
0.23197
0.23197
0.23197
0.23197
0.23197
0.23197
0.23197
0.23197
0.23197
0.23197
0.23197
0.23197
0.23197
0.23197
0.23197
0.23197
0.23197
0.23197
0.23197
0.23197
0.23197
0.23197
0.23197
0.23197
0.23197
0.23197
0.23197
0.23197
0.23197
0.23197
0.23197
0.23197
0.23197
0.23197
0.23197
0.23197
0.23197
0.23197
0.23197
0.23197
0.23197
0.23197
0.23197
0.23197
0.23197
0.23197
0.23197
0.23197
0.23197
0.23197
0.23197
0.23197
0.23197
0.23197
0.23197
0.23197
0.23197
0.23197
0.23197
0.23197
0.23197
0.23197
0.23197
0.23197
0.23197
0.23197
0.23197
0.23197
0.23197
0.23197
0.23197
0.23197
0.23197
0.23197
0.23197
0.23197
0.23197
0.23197
0.23197
0.23197
0.23197
0.23197
0.23197
0.23197
0.23197
0.23197
0.23197
0.23197
0.23197
0.23197
0.23197
0.23197
0.23197
0.23197
0.23197
0.23197
0.23197
0.23197
0.23197
0.23197
0.23197
0.23197
0.23197
0.23197
0.23197
0.23197
0.23197
0.23197
0.23197
0.23197
0.23197
0.23197
0.23197
0.23197
0.23197
0.23197
0.23197
0.23197
0.23197
0.23197
0.23197
0.23197
0.23197
0.23197
0.23197
0.23197
0.23197
0.23197
0.23197
0.23197
0.23197
0.23197
0.23197
0.23197
0.23197
0.23197
0.23197
0.23197
0.23197
0.23197
0.23197
0.23197
0.23197
0.23197
0.23197
0.23197
0.23197
0.23197
0.23197
0.23197
0.23197
0.23197
0.23197
0.23197
0.23197
0.23197
0.23197
0.23197
0.23197
0.23197
0.23197
0.23197
0.23197
0.23197
0.23197
0.23197
0.23197
0.23197
0.23197
0.23197
0.23197
0.23197
0.23197
0.23197
0.23197
0.23197
0.23197
0.23197
0.23197
0.23197
0.23197
0.23197
0.23197
0.23197
0.23197
0.23197
0.23197
0.23197
0.23197
0.23197
0.23197
0.23197
0.23197
0.23197
0.23197
0.23197
0.23197
0.23197
0.23197
0.23197
0.23197
0.23197
0.23197
0.23197
0.23197
0.23197
0.23197
0.23197
0.23197
0.23197
0.23197
0.23197
0.23197
0.23197
0.23197
0.23197
0.23197
0.23197
0.23197
0.23197
0.23197
0.23197
0.23197
0.23197
0.23197
0.23197
0.23197
0.23197
0.23197
0.23197
0.23197
0.23197
0.23197
0.23197
0.23197
0.23197
0.23197
0.23197
0.23197
0.23197
0.23197
0.23197
0.23197
0.23197
0.23197
0.23197
0.23197
0.23197
0.23197
0.23197
0.23197
0.23197
0.23197
0.23197
0.23197
0.23197
0.23197
0.23197
0.23197
0.23197
0.23197
0.23197
0.23197
0.23197
0.23197
0.23197
0.23197
0.23197
0.23197
0.23197
0.23197
0.23197
0.23197
0.23197
0.23197
0.23197
0.23197
0.23197
0.23197
0.23197
0.23197
0.23197
0.23197
0.23197
0.23197
0.23197
0.23197
0.23197
0.23197
0.23197
0.23197
0.23197
0.23197
0.23197
0.23197
0.23197
0.23197
0.23197
0.23197
0.23197
0.23197
0.23197
0.23197
0.23197
0.23197
0.23197
0.23197
0.23197
0.23197
0.23197
0.23197
0.23197
0.23197
0.23197
0.23197
0.23197
0.23197
0.23197
0.23197
0.23197
0.23197
0.23197
0.23197
0.23197
0.23197
0.23197
0.23197
0.23197
0.23197
0.23197
0.23197
0.23197
0.23197
0.23197
0.23197
0.23197
0.23197
0.23197
0.23197
0.23197
0.23197
0.23197
0.23197
0.23197
0.23197
0.23197
0.23197
0.23197
0.23197
0.23197
0.23197
0.23197
0.23197
0.23197
0.23197
0.23197
0.23197
0.23197
0.23197
0.23197
0.23197
0.23197
0.23197
0.23197
0.23197
0.23197
0.23197
0.23197
0.23197
0.23197
0.23197
0.23197
0.23197
0.23197
0.23197
0.23197
0.23197
0.23197
0.23197
0.23197
0.23197
0.23197
0.23197
0.23197
0.23197
0.23197
0.23197
0.23197
0.23197
0.23197
0.23197
)
;

boundaryField
{
    AXIS
    {
        type            empty;
    }
    OUTLET
    {
        type            calculated;
        value           uniform 0.23197;
    }
    COFLOW
    {
        type            calculated;
        value           uniform 0.23197;
    }
    PILOT
    {
        type            calculated;
        value           uniform 0.0197596;
    }
    FUEL
    {
        type            calculated;
        value           uniform 0.22895;
    }
    WALL
    {
        type            calculated;
        value           uniform 0.23197;
    }
    front
    {
        type            wedge;
    }
    back
    {
        type            wedge;
    }
}


// ************************************************************************* //
