/*--------------------------------*- C++ -*----------------------------------*\
  =========                 |
  \\      /  F ield         | OpenFOAM: The Open Source CFD Toolbox
   \\    /   O peration     | Website:  https://openfoam.org
    \\  /    A nd           | Version:  6
     \\/     M anipulation  |
\*---------------------------------------------------------------------------*/
FoamFile
{
    version     2.0;
    format      ascii;
    class       volScalarField;
    location    "0.005";
    object      omegaYc;
}
// * * * * * * * * * * * * * * * * * * * * * * * * * * * * * * * * * * * * * //

dimensions      [1 -3 -1 0 0 0 0];

internalField   nonuniform List<scalar> 
8000
(
4.02408e-17
1.26686e-12
8.38044e-12
9.05079e-11
1.43818e-09
2.42139e-08
2.86613e-07
1.89103e-06
7.21257e-06
1.94569e-05
4.08805e-05
7.21977e-05
0.000117014
0.000160389
0.000163561
0.000158647
0.000218964
0.000504555
0.00177083
0.0106143
0.105678
1.53077
16.8579
20.8696
49.9478
74.181
70.6318
66.7703
63.3305
57.0928
50.0681
42.8499
31.2973
23.562
16.2712
13.142
11.396
10.5613
9.89793
9.26582
9.68337
9.3565
8.1781
8.56937
19.4714
47.8792
20.3206
13.9752
6.84279
0.523531
0.0250497
0.00229725
3.14181e-05
0
0
0
0
0
0
0
0
0
0
0
0
0
0
0
0
0
0
0
0
0
0
0
0
0
0
0
0
0
0
0
0
0
0
0
0
0
0
0
0
0
0
0
0
0
0
0
6.58651e-16
1.23099e-11
3.40683e-11
3.20167e-10
3.52681e-09
5.60877e-08
7.47882e-07
6.09149e-06
2.88644e-05
8.25566e-05
0.00016891
0.000269337
0.000400088
0.000595076
0.000549163
0.000396786
0.000452617
0.000967797
0.0027504
0.012975
0.125129
2.90831
75.9206
44.3244
62.4683
83.4822
63.6347
61.3288
64.2463
57.3261
49.9401
42.8567
31.2969
23.4164
16.0862
13.5638
11.2564
10.9631
9.77246
10.3825
10.187
9.23938
8.10145
8.49924
19.0611
50.4791
22.1618
11.9007
7.78775
0.559703
0.0288838
0.003158
1.691e-05
0
0
0
0
0
0
0
0
0
0
0
0
0
0
0
0
0
0
0
0
0
0
0
0
0
0
0
0
0
0
0
0
0
0
0
0
0
0
0
0
0
0
0
0
0
0
0
4.88245e-12
0.000111998
5.12246e-12
0.000257645
1.76732e-08
2.16027e-07
2.65924e-06
2.97851e-05
0.00113736
0.000762834
0.00167875
0.00233374
0.00264939
0.00415788
0.00413141
0.00291805
0.00150678
0.0034652
0.00737772
0.0197707
0.100718
1.04138
18.5145
16.6547
37.6526
74.4371
22.7343
52.0931
58.8786
53.6991
48.7032
42.7102
31.1605
23.0732
15.6519
13.1765
11.4157
10.6679
10.0324
10.0829
9.90004
9.57598
8.36523
8.71799
16.3386
53.8251
37.514
7.81777
0.212057
0.265885
0.0200139
0.00200974
2.43149e-06
0
0
0
0
0
0
0
0
0
0
0
0
0
0
0
0
0
0
0
0
0
0
0
0
0
0
0
0
0
0
0
0
0
0
0
0
0
0
0
0
0
0
0
0
0
0
0
6.7785e-16
2.04897e-10
7.00216e-09
7.11277e-08
3.65074e-07
1.17184e-06
7.62854e-06
7.37769e-05
0.000754785
0.00419228
0.0251612
0.029347
0.0259465
0.00561158
0.00292091
0.0021995
0.00407797
0.0203089
0.0117543
0.0490814
0.138513
0.178015
4.53437
8.44348
22.8924
51.4447
61.9901
60.8086
55.3723
113.989
47.8799
42.292
30.6463
22.5742
14.9268
12.4442
11.4229
10.5456
9.62641
10.2999
9.52035
9.22473
8.1141
8.51305
15.6378
51.7294
15.8972
3.15598
0.796496
0.0865433
0.00951029
0.000809733
3.21516e-07
0
0
0
0
0
0
0
0
0
0
0
0
0
0
0
0
0
0
0
0
0
0
0
0
0
0
0
0
0
0
0
0
0
0
0
0
0
0
0
0
0
0
0
0
0
0
0
9.64959e-14
2.5081e-10
0.00047411
9.52864e-07
0.000963434
7.54924e-06
1.92962e-05
0.000663459
0.00130882
0.00615289
0.184336
0.118371
0.0334975
0.015915
0.00489732
0.00433442
0.014428
0.0192506
0.125176
0.163376
0.134545
0.250044
2.6759
4.64447
15.1378
41.576
63.5574
52.1503
58.6685
55.3506
49.2978
41.798
29.8417
19.8333
14.7486
11.5831
11.7083
10.5872
11.1134
9.76547
9.07511
8.83049
8.78501
8.65317
14.9246
50.2598
12.5449
1.60023
0.258532
0.0336817
0.00467116
0.000185413
2.3877e-07
0
0
0
0
0
0
0
0
0
0
0
0
0
0
0
0
0
0
0
0
0
0
0
0
0
0
0
0
0
0
0
0
0
0
0
0
0
0
0
0
0
0
0
0
0
0
0
3.52058e-12
4.38997e-11
3.05841e-07
0.000408397
4.53401e-05
0.00059981
3.7778e-05
0.000102238
0.000551231
0.00445364
0.0258685
0.0276816
0.0131604
0.00535654
0.00482627
0.0120253
0.0572893
0.116609
0.843909
0.504023
0.881933
0.538758
3.01518
5.79795
30.5239
42.9553
54.4173
97.4268
98.3558
51.8902
49.039
40.263
56.1492
19.3252
14.6075
12.3651
11.1439
11.3842
10.507
9.16632
8.59223
8.41967
6.44857
8.39013
14.1619
50.1746
13.7946
1.31337
0.143291
0.0217001
0.00489937
0.00101433
6.37082e-07
0
0
0
0
0
0
0
0
0
0
0
0
0
0
0
0
0
0
0
0
0
0
0
0
0
0
0
0
0
0
0
0
0
0
0
0
0
0
0
0
0
0
0
0
0
0
0
2.47089e-12
6.29313e-10
6.22969e-08
8.12199e-07
4.66438e-06
1.34137e-05
0.000973902
0.00018795
0.000567089
0.00134077
0.00275083
0.00367115
0.00328066
0.00476727
0.0101733
0.0369957
0.134705
0.746465
5.65584
2.97014
2.15272
2.56754
2.60747
15.464
110.038
62.9156
51.3425
50.6321
48.5776
49.8364
48.6548
40.8156
28.1508
18.6095
14.0869
12.4511
11.087
11.4128
9.91363
5.03685
8.10706
8.00544
8.70688
8.211
13.3417
50.538
17.524
1.67523
0.141736
0.0180969
0.00620446
0.00156198
1.85623e-06
0
0
0
0
0
0
0
0
0
0
0
0
0
0
0
0
0
0
0
0
0
0
0
0
0
0
0
0
0
0
0
0
0
0
0
0
0
0
0
0
0
0
0
0
0
0
0
0.000127703
0.000201714
7.02541e-08
1.14723e-06
5.23848e-06
0.000838348
0.000165083
0.00138268
0.00409473
0.00331882
0.00284197
0.00297446
0.00444836
0.0161302
0.0103205
0.0218927
0.117985
1.12884
20.9392
11.6231
6.64398
6.68254
6.60592
18.5204
47.387
45.301
40.109
42.5322
47.7503
52.3029
46.9278
34.3471
23.9053
17.3285
13.6932
11.9769
11.7365
10.6673
9.34805
8.16742
7.63832
7.57244
8.47051
8.473
12.4775
50.5032
22.0988
0.136286
0.128632
4.67166e-06
4.46048e-07
0.00105014
1.17779e-06
0
0
0
0
0
0
0
0
0
0
0
0
0
0
0
0
0
0
0
0
0
0
0
0
0
0
0
0
0
0
0
0
0
0
0
0
0
0
0
0
0
0
0
0
0
0
0
0.000136057
0.000298823
4.10763e-07
1.20704e-05
0.000690303
0.00010097
0.00115909
0.0083662
0.0184399
0.0187666
0.00577644
0.00483328
0.0157461
0.040209
0.0927451
0.0439129
0.260985
2.82127
85.6332
28.6759
15.6291
13.984
15.4997
22.2673
36.5885
37.2642
37.5619
43.1448
54.5153
54.6159
47.4072
38.7681
21.0955
16.3979
13.7168
11.5517
11.5205
9.93628
8.81962
7.78865
4.66286
4.68781
8.21941
8.39758
28.9836
87.3394
24.8518
1.68033
0.101983
0.00901757
0.00521616
0.000698249
1.18631e-06
3.68659e-08
0
0
0
0
0
0
0
0
0
0
0
0
0
0
0
0
0
0
0
0
0
0
0
0
0
0
0
0
0
0
0
0
0
0
0
0
0
0
0
0
0
0
0
0
0
0
6.90905e-13
0.000235911
0.000448104
0.000563656
6.58302e-05
0.000972872
0.00152255
0.00759388
0.0285812
0.0256013
0.041267
0.069532
0.0570761
0.0973866
0.306421
0.19124
1.03387
8.672
72.8342
43.1492
31.238
38.343
32.6126
38.3031
40.3803
39.064
41.9194
46.7559
53.5041
94.0519
36.9357
24.9254
27.4338
14.6767
12.8506
8.1368
10.5412
9.21931
8.33452
7.48802
4.98078
6.96147
8.02392
8.40248
13.6965
55.1203
15.0563
1.23057
0.0762144
0.00726762
0.00519291
0.00069903
2.25458e-06
3.03827e-07
0
0
0
0
0
0
0
0
0
0
0
0
0
0
0
0
0
0
0
0
0
0
0
0
0
0
0
0
0
0
0
0
0
0
0
0
0
0
0
0
0
0
0
0
0
0
0.000137115
8.56273e-07
1.39047e-05
9.48638e-05
0.000522536
0.00220084
0.00425935
0.0280098
0.13921
0.215143
0.352771
0.434142
0.717196
0.418587
0.95719
1.08319
1.88645
7.96083
70.8404
82.6034
50.428
51.5119
52.0543
60.2798
50.5718
48.9036
51.376
52.812
53.691
47.6188
34.044
22.924
17.4976
14.1932
12.4378
8.17672
9.67786
7.20658
7.90103
7.22774
6.81155
6.74474
7.83486
8.08179
14.6883
58.0768
15.7599
0.899825
0.0604982
7.7191e-07
0.00422498
0.000704207
5.3078e-06
1.24659e-06
1.61628e-07
0
0
0
0
0
0
0
0
0
0
0
0
0
0
0
0
0
0
0
0
0
0
0
0
0
0
0
0
0
0
0
0
0
0
0
0
0
0
0
0
0
0
0
0
0
4.11349e-08
7.34164e-05
0.0010432
0.00347358
0.0225265
0.0296207
0.0628856
0.485663
3.93203
3.8756
4.10657
4.28479
5.55502
4.30548
3.78656
3.77832
5.45877
12.3065
66.7113
65.2499
59.4153
61.0284
66.1416
72.4898
62.2655
55.5032
57.4569
75.4174
51.691
49.7377
27.0557
20.8012
15.8812
13.0741
11.4954
11.1176
7.50562
8.04396
7.52435
6.98347
6.66757
6.52212
6.58385
8.22561
16.0972
88.0858
6.14304
0.00683576
0.0480916
0.00881352
2.78067e-07
0.000841561
5.05178e-05
4.68371e-06
9.19297e-07
0
0
0
0
0
0
0
0
0
0
0
0
0
0
0
0
0
0
0
0
0
0
0
0
0
0
0
0
0
0
0
0
0
0
0
0
0
0
0
0
0
0
0
0
0
8.17014e-06
0.0195271
0.14587
0.138673
0.783624
1.81281
2.43007
5.0371
64.73
30.853
16.2076
14.2742
19.421
11.7931
13.3061
12.4624
15.1661
28.3242
55.982
66.0297
72.1597
69.256
71.8883
76.5964
63.8246
58.2269
56.4462
78.6724
42.9497
30.2199
23.0106
17.767
15.1013
12.4304
10.6796
10.4518
8.61558
8.58392
7.20563
6.75051
6.52139
5.73865
6.96116
8.46779
18.0676
83.2133
8.60852
0.00345726
0.038767
0.00970537
0.00258708
0.000854983
0.000540983
8.67145e-05
4.38536e-06
2.87905e-07
0
0
0
0
0
0
0
0
0
0
0
0
0
0
0
0
0
0
0
0
0
0
0
0
0
0
0
0
0
0
0
0
0
0
0
0
0
0
0
0
0
0
0
0
0.00478053
7.06666
8.70665
9.39436
15.2814
36.5613
17.1966
23.1115
50.0052
46.0731
41.7607
38.1014
37.1793
35.439
31.8597
28.5974
34.7254
57.1274
70.6996
77.4852
82.5401
73.6845
70.5071
67.4254
75.7993
58.3363
78.302
49.5425
37.078
24.4583
19.7885
16.2842
12.4731
11.9134
9.98617
9.4741
8.63969
10.5097
6.95628
6.54363
6.39052
6.2999
7.25658
8.48001
23.4766
46.8629
6.01605
0.287724
0.0299514
0.0080785
0.00190851
0.000876495
0.000705815
0.000536861
5.85017e-05
3.39026e-06
0
0
0
0
0
0
0
0
0
0
0
0
0
0
0
0
0
0
0
0
0
0
0
0
0
0
0
0
0
0
0
0
0
0
0
0
0
0
0
0
0
0
0
0
0.545974
29.1983
98.4465
78.6484
56.21
75.947
54.6171
63.8451
75.5321
68.7846
66.2807
60.9228
64.4451
60.4371
70.9175
53.8148
49.8468
55.69
73.2289
85.0089
86.0346
83.361
66.94
63.087
58.6711
79.0781
49.5911
39.2473
28.3496
17.8605
15.9737
13.6694
12.105
12.9585
13.9219
14.2459
7.74609
6.93588
11.4016
6.16196
8.69004
6.22895
8.39518
16.968
27.2248
48.9397
3.91661
0.199776
0.0248815
0.00706797
0.0016736
0.000864732
0.000748763
0.000629303
0.000398759
9.44035e-07
0
0
0
0
0
0
0
0
0
0
0
0
0
0
0
0
0
0
0
0
0
0
0
0
0
0
0
0
0
0
0
0
0
0
0
0
0
0
0
0
0
0
0
0
89.4746
87.0309
80.3228
22.9472
68.1083
88.9279
74.5217
79.2668
78.7754
60.1507
40.8731
31.5096
55.0452
67.2027
69.1622
63.7637
60.2802
62.9495
76.1197
87.8146
71.3386
66.3745
61.5018
55.7914
66.3093
40.9888
36.9705
28.9646
22.9051
18.0161
16.28
13.624
11.5319
9.96258
9.00102
17.9128
18.5234
7.00916
14.1156
11.503
5.60608
7.77447
9.82839
9.48932
35.5486
26.6173
2.28922
0.13228
0.0192645
0.00633433
0.0014724
0.000769021
0.000686621
0.000653685
0.000626775
3.17726e-06
0
0
0
0
0
0
0
0
0
0
0
0
0
0
0
0
0
0
0
0
0
0
0
0
0
0
0
0
0
0
0
0
0
0
0
0
0
0
0
0
0
0
0
0
26.6614
92.5253
78.5221
51.2293
38.3332
69.6173
76.2136
76.1063
69.1241
18.7844
32.2461
7.80881
19.0826
43.5171
61.1259
63.9497
64.8886
67.2372
73.6157
71.2286
65.1
59.3316
54.3656
61.5441
39.0664
31.5704
34.2828
27.5181
23.8317
20.9593
13.136
11.8317
10.2776
9.72294
22.3138
24.2423
24.2353
7.48569
6.75562
13.6394
11.4255
5.7938
12.4733
11.1787
77.5556
16.2089
0.135915
0.0891623
0.0152584
0.00552945
0.00102497
0.000197656
4.34943e-05
8.18279e-05
2.17574e-05
1.63645e-07
0
0
0
0
0
0
0
0
0
0
0
0
0
0
0
0
0
0
0
0
0
0
0
0
0
0
0
0
0
0
0
0
0
0
0
0
0
0
0
0
0
0
0
0
52.1344
122.403
66.0746
50.4169
32.2994
80.8508
62.5413
62.9922
57.1406
31.3391
22.239
10.6786
12.0133
31.3087
36.4059
51.0457
92.7202
61.9547
93.9267
63.0772
57.472
92.6663
48.708
39.8067
34.4827
30.0178
26.673
21.3989
17.985
14.7593
12.0209
21.2307
22.7305
9.39592
29.4687
9.1058
8.62042
7.5763
6.79418
6.38877
13.3445
11.8758
7.68672
12.7818
81.8457
8.18249
0.746333
0.0610828
0.012221
0.00258004
0.000174968
4.94418e-06
2.51216e-06
1.66586e-06
4.76779e-07
0
0
0
0
0
0
0
0
0
0
0
0
0
0
0
0
0
0
0
0
0
0
0
0
0
0
0
0
0
0
0
0
0
0
0
0
0
0
0
0
0
0
0
0
0
59.2381
109.951
89.0972
43.1476
31.8385
39.4417
41.6029
41.6471
39.1263
28.9355
19.7662
16.8903
53.0748
65.2143
28.7284
35.594
42.1114
49.4061
51.8248
52.4134
47.6714
43.517
42.5031
39.8954
32.1432
38.5135
23.0867
43.8916
18.5154
13.8885
29.4909
29.1578
10.0568
32.0227
35.4978
10.6535
10.2699
9.60997
24.5519
6.40521
16.0097
6.2526
8.2728
45.1083
81.1279
7.11927
0.424738
0.0420753
0.00943074
0.00168487
8.53149e-06
1.63678e-06
4.51211e-07
1.43777e-07
0
0
0
0
0
0
0
0
0
0
0
0
0
0
0
0
0
0
0
0
0
0
0
0
0
0
0
0
0
0
0
0
0
0
0
0
0
0
0
0
0
0
0
0
0
0
60.9185
83.3909
121.039
107.1
54.7371
37.7479
36.8283
34.2297
31.181
27.7172
25.7389
24.3668
24.0376
24.4926
36.4106
29.6062
29.3391
34.3388
40.1955
96.5561
38.9682
98.0815
37.4116
35.9553
32.5113
24.7046
21.8039
20.2478
17.5986
40.1637
37.5558
12.2316
39.206
39.6744
11.6534
11.7183
38.7604
10.52
25.7127
6.69501
6.10541
18.5837
9.87998
20.8474
70.6132
4.1048
0.259037
0.0292024
0.00678206
0.00140726
4.78407e-05
1.7368e-06
1.88205e-07
0
0
0
0
0
0
0
0
0
0
0
0
0
0
0
0
0
0
0
0
0
0
0
0
0
0
0
0
0
0
0
0
0
0
0
0
0
0
0
0
0
0
0
0
0
0
0
61.328
64.9615
86.4056
114.512
120.697
94.414
80.9332
67.147
53.545
49.0279
43.984
36.8293
30.9058
26.257
24.8988
24.8331
30.187
91.8668
32.3536
29.5935
95.1975
32.1573
31.3564
30.57
29.0938
25.7162
81.9252
19.8703
17.3269
51.6636
15.4454
13.4327
12.9468
12.7247
12.7877
12.9334
13.1121
12.2916
30.3053
24.1675
6.40124
7.1015
11.7488
70.5548
52.1057
2.3913
0.169749
0.0221688
0.0064034
0.00148793
0.000587644
7.96781e-06
4.40204e-07
6.92089e-10
0
0
0
0
0
0
0
0
0
0
0
0
0
0
0
0
0
0
0
0
0
0
0
0
0
0
0
0
0
0
0
0
0
0
0
0
0
0
0
0
0
0
0
0
0
0
61.2615
60.8726
64.826
78.9429
106.176
121.993
120.625
112.242
98.0105
84.0931
66.7695
49.8667
36.411
26.7927
22.1208
22.3628
26.8972
29.7479
29.1181
94.6065
96.662
29.6192
27.8638
94.5241
96.169
23.2904
22.0376
20.7419
17.9898
68.9802
65.7668
15.8214
15.3958
15.1866
56.4069
15.4659
15.4365
43.4454
37.3286
9.13453
7.91692
8.29379
14.2003
32.6309
23.5622
1.4721
0.110906
0.0173869
0.00555621
0.00191617
0.000703011
0.000492247
1.89744e-06
1.47843e-07
0
0
0
0
0
0
0
0
0
0
0
0
0
0
0
0
0
0
0
0
0
0
0
0
0
0
0
0
0
0
0
0
0
0
0
0
0
0
0
0
0
0
0
0
0
0
60.9338
59.7934
59.3082
61.0131
71.9065
89.511
96.6919
96.1413
88.1417
71.2739
55.7398
42.7651
32.0664
23.9048
19.0326
18.3191
21.2273
36.3518
28.9027
28.1371
27.7726
27.4434
26.2786
24.4634
23.5365
21.7515
95.6442
20.6622
19.6905
18.6458
17.9253
72.6801
71.4213
15.8483
16.0345
16.793
17.2267
16.3629
13.3118
9.94054
8.29911
9.37567
19.0345
36.8063
15.1628
0.901724
0.074853
0.014063
0.00474346
0.00126301
0.000691684
0.000524047
4.56834e-06
2.87913e-07
1.93352e-07
1.07549e-07
0
0
0
0
0
0
0
0
0
0
0
0
0
0
0
0
0
0
0
0
0
0
0
0
0
0
0
0
0
0
0
0
0
0
0
0
0
0
0
0
0
0
0
0
60.341
58.5368
56.7474
54.3334
53.7646
56.5271
57.316
55.2896
49.7808
41.3523
33.7125
27.9752
23.0777
18.6737
15.4652
14.7733
17.4082
21.8012
33.8381
27.9597
93.1961
25.5571
24.4467
23.5683
22.5337
21.3166
20.8998
20.9005
20.2537
19.3715
18.4496
77.4335
16.8841
16.7895
17.2862
18.7577
45.6474
16.4384
14.7836
10.7749
9.04284
38.1475
22.6281
37.1868
9.23631
0.556373
0.0530605
0.0115682
0.00304512
0.000986136
0.000671434
0.000228963
1.03682e-06
2.77478e-07
4.45968e-07
1.49559e-06
0
0
0
0
0
0
0
0
0
0
0
0
0
0
0
0
0
0
0
0
0
0
0
0
0
0
0
0
0
0
0
0
0
0
0
0
0
0
0
0
0
0
0
0
59.3611
56.6173
53.4953
49.5649
44.2462
37.4971
30.5633
27.0205
24.4045
20.9493
18.2032
16.464
15.0535
13.5734
12.1638
11.886
13.9768
18.1482
28.8882
28.3889
26.6685
25.1939
22.9375
22.7977
22.3843
96.126
94.9808
21.0468
20.5265
19.7068
18.7421
17.8639
17.4296
17.6075
18.9332
20.9164
19.4672
17.0841
15.4595
11.6706
9.94061
12.429
28.5132
60.5754
5.56395
0.345032
0.038433
0.00915991
0.0020772
0.000831893
0.000404245
3.59599e-06
2.71744e-07
1.66017e-07
2.14118e-07
1.50746e-07
0
0
0
0
0
0
0
0
0
0
0
0
0
0
0
0
0
0
0
0
0
0
0
0
0
0
0
0
0
0
0
0
0
0
0
0
0
0
0
0
0
0
0
0
57.7815
52.8665
48.6993
43.5384
34.6635
23.1722
15.8272
13.4978
12.0044
10.4893
9.64354
9.31997
9.35143
9.49564
9.50832
9.71095
11.3085
15.1031
20.1916
28.8575
26.0438
25.1214
89.8284
22.9829
22.5426
22.1713
21.5962
20.9587
20.4121
19.6118
18.7604
18.1572
18.0031
64.1133
54.1486
22.3479
19.6561
17.49
16.1853
12.5405
11.0497
15.9862
31.8841
27.8334
3.23535
0.215382
0.0290709
0.00702836
0.00159817
0.000712222
0.000326113
9.73195e-07
3.40302e-08
2.18551e-09
1.61013e-09
0
0
0
0
0
0
0
0
0
0
0
0
0
0
0
0
0
0
0
0
0
0
0
0
0
0
0
0
0
0
0
0
0
0
0
0
0
0
0
0
0
0
0
0
0
54.9887
46.941
39.9642
32.3463
22.4224
12.7899
8.53108
7.30693
6.31913
5.57793
5.28089
5.31384
5.71548
6.55543
7.42476
8.14387
9.40183
12.3977
16.7307
24.8212
25.6133
24.2032
23.5998
23.0168
87.145
21.9749
21.2968
84.471
19.8708
19.1172
18.546
18.2729
18.6058
20.0258
23.2525
22.7401
19.1281
17.836
16.9382
15.1736
14.1372
18.2812
32.8721
26.936
1.96089
0.143792
0.0227358
0.0052217
0.0012765
0.000541141
6.50358e-06
2.53971e-07
0
0
0
0
0
0
0
0
0
0
0
0
0
0
0
0
0
0
0
0
0
0
0
0
0
0
0
0
0
0
0
0
0
0
0
0
0
0
0
0
0
0
0
0
0
0
0
0
49.5607
34.9327
25.1353
18.3061
11.6397
6.72376
5.17693
4.24327
3.59761
3.22487
3.07573
3.1534
3.617
4.55478
5.79253
6.95329
8.13214
10.3215
14.1278
18.4272
40.5293
23.3366
22.6306
22.2447
82.3268
21.1459
20.3298
19.5679
18.9213
18.3722
18.2399
18.3853
19.3704
21.6384
24.0143
21.6288
18.4088
18.3081
17.7452
15.7402
64.9171
22.0254
31.0677
14.8968
1.15206
0.0955418
0.01773
0.00375813
0.00100563
0.00045281
3.48482e-06
1.37118e-07
0
0
0
0
0
0
0
0
0
0
0
0
0
0
0
0
0
0
0
0
0
0
0
0
0
0
0
0
0
0
0
0
0
0
0
0
0
0
0
0
0
0
0
0
0
0
0
0
39.6618
17.7517
10.6373
7.65991
5.47733
4.17823
3.25514
2.55908
2.1638
1.99037
1.94194
2.00575
2.42034
3.25348
4.50251
5.91382
7.23136
8.86912
11.736
15.2779
22.0172
25.7408
21.7714
20.8615
20.4985
19.7946
74.1124
18.209
17.7307
17.492
17.9181
18.6226
20.8149
22.6495
22.385
19.4944
17.9775
19.0877
18.4906
16.2914
16.9669
24.8609
26.8975
9.02921
0.656765
0.0640369
0.0135042
0.00262824
0.000811967
0.000271959
4.50777e-06
2.06976e-07
0
0
0
0
0
0
0
0
0
0
0
0
0
0
0
0
0
0
0
0
0
0
0
0
0
0
0
0
0
0
0
0
0
0
0
0
0
0
0
0
0
0
0
0
0
0
0
0
15.0639
6.55485
4.9481
4.30637
3.57962
2.71049
2.01553
1.59388
1.38489
1.34518
1.33117
1.38019
1.72155
2.38779
3.4915
4.95726
6.42346
7.85206
9.90532
12.788
15.824
24.1116
23.285
19.6015
18.8882
58.0609
57.147
16.6848
16.4244
16.5321
47.2247
19.2396
23.3163
22.2197
19.4826
18.0264
18.1233
20.2962
19.1087
17.3674
19.5538
26.9387
20.9241
4.53413
0.375201
0.0440525
0.0104796
0.00202299
0.000601968
6.33298e-05
1.45293e-05
5.76052e-07
0
0
0
0
0
0
0
0
0
0
0
0
0
0
0
0
0
0
0
0
0
0
0
0
0
0
0
0
0
0
0
0
0
0
0
0
0
0
0
0
0
0
0
0
0
0
0
0
0.936692
1.17843
1.34411
1.42418
1.333
1.12197
0.925735
0.817675
0.79407
0.842235
0.865121
0.919999
1.19436
1.68049
2.53534
3.79707
5.27602
6.68118
7.97883
9.51195
11.3562
13.6716
19.3535
20.254
16.784
15.6571
14.8977
14.4069
14.2282
14.5297
16.4485
20.6185
17.737
15.1987
14.8435
15.5001
18.4201
22.3769
19.4744
18.8587
22.2781
25.0687
16.5896
1.75475
0.145584
0.0227112
0.00489858
0.00112565
1.17792e-05
3.32224e-06
3.97829e-06
6.99617e-07
0
0
0
0
0
0
0
0
0
0
0
0
0
0
0
0
0
0
0
0
0
0
0
0
0
0
0
0
0
0
0
0
0
0
0
0
0
0
0
0
0
0
0
0
0
0
0
0
0.0822876
0.14512
0.196423
0.244694
0.292164
0.324788
0.346995
0.379926
0.446322
0.522849
0.574947
0.619432
0.779134
1.11049
1.65054
2.49414
3.59992
4.74946
5.75678
6.59892
7.44476
8.3844
10.0853
12.7552
14.8162
15.459
15.2144
13.8345
11.7182
10.1046
10.9591
13.1075
9.59936
9.92832
11.4193
14.7609
20.8913
23.2858
19.9977
20.6792
22.6056
28.4298
4.92963
0.574286
0.0588205
0.0117047
0.0023717
0.00027877
1.51941e-06
3.22994e-07
1.12907e-07
0
0
0
0
0
0
0
0
0
0
0
0
0
0
0
0
0
0
0
0
0
0
0
0
0
0
0
0
0
0
0
0
0
0
0
0
0
0
0
0
0
0
0
0
0
0
0
0
0
0.00908899
0.0246283
0.039319
0.0587573
0.0842149
0.117326
0.159108
0.212112
0.283889
0.354768
0.407854
0.447197
0.526839
0.748304
1.09615
1.60701
2.28669
3.03712
3.71516
4.26474
4.68046
5.15533
5.85325
7.0184
8.55027
10.3782
11.8999
10.9846
9.20859
6.92472
6.28982
6.6719
7.81904
7.82215
9.88335
15.3239
25.6052
21.4444
20.0285
20.0193
17.4877
8.63745
2.12171
0.177926
0.0262433
0.00572854
0.00133972
7.01407e-06
4.05113e-07
0
0
0
0
0
0
0
0
0
0
0
0
0
0
0
0
0
0
0
0
0
0
0
0
0
0
0
0
0
0
0
0
0
0
0
0
0
0
0
0
0
0
0
0
0
0
0
0
0
0
0
0.00153627
0.00546023
0.0117075
0.0218664
0.0399486
0.0676562
0.10503
0.149732
0.203024
0.253356
0.290583
0.319969
0.370512
0.508044
0.743145
1.06147
1.46515
1.90732
2.31455
2.64875
2.91267
3.20942
3.61373
4.25809
5.18402
6.4961
7.41898
7.65998
7.82228
6.68413
5.88514
4.33859
6.68494
7.07028
10.2669
18.263
24.2123
19.2456
18.1568
15.4156
9.56874
3.86255
0.610932
0.0649745
0.0131226
0.00291313
0.000701831
4.23897e-06
3.38547e-07
0
0
0
0
0
0
0
0
0
0
0
0
0
0
0
0
0
0
0
0
0
0
0
0
0
0
0
0
0
0
0
0
0
0
0
0
0
0
0
0
0
0
0
0
0
0
0
0
0
0
0
0
0.0019157
0.00591476
0.0156983
0.0332396
0.0595729
0.0942595
0.12935
0.157027
0.185936
0.203323
0.214402
0.262521
0.357206
0.507341
0.725985
0.984326
1.26074
1.52626
1.75754
1.96188
2.16717
2.4322
2.86399
3.52545
4.49014
5.42304
6.51551
7.04599
6.09217
5.08751
3.69168
6.5966
7.7037
12.8387
24.0671
18.2508
16.0464
14.3197
8.70316
4.04816
1.255
0.159266
0.0249538
0.00542454
0.00146344
1.62267e-05
2.5814e-06
6.41066e-07
0
0
0
0
0
0
0
0
0
0
0
0
0
0
0
0
0
0
0
0
0
0
0
0
0
0
0
0
0
0
0
0
0
0
0
0
0
0
0
0
0
0
0
0
0
0
0
0
0
0
0
0
0.000373337
0.00531741
0.0151319
0.0339763
0.0606257
0.0892399
0.113911
0.122567
0.133113
0.135118
0.16019
0.225649
0.318632
0.448498
0.623846
0.820437
1.01962
1.20548
1.35667
1.48769
1.62331
1.81244
2.14066
2.69704
3.58403
4.51504
5.756
6.25285
5.2447
4.28079
4.90967
8.80651
12.482
17.9428
17.1709
13.8303
11.4368
9.65782
3.6303
1.34485
0.273745
0.0471729
0.0105114
0.00236959
0.000302564
2.40908e-06
4.72782e-07
0
0
0
0
0
0
0
0
0
0
0
0
0
0
0
0
0
0
0
0
0
0
0
0
0
0
0
0
0
0
0
0
0
0
0
0
0
0
0
0
0
0
0
0
0
0
0
0
0
0
0
0
0
0.000139452
0.00354148
0.0110168
0.0253442
0.0436728
0.061128
0.0741281
0.0790257
0.0862069
0.103638
0.14479
0.199292
0.282646
0.400741
0.54958
0.723364
0.892452
1.04056
1.15618
1.24353
1.33359
1.48321
1.75454
2.30732
3.1982
4.13102
5.2267
5.42451
4.28333
4.14981
7.70139
10.1967
11.3183
12.5787
12.0211
9.46297
6.28966
4.69912
1.12871
0.303926
0.0750719
0.0164587
0.00392379
0.00120983
4.72895e-06
4.91208e-07
1.01171e-09
0
0
0
0
0
0
0
0
0
0
0
0
0
0
0
0
0
0
0
0
0
0
0
0
0
0
0
0
0
0
0
0
0
0
0
0
0
0
0
0
0
0
0
0
0
0
0
0
0
0
0
0
0
0
0.000757065
0.00153593
0.00382008
0.00744637
0.0121539
0.017958
0.0273026
0.0510441
0.075634
0.112203
0.152241
0.220414
0.332839
0.489518
0.676888
0.858799
1.00522
1.10606
1.16638
1.22965
1.35059
1.60964
2.18932
3.11462
3.9685
4.67758
4.57986
4.72384
5.15476
5.99803
6.34322
7.25309
8.49008
8.09607
5.50038
2.60789
1.67712
0.282676
0.0837393
0.0216551
0.00620006
0.00188624
0.000615809
2.8405e-06
4.07097e-07
0
0
0
0
0
0
0
0
0
0
0
0
0
0
0
0
0
0
0
0
0
0
0
0
0
0
0
0
0
0
0
0
0
0
0
0
0
0
0
0
0
0
0
0
0
0
0
0
0
0
0
0
0
0
0
0
0.000499478
0.00149104
0.00326752
0.0061793
0.00713279
0.00739706
0.0210557
0.0463724
0.072442
0.0990289
0.166616
0.296398
0.466617
0.669411
0.866098
1.01588
1.10834
1.14781
1.18694
1.28405
1.53019
2.12012
3.09773
4.00761
4.50792
4.59801
4.74371
4.46142
4.2149
4.14292
4.69258
5.44514
4.8589
2.54371
0.907074
0.42274
0.0863395
0.0231622
0.00787683
0.00232404
0.000947338
5.24761e-06
6.67976e-07
1.34953e-09
0
0
0
0
0
0
0
0
0
0
0
0
0
0
0
0
0
0
0
0
0
0
0
0
0
0
0
0
0
0
0
0
0
0
0
0
0
0
0
0
0
0
0
0
0
0
0
0
0
0
0
0
0
0
0
0
0.000160714
0.000519605
0.0013939
0.00307628
0.00484746
0.00503595
0.0078259
0.023996
0.0414981
0.0709479
0.134243
0.255241
0.427695
0.642372
0.85494
1.01604
1.10515
1.13364
1.15355
1.22936
1.4487
1.98681
2.95658
4.22598
4.88947
4.28327
3.38349
2.94367
2.64216
2.48389
2.8414
3.10701
2.70028
1.07349
0.270735
0.116344
0.0268295
0.00856157
0.00274555
0.00107324
1.10741e-05
1.12532e-06
6.46508e-08
0
0
0
0
0
0
0
0
0
0
0
0
0
0
0
0
0
0
0
0
0
0
0
0
0
0
0
0
0
0
0
0
0
0
0
0
0
0
0
0
0
0
0
0
0
0
0
0
0
0
0
0
0
0
0
0
0
0
0.00017204
0.000470999
0.00119421
0.00287755
0.00359565
0.00340359
0.0104281
0.0246787
0.0515162
0.104113
0.211162
0.375097
0.58851
0.811296
0.985744
1.07735
1.10357
1.11069
1.15922
1.33789
1.75308
2.48394
3.19866
3.04662
2.46109
2.05689
1.83296
1.69451
1.46747
1.74319
1.56219
1.27812
0.378063
0.096224
0.033775
0.0101696
0.00304342
0.00126174
1.99238e-05
1.40745e-06
1.08826e-07
0
0
0
0
0
0
0
0
0
0
0
0
0
0
0
0
0
0
0
0
0
0
0
0
0
0
0
0
0
0
0
0
0
0
0
0
0
0
0
0
0
0
0
0
0
0
0
0
0
0
0
0
0
0
0
0
0
0
0
0
0.000232813
0.000459021
0.00131491
0.00231381
0.00218677
0.00379948
0.0146992
0.0365528
0.0783294
0.165755
0.311289
0.509961
0.731903
0.912196
1.01363
1.04486
1.04652
1.09183
1.22305
1.44914
1.74388
1.89465
1.73419
1.48096
1.28663
1.20278
1.23781
0.819563
0.707606
0.66241
0.439325
0.121123
0.0322757
0.0114621
0.00367087
0.00157491
0.000289024
1.67824e-06
1.69035e-07
0
0
0
0
0
0
0
0
0
0
0
0
0
0
0
0
0
0
0
0
0
0
0
0
0
0
0
0
0
0
0
0
0
0
0
0
0
0
0
0
0
0
0
0
0
0
0
0
0
0
0
0
0
0
0
0
0
0
0
0
0
0
0
0.000634668
0.00124356
0.00117371
0.00189443
0.00725019
0.0238167
0.0544148
0.120941
0.241585
0.412842
0.616736
0.797638
0.908174
0.951805
0.980322
1.03309
1.09485
1.15546
1.22987
1.24068
1.11138
0.959153
0.852962
0.76392
0.662465
0.368799
0.21937
0.209447
0.123758
0.0374874
0.0111615
0.00394604
0.00169382
0.000513335
3.1686e-06
4.60943e-07
0
0
0
0
0
0
0
0
0
0
0
0
0
0
0
0
0
0
0
0
0
0
0
0
0
0
0
0
0
0
0
0
0
0
0
0
0
0
0
0
0
0
0
0
0
0
0
0
0
0
0
0
0
0
0
0
0
0
0
0
0
0
0
0
0.000198062
0.000546952
0.000610544
0.00093301
0.00293002
0.0129542
0.034856
0.0800172
0.169698
0.306266
0.476493
0.643313
0.759438
0.818464
0.895817
0.950192
0.999372
0.931213
0.901166
0.948053
0.7893
0.647007
0.519019
0.388831
0.257536
0.175403
0.0754526
0.0621235
0.0324323
0.0113564
0.00393544
0.00174494
0.000544803
2.2571e-06
3.71167e-07
0
0
0
0
0
0
0
0
0
0
0
0
0
0
0
0
0
0
0
0
0
0
0
0
0
0
0
0
0
0
0
0
0
0
0
0
0
0
0
0
0
0
0
0
0
0
0
0
0
0
0
0
0
0
0
0
0
0
0
0
0
0
0
0
0
0
2.40818e-05
0.000222257
0.000419189
0.00150084
0.00497126
0.019237
0.0463783
0.103366
0.201517
0.331799
0.466678
0.576253
0.663962
0.750166
0.824176
0.985835
0.753678
0.659957
0.648308
0.534413
0.379171
0.232503
0.146437
0.0899639
0.0580459
0.0223596
0.0150146
0.0085696
0.00356599
0.00168385
0.00043608
1.97652e-06
2.18876e-07
0
0
0
0
0
0
0
0
0
0
0
0
0
0
0
0
0
0
0
0
0
0
0
0
0
0
0
0
0
0
0
0
0
0
0
0
0
0
0
0
0
0
0
0
0
0
0
0
0
0
0
0
0
0
0
0
0
0
0
0
0
0
0
0
0
0
0
0
6.07773e-07
7.14532e-05
0.000397723
0.00209144
0.00725464
0.0235503
0.0539947
0.111176
0.199967
0.297517
0.380447
0.459746
0.536541
0.604681
0.702504
0.53541
0.432745
0.39265
0.283695
0.159481
0.0897091
0.0448782
0.0227133
0.0146912
0.00709244
0.00400055
0.00272942
0.00145505
0.000188974
1.60984e-06
1.88534e-07
0
0
0
0
0
0
0
0
0
0
0
0
0
0
0
0
0
0
0
0
0
0
0
0
0
0
0
0
0
0
0
0
0
0
0
0
0
0
0
0
0
0
0
0
0
0
0
0
0
0
0
0
0
0
0
0
0
0
0
0
0
0
0
0
0
0
0
0
0
0
0
2.32108e-05
0.000471592
0.00246486
0.00793121
0.0233002
0.0504718
0.0979949
0.156534
0.211053
0.252494
0.297946
0.335349
0.408868
0.285214
0.211681
0.162403
0.099142
0.053348
0.027953
0.0127222
0.00628436
0.00362291
0.00225637
0.00161563
0.00101502
1.70387e-05
4.00414e-06
1.66278e-07
0
0
0
0
0
0
0
0
0
0
0
0
0
0
0
0
0
0
0
0
0
0
0
0
0
0
0
0
0
0
0
0
0
0
0
0
0
0
0
0
0
0
0
0
0
0
0
0
0
0
0
0
0
0
0
0
0
0
0
0
0
0
0
0
0
0
0
0
0
0
0
0
3.59537e-08
0.00012056
0.000697683
0.00239521
0.00638064
0.017908
0.035973
0.0613084
0.0865462
0.108213
0.121012
0.128823
0.132924
0.0980395
0.0687658
0.0500102
0.0329051
0.0166947
0.00798418
0.00357811
0.0022568
0.00147091
0.000865272
4.19279e-05
8.6254e-06
2.79697e-06
9.49495e-08
0
0
0
0
0
0
0
0
0
0
0
0
0
0
0
0
0
0
0
0
0
0
0
0
0
0
0
0
0
0
0
0
0
0
0
0
0
0
0
0
0
0
0
0
0
0
0
0
0
0
0
0
0
0
0
0
0
0
0
0
0
0
0
0
0
0
0
0
0
0
0
0
0
0
1.12459e-07
0.000122836
0.000512666
0.00194995
0.0038124
0.0097257
0.0184405
0.0272058
0.0345294
0.038659
0.0393449
0.0370709
0.0289078
0.020969
0.0149789
0.00881319
0.00444947
0.00265228
0.0015675
0.000874026
4.61216e-05
2.36467e-05
7.83542e-06
3.47814e-07
5.63916e-09
0
0
0
0
0
0
0
0
0
0
0
0
0
0
0
0
0
0
0
0
0
0
0
0
0
0
0
0
0
0
0
0
0
0
0
0
0
0
0
0
0
0
0
0
0
0
0
0
0
0
0
0
0
0
0
0
0
0
0
0
0
0
0
0
0
0
0
0
0
0
0
0
0
0
0
0
1.21002e-07
7.71857e-05
0.00021383
0.00133686
0.00235012
0.00357667
0.00597448
0.00828052
0.00956981
0.00978811
0.00900243
0.00713944
0.00511491
0.00364798
0.00267073
0.00176986
0.00106052
0.000169968
8.12597e-05
1.2662e-05
3.79046e-07
2.62979e-08
0
0
0
0
0
0
0
0
0
0
0
0
0
0
0
0
0
0
0
0
0
0
0
0
0
0
0
0
0
0
0
0
0
0
0
0
0
0
0
0
0
0
0
0
0
0
0
0
0
0
0
0
0
0
0
0
0
0
0
0
0
0
0
0
0
0
0
0
0
0
0
0
0
0
0
0
0
0
0
5.85162e-08
5.71469e-06
0.00013502
0.000437145
0.00124795
0.00174598
0.00214497
0.00238799
0.00247629
0.00240271
0.00215957
0.00179726
0.00139639
0.000960931
0.000275159
0.000146083
2.69785e-05
4.95464e-07
2.51503e-08
0
0
0
0
0
0
0
0
0
0
0
0
0
0
0
0
0
0
0
0
0
0
0
0
0
0
0
0
0
0
0
0
0
0
0
0
0
0
0
0
0
0
0
0
0
0
0
0
0
0
0
0
0
0
0
0
0
0
0
0
0
0
0
0
0
0
0
0
0
0
0
0
0
0
0
0
0
0
0
0
0
0
4.3613e-10
4.08335e-07
3.3105e-05
0.000131451
0.000189422
0.000371847
0.000651984
0.000748177
0.000665911
0.000447398
0.000283552
0.000214329
0.000149293
2.20779e-05
5.93614e-07
2.73057e-08
0
0
0
0
0
0
0
0
0
0
0
0
0
0
0
0
0
0
0
0
0
0
0
0
0
0
0
0
0
0
0
0
0
0
0
0
0
0
0
0
0
0
0
0
0
0
0
0
0
0
0
0
0
0
0
0
0
0
0
0
0
0
0
0
0
0
0
0
0
0
0
0
0
0
0
0
0
0
0
0
0
0
0
0
0
0
2.46776e-09
2.10593e-07
1.78906e-06
1.88884e-05
6.2126e-05
8.36176e-05
7.66324e-05
3.49945e-05
4.74682e-06
1.04948e-06
1.14762e-07
2.36023e-09
0
0
0
0
0
0
0
0
0
0
0
0
0
0
0
0
0
0
0
0
0
0
0
0
0
0
0
0
0
0
0
0
0
0
0
0
0
0
0
0
0
0
0
0
0
0
0
0
0
0
0
0
0
0
0
0
0
0
0
0
0
0
0
0
0
0
0
0
0
0
0
0
0
0
0
0
0
0
0
0
0
0
0
0
0
0
0
0
0
0
0
1.9725e-10
6.47795e-09
1.79333e-08
1.32036e-08
1.66477e-09
0
0
0
0
0
0
0
0
0
0
0
0
0
0
0
0
0
0
0
0
0
0
0
0
0
0
0
0
0
0
0
0
0
0
0
0
0
0
0
0
0
0
0
0
0
0
0
0
0
0
0
0
0
0
0
0
0
0
0
0
0
0
0
0
0
0
0
0
0
0
0
0
0
0
0
0
0
0
0
0
0
0
0
0
0
0
0
0
0
0
0
0
0
0
0
0
0
0
0
0
0
0
0
0
0
0
0
0
0
0
0
0
0
0
0
0
0
0
0
0
0
0
0
0
0
0
0
0
0
0
0
0
0
0
0
0
0
0
0
0
0
0
0
0
0
0
0
0
0
0
0
0
0
0
0
0
0
0
0
0
0
0
0
0
0
0
0
0
0
0
0
0
0
0
0
0
0
0
0
0
0
0
0
0
0
0
0
0
0
0
0
0
0
0
0
0
0
0
0
0
0
0
0
0
0
0
0
0
0
0
0
0
0
0
0
0
0
0
0
0
0
0
0
0
0
0
0
0
0
0
0
0
0
0
0
0
0
0
0
0
0
0
0
0
0
0
0
0
0
0
0
0
0
0
0
0
0
0
0
0
0
0
0
0
0
0
0
0
0
0
0
0
0
0
0
0
0
0
0
0
0
0
0
0
0
0
0
0
0
0
0
0
0
0
0
0
0
0
0
0
0
0
0
0
0
0
0
0
0
0
0
0
0
0
0
0
0
0
0
0
0
0
0
0
0
0
0
0
0
0
0
0
0
0
0
0
0
0
0
0
0
0
0
0
0
0
0
0
0
0
0
0
0
0
0
0
0
0
0
0
0
0
0
0
0
0
0
0
0
0
0
0
0
0
0
0
0
0
0
0
0
0
0
0
0
0
0
0
0
0
0
0
0
0
0
0
0
0
0
0
0
0
0
0
0
0
0
0
0
0
0
0
0
0
0
0
0
0
0
0
0
0
0
0
0
0
0
0
0
0
0
0
0
0
0
0
0
0
0
0
0
0
0
0
0
0
0
0
0
0
0
0
0
0
0
0
0
0
0
0
0
0
0
0
0
0
0
0
0
0
0
0
0
0
0
0
0
0
0
0
0
0
0
0
0
0
0
0
0
0
0
0
0
0
0
0
0
0
0
0
0
0
0
0
0
0
0
0
0
0
0
0
0
0
0
0
0
0
0
0
0
0
0
0
0
0
0
0
0
0
0
0
0
0
0
0
0
0
0
0
0
0
0
0
0
0
0
0
0
0
0
0
0
0
0
0
0
0
0
0
0
0
0
0
0
0
0
0
0
0
0
0
0
0
0
0
0
0
0
0
0
0
0
0
0
0
0
0
0
0
0
0
0
0
0
0
0
0
0
0
0
0
0
0
0
0
0
0
0
0
0
0
0
0
0
0
0
0
0
0
0
0
0
0
0
0
0
0
0
0
0
0
0
0
0
0
0
0
0
0
0
0
0
0
0
0
0
0
0
0
0
0
0
0
0
0
0
0
0
0
0
0
0
0
0
0
0
0
0
0
0
0
0
0
0
0
0
0
0
0
0
0
0
0
0
0
0
0
0
0
0
0
0
0
0
0
0
0
0
0
0
0
0
0
0
0
0
0
0
0
0
0
0
0
0
0
0
0
0
0
0
0
0
0
0
0
0
0
0
0
0
0
0
0
0
0
0
0
0
0
0
0
0
0
0
0
0
0
0
0
0
0
0
0
0
0
0
0
0
0
0
0
0
0
0
0
0
0
0
0
0
0
0
0
0
0
0
0
0
0
0
0
0
0
0
0
0
0
0
0
0
0
0
0
0
0
0
0
0
0
0
0
0
0
0
0
0
0
0
0
0
0
0
0
0
0
0
0
0
0
0
0
0
0
0
0
0
0
0
0
0
0
0
0
0
0
0
0
0
0
0
0
0
0
0
0
0
0
0
0
0
0
0
0
0
0
0
0
0
0
0
0
0
0
0
0
0
0
0
0
0
0
0
0
0
0
0
0
0
0
0
0
0
0
0
0
0
0
0
0
0
0
0
0
0
0
0
0
0
0
0
0
0
0
0
0
0
0
0
0
0
0
0
0
0
0
0
0
0
0
0
0
0
0
0
0
0
0
0
0
0
0
0
0
0
0
0
0
0
0
0
0
0
0
0
0
0
0
0
0
0
0
0
0
0
0
0
0
0
0
0
0
0
0
0
0
0
0
0
0
0
0
0
0
0
0
0
0
0
0
0
0
0
0
0
0
0
0
0
0
0
0
0
0
0
0
0
0
0
0
0
0
0
0
0
0
0
0
0
0
0
0
0
0
0
0
0
0
0
0
0
0
0
0
0
0
0
0
0
0
0
0
0
0
0
0
0
0
0
0
0
0
0
0
0
0
0
0
0
0
0
0
0
0
0
0
0
0
0
0
0
0
0
0
0
0
0
0
0
0
0
0
0
0
0
0
0
0
0
0
0
0
0
0
0
0
0
0
0
0
0
0
0
0
0
0
0
0
0
0
0
0
0
0
0
0
0
0
0
0
0
0
0
0
0
0
0
0
0
0
0
0
0
0
0
0
0
0
0
0
0
0
0
0
0
0
0
0
0
0
0
0
0
0
0
0
0
0
0
0
0
0
0
0
0
0
0
0
0
0
0
0
0
0
0
0
0
0
0
0
0
0
0
0
0
0
0
0
0
0
0
0
0
0
0
0
0
0
0
0
0
0
0
0
0
0
0
0
0
0
0
0
0
0
0
0
0
0
0
0
0
0
0
0
0
0
0
0
0
0
0
0
0
0
0
0
0
0
0
0
0
0
0
0
0
0
0
0
0
0
0
0
0
0
0
0
0
0
0
0
0
0
0
0
0
0
0
0
0
0
0
0
0
0
0
0
0
0
0
0
0
0
0
0
0
0
0
0
0
0
0
0
0
0
0
0
0
0
0
0
0
0
0
0
0
0
0
0
0
0
0
0
0
0
0
0
0
0
0
0
0
0
0
0
0
0
0
0
0
0
0
0
0
0
0
0
0
0
0
0
0
0
0
0
0
0
0
0
0
0
0
0
0
0
0
0
0
0
0
0
0
0
0
0
0
0
0
0
0
0
0
0
0
0
0
0
0
0
0
0
0
0
0
0
0
0
0
0
0
0
0
0
0
0
0
0
0
0
0
0
0
0
0
0
0
0
0
0
0
0
0
0
0
0
0
0
0
0
0
0
0
0
0
0
0
0
0
0
0
0
0
0
0
0
0
0
0
0
0
0
0
0
0
0
0
0
0
0
0
0
0
0
0
0
0
0
0
0
0
0
0
0
0
0
0
0
0
0
0
0
0
0
0
0
0
0
0
0
0
0
0
0
0
0
0
0
0
0
0
0
0
0
0
0
0
0
0
0
0
0
0
0
0
0
0
0
0
0
0
0
0
0
0
0
0
0
0
0
0
0
0
0
0
0
0
0
0
0
0
0
0
0
0
0
0
0
0
0
0
0
0
0
0
0
0
0
0
0
0
0
0
0
0
0
0
0
0
0
0
0
0
0
0
0
0
0
0
0
0
0
0
0
0
0
0
0
0
0
0
0
0
0
0
0
0
0
0
0
0
0
0
0
0
0
0
0
0
0
0
0
0
0
0
0
0
0
0
0
0
0
0
0
0
0
0
0
0
0
0
0
0
0
0
0
0
0
0
0
0
0
0
0
0
0
0
0
0
0
0
0
0
0
0
0
0
0
0
0
0
0
0
0
0
0
0
0
0
0
0
0
0
0
0
0
0
0
0
0
0
0
0
0
0
0
0
0
0
0
0
0
0
0
0
0
0
0
0
0
0
0
0
0
0
0
0
0
0
0
0
0
0
0
0
0
0
0
0
0
0
0
0
0
0
0
0
0
0
0
0
0
0
0
0
0
0
0
0
0
0
0
0
0
0
0
0
0
0
0
0
0
0
0
0
0
0
0
0
0
0
0
0
0
0
0
0
0
0
0
0
0
0
0
0
0
0
0
0
0
0
0
0
0
0
0
0
0
0
0
0
0
0
0
0
0
0
0
0
0
0
0
0
0
0
0
0
0
0
0
0
0
0
0
0
0
0
0
0
0
0
0
0
0
0
0
0
0
0
0
0
0
0
0
0
0
0
0
0
0
0
0
0
0
0
0
0
0
0
0
0
0
0
0
0
0
0
0
0
0
0
0
0
0
0
0
0
0
0
0
0
0
0
0
0
0
0
0
0
0
0
0
0
0
0
0
0
0
0
0
0
0
0
0
0
0
0
0
0
0
0
0
0
0
0
0
0
0
0
0
0
0
0
0
0
0
0
0
0
0
0
0
0
0
0
0
0
0
0
0
0
0
0
0
0
0
0
0
0
0
0
0
0
0
0
0
0
0
0
0
0
0
0
0
0
0
0
0
0
0
0
0
0
0
0
0
0
0
0
0
0
0
0
0
0
0
0
0
0
0
0
0
0
0
0
0
0
0
0
0
0
0
0
0
0
0
0
0
0
0
0
0
0
0
0
0
0
0
0
0
0
0
0
0
0
0
0
0
0
0
0
0
0
0
0
0
0
0
0
0
0
0
0
0
0
0
0
0
0
0
0
0
0
0
0
0
0
0
0
0
0
0
0
0
0
0
0
0
0
0
0
0
0
0
0
0
0
0
0
0
0
0
0
0
0
0
0
0
0
0
0
0
0
0
0
0
0
0
0
0
0
0
0
0
0
0
0
0
0
0
0
0
0
0
0
0
0
0
0
0
0
0
0
0
0
0
0
0
0
0
0
0
0
0
0
0
0
0
0
0
0
0
0
0
0
0
0
0
0
0
0
0
0
0
0
0
0
0
0
0
0
0
0
0
0
0
0
0
0
0
0
0
0
0
0
0
0
0
0
0
0
0
0
0
0
0
0
0
0
0
0
0
0
0
0
0
0
0
0
0
0
0
0
0
0
0
0
0
0
0
0
0
0
0
0
0
0
0
0
0
0
0
0
0
0
0
0
0
0
0
0
0
0
0
0
0
0
0
0
0
0
0
0
0
0
0
0
0
0
0
0
0
0
0
0
0
0
0
0
0
0
0
0
0
0
0
0
0
0
0
0
0
0
0
0
0
0
0
0
0
0
0
0
0
0
0
0
0
0
0
0
0
0
0
0
0
0
0
0
0
0
0
0
0
0
0
0
0
0
0
0
0
0
0
0
0
0
0
0
0
0
0
0
0
0
0
0
0
0
0
0
0
0
0
0
0
0
0
0
0
0
0
0
0
0
0
0
0
0
0
0
0
0
0
0
0
0
0
0
0
0
0
0
0
0
0
0
0
0
0
0
0
0
0
0
0
0
0
0
0
0
0
0
0
0
0
0
0
0
0
0
0
0
0
0
0
0
0
0
0
0
0
0
0
0
0
0
0
0
0
0
0
0
0
0
0
0
0
0
0
0
0
0
0
0
0
0
0
0
0
0
0
0
0
0
0
0
0
0
0
0
0
0
0
0
0
0
0
0
0
0
0
0
0
0
0
0
0
0
0
0
0
0
0
0
0
0
0
0
0
0
0
0
0
0
0
0
0
0
0
0
0
0
0
0
0
0
0
0
0
0
0
0
0
0
0
0
0
0
0
0
0
0
0
0
0
0
0
0
0
0
0
0
0
0
0
0
0
0
0
0
0
0
0
0
0
0
0
0
0
0
0
0
0
0
0
0
0
0
0
0
0
0
0
0
0
0
0
0
0
0
0
0
0
0
0
0
0
0
0
0
0
0
0
0
0
0
0
0
0
0
0
0
0
0
0
0
0
0
0
0
0
0
0
0
0
0
0
0
0
0
0
0
0
0
0
0
0
0
0
0
0
0
0
0
0
0
0
0
0
0
0
0
0
0
0
0
0
0
0
0
0
0
0
0
0
0
0
0
0
0
0
0
0
0
0
0
0
0
0
0
0
0
0
0
0
0
0
0
0
0
0
0
0
0
0
0
0
0
0
0
0
0
0
0
0
0
0
0
0
0
0
0
0
0
0
0
0
0
0
0
0
0
0
0
0
0
0
0
0
0
0
0
0
0
0
0
0
0
0
0
0
0
0
0
0
0
)
;

boundaryField
{
    AXIS
    {
        type            empty;
    }
    OUTLET
    {
        type            zeroGradient;
    }
    COFLOW
    {
        type            calculated;
        value           uniform 0;
    }
    PILOT
    {
        type            calculated;
        value           uniform 0;
    }
    FUEL
    {
        type            calculated;
        value           uniform 0;
    }
    WALL
    {
        type            zeroGradient;
    }
    front
    {
        type            wedge;
    }
    back
    {
        type            wedge;
    }
}


// ************************************************************************* //
