/*--------------------------------*- C++ -*----------------------------------*\
  =========                 |
  \\      /  F ield         | OpenFOAM: The Open Source CFD Toolbox
   \\    /   O peration     | Website:  https://openfoam.org
    \\  /    A nd           | Version:  6
     \\/     M anipulation  |
\*---------------------------------------------------------------------------*/
FoamFile
{
    version     2.0;
    format      ascii;
    class       volScalarField;
    location    "0.005";
    object      p;
}
// * * * * * * * * * * * * * * * * * * * * * * * * * * * * * * * * * * * * * //

dimensions      [1 -1 -2 0 0 0 0];

internalField   nonuniform List<scalar> 
8000
(
99364
99874.4
100343
100557
100445
100465
100609
100661
100659
101193
100299
100178
97813
101624
101770
99692.9
97729.9
99254
103430
100851
100512
102424
100834
100436
100627
100303
100309
99655.9
99463.8
100828
101241
101092
100756
100699
100751
100389
100356
100937
101363
101188
101071
101655
100836
100120
100595
102337
103153
101113
101293
100736
100726
100474
100603
100630
100610
100596
100581
100550
100498
100434
100369
100306
100247
100194
100149
100114
100086
100059
100029
99993.6
99954.5
99916.3
99882.8
99855.8
99835.4
99820.3
99809.3
99801.4
99796.2
99793.4
99793.3
99796.1
99802.2
99811.6
99824.1
99839.3
99856.5
99875
99893.8
99911.9
99928.4
99942.6
99954.2
99963.3
99970.2
99975.2
99979
99982.2
99985.4
99988.9
99392.3
99889.3
100353
100573
100443
100449
100581
100609
100678
101159
100274
100165
97660.4
101468
101671
99684.2
97803.2
99065
103487
100854
100671
102236
100800
100432
100626
100303
100318
99638.2
99421.9
100844
101242
101076
100762
100709
100755
100389
100345
100947
101370
101199
101068
101680
100846
100129
100619
102335
103139
101058
101288
100729
100694
100473
100604
100630
100610
100596
100581
100550
100498
100434
100369
100306
100247
100194
100149
100114
100086
100059
100029
99993.6
99954.5
99916.3
99882.8
99855.9
99835.4
99820.3
99809.3
99801.4
99796.2
99793.4
99793.3
99796.1
99802.2
99811.6
99824.1
99839.3
99856.5
99874.9
99893.8
99911.9
99928.4
99942.6
99954.2
99963.3
99970.2
99975.2
99979
99982.2
99985.4
99988.9
99451.6
99922.2
100377
100610
100435
100413
100526
100506
100722
101086
100218
100146
97692.6
101158
101480
99678.9
98019.9
99012.4
103300
100847
100971
101835
100735
100443
100624
100303
100337
99604.6
99327.3
100880
101243
101044
100775
100729
100767
100387
100321
100948
101356
101222
101120
101730
100869
100147
100669
102329
103115
100929
101275
100712
100622
100469
100604
100631
100610
100597
100581
100550
100498
100434
100369
100306
100247
100194
100149
100114
100086
100059
100029
99993.6
99954.5
99916.3
99882.8
99855.9
99835.4
99820.3
99809.3
99801.4
99796.2
99793.4
99793.3
99796.1
99802.2
99811.6
99824.1
99839.3
99856.5
99874.9
99893.7
99911.9
99928.4
99942.6
99954.2
99963.3
99970.2
99975.2
99979
99982.1
99985.3
99988.9
99541.8
99971.7
100411
100664
100418
100360
100460
100379
100796
100987
100122
100148
99251.2
100840
101244
99701.2
98514.6
100369
101481
100856
101175
101035
100690
100438
100618
100309
100360
99558.2
99169.8
100927
101244
101004
100795
100759
100785
100385
100287
100976
101360
101255
101158
101804
100904
100173
100764
102321
103073
100704
101253
100687
100520
100465
100604
100632
100610
100597
100581
100550
100498
100434
100369
100306
100247
100194
100149
100114
100086
100059
100029
99993.6
99954.5
99916.3
99882.8
99855.9
99835.4
99820.3
99809.3
99801.4
99796.2
99793.4
99793.3
99796.1
99802.2
99811.6
99824.1
99839.3
99856.5
99874.9
99893.7
99911.9
99928.4
99942.6
99954.2
99963.3
99970.2
99975.2
99979
99982.1
99985.3
99988.9
99664.2
100038
100455
100735
100385
100291
100408
100269
100895
100885
99955
100258
98381.7
101229
101012
99788.9
99441.2
99923.3
101810
100951
100051
99884.4
100658
100401
100604
100317
100396
99502.8
98928.4
100982
101242
100971
100826
100806
100812
100380
100241
100997
101342
101299
101195
101903
100956
100208
100924
102308
102999
100344
101214
100659
100400
100460
100605
100631
100610
100597
100581
100550
100498
100434
100369
100306
100247
100194
100149
100114
100086
100059
100029
99993.6
99954.6
99916.3
99882.8
99855.9
99835.4
99820.3
99809.3
99801.5
99796.2
99793.4
99793.3
99796.1
99802.2
99811.6
99824.1
99839.3
99856.5
99874.9
99893.7
99911.8
99928.3
99942.5
99954.2
99963.3
99970.1
99975.2
99978.9
99982.1
99985.3
99988.9
99820.4
100121
100505
100814
100339
100217
100403
100237
101007
100748
99621.6
100369
98965.4
101520
100800
99991.2
100524
101107
100805
100969
102057
98772.4
100776
100326
100581
100329
100438
99446.1
98588
101024
101235
100965
100868
100864
100852
100368
100177
101018
101338
101355
101237
102028
101057
100250
101183
102293
102884
99817.2
101159
100630
100295
100454
100606
100630
100610
100597
100581
100550
100498
100434
100369
100306
100247
100194
100149
100114
100086
100059
100029
99993.6
99954.6
99916.4
99882.8
99855.9
99835.4
99820.3
99809.3
99801.5
99796.2
99793.5
99793.3
99796.1
99802.2
99811.6
99824.1
99839.2
99856.4
99874.9
99893.7
99911.8
99928.3
99942.5
99954.1
99963.2
99970.1
99975.1
99978.9
99982.1
99985.3
99988.9
100011
100222
100562
100893
100287
100148
100492
100342
101099
100627
99012.9
100588
99724.2
101651
100649
100413
100235
102055
100005
101032
100299
98727.4
100745
100157
100549
100348
100489
99439.1
99159.7
101004
101222
101037
100931
100932
100902
100378
100101
101041
101343
101423
101288
102173
101184
100295
101613
102271
102698
99122.2
101093
100611
100272
100451
100607
100630
100609
100597
100581
100550
100498
100434
100369
100306
100247
100194
100149
100114
100086
100059
100029
99993.6
99954.6
99916.4
99882.9
99855.9
99835.4
99820.3
99809.3
99801.5
99796.3
99793.5
99793.3
99796.1
99802.2
99811.6
99824.1
99839.2
99856.4
99874.8
99893.6
99911.8
99928.3
99942.5
99954.1
99963.2
99970.1
99975.1
99978.9
99982.1
99985.3
99988.9
100233
100344
100624
100952
100242
100109
100736
100543
101106
100555
97873.2
101014
100542
101613
100555
101291
100177
100717
99544.8
101196
99926.7
99928
100875
100053
100509
100381
100534
99413.9
99515.3
100875
101199
101077
100997
101009
100967
100385
100011
101068
101357
101504
101348
102320
101278
100336
102313
102242
102413
98297.4
101021
100605
100437
100451
100608
100630
100609
100598
100581
100550
100498
100434
100368
100306
100247
100194
100149
100114
100086
100059
100029
99993.6
99954.6
99916.4
99882.9
99855.9
99835.5
99820.4
99809.4
99801.5
99796.3
99793.5
99793.3
99796.1
99802.2
99811.6
99824.1
99839.2
99856.4
99874.8
99893.6
99911.7
99928.2
99942.4
99954
99963.1
99970
99975.1
99978.9
99982.1
99985.3
99988.9
100480
100507
100687
100969
100251
100119
101226
100350
100968
100655
99441.7
101889
101788
101471
100446
102958
100262
99663.5
99517.4
101557
100015
99392.2
101021
100030
100454
100420
100553
99386.8
99730.1
100515
101165
101018
101058
101098
101048
100390
99918
101097
101382
101595
101422
102443
101390
100360
102105
102209
102004
97330.6
100954
100614
100974
100453
100609
100630
100608
100599
100581
100550
100497
100434
100368
100305
100247
100194
100149
100114
100086
100059
100029
99993.7
99954.6
99916.4
99882.9
99856
99835.5
99820.4
99809.4
99801.6
99796.3
99793.5
99793.3
99796.1
99802.2
99811.6
99824.1
99839.2
99856.3
99874.8
99893.5
99911.7
99928.2
99942.4
99954
99963.1
99970
99975
99978.8
99982
99985.3
99988.9
100732
100552
100748
100939
100400
100190
102121
100252
100703
100892
100452
97898.9
104409
101288
100353
106391
100406
100063
100068
102219
100209
99864.9
100800
100059
100403
100479
100487
99418.5
99865.8
100881
101126
100766
101091
101193
101141
100394
99842.7
101134
101423
101689
101518
102497
101509
100366
101416
102163
101439
96519
100909
100616
102069
100456
100611
100630
100607
100600
100581
100549
100497
100434
100368
100305
100247
100193
100149
100114
100086
100059
100029
99993.7
99954.6
99916.4
99882.9
99856
99835.5
99820.4
99809.4
99801.6
99796.3
99793.5
99793.4
99796.2
99802.2
99811.6
99824
99839.2
99856.3
99874.7
99893.5
99911.6
99928.1
99942.3
99953.9
99963
99969.9
99975
99978.8
99982
99985.3
99988.9
100963
100620
100797
100945
100788
100312
103860
100260
100366
101229
101464
99363.4
101915
101201
100360
102864
100612
100451
99016.5
103190
100378
99950
100630
100120
100368
100572
100219
99604.3
99952.1
100871
101070
101048
101033
101321
101246
100392
99827.3
101182
101490
101774
101632
102430
101624
100322
101115
102117
100666
96672.6
100892
100586
100887
100457
100612
100630
100605
100601
100581
100549
100497
100433
100368
100305
100246
100193
100149
100114
100086
100059
100029
99993.7
99954.6
99916.4
99882.9
99856
99835.6
99820.5
99809.5
99801.6
99796.4
99793.6
99793.4
99796.2
99802.2
99811.6
99824
99839.1
99856.3
99874.7
99893.4
99911.5
99928
99942.2
99953.8
99962.9
99969.8
99974.9
99978.7
99982
99985.2
99988.9
101130
100690
100833
100898
101351
100413
102245
100358
100099
101679
101515
99980.7
100946
101090
100374
101558
100695
100769
98888.8
104568
100473
100055
100512
100163
100363
100712
99580.6
100094
100006
100737
100997
101127
100970
101446
101341
100389
99971.3
101260
101591
101823
101757
102099
101698
100235
101002
102077
99850.8
99717
100909
100580
100376
100459
100614
100630
100603
100602
100581
100549
100497
100433
100368
100305
100246
100193
100149
100114
100086
100059
100029
99993.7
99954.7
99916.5
99883
99856.1
99835.6
99820.5
99809.5
99801.7
99796.4
99793.6
99793.4
99796.2
99802.2
99811.6
99824
99839.1
99856.2
99874.6
99893.4
99911.5
99927.9
99942.1
99953.8
99962.9
99969.8
99974.8
99978.7
99981.9
99985.2
99988.9
101184
100754
100853
100829
101266
100511
101552
100455
100497
101733
101471
100228
100627
100922
100386
101001
100673
100945
98910.5
102987
100569
100138
100435
100180
100380
100923
99185.2
100194
100031
100576
100907
101099
100940
101562
101392
100386
100184
101356
101744
101802
101885
102559
101641
100073
100985
102051
99293.1
98721
100918
100570
100226
100462
100616
100630
100601
100604
100581
100549
100497
100433
100368
100305
100246
100193
100149
100114
100086
100059
100029
99993.7
99954.7
99916.5
99883
99856.1
99835.7
99820.6
99809.6
99801.7
99796.4
99793.6
99793.4
99796.2
99802.2
99811.6
99824
99839.1
99856.2
99874.6
99893.3
99911.4
99927.9
99942
99953.7
99962.8
99969.7
99974.8
99978.6
99981.9
99985.2
99988.9
101120
100792
100853
100785
101249
100604
101206
100507
100202
101573
101450
100344
100555
100763
100393
100729
100626
101033
98310.6
101938
100622
100195
100389
100199
100407
101235
99101
99827.5
100037
100427
100807
101019
100952
101653
101353
100382
100436
101466
101965
101649
102002
102698
101557
99769.9
101017
102038
100239
98346.3
100929
100547
100218
100466
100618
100630
100599
100606
100581
100549
100496
100433
100367
100305
100246
100193
100149
100114
100086
100059
100029
99993.7
99954.7
99916.5
99883
99856.1
99835.7
99820.6
99809.6
99801.8
99796.5
99793.7
99793.5
99796.2
99802.2
99811.5
99824
99839
99856.1
99874.5
99893.2
99911.3
99927.8
99941.9
99953.6
99962.7
99969.6
99974.7
99978.6
99981.9
99985.2
99988.9
101002
100802
100839
100789
101247
100664
101008
100539
100280
101447
101534
100400
100573
100622
100395
100583
100588
101131
99543.2
101690
100644
100228
100367
100222
100436
100866
99628
99727.3
100043
100313
100707
100920
101019
101670
101137
100377
100713
101595
102272
101202
102067
102712
101484
99281.5
101067
102031
101444
98549.2
100947
100513
100252
100471
100620
100630
100597
100608
100581
100549
100496
100433
100367
100305
100246
100193
100149
100114
100086
100060
100029
99993.8
99954.7
99916.5
99883.1
99856.2
99835.8
99820.7
99809.7
99801.8
99796.5
99793.7
99793.5
99796.2
99802.2
99811.5
99823.9
99839
99856.1
99874.4
99893.1
99911.2
99927.7
99941.8
99953.5
99962.6
99969.5
99974.6
99978.5
99981.8
99985.1
99988.9
100948
100781
100831
100819
101167
100753
100870
100558
100404
101351
101789
100426
100632
100481
100389
100481
100571
101237
100454
101411
100637
100229
100362
100253
100482
100617
99979.1
99764.9
100060
100229
100602
100788
101179
101499
100385
100374
101055
101758
102856
101705
101969
102690
101434
100271
101122
102009
102553
99129.8
100979
100467
100287
100476
100622
100630
100596
100608
100581
100548
100496
100432
100367
100304
100246
100193
100149
100114
100086
100060
100029
99993.8
99954.7
99916.6
99883.1
99856.2
99835.8
99820.7
99809.7
99801.9
99796.6
99793.8
99793.5
99796.3
99802.2
99811.5
99823.9
99838.9
99856
99874.3
99893
99911.1
99927.5
99941.7
99953.3
99962.5
99969.4
99974.5
99978.4
99981.7
99985.1
99988.9
100938
100801
100842
100861
100962
100868
100789
100584
100551
101230
100945
100498
100692
100385
100385
100420
100612
101358
101162
101136
100576
100224
100378
100295
100556
100468
100107
99887.1
100092
100185
100521
100628
101499
100679
101039
100408
101403
101894
104199
101762
101781
102052
101402
100970
101181
101961
103180
99838.2
101016
100417
100293
100480
100625
100630
100597
100606
100581
100548
100495
100432
100367
100304
100246
100193
100149
100114
100086
100060
100030
99993.8
99954.8
99916.6
99883.2
99856.3
99835.9
99820.8
99809.8
99801.9
99796.7
99793.8
99793.6
99796.3
99802.3
99811.5
99823.9
99838.9
99855.9
99874.2
99892.9
99910.9
99927.4
99941.5
99953.2
99962.3
99969.3
99974.4
99978.3
99981.7
99985
99988.8
100930
100824
100849
100883
100313
100950
100744
100607
100640
101082
100540
100557
100647
100437
100387
100386
100757
101427
101366
100905
100457
100226
100411
100342
100637
100399
100120
100009
100131
100200
100476
100462
102116
101327
101091
100441
101378
101788
102678
101688
101556
102901
101390
101382
101232
101874
103227
100417
101042
100376
100275
100486
100628
100630
100600
100603
100581
100548
100495
100431
100366
100304
100246
100193
100149
100114
100086
100060
100030
99993.9
99954.8
99916.7
99883.2
99856.4
99836
99820.9
99809.9
99802
99796.7
99793.9
99793.6
99796.3
99802.3
99811.5
99823.8
99838.8
99855.8
99874.1
99892.7
99910.8
99927.2
99941.4
99953
99962.1
99969.1
99974.3
99978.2
99981.6
99985
99988.8
100917
100830
100847
100896
100888
100907
100714
100627
100695
100999
100562
100582
100590
100887
100398
100359
100725
101325
100472
100685
100266
100265
100454
100384
100719
100378
100106
100104
100169
100244
100439
100279
103289
101350
100974
100458
101309
101112
101894
101583
101323
103135
101347
101662
101276
101734
102967
100866
101050
100340
100252
100492
100631
100631
100602
100600
100580
100547
100495
100431
100366
100304
100245
100193
100149
100114
100086
100060
100030
99993.9
99954.9
99916.7
99883.3
99856.5
99836.1
99821
99810
99802.1
99796.8
99794
99793.7
99796.4
99802.3
99811.5
99823.8
99838.7
99855.7
99874
99892.6
99910.6
99927
99941.2
99952.8
99962
99968.9
99974.1
99978.1
99981.5
99984.9
99988.8
100895
100823
100839
100896
101042
100847
100696
100646
100730
100957
100659
100609
100519
100389
100392
100334
100647
100802
100791
100525
99962.4
100313
100509
100423
100791
100387
100097
100177
100198
100298
100425
100033
101924
101221
100817
100464
101213
101721
101499
101484
101177
103147
101246
101836
101315
101588
102643
101206
101039
100308
100237
100500
100633
100630
100604
100597
100580
100547
100494
100430
100365
100303
100245
100193
100149
100114
100086
100060
100030
99994
99954.9
99916.8
99883.4
99856.6
99836.2
99821.1
99810.1
99802.2
99796.9
99794
99793.8
99796.4
99802.3
99811.5
99823.8
99838.7
99855.6
99873.8
99892.4
99910.4
99926.8
99941
99952.6
99961.8
99968.7
99974
99978
99981.4
99984.9
99988.8
100866
100809
100827
100884
101026
100796
100689
100664
100753
100935
100762
100638
100486
100270
100390
100311
100556
101364
100865
100460
99471
100394
100577
100459
100836
100413
100094
100232
100219
100348
100419
99805.2
101228
101033
100664
100471
100965
101500
101271
101413
101400
102780
101060
101929
101363
101442
102351
101433
101006
100280
100235
100510
100636
100630
100605
100596
100580
100546
100493
100430
100365
100303
100245
100192
100148
100114
100086
100060
100030
99994
99954.9
99916.8
99883.5
99856.7
99836.3
99821.2
99810.2
99802.3
99797
99794.1
99793.8
99796.5
99802.3
99811.5
99823.7
99838.6
99855.5
99873.7
99892.2
99910.2
99926.6
99940.7
99952.4
99961.6
99968.6
99973.8
99977.8
99981.3
99984.8
99988.8
100833
100791
100813
100869
100971
100763
100689
100682
100769
100922
100841
100667
100487
100303
100397
100291
100460
101285
100827
100621
98675
100485
100662
100490
100847
100450
100129
100267
100232
100384
100416
99665.2
100840
100849
100543
100473
100283
101789
101141
101365
101662
102414
100782
101939
101421
101285
102130
101571
100954
100254
100244
100520
100638
100630
100605
100595
100579
100546
100493
100429
100365
100303
100245
100192
100148
100114
100086
100060
100030
99994.1
99955
99916.9
99883.5
99856.8
99836.4
99821.4
99810.4
99802.4
99797.1
99794.2
99793.9
99796.5
99802.3
99811.5
99823.7
99838.5
99855.4
99873.5
99892
99910
99926.4
99940.5
99952.1
99961.3
99968.4
99973.6
99977.7
99981.2
99984.8
99988.8
100799
100769
100797
100852
100917
100744
100694
100698
100781
100914
100890
100693
100510
100380
100410
100276
100372
101033
100737
100638
99524.5
100557
100758
100518
100840
100495
100182
100291
100237
100406
100403
99760.6
100621
100707
100462
100464
100019
101599
101054
101332
101882
102158
100420
101885
101498
101113
101981
101626
100887
100231
100261
100531
100639
100630
100605
100594
100579
100545
100492
100429
100364
100302
100244
100192
100148
100114
100086
100060
100030
99994.1
99955
99916.9
99883.6
99856.9
99836.5
99821.5
99810.5
99802.6
99797.2
99794.3
99794
99796.6
99802.4
99811.4
99823.6
99838.4
99855.2
99873.3
99891.8
99909.8
99926.1
99940.3
99951.9
99961.1
99968.1
99973.4
99977.5
99981.1
99984.7
99988.7
100764
100747
100780
100835
100874
100736
100701
100713
100789
100906
100912
100715
100545
100455
100424
100268
100298
100773
100633
100597
100003
100620
100846
100535
100794
100544
100238
100301
100234
100414
100395
100559
100504
100598
100416
100452
99923.9
101326
100990
101309
102048
102023
99977.3
101780
101579
100931
101886
101612
100808
100210
100283
100541
100641
100629
100605
100593
100578
100545
100492
100428
100363
100302
100244
100192
100148
100114
100086
100060
100030
99994.2
99955.1
99917
99883.7
99857
99836.7
99821.6
99810.6
99802.7
99797.3
99794.4
99794
99796.6
99802.4
99811.4
99823.6
99838.3
99855.1
99873.2
99891.6
99909.5
99925.9
99940
99951.6
99960.9
99967.9
99973.2
99977.4
99981
99984.6
99988.7
100732
100724
100763
100819
100843
100734
100710
100726
100795
100897
100912
100733
100585
100514
100438
100268
100248
100566
100536
100543
100250
100666
100880
100542
100713
100593
100289
100306
100227
100411
100385
99789
100413
100521
100399
100456
100451
101077
100942
101295
102161
102016
99456.5
101646
101632
100754
101822
101547
100723
100193
100307
100551
100642
100629
100605
100593
100577
100544
100491
100427
100363
100301
100244
100192
100148
100114
100087
100060
100030
99994.2
99955.1
99917
99883.8
99857.1
99836.8
99821.8
99810.8
99802.8
99797.5
99794.5
99794.1
99796.7
99802.4
99811.4
99823.5
99838.2
99854.9
99873
99891.4
99909.3
99925.6
99939.7
99951.4
99960.6
99967.7
99973
99977.2
99980.8
99984.5
99988.7
100703
100702
100746
100805
100822
100736
100721
100739
100800
100885
100894
100748
100623
100557
100452
100274
100218
100422
100457
100493
100380
100691
100771
100537
100597
100641
100322
100302
100218
100399
100367
99658.4
100360
100471
100404
100460
100611
100883
100908
101284
102221
102104
98865.2
101511
101636
100601
101767
101447
100634
100179
100330
100560
100643
100628
100604
100592
100577
100544
100490
100427
100362
100301
100243
100192
100148
100114
100087
100060
100030
99994.3
99955.2
99917.1
99883.9
99857.2
99836.9
99821.9
99810.9
99803
99797.6
99794.6
99794.2
99796.7
99802.4
99811.4
99823.4
99838.1
99854.8
99872.8
99891.2
99909
99925.3
99939.4
99951.1
99960.3
99967.4
99972.8
99977
99980.7
99984.5
99988.7
100677
100682
100730
100792
100807
100742
100731
100752
100805
100872
100873
100759
100658
100588
100467
100287
100208
100334
100400
100452
100444
100696
100291
100526
100446
100683
100343
100297
100209
100382
100340
99748.9
100341
100443
100417
100463
100623
100747
100885
101273
102220
102260
98210.7
101447
101588
100494
101695
101325
100548
100170
100352
100568
100643
100628
100604
100592
100577
100543
100489
100426
100362
100300
100243
100191
100148
100114
100087
100060
100030
99994.3
99955.2
99917.2
99884
99857.3
99837.1
99822.1
99811
99803.1
99797.7
99794.7
99794.3
99796.8
99802.4
99811.4
99823.4
99838
99854.6
99872.6
99890.9
99908.7
99925
99939.1
99950.8
99960
99967.2
99972.6
99976.8
99980.6
99984.4
99988.6
100655
100663
100715
100781
100798
100748
100742
100764
100808
100857
100854
100769
100688
100611
100483
100306
100212
100289
100362
100422
100471
100688
100756
100527
100256
100714
100357
100290
100198
100360
100316
99897.1
100341
100427
100433
100465
100593
100658
100868
101258
102159
102426
97515.1
101565
101503
100434
101613
101194
100468
100166
100371
100575
100643
100627
100603
100591
100576
100542
100489
100425
100361
100300
100243
100191
100148
100114
100087
100061
100030
99994.4
99955.3
99917.2
99884.1
99857.5
99837.2
99822.2
99811.2
99803.3
99797.8
99794.8
99794.4
99796.8
99802.5
99811.4
99823.3
99837.9
99854.5
99872.4
99890.7
99908.4
99924.7
99938.8
99950.5
99959.7
99966.9
99972.3
99976.6
99980.4
99984.3
99988.6
100638
100645
100701
100770
100791
100755
100751
100773
100808
100844
100839
100777
100712
100631
100501
100329
100226
100271
100341
100402
100482
100670
100863
100527
100041
100727
100363
100281
100188
100338
100348
100041
100350
100420
100449
100467
100555
100603
100856
101234
102052
102459
96801.4
101875
101412
100417
101517
101063
100395
100166
100388
100581
100642
100626
100602
100591
100576
100541
100488
100424
100360
100299
100242
100191
100148
100114
100087
100061
100030
99994.4
99955.3
99917.3
99884.2
99857.6
99837.4
99822.4
99811.4
99803.4
99798
99794.9
99794.5
99796.9
99802.5
99811.3
99823.2
99837.8
99854.3
99872.1
99890.4
99908.1
99924.4
99938.5
99950.1
99959.4
99966.6
99972.1
99976.4
99980.3
99984.2
99988.6
100625
100630
100689
100761
100786
100761
100759
100779
100807
100833
100830
100785
100732
100649
100520
100354
100247
100271
100332
100392
100484
100648
100838
100525
99889.8
100721
100360
100271
100181
100316
100566
100156
100363
100418
100462
100469
100523
100571
100846
101203
101879
102127
96116.3
102064
101329
100438
101412
100938
100333
100169
100403
100586
100642
100625
100602
100590
100575
100541
100487
100424
100360
100299
100242
100191
100148
100114
100087
100061
100030
99994.5
99955.4
99917.4
99884.3
99857.7
99837.5
99822.6
99811.5
99803.6
99798.1
99795.1
99794.6
99797
99802.5
99811.3
99823.2
99837.6
99854.1
99871.9
99890.1
99907.8
99924.1
99938.2
99949.8
99959.1
99966.3
99971.8
99976.2
99980.1
99984.1
99988.6
100611
100612
100675
100749
100778
100768
100768
100783
100802
100820
100823
100798
100758
100676
100554
100400
100291
100290
100336
100388
100484
100614
100734
100533
100197
100712
100346
100255
100172
100274
100507
100279
100383
100422
100477
100470
100485
100545
100834
101149
101510
99906.4
95347.3
103036
101145
100514
101244
100755
100250
100181
100424
100594
100640
100623
100600
100589
100574
100539
100485
100422
100358
100298
100241
100190
100148
100114
100087
100061
100031
99994.6
99955.4
99917.5
99884.4
99858
99837.8
99822.8
99811.8
99803.8
99798.4
99795.3
99794.7
99797.1
99802.6
99811.3
99823.1
99837.4
99853.8
99871.5
99889.7
99907.3
99923.5
99937.6
99949.2
99958.6
99965.8
99971.4
99975.9
99979.9
99984
99988.5
100625
100645
100711
100765
100781
100774
100772
100780
100790
100808
100825
100818
100784
100711
100603
100467
100358
100336
100366
100407
100494
100598
100664
100555
100491
100557
100318
100240
100161
100218
100353
100331
100401
100432
100483
100469
100465
100538
100815
101078
100868
100279
99044.2
102160
100872
100663
101035
100570
100185
100211
100451
100603
100641
100620
100599
100588
100573
100537
100483
100420
100357
100296
100240
100190
100147
100114
100087
100061
100031
99994.7
99955.5
99917.6
99884.7
99858.3
99838.2
99823.3
99812.2
99804.2
99798.7
99795.6
99795
99797.2
99802.6
99811.2
99822.9
99837.1
99853.4
99870.9
99889
99906.6
99922.7
99936.7
99948.4
99957.8
99965.1
99970.8
99975.4
99979.5
99983.7
99988.4
100718
100747
100790
100804
100793
100778
100771
100772
100778
100799
100825
100831
100804
100740
100651
100535
100430
100389
100408
100446
100519
100607
100659
100585
100559
100413
100297
100232
100156
100181
100271
100339
100413
100445
100483
100467
100462
100539
100792
101033
100577
113866
93593.9
101640
100784
100783
100872
100446
100162
100251
100478
100611
100640
100618
100597
100587
100571
100535
100480
100418
100355
100295
100239
100189
100147
100114
100088
100061
100031
99994.8
99955.6
99917.8
99885
99858.7
99838.6
99823.7
99812.7
99804.6
99799.1
99795.9
99795.2
99797.4
99802.7
99811.2
99822.7
99836.8
99852.9
99870.3
99888.2
99905.7
99921.8
99935.8
99947.5
99956.9
99964.3
99970
99974.8
99979.1
99983.5
99988.4
100768
100787
100801
100792
100773
100758
100750
100749
100760
100785
100817
100833
100814
100764
100693
100598
100501
100448
100453
100491
100552
100627
100675
100618
100557
100357
100295
100231
100161
100168
100240
100339
100421
100456
100482
100467
100464
100540
100766
101025
100489
95987.5
97539.8
101776
100762
100843
100758
100369
100170
100296
100505
100619
100638
100615
100595
100586
100569
100532
100478
100415
100352
100293
100238
100188
100147
100115
100088
100062
100031
99994.9
99955.7
99918
99885.2
99859
99839.1
99824.2
99813.2
99805.1
99799.5
99796.3
99795.5
99797.6
99802.8
99811.1
99822.5
99836.4
99852.3
99869.6
99887.4
99904.8
99920.8
99934.7
99946.4
99955.9
99963.4
99969.3
99974.1
99978.6
99983.2
99988.3
100744
100748
100742
100728
100714
100705
100704
100711
100729
100759
100796
100820
100815
100781
100726
100652
100566
100505
100496
100528
100581
100644
100684
100642
100558
100372
100312
100243
100179
100176
100237
100338
100425
100464
100482
100470
100472
100541
100738
101035
100966
97770.1
101752
101622
100715
100829
100670
100324
100197
100343
100530
100625
100635
100611
100593
100584
100567
100530
100474
100412
100350
100291
100237
100187
100147
100115
100088
100062
100031
99995
99955.8
99918.1
99885.5
99859.5
99839.6
99824.8
99813.7
99805.6
99800
99796.6
99795.8
99797.8
99802.8
99811.1
99822.2
99836
99851.7
99868.9
99886.5
99903.7
99919.6
99933.6
99945.3
99954.8
99962.4
99968.4
99973.4
99978.1
99982.9
99988.2
100677
100673
100662
100650
100644
100644
100649
100663
100687
100722
100762
100796
100807
100790
100752
100694
100620
100556
100532
100554
100599
100651
100683
100653
100571
100420
100346
100271
100211
100200
100249
100340
100425
100468
100482
100472
100480
100543
100707
101024
101350
99381.6
102793
101296
100644
100765
100593
100299
100235
100387
100551
100629
100632
100608
100591
100583
100565
100526
100471
100409
100347
100289
100235
100187
100146
100115
100089
100062
100031
99995
99955.8
99918.3
99885.8
99859.9
99840.1
99825.3
99814.3
99806.2
99800.5
99797.1
99796.1
99798
99802.9
99811
99822
99835.5
99851.1
99868
99885.5
99902.6
99918.4
99932.3
99944
99953.6
99961.3
99967.5
99972.7
99977.5
99982.6
99988.1
100610
100605
100597
100590
100589
100592
100601
100616
100641
100677
100719
100761
100788
100791
100769
100724
100662
100598
100563
100570
100606
100649
100674
100656
100590
100475
100392
100313
100254
100236
100270
100345
100422
100467
100481
100476
100489
100547
100686
100973
101608
101753
102315
101007
100553
100677
100527
100292
100275
100426
100568
100630
100628
100604
100589
100581
100562
100523
100467
100405
100344
100287
100233
100186
100146
100115
100089
100063
100032
99995
99955.9
99918.4
99886.1
99860.4
99840.7
99826
99814.9
99806.7
99801
99797.5
99796.5
99798.2
99803
99810.9
99821.7
99835.1
99850.4
99867.1
99884.4
99901.3
99917.1
99930.9
99942.7
99952.3
99960.1
99966.4
99971.8
99976.9
99982.2
99988
100562
100559
100556
100554
100555
100558
100566
100579
100601
100633
100674
100720
100761
100781
100776
100745
100693
100633
100589
100582
100607
100641
100665
100658
100610
100524
100442
100363
100303
100277
100295
100352
100418
100463
100479
100479
100495
100549
100662
100888
101462
102318
101651
100749
100454
100603
100477
100298
100317
100458
100579
100630
100624
100601
100587
100579
100559
100518
100462
100401
100341
100285
100232
100185
100146
100115
100089
100063
100032
99995
99955.9
99918.5
99886.4
99860.9
99841.3
99826.6
99815.6
99807.4
99801.5
99798
99796.8
99798.5
99803.1
99810.8
99821.4
99834.5
99849.7
99866.1
99883.2
99900
99915.6
99929.4
99941.2
99950.9
99958.8
99965.3
99970.9
99976.3
99981.8
99987.9
100532
100532
100532
100534
100536
100539
100545
100555
100571
100596
100633
100679
100726
100761
100772
100756
100715
100661
100614
100594
100606
100634
100657
100658
100627
100563
100489
100413
100353
100320
100322
100359
100412
100456
100477
100482
100498
100543
100630
100786
101119
101655
101131
100482
100389
100564
100448
100311
100353
100483
100588
100628
100619
100597
100585
100577
100555
100514
100457
100397
100338
100282
100230
100183
100145
100115
100090
100063
100032
99995
99955.8
99918.6
99886.7
99861.4
99841.9
99827.3
99816.3
99808
99802.1
99798.5
99797.2
99798.7
99803.2
99810.7
99821.1
99834
99848.8
99865.1
99881.9
99898.5
99914
99927.8
99939.5
99949.3
99957.4
99964.1
99970
99975.6
99981.4
99987.8
100513
100515
100518
100521
100525
100529
100534
100540
100552
100571
100600
100642
100690
100733
100757
100756
100729
100684
100636
100607
100607
100627
100649
100656
100638
100591
100528
100458
100400
100361
100349
100368
100407
100449
100476
100486
100496
100515
100557
100637
100801
100968
100687
100269
100397
100557
100431
100326
100382
100502
100594
100626
100614
100593
100583
100574
100551
100508
100452
100392
100334
100279
100228
100182
100145
100115
100090
100064
100032
99994.9
99955.7
99918.7
99887
99861.9
99842.6
99828
99817
99808.7
99802.7
99799
99797.6
99799
99803.3
99810.6
99820.8
99833.4
99848
99863.9
99880.6
99897
99912.3
99926
99937.8
99947.6
99955.9
99962.8
99968.9
99974.8
99981
99987.6
100501
100503
100507
100512
100517
100522
100527
100532
100541
100556
100579
100613
100657
100701
100734
100746
100734
100699
100656
100622
100611
100622
100640
100651
100641
100608
100557
100497
100441
100397
100374
100376
100403
100444
100477
100492
100495
100478
100454
100447
100516
100531
100347
100211
100474
100560
100414
100339
100405
100518
100599
100623
100609
100590
100581
100571
100547
100502
100446
100387
100330
100276
100225
100181
100144
100116
100091
100064
100032
99994.7
99955.5
99918.7
99887.3
99862.4
99843.3
99828.8
99817.7
99809.4
99803.4
99799.5
99798
99799.2
99803.4
99810.5
99820.4
99832.7
99847
99862.7
99879.1
99895.3
99910.5
99924.1
99935.9
99945.8
99954.2
99961.4
99967.8
99974
99980.5
99987.5
100493
100495
100499
100503
100509
100515
100521
100528
100536
100549
100568
100595
100631
100672
100708
100729
100729
100707
100671
100636
100617
100618
100631
100641
100638
100615
100575
100525
100474
100428
100395
100384
100399
100438
100478
100500
100502
100472
100413
100346
100332
100326
100227
100320
100568
100547
100392
100348
100427
100534
100604
100620
100604
100587
100578
100568
100541
100496
100440
100381
100325
100272
100223
100179
100144
100116
100091
100064
100032
99994.4
99955.3
99918.7
99887.6
99862.9
99843.9
99829.5
99818.5
99810.1
99804
99800.1
99798.5
99799.5
99803.5
99810.4
99820
99832
99846
99861.4
99877.5
99893.4
99908.5
99922
99933.8
99943.9
99952.5
99959.9
99966.6
99973.1
99980
99987.4
100488
100490
100492
100496
100501
100508
100515
100524
100535
100548
100565
100587
100615
100648
100682
100707
100716
100706
100679
100647
100623
100614
100619
100627
100627
100613
100584
100545
100500
100455
100416
100394
100398
100430
100471
100499
100514
100509
100473
100402
100341
100338
100326
100494
100616
100503
100365
100359
100449
100549
100608
100617
100599
100583
100576
100564
100535
100489
100433
100375
100321
100269
100220
100178
100143
100116
100091
100064
100032
99994
99954.9
99918.6
99887.8
99863.4
99844.6
99830.3
99819.3
99810.9
99804.7
99800.6
99798.9
99799.8
99803.6
99810.2
99819.6
99831.3
99844.9
99860
99875.8
99891.5
99906.3
99919.8
99931.6
99941.8
99950.6
99958.3
99965.3
99972.2
99979.4
99987.2
100486
100487
100488
100491
100495
100502
100510
100521
100535
100550
100566
100585
100607
100632
100659
100684
100698
100697
100680
100653
100627
100612
100609
100612
100613
100605
100586
100557
100521
100479
100439
100410
100400
100413
100442
100471
100497
100527
100544
100520
100470
100466
100494
100604
100588
100438
100345
100378
100475
100566
100612
100613
100594
100580
100572
100559
100528
100480
100425
100369
100316
100265
100218
100176
100143
100116
100091
100064
100031
99993.5
99954.5
99918.4
99887.9
99863.8
99845.2
99831
99820
99811.6
99805.4
99801.2
99799.4
99800.1
99803.6
99810
99819.1
99830.5
99843.8
99858.5
99873.9
99889.4
99904
99917.4
99929.2
99939.6
99948.6
99956.6
99964
99971.2
99978.9
99987
100486
100486
100487
100489
100492
100498
100507
100519
100534
100551
100568
100585
100603
100621
100642
100662
100677
100682
100673
100653
100629
100610
100601
100598
100598
100595
100583
100564
100538
100505
100469
100435
100405
100393
100393
100406
100429
100472
100526
100556
100549
100552
100574
100594
100502
100377
100343
100406
100504
100582
100615
100609
100589
100576
100569
100553
100520
100472
100417
100362
100310
100260
100214
100175
100142
100116
100092
100064
100031
99992.8
99953.9
99918.1
99888
99864.2
99845.9
99831.7
99820.8
99812.3
99806
99801.8
99799.8
99800.4
99803.7
99809.9
99818.6
99829.7
99842.6
99856.9
99872
99887.1
99901.6
99914.8
99926.7
99937.2
99946.5
99954.8
99962.5
99970.2
99978.2
99986.9
100488
100488
100488
100489
100492
100497
100505
100517
100532
100549
100567
100584
100599
100613
100628
100643
100657
100664
100662
100650
100630
100611
100597
100589
100589
100586
100581
100571
100556
100534
100506
100468
100423
100380
100352
100338
100338
100366
100415
100473
100504
100521
100529
100498
100408
100343
100363
100444
100534
100596
100615
100603
100584
100573
100564
100546
100510
100462
100408
100355
100304
100256
100211
100173
100142
100116
100092
100064
100030
99991.9
99953.1
99917.7
99888
99864.6
99846.4
99832.4
99821.5
99813.1
99806.7
99802.3
99800.2
99800.6
99803.8
99809.7
99818.1
99828.8
99841.3
99855.2
99869.9
99884.7
99898.9
99912.1
99924
99934.7
99944.2
99952.9
99961
99969.1
99977.6
99986.7
100490
100490
100490
100491
100493
100497
100504
100514
100528
100544
100561
100578
100593
100605
100617
100628
100639
100646
100648
100643
100629
100613
100598
100585
100588
100584
100582
100579
100573
100561
100539
100501
100449
100392
100343
100305
100279
100275
100300
100350
100391
100419
100426
100398
100353
100349
100403
100486
100561
100605
100612
100596
100578
100568
100558
100537
100500
100451
100399
100347
100298
100251
100208
100171
100141
100116
100092
100064
100029
99990.9
99952.2
99917.1
99887.9
99864.8
99847
99833.1
99822.2
99813.7
99807.3
99802.9
99800.7
99800.9
99803.8
99809.4
99817.5
99827.8
99839.9
99853.4
99867.7
99882.2
99896.2
99909.2
99921.2
99932
99941.8
99950.9
99959.4
99968
99977
99986.5
100492
100492
100492
100493
100495
100498
100503
100511
100522
100535
100551
100567
100581
100594
100605
100615
100623
100631
100635
100634
100626
100614
100602
100591
100586
100584
100584
100585
100583
100574
100556
100523
100476
100421
100369
100321
100280
100253
100251
100277
100310
100338
100352
100349
100351
100387
100452
100525
100582
100609
100606
100588
100573
100563
100551
100528
100489
100440
100389
100339
100291
100246
100204
100169
100140
100116
100092
100063
100028
99989.5
99951
99916.4
99887.7
99865
99847.4
99833.7
99822.9
99814.4
99807.9
99803.4
99801.1
99801.1
99803.9
99809.2
99816.9
99826.8
99838.5
99851.5
99865.4
99879.5
99893.2
99906.2
99918.2
99929.2
99939.3
99948.7
99957.8
99966.8
99976.3
99986.3
100492
100492
100493
100494
100496
100498
100501
100507
100515
100525
100537
100551
100565
100579
100591
100601
100611
100618
100623
100624
100621
100614
100604
100595
100588
100584
100582
100581
100577
100570
100554
100529
100496
100455
100413
100370
100330
100298
100281
100285
100303
100326
100346
100364
100392
100440
100500
100556
100595
100608
100598
100580
100566
100557
100543
100516
100476
100428
100379
100330
100284
100240
100201
100167
100139
100116
100091
100062
100027
99988
99949.7
99915.5
99887.3
99865
99847.7
99834.1
99823.4
99814.9
99808.4
99803.9
99801.4
99801.4
99803.8
99808.9
99816.3
99825.7
99837
99849.5
99863
99876.7
99890.1
99903
99915
99926.2
99936.7
99946.5
99956
99965.6
99975.5
99986.1
100490
100490
100491
100493
100494
100496
100498
100501
100506
100513
100522
100534
100547
100561
100575
100587
100598
100607
100613
100616
100615
100611
100604
100595
100587
100580
100573
100567
100560
100550
100538
100523
100505
100482
100457
100430
100403
100378
100359
100353
100359
100374
100393
100417
100449
100492
100538
100576
100599
100601
100588
100572
100560
100550
100533
100504
100463
100416
100368
100321
100277
100235
100197
100165
100139
100116
100091
100061
100025
99986.1
99948.1
99914.5
99886.8
99864.9
99847.9
99834.5
99823.9
99815.4
99808.9
99804.3
99801.7
99801.5
99803.8
99808.5
99815.6
99824.6
99835.3
99847.4
99860.4
99873.7
99886.9
99899.6
99911.7
99923.1
99933.9
99944.2
99954.2
99964.3
99974.8
99985.9
100485
100486
100487
100488
100490
100491
100493
100494
100497
100501
100508
100517
100529
100542
100557
100571
100584
100595
100603
100608
100609
100607
100602
100594
100585
100574
100563
100552
100541
100530
100522
100514
100508
100501
100493
100482
100470
100457
100445
100438
100438
100444
100457
100475
100500
100531
100561
100585
100596
100592
100578
100563
100553
100541
100522
100490
100448
100402
100356
100312
100269
100229
100193
100162
100138
100115
100090
100059
100023
99983.8
99946.2
99913.1
99886.1
99864.7
99847.9
99834.7
99824.2
99815.8
99809.3
99804.6
99802
99801.6
99803.7
99808.1
99814.8
99823.3
99833.6
99845.2
99857.7
99870.6
99883.5
99896.1
99908.2
99919.9
99931
99941.8
99952.3
99963
99974
99985.7
100478
100478
100479
100481
100483
100484
100486
100487
100489
100492
100496
100503
100513
100525
100539
100554
100569
100581
100592
100599
100603
100604
100600
100594
100585
100574
100560
100546
100533
100521
100514
100511
100511
100514
100516
100517
100517
100514
100509
100505
100502
100504
100509
100519
100534
100553
100572
100586
100589
100581
100567
100555
100545
100531
100509
100475
100433
100389
100345
100302
100261
100223
100189
100160
100137
100114
100089
100057
100020
99981.2
99944
99911.6
99885.1
99864.2
99847.8
99834.7
99824.3
99816
99809.5
99804.8
99802.2
99801.7
99803.5
99807.7
99813.9
99822
99831.8
99842.8
99854.8
99867.3
99879.9
99892.4
99904.6
99916.5
99928.1
99939.3
99950.4
99961.6
99973.3
99985.4
100469
100470
100471
100473
100475
100477
100479
100481
100483
100485
100489
100494
100501
100511
100524
100538
100552
100566
100578
100588
100595
100599
100600
100597
100590
100580
100567
100553
100539
100527
100519
100516
100517
100522
100528
100534
100539
100542
100543
100541
100538
100537
100538
100542
100550
100562
100574
100581
100579
100570
100558
100546
100535
100519
100494
100459
100417
100375
100333
100292
100253
100217
100185
100158
100136
100113
100087
100055
100017
99978.1
99941.4
99909.7
99883.9
99863.5
99847.4
99834.6
99824.3
99816.1
99809.6
99805
99802.2
99801.6
99803.3
99807.1
99812.9
99820.6
99829.8
99840.3
99851.8
99863.9
99876.2
99888.5
99900.8
99913
99925
99936.7
99948.4
99960.2
99972.4
99985.2
100463
100464
100465
100467
100469
100472
100474
100477
100479
100481
100484
100488
100494
100501
100511
100523
100536
100549
100562
100574
100584
100592
100597
100598
100596
100590
100581
100569
100557
100545
100535
100529
100527
100529
100533
100538
100544
100548
100550
100550
100549
100547
100547
100549
100555
100563
100571
100574
100570
100560
100549
100537
100524
100505
100477
100441
100401
100360
100321
100282
100245
100210
100181
100156
100134
100112
100085
100051
100013
99974.6
99938.5
99907.6
99882.5
99862.6
99846.8
99834.2
99824.1
99815.9
99809.6
99804.9
99802.2
99801.5
99802.9
99806.5
99811.9
99819
99827.7
99837.7
99848.6
99860.3
99872.3
99884.5
99896.9
99909.4
99921.8
99934.1
99946.3
99958.8
99971.6
99985
100460
100461
100462
100464
100466
100469
100472
100475
100478
100480
100482
100485
100489
100494
100501
100510
100521
100533
100546
100558
100570
100581
100590
100596
100599
100599
100595
100587
100578
100567
100557
100548
100541
100538
100537
100539
100542
100544
100546
100546
100546
100546
100547
100550
100556
100562
100567
100566
100560
100550
100539
100527
100511
100489
100459
100424
100385
100346
100308
100271
100236
100204
100177
100154
100133
100110
100082
100047
100009
99970.6
99935.2
99905.1
99880.7
99861.3
99845.9
99833.6
99823.6
99815.6
99809.3
99804.7
99802
99801.2
99802.5
99805.7
99810.7
99817.3
99825.5
99834.9
99845.3
99856.6
99868.3
99880.4
99892.9
99905.7
99918.5
99931.4
99944.2
99957.3
99970.8
99984.7
100462
100462
100463
100465
100467
100470
100473
100476
100478
100480
100482
100484
100487
100490
100494
100500
100508
100518
100529
100541
100554
100566
100578
100588
100596
100601
100603
100601
100595
100587
100578
100568
100559
100551
100546
100543
100542
100542
100542
100542
100543
100544
100547
100551
100556
100561
100563
100559
100552
100541
100528
100514
100496
100472
100441
100406
100369
100332
100296
100261
100228
100198
100173
100151
100131
100107
100078
100043
100004
99966.1
99931.5
99902.3
99878.7
99859.8
99844.8
99832.6
99822.9
99815
99808.8
99804.4
99801.6
99800.8
99801.8
99804.7
99809.3
99815.5
99823.1
99831.9
99841.9
99852.7
99864.2
99876.2
99888.8
99901.9
99915.2
99928.6
99942.1
99955.8
99969.9
99984.5
100468
100468
100469
100470
100472
100474
100476
100479
100480
100482
100483
100484
100485
100486
100489
100492
100497
100505
100514
100524
100536
100549
100562
100574
100586
100595
100602
100605
100604
100600
100594
100585
100576
100568
100560
100554
100550
100548
100546
100545
100546
100547
100550
100554
100558
100560
100558
100552
100542
100530
100516
100500
100479
100453
100422
100388
100353
100318
100284
100251
100220
100192
100169
100149
100128
100104
100073
100037
99998.7
99961.1
99927.4
99899.1
99876.3
99858
99843.3
99831.4
99821.8
99814.1
99808.1
99803.7
99801
99800.1
99801
99803.6
99807.8
99813.4
99820.5
99828.8
99838.3
99848.7
99859.9
99871.9
99884.6
99898
99911.8
99925.8
99939.9
99954.3
99969
99984.2
100477
100477
100478
100479
100480
100481
100482
100483
100484
100484
100484
100484
100484
100483
100484
100486
100489
100493
100500
100508
100518
100530
100542
100556
100568
100580
100590
100597
100602
100603
100600
100596
100589
100582
100575
100568
100563
100559
100556
100554
100554
100555
100556
100558
100558
100556
100551
100542
100530
100516
100501
100483
100461
100434
100403
100370
100337
100305
100272
100241
100213
100187
100166
100146
100125
100099
100068
100031
99992.4
99955.5
99922.8
99895.6
99873.5
99855.8
99841.4
99829.8
99820.5
99813
99807.1
99802.9
99800.2
99799.3
99800
99802.3
99806
99811.2
99817.7
99825.5
99834.5
99844.5
99855.5
99867.5
99880.4
99894.1
99908.3
99922.9
99937.7
99952.7
99968.1
99984
100489
100488
100488
100488
100488
100488
100488
100488
100487
100486
100485
100484
100482
100481
100480
100480
100481
100484
100488
100494
100502
100511
100522
100533
100546
100558
100570
100580
100588
100593
100595
100595
100593
100588
100583
100578
100573
100569
100565
100562
100561
100560
100559
100558
100554
100549
100540
100528
100515
100501
100484
100465
100442
100415
100385
100354
100323
100292
100261
100232
100206
100183
100163
100143
100121
100094
100061
100024
99985.5
99949.4
99917.9
99891.7
99870.4
99853.2
99839.3
99827.9
99818.8
99811.5
99805.8
99801.7
99799.1
99798.1
99798.7
99800.7
99804
99808.7
99814.7
99822
99830.5
99840.2
99851
99863
99876
99890.1
99904.8
99920
99935.4
99951.1
99967.2
99983.7
100500
100499
100499
100498
100497
100496
100495
100493
100491
100489
100487
100484
100482
100479
100477
100476
100476
100476
100478
100482
100487
100493
100501
100510
100521
100532
100543
100554
100563
100571
100577
100581
100582
100582
100580
100577
100574
100570
100567
100564
100561
100558
100555
100550
100544
100535
100524
100512
100498
100483
100466
100446
100423
100396
100368
100339
100309
100280
100251
100224
100200
100179
100160
100140
100117
100088
100054
100016
99977.8
99942.8
99912.5
99887.3
99866.9
99850.2
99836.7
99825.7
99816.8
99809.7
99804.1
99800.1
99797.6
99796.6
99797
99798.8
99801.7
99805.9
99811.4
99818.3
99826.4
99835.8
99846.4
99858.4
99871.7
99886
99901.3
99917
99933.1
99949.5
99966.3
99983.5
100511
100510
100509
100508
100506
100504
100501
100499
100496
100492
100489
100485
100482
100479
100476
100474
100472
100471
100471
100472
100474
100478
100482
100488
100496
100504
100513
100523
100532
100541
100549
100555
100559
100562
100563
100562
100561
100559
100556
100554
100550
100546
100541
100534
100526
100516
100505
100493
100479
100464
100447
100427
100404
100379
100352
100325
100297
100269
100243
100218
100196
100176
100157
100137
100111
100081
100045
100007
99969.6
99935.7
99906.7
99882.7
99863
99846.9
99833.7
99823
99814.3
99807.4
99802.1
99798.2
99795.8
99794.8
99795
99796.5
99799.1
99802.9
99807.9
99814.3
99822.1
99831.2
99841.8
99853.8
99867.2
99882
99897.7
99914
99930.8
99947.9
99965.4
99983.2
100521
100520
100519
100517
100514
100511
100508
100504
100500
100496
100492
100487
100483
100479
100476
100473
100470
100468
100466
100465
100465
100465
100467
100469
100473
100478
100484
100491
100499
100506
100514
100521
100526
100531
100534
100536
100536
100536
100535
100532
100529
100525
100519
100512
100504
100494
100484
100472
100460
100445
100429
100409
100387
100363
100338
100313
100286
100261
100236
100213
100193
100174
100155
100132
100105
100072
100036
99997.4
99960.9
99928.3
99900.6
99877.6
99858.7
99843.2
99830.4
99820
99811.5
99804.8
99799.7
99795.9
99793.6
99792.5
99792.6
99793.8
99796.1
99799.5
99804.2
99810.2
99817.6
99826.5
99837
99849.1
99862.8
99877.9
99894
99911
99928.4
99946.2
99964.4
99982.9
100530
100529
100527
100525
100522
100518
100514
100510
100505
100500
100495
100490
100486
100481
100477
100473
100469
100466
100463
100460
100458
100456
100455
100454
100455
100456
100459
100463
100467
100473
100479
100485
100490
100495
100499
100502
100504
100505
100505
100504
100501
100497
100493
100486
100479
100471
100462
100452
100441
100427
100411
100393
100372
100350
100326
100302
100278
100254
100231
100210
100191
100172
100152
100127
100098
100063
100025
99987.4
99951.9
99920.7
99894.2
99872.2
99854
99839
99826.6
99816.5
99808.3
99801.8
99796.8
99793.2
99790.8
99789.7
99789.7
99790.7
99792.7
99795.8
99800.1
99805.8
99812.9
99821.7
99832.1
99844.4
99858.3
99873.8
99890.4
99907.9
99925.9
99944.5
99963.4
99982.6
100537
100536
100534
100532
100529
100525
100520
100515
100510
100505
100499
100494
100489
100484
100479
100475
100470
100466
100462
100458
100454
100450
100446
100443
100441
100440
100439
100440
100442
100445
100448
100452
100457
100461
100465
100469
100471
100473
100474
100473
100472
100469
100466
100461
100456
100450
100442
100434
100423
100411
100396
100379
100359
100339
100317
100294
100272
100250
100229
100209
100190
100171
100148
100121
100089
100053
100015
99977.1
99942.8
99912.9
99887.6
99866.5
99849
99834.4
99822.4
99812.6
99804.6
99798.3
99793.4
99789.9
99787.6
99786.5
99786.3
99787.1
99788.9
99791.7
99795.7
99801.1
99808.1
99816.8
99827.2
99839.6
99853.8
99869.6
99886.7
99904.7
99923.4
99942.7
99962.4
99982.3
100542
100541
100540
100537
100534
100530
100525
100520
100515
100509
100503
100498
100492
100487
100482
100477
100472
100467
100462
100457
100452
100447
100442
100437
100433
100429
100426
100424
100424
100424
100425
100427
100430
100433
100436
100439
100442
100443
100445
100445
100445
100443
100441
100439
100435
100431
100425
100417
100408
100397
100383
100367
100349
100330
100310
100289
100269
100248
100229
100210
100191
100169
100144
100114
100080
100042
100003
99966.7
99933.6
99905
99880.8
99860.6
99843.6
99829.4
99817.8
99808.2
99800.5
99794.3
99789.6
99786.1
99783.8
99782.6
99782.4
99783
99784.6
99787.2
99791
99796.3
99803.1
99811.7
99822.2
99834.8
99849.2
99865.4
99883
99901.5
99920.9
99940.9
99961.3
99982
100544
100544
100542
100540
100536
100532
100528
100523
100518
100512
100507
100501
100495
100490
100485
100479
100474
100469
100463
100458
100452
100446
100440
100434
100428
100423
100419
100415
100413
100411
100410
100411
100412
100413
100415
100417
100419
100420
100421
100422
100423
100423
100422
100421
100419
100415
100411
100404
100396
100386
100373
100359
100343
100325
100307
100288
100269
100250
100231
100212
100191
100167
100139
100106
100069
100031
99992.4
99956.6
99924.8
99897.4
99874.1
99854.4
99837.9
99824.1
99812.7
99803.4
99795.9
99789.9
99785.2
99781.7
99779.4
99778.2
99777.9
99778.4
99779.8
99782.3
99786
99791.2
99798
99806.6
99817.2
99829.9
99844.7
99861.2
99879.2
99898.3
99918.3
99938.9
99960.1
99981.7
100543
100542
100541
100539
100536
100532
100528
100524
100519
100514
100508
100503
100497
100492
100486
100481
100476
100470
100464
100458
100452
100446
100440
100433
100427
100422
100416
100412
100408
100405
100403
100401
100401
100401
100401
100402
100403
100404
100405
100407
100407
100408
100408
100408
100407
100404
100401
100395
100388
100379
100368
100355
100340
100324
100308
100290
100272
100254
100235
100215
100192
100165
100133
100097
100059
100020
99981.8
99947.1
99916.5
99890
99867.3
99848.1
99831.9
99818.3
99807.2
99798.1
99790.8
99784.9
99780.3
99776.8
99774.5
99773.2
99772.7
99773.2
99774.6
99777.1
99780.8
99785.9
99792.7
99801.3
99812.1
99825
99840
99856.9
99875.3
99894.9
99915.5
99936.9
99958.9
99981.3
100537
100537
100536
100534
100532
100529
100526
100522
100518
100513
100508
100503
100498
100493
100487
100482
100476
100471
100465
100459
100453
100447
100441
100434
100428
100423
100417
100412
100408
100404
100401
100398
100397
100395
100395
100395
100395
100396
100396
100397
100399
100400
100400
100400
100400
100398
100395
100391
100384
100376
100367
100355
100342
100328
100312
100296
100279
100260
100240
100218
100191
100161
100126
100088
100048
100009
99972.1
99938.5
99908.8
99883
99860.7
99841.7
99825.7
99812.3
99801.3
99792.4
99785.1
99779.3
99774.7
99771.3
99768.9
99767.5
99767.1
99767.5
99768.9
99771.5
99775.2
99780.4
99787.3
99796.1
99807
99820.1
99835.4
99852.6
99871.3
99891.4
99912.7
99934.8
99957.7
99980.9
100528
100528
100527
100526
100525
100523
100520
100517
100514
100510
100506
100502
100497
100492
100487
100482
100477
100471
100465
100460
100454
100448
100442
100436
100431
100425
100420
100415
100411
100407
100403
100400
100397
100396
100394
100393
100393
100393
100394
100395
100396
100397
100398
100398
100398
100397
100395
100391
100386
100379
100370
100360
100348
100335
100320
100304
100287
100267
100245
100219
100189
100155
100118
100078
100038
99999.6
99963.5
99930.8
99901.9
99876.4
99854.4
99835.4
99819.3
99806
99795.1
99786.2
99779
99773.2
99768.7
99765.2
99762.8
99761.4
99760.9
99761.4
99762.9
99765.5
99769.5
99774.8
99781.8
99790.7
99801.8
99815.2
99830.7
99848.1
99867.3
99887.9
99909.7
99932.6
99956.3
99980.5
100516
100516
100516
100515
100514
100513
100512
100510
100508
100505
100502
100499
100495
100491
100486
100482
100477
100472
100466
100461
100455
100450
100444
100439
100434
100429
100424
100420
100416
100412
100408
100405
100402
100400
100398
100397
100396
100396
100397
100397
100398
100400
100401
100401
100402
100401
100400
100397
100392
100386
100379
100370
100359
100346
100331
100315
100296
100274
100249
100219
100186
100149
100110
100069
100029
99991.5
99956.3
99924.3
99895.8
99870.5
99848.3
99829.2
99813
99799.5
99788.5
99779.6
99772.4
99766.6
99762.1
99758.6
99756.2
99754.7
99754.2
99754.8
99756.5
99759.4
99763.5
99769.1
99776.3
99785.4
99796.7
99810.2
99826
99843.7
99863.1
99884.2
99906.6
99930.3
99954.9
99980.1
100501
100501
100501
100501
100501
100501
100501
100500
100499
100498
100496
100494
100491
100488
100484
100481
100476
100472
100467
100462
100458
100453
100448
100443
100439
100434
100430
100426
100422
100419
100415
100412
100410
100407
100406
100404
100404
100403
100404
100405
100406
100407
100409
100410
100411
100411
100410
100408
100404
100399
100392
100383
100372
100359
100344
100325
100304
100279
100250
100217
100181
100142
100102
100061
100022
99985
99950.5
99919
99890.5
99865.1
99842.6
99823.1
99806.6
99792.9
99781.7
99772.6
99765.3
99759.5
99754.9
99751.5
99749
99747.6
99747.2
99747.9
99749.9
99753
99757.5
99763.4
99770.8
99780.2
99791.6
99805.3
99821.2
99839.1
99858.9
99880.4
99903.4
99927.9
99953.4
99979.6
100484
100485
100485
100486
100486
100487
100487
100487
100487
100487
100486
100486
100484
100482
100480
100478
100475
100471
100468
100464
100460
100456
100452
100448
100444
100440
100437
100433
100430
100427
100424
100421
100419
100417
100416
100415
100415
100415
100416
100417
100418
100420
100422
100424
100425
100425
100425
100423
100420
100415
100408
100398
100387
100372
100355
100334
100310
100282
100250
100214
100176
100136
100095
100055
100017
99980.2
99946.1
99914.7
99886
99860.2
99837.3
99817.4
99800.5
99786.4
99774.8
99765.5
99758
99752
99747.4
99744
99741.6
99740.2
99740
99740.9
99743.2
99746.7
99751.5
99757.7
99765.5
99775
99786.6
99800.5
99816.5
99834.6
99854.6
99876.5
99900.2
99925.4
99951.8
99979.1
100467
100468
100468
100469
100470
100471
100471
100472
100473
100474
100474
100474
100474
100474
100473
100471
100470
100468
100466
100464
100461
100458
100455
100453
100450
100447
100444
100441
100439
100436
100434
100432
100431
100429
100428
100428
100428
100429
100431
100432
100435
100437
100439
100441
100443
100443
100443
100441
100437
100432
100424
100413
100400
100383
100364
100340
100313
100282
100247
100210
100171
100131
100091
100051
100013
99977.1
99943
99911.3
99882.2
99855.9
99832.4
99812
99794.6
99780
99768
99758.2
99750.4
99744.3
99739.6
99736.2
99733.9
99732.7
99732.7
99733.9
99736.5
99740.4
99745.6
99752.2
99760.2
99770
99781.8
99795.8
99811.9
99830.1
99850.3
99872.6
99896.8
99922.8
99950.2
99978.5
100450
100451
100451
100452
100453
100454
100455
100456
100457
100458
100459
100460
100460
100461
100461
100461
100461
100461
100460
100460
100459
100457
100456
100455
100453
100451
100450
100448
100447
100445
100444
100443
100442
100442
100442
100443
100444
100445
100448
100450
100453
100455
100458
100460
100461
100462
100461
100458
100454
100447
100438
100425
100410
100391
100369
100343
100313
100281
100245
100207
100168
100128
100088
100049
100011
99975.2
99940.8
99908.7
99879
99852
99828
99807
99789
99773.9
99761.3
99751
99742.9
99736.5
99731.7
99728.3
99726.2
99725.2
99725.5
99727.1
99730
99734.3
99739.9
99746.9
99755.3
99765.3
99777.3
99791.3
99807.4
99825.7
99846.1
99868.7
99893.5
99920.2
99948.5
99978
100434
100434
100435
100435
100436
100437
100437
100438
100439
100440
100441
100443
100444
100445
100446
100447
100448
100449
100450
100451
100451
100452
100452
100452
100452
100452
100452
100451
100451
100451
100451
100452
100452
100453
100454
100456
100458
100461
100463
100466
100469
100472
100475
100477
100478
100478
100476
100472
100467
100458
100447
100433
100416
100395
100371
100344
100313
100279
100243
100205
100166
100127
100088
100049
100011
99974.3
99939.3
99906.5
99876.2
99848.7
99824.1
99802.6
99784
99768.2
99755
99744.2
99735.6
99728.9
99724
99720.7
99718.7
99718
99718.7
99720.6
99724
99728.6
99734.6
99741.9
99750.7
99761
99773.1
99787.1
99803.2
99821.5
99842
99864.9
99890.2
99917.7
99946.9
99977.4
100419
100419
100419
100419
100420
100420
100421
100421
100422
100423
100424
100425
100426
100428
100429
100431
100433
100434
100436
100438
100439
100441
100443
100444
100445
100447
100448
100449
100450
100452
100453
100455
100457
100459
100462
100465
100468
100471
100475
100478
100481
100484
100487
100488
100489
100488
100485
100480
100473
100464
100452
100437
100418
100396
100372
100344
100313
100279
100243
100206
100167
100128
100089
100049
100011
99973.8
99938.2
99904.8
99873.9
99845.8
99820.8
99798.7
99779.6
99763.1
99749.3
99737.9
99728.8
99721.8
99716.7
99713.4
99711.7
99711.3
99712.4
99714.8
99718.5
99723.5
99729.8
99737.5
99746.5
99757.1
99769.3
99783.4
99799.4
99817.6
99838.2
99861.4
99887.1
99915.2
99945.3
99976.9
100405
100405
100405
100405
100405
100405
100405
100406
100406
100407
100408
100409
100410
100412
100413
100415
100417
100419
100421
100423
100425
100427
100429
100432
100434
100436
100439
100441
100444
100446
100449
100452
100456
100459
100463
100467
100471
100475
100479
100483
100486
100489
100491
100493
100492
100491
100488
100482
100475
100465
100452
100437
100418
100397
100372
100344
100314
100281
100246
100209
100170
100131
100091
100051
100012
99973.6
99937.3
99903.3
99872
99843.5
99818
99795.5
99775.8
99758.8
99744.4
99732.4
99722.8
99715.5
99710.2
99707
99705.4
99705.4
99706.9
99709.7
99713.8
99719.1
99725.7
99733.7
99743
99753.8
99766.1
99780.1
99796
99814.2
99834.8
99858.2
99884.4
99913.1
99943.9
99976.4
100392
100392
100392
100392
100392
100393
100393
100393
100394
100394
100395
100396
100397
100398
100400
100401
100403
100404
100406
100408
100410
100413
100415
100418
100420
100423
100426
100429
100433
100437
100441
100445
100449
100454
100458
100463
100468
100473
100477
100481
100485
100488
100490
100491
100490
100489
100485
100480
100472
100463
100450
100436
100418
100397
100373
100347
100317
100285
100250
100212
100173
100133
100093
100052
100012
99973.4
99936.5
99902.1
99870.5
99841.7
99815.9
99793
99772.9
99755.4
99740.4
99728
99717.9
99710.3
99704.9
99701.6
99700.3
99700.6
99702.4
99705.6
99710
99715.6
99722.5
99730.6
99740.2
99751.1
99763.5
99777.5
99793.3
99811.4
99832.1
99855.6
99882.1
99911.3
99942.8
99975.9
100381
100382
100382
100382
100383
100383
100383
100384
100385
100385
100386
100387
100388
100389
100390
100391
100393
100394
100396
100397
100399
100401
100403
100406
100408
100411
100414
100418
100422
100426
100431
100436
100441
100446
100451
100457
100462
100467
100472
100476
100480
100483
100485
100486
100485
100484
100481
100476
100469
100460
100448
100435
100418
100398
100376
100350
100321
100289
100254
100216
100177
100136
100094
100053
100012
99973.1
99935.9
99901.3
99869.4
99840.5
99814.5
99791.3
99770.8
99753
99737.6
99724.8
99714.5
99706.6
99701
99697.8
99696.6
99697.1
99699.3
99702.7
99707.3
99713.1
99720.1
99728.5
99738.2
99749.3
99761.7
99775.7
99791.4
99809.4
99830.1
99853.8
99880.5
99910
99941.9
99975.6
100378
100377
100377
100378
100378
100378
100379
100379
100380
100381
100382
100383
100384
100385
100386
100387
100388
100389
100390
100391
100393
100394
100396
100399
100401
100404
100407
100411
100415
100419
100424
100429
100435
100440
100446
100452
100458
100463
100468
100472
100476
100479
100481
100482
100482
100480
100477
100473
100466
100458
100447
100434
100418
100399
100377
100352
100323
100291
100256
100218
100179
100137
100095
100053
100012
99972.9
99935.6
99900.8
99868.9
99839.9
99813.7
99790.4
99769.8
99751.7
99736.2
99723.1
99712.6
99704.6
99699
99695.7
99694.6
99695.3
99697.6
99701.2
99706
99711.8
99718.9
99727.4
99737.2
99748.3
99760.8
99774.7
99790.4
99808.4
99829.1
99852.8
99879.6
99909.3
99941.4
99975.4
)
;

boundaryField
{
    AXIS
    {
        type            empty;
    }
    OUTLET
    {
        type            totalPressure;
        rho             rho;
        psi             none;
        gamma           1;
        p0              uniform 100000;
        value           nonuniform List<scalar> 
80
(
99991.6
99991.5
99991.4
99991.3
99991.3
99991.3
99991.2
99991.2
99991.2
99991.2
99991.2
99991.2
99991.2
99991.2
99991.2
99991.2
99991.2
99991.2
99991.2
99991.2
99991.2
99991.2
99991.2
99991.2
99991.2
99991.3
99991.3
99991.3
99991.3
99991.3
99991.3
99991.3
99991.3
99991.3
99991.3
99991.3
99991.4
99991.4
99991.4
99991.4
99991.4
99991.5
99991.5
99991.5
99991.6
99991.6
99991.6
99991.7
99991.7
99991.7
99991.8
99991.8
99991.9
99991.9
99992
99992
99992.1
99992.1
99992.2
99992.2
99992.3
99992.3
99992.4
99992.4
99992.5
99992.5
99992.6
99992.6
99992.7
99992.7
99992.8
99992.8
99992.9
99992.9
99993
99993
99993.1
99993.1
99993.1
99992.9
)
;
    }
    COFLOW
    {
        type            zeroGradient;
    }
    PILOT
    {
        type            zeroGradient;
    }
    FUEL
    {
        type            zeroGradient;
    }
    WALL
    {
        type            zeroGradient;
    }
    front
    {
        type            wedge;
    }
    back
    {
        type            wedge;
    }
}


// ************************************************************************* //
