/*--------------------------------*- C++ -*----------------------------------*\
  =========                 |
  \\      /  F ield         | OpenFOAM: The Open Source CFD Toolbox
   \\    /   O peration     | Website:  https://openfoam.org
    \\  /    A nd           | Version:  6
     \\/     M anipulation  |
\*---------------------------------------------------------------------------*/
FoamFile
{
    version     2.0;
    format      ascii;
    class       volScalarField;
    location    "0.005";
    object      varZ;
}
// * * * * * * * * * * * * * * * * * * * * * * * * * * * * * * * * * * * * * //

dimensions      [0 0 0 0 0 0 0];

internalField   nonuniform List<scalar> 
8000
(
5.52703e-09
1.59315e-08
2.21395e-08
4.50658e-08
1.1256e-07
2.87735e-07
6.63392e-07
1.31749e-06
2.1469e-06
3.00128e-06
3.73947e-06
4.24772e-06
4.53672e-06
4.60485e-06
4.31858e-06
3.95912e-06
3.8475e-06
4.19794e-06
4.93856e-06
6.74456e-06
1.31079e-05
4.65419e-05
0.000415536
0.000334489
0.000712209
0.00128223
0.00144942
0.00120073
0.000877844
0.00064251
0.000512301
0.000461737
0.000462456
0.000497513
0.000552555
0.000602402
0.000637669
0.000658803
0.000670274
0.000675494
0.000678705
0.000685765
0.000695067
0.000703842
0.000661471
0.000410235
0.000173205
8.95213e-05
4.64584e-05
1.53328e-05
3.0218e-06
3.88529e-07
3.46306e-08
2.22058e-09
1.0835e-10
4.15083e-12
1.25989e-13
3.02862e-15
5.85396e-17
1.00696e-18
2.31841e-20
1.10058e-21
7.50999e-23
5.39079e-24
3.81077e-25
2.64552e-26
1.95788e-27
1.51757e-28
1.14974e-29
8.50382e-31
6.1534e-32
4.36455e-33
3.0405e-34
2.08576e-35
1.41304e-36
9.35473e-38
6.18203e-39
4.10091e-40
2.74382e-41
1.85679e-42
1.27313e-43
8.85181e-45
6.23459e-46
4.4341e-47
3.17061e-48
2.2701e-49
1.62313e-50
1.15732e-51
8.22939e-53
5.84723e-54
4.16263e-55
2.96017e-56
2.09348e-57
1.46796e-58
1.01869e-59
6.98717e-61
4.73243e-62
3.16313e-63
2.08905e-64
1.70278e-65
1.86058e-08
8.04175e-08
6.90278e-08
9.80116e-08
1.75858e-07
3.83813e-07
8.68781e-07
1.85181e-06
3.24343e-06
4.59221e-06
5.71766e-06
6.25365e-06
6.26803e-06
6.145e-06
5.48459e-06
4.82135e-06
4.67822e-06
5.3839e-06
6.50557e-06
8.4156e-06
1.40025e-05
3.9319e-05
0.000214678
0.000287998
0.000638734
0.0011404
0.00143667
0.00113394
0.000826118
0.000612999
0.000496063
0.000454407
0.000463234
0.000507559
0.000574057
0.000625646
0.000656741
0.000672805
0.000680482
0.000683171
0.000683923
0.00068932
0.000697528
0.000706783
0.000668129
0.000434803
0.000181772
9.3357e-05
4.30782e-05
1.28784e-05
2.62777e-06
3.53504e-07
3.1838e-08
2.04899e-09
1.0053e-10
3.88316e-12
1.19e-13
2.89165e-15
5.66429e-17
9.9451e-19
2.36039e-20
1.13869e-21
7.77789e-23
5.57254e-24
3.92966e-25
2.72279e-26
2.01245e-27
1.55812e-28
1.17914e-29
8.71055e-31
6.29467e-32
4.45841e-33
3.10111e-34
2.12377e-35
1.43617e-36
9.4893e-38
6.25703e-39
4.14074e-40
2.76356e-41
1.86551e-42
1.2761e-43
8.85385e-45
6.22515e-46
4.42132e-47
3.15828e-48
2.25968e-49
1.61494e-50
1.15116e-51
8.18442e-53
5.81511e-54
4.13997e-55
2.94418e-56
2.08223e-57
1.46009e-58
1.01324e-59
6.94988e-61
4.70724e-62
3.14637e-63
2.07813e-64
1.69516e-65
8.72375e-09
3.39366e-08
9.7477e-08
2.14679e-07
3.56299e-07
5.58585e-07
1.01234e-06
2.004e-06
3.98162e-06
7.04575e-06
9.85783e-06
1.03221e-05
8.80057e-06
6.46701e-06
4.98936e-06
4.55042e-06
5.31027e-06
7.61405e-06
1.03701e-05
1.28069e-05
1.77041e-05
4.0513e-05
0.000225235
0.000268255
0.000663069
0.0014134
0.00187587
0.00134543
0.000870233
0.00060108
0.000479382
0.000448528
0.000472066
0.000532445
0.000619097
0.000672284
0.000692723
0.000698667
0.000699274
0.000697516
0.000693587
0.000695505
0.000701717
0.000712005
0.000680225
0.000440779
0.000195547
9.27313e-05
4.48823e-05
1.34457e-05
2.40832e-06
2.89988e-07
2.49867e-08
1.59877e-09
7.89772e-11
3.09168e-12
9.64619e-14
2.3994e-15
4.86093e-17
9.0623e-19
2.36608e-20
1.20371e-21
8.28232e-23
5.92377e-24
4.16399e-25
2.87829e-26
2.12679e-27
1.64403e-28
1.24155e-29
9.15055e-31
6.59604e-32
4.65905e-33
3.23094e-34
2.20539e-35
1.48595e-36
9.77977e-38
6.41954e-39
4.22754e-40
2.80703e-41
1.88507e-42
1.28312e-43
8.86326e-45
6.20857e-46
4.39658e-47
3.13372e-48
2.23867e-49
1.59831e-50
1.13859e-51
8.09255e-53
5.7494e-54
4.09357e-55
2.91143e-56
2.05921e-57
1.44402e-58
1.00213e-59
6.874e-61
4.65608e-62
3.11234e-63
2.0559e-64
1.67895e-65
1.57065e-08
9.46933e-08
3.20577e-07
6.9515e-07
1.04664e-06
1.0647e-06
1.28703e-06
2.03349e-06
3.94755e-06
8.9377e-06
1.83268e-05
1.76004e-05
1.10792e-05
6.29974e-06
4.40368e-06
4.44477e-06
6.34613e-06
1.14724e-05
1.85206e-05
2.2403e-05
2.67344e-05
3.99053e-05
0.000101353
0.00017378
0.000399808
0.000987348
0.00132923
0.000972239
0.000686695
0.000522784
0.000453468
0.000455853
0.000500923
0.000575608
0.000674245
0.000729261
0.000733694
0.000728383
0.000720925
0.000714871
0.000705129
0.000701898
0.000705782
0.00071737
0.000697896
0.000459711
0.00018775
7.37976e-05
2.93146e-05
8.13067e-06
1.39338e-06
1.64144e-07
1.49328e-08
1.01123e-09
5.23075e-11
2.14243e-12
7.02912e-14
1.8573e-15
4.0665e-17
8.42739e-19
2.4568e-20
1.3004e-21
8.9704e-23
6.40179e-24
4.48593e-25
3.09463e-26
2.28747e-27
1.76474e-28
1.32924e-29
9.76887e-31
7.01965e-32
4.94117e-33
3.41358e-34
2.32027e-35
1.55607e-36
1.01893e-37
6.649e-39
4.35039e-40
2.86881e-41
1.91312e-42
1.29344e-43
8.87989e-45
6.18781e-46
4.3637e-47
3.10057e-48
2.21013e-49
1.57563e-50
1.12141e-51
7.96663e-53
5.65908e-54
4.02955e-55
2.86613e-56
2.02729e-57
1.42171e-58
9.86696e-60
6.76848e-61
4.58488e-62
3.06495e-63
2.02487e-64
1.65553e-65
2.16735e-08
1.7679e-07
6.81272e-07
1.26535e-06
1.67507e-06
1.5002e-06
1.40132e-06
1.94772e-06
3.37895e-06
6.3225e-06
1.01281e-05
1.01735e-05
7.51626e-06
5.01667e-06
4.11353e-06
5.14343e-06
9.04029e-06
1.97753e-05
4.25233e-05
4.4009e-05
4.50629e-05
5.19674e-05
8.1575e-05
0.000151184
0.000281827
0.000517978
0.000696158
0.00076396
0.000634887
0.00052003
0.000474176
0.000506342
0.000567299
0.000643271
0.000717773
0.000765135
0.000768687
0.000757243
0.000742521
0.000733379
0.000717208
0.000707119
0.0007082
0.000720777
0.000716451
0.000488701
0.000183849
5.91342e-05
1.82597e-05
4.71978e-06
7.69958e-07
9.37123e-08
9.07403e-09
6.50341e-10
3.5906e-11
1.5978e-12
5.81764e-14
1.73858e-15
4.33878e-17
9.96301e-19
2.90327e-20
1.45245e-21
9.8103e-23
6.96553e-24
4.86526e-25
3.3505e-26
2.4776e-27
1.90724e-28
1.43261e-29
1.04968e-30
7.5177e-32
5.27246e-33
3.62778e-34
2.45482e-35
1.63808e-36
1.06676e-37
6.91634e-39
4.49309e-40
2.94026e-41
1.94529e-42
1.30504e-43
8.89577e-45
6.16085e-46
4.32323e-47
3.06033e-48
2.17566e-49
1.54829e-50
1.10071e-51
7.81477e-53
5.54987e-54
3.95181e-55
2.81093e-56
1.98831e-57
1.39441e-58
9.67784e-60
6.63904e-61
4.49747e-62
3.00671e-63
1.98666e-64
1.62594e-65
1.98674e-08
1.23185e-07
3.69075e-07
6.47888e-07
8.43855e-07
9.51587e-07
1.29996e-06
2.0686e-06
3.38944e-06
6.6509e-06
1.31348e-05
1.24815e-05
8.1461e-06
5.20331e-06
4.6911e-06
6.74816e-06
1.32689e-05
3.67024e-05
0.000106225
9.16652e-05
8.05115e-05
7.87865e-05
9.52959e-05
0.000164868
0.000394311
0.000420242
0.000597009
0.000987775
0.000774394
0.000590707
0.000554344
0.000608748
0.000684597
0.000742489
0.000781901
0.000804034
0.000805908
0.000787186
0.000765036
0.000752806
0.000729821
0.000711852
0.000706983
0.000720496
0.000730785
0.000539067
0.0001947
5.45903e-05
1.38322e-05
3.10296e-06
5.09518e-07
7.1703e-08
7.03263e-09
5.24409e-10
3.18116e-11
1.63933e-12
7.11307e-14
2.52201e-15
7.1863e-17
1.71274e-18
4.27548e-20
1.72037e-21
1.07857e-22
7.56227e-24
5.26244e-25
3.61795e-26
2.67581e-27
2.05523e-28
1.53966e-29
1.12485e-30
8.03056e-32
5.61256e-33
3.84697e-34
2.59199e-35
1.7213e-36
1.11503e-37
7.18406e-39
4.63433e-40
3.00962e-41
1.97534e-42
1.31474e-43
8.89583e-45
6.12116e-46
4.27285e-47
3.01255e-48
2.13555e-49
1.51679e-50
1.07697e-51
7.64088e-53
5.42464e-54
3.86237e-55
2.74725e-56
1.94327e-57
1.36282e-58
9.45877e-60
6.48898e-61
4.39605e-62
2.93911e-63
1.9422e-64
1.59085e-65
3.44032e-08
1.42103e-07
5.01607e-07
8.59297e-07
1.05239e-06
1.1872e-06
1.84759e-06
3.13095e-06
4.12734e-06
4.87548e-06
6.17557e-06
6.28221e-06
5.34453e-06
5.00882e-06
6.12011e-06
9.31102e-06
1.89546e-05
5.83653e-05
0.000221524
0.000167619
0.00013887
0.000129135
0.000138331
0.000192245
0.00034826
0.000362448
0.000451312
0.000589086
0.000551939
0.000588094
0.000694186
0.000772771
0.000841252
0.000867596
0.000874134
0.000868013
0.000851331
0.000821686
0.000791866
0.00077255
0.000744308
0.000718446
0.000704115
0.000717753
0.0007376
0.000586002
0.000203508
5.26413e-05
1.20711e-05
2.61412e-06
4.26241e-07
7.14811e-08
6.71418e-09
5.32109e-10
3.85714e-11
2.49722e-12
1.32329e-13
5.40241e-15
1.66574e-16
3.95132e-18
8.18741e-20
2.28883e-21
1.19691e-22
8.13365e-24
5.63087e-25
3.86458e-26
2.85761e-27
2.1903e-28
1.6369e-29
1.19279e-30
8.49168e-32
5.91656e-33
4.04159e-34
2.71282e-35
1.79388e-36
1.1566e-37
7.41014e-39
4.75003e-40
3.06344e-41
1.99594e-42
1.31868e-43
8.86037e-45
6.05912e-46
4.20807e-47
2.95528e-48
2.08902e-49
1.48089e-50
1.05017e-51
7.44527e-53
5.28385e-54
3.76163e-55
2.67543e-56
1.8924e-57
1.32713e-58
9.21113e-60
6.31927e-61
4.28131e-62
2.86259e-63
1.89183e-64
1.55055e-65
5.51426e-08
1.31669e-07
2.9778e-07
5.51714e-07
8.04065e-07
1.32697e-06
2.4979e-06
4.83197e-06
6.90045e-06
6.37055e-06
6.2287e-06
6.39562e-06
6.52176e-06
7.81018e-06
9.68656e-06
1.34102e-05
2.56451e-05
7.30433e-05
0.000456701
0.000266333
0.000211948
0.000216713
0.000216609
0.000258916
0.000378311
0.000364243
0.000374638
0.000430712
0.000530608
0.000740732
0.000970959
0.00101351
0.00101252
0.00098664
0.000962436
0.000932443
0.000901228
0.000863254
0.000826443
0.000798202
0.000763396
0.000728498
0.000705279
0.000715482
0.000734398
0.000579234
0.00020005
4.99579e-05
1.15361e-05
2.80049e-06
4.60585e-07
5.70777e-08
5.90857e-09
6.20173e-10
6.38126e-11
5.31853e-12
3.24832e-13
1.42502e-14
4.52287e-16
1.0576e-17
1.93596e-19
3.70486e-21
1.37235e-22
8.63355e-24
5.92247e-25
4.05707e-26
2.9984e-27
2.29401e-28
1.71089e-29
1.24399e-30
8.83532e-32
6.14023e-33
4.18262e-34
2.79873e-35
1.84421e-36
1.18445e-37
7.55349e-39
4.81658e-40
3.08841e-41
1.99979e-42
1.31293e-43
8.76866e-45
5.96407e-46
4.12351e-47
2.88583e-48
2.03475e-49
1.4399e-50
1.01994e-51
7.22603e-53
5.1264e-54
3.64896e-55
2.59507e-56
1.83548e-57
1.28718e-58
8.93395e-60
6.12931e-61
4.15285e-62
2.77691e-63
1.83539e-64
1.50498e-65
4.98423e-08
2.6937e-07
4.78948e-07
5.58057e-07
8.37086e-07
1.46539e-06
2.58534e-06
4.99078e-06
7.91428e-06
1.05174e-05
1.16318e-05
1.31531e-05
1.40558e-05
1.62852e-05
1.8898e-05
2.18296e-05
3.49669e-05
9.93846e-05
0.000396381
0.000313826
0.00032142
0.000388518
0.000361185
0.000398304
0.000416027
0.000389228
0.000408142
0.000475701
0.000630443
0.000840373
0.00103418
0.00111276
0.00111094
0.00106487
0.00102227
0.000989191
0.0009563
0.000914863
0.000871188
0.000834001
0.000788385
0.000741035
0.00070996
0.000716655
0.000734614
0.000568055
0.000192242
4.80081e-05
1.02986e-05
2.13638e-06
3.2518e-07
4.25449e-08
5.89141e-09
9.85305e-10
1.43266e-10
1.39111e-11
9.01842e-13
4.03704e-14
1.28221e-15
2.94814e-17
5.05106e-19
7.42862e-21
1.71493e-22
9.06152e-24
6.09546e-25
4.16606e-26
3.07693e-27
2.35052e-28
1.75016e-29
1.27035e-30
9.00597e-32
6.24642e-33
4.24581e-34
2.83426e-35
1.86267e-36
1.19281e-37
7.58019e-39
4.81449e-40
3.07355e-41
1.98079e-42
1.29417e-43
8.60307e-45
5.82672e-46
4.01429e-47
2.80163e-48
1.97136e-49
1.39308e-50
9.85849e-52
6.98059e-53
4.95072e-54
3.52337e-55
2.50554e-56
1.77208e-57
1.24271e-58
8.6254e-60
5.91786e-61
4.00984e-62
2.68151e-63
1.77253e-64
1.45393e-65
5.06047e-08
1.83859e-07
4.39811e-07
8.33631e-07
1.45339e-06
2.76223e-06
4.67547e-06
1.01708e-05
1.91986e-05
2.60727e-05
2.96663e-05
3.40755e-05
3.66617e-05
3.74355e-05
3.76907e-05
3.85462e-05
5.26048e-05
0.000104461
0.000291548
0.000380965
0.000429616
0.000552896
0.000576777
0.00061347
0.00053983
0.000519047
0.000574174
0.000659618
0.00080885
0.000973551
0.00107537
0.00115387
0.00116465
0.00110928
0.0010554
0.00103527
0.0010183
0.000979863
0.000926902
0.000878133
0.000818852
0.000756618
0.000718359
0.000722809
0.000743158
0.000558096
0.000185837
4.30954e-05
9.04363e-06
1.83922e-06
3.01299e-07
4.00034e-08
7.8559e-09
2.02362e-09
3.72611e-10
3.87036e-11
2.53579e-12
1.12698e-13
3.52905e-15
7.95492e-17
1.31182e-18
1.67755e-20
2.48054e-22
9.50972e-24
6.1232e-25
4.17121e-26
3.07868e-27
2.34921e-28
1.74711e-29
1.26656e-30
8.96751e-32
6.21119e-33
4.21566e-34
2.80963e-35
1.84322e-36
1.17805e-37
7.46926e-39
4.73178e-40
3.01212e-41
1.93522e-42
1.2604e-43
8.35273e-45
5.64127e-46
3.87731e-47
2.70098e-48
1.8979e-49
1.33987e-50
9.47588e-52
6.70699e-53
4.75561e-54
3.38411e-55
2.40635e-56
1.70188e-57
1.19348e-58
8.28392e-60
5.68385e-61
3.85156e-62
2.57591e-63
1.70292e-64
1.3972e-65
6.81213e-08
6.13195e-07
1.54331e-06
2.96733e-06
4.90975e-06
8.33619e-06
1.31929e-05
2.81735e-05
6.54554e-05
7.69251e-05
8.8165e-05
9.27226e-05
9.69606e-05
8.92909e-05
7.52279e-05
7.48796e-05
8.81303e-05
0.000128498
0.000258841
0.000417149
0.000515825
0.000672547
0.000789309
0.000894251
0.000770447
0.000735488
0.00082999
0.000934186
0.00114175
0.00126593
0.00126781
0.0012478
0.00120503
0.00113594
0.00108544
0.00108733
0.00109065
0.00105816
0.000992651
0.00092855
0.000853412
0.000777225
0.000732511
0.000735563
0.000763612
0.000562158
0.000176354
3.8613e-05
7.83993e-06
1.52882e-06
2.35674e-07
3.88474e-08
1.20272e-08
4.37386e-09
9.71927e-10
1.04498e-10
6.71477e-12
2.9086e-13
8.88528e-15
1.95577e-16
3.13502e-18
3.73869e-20
4.09749e-22
1.01803e-23
6.00043e-25
4.06505e-26
2.99875e-27
2.28664e-28
1.69937e-29
1.23107e-30
8.70985e-32
6.02818e-33
4.08827e-34
2.72249e-35
1.78451e-36
1.13942e-37
7.21651e-39
4.56621e-40
2.90295e-41
1.86249e-42
1.21128e-43
8.01597e-45
5.40683e-46
3.71208e-47
2.5836e-48
1.81421e-49
1.28018e-50
9.05079e-52
6.4048e-53
4.54078e-54
3.23102e-55
2.29741e-56
1.62482e-57
1.13945e-58
7.90919e-60
5.42705e-61
3.67783e-62
2.45997e-63
1.62647e-64
1.33476e-65
1.95613e-07
3.55439e-06
8.51769e-06
1.45847e-05
2.30179e-05
3.19718e-05
4.29356e-05
8.92813e-05
0.000324251
0.000293033
0.000280701
0.000267549
0.000264688
0.000224866
0.000175374
0.000160361
0.000174844
0.000199257
0.000288067
0.000459839
0.000655325
0.000771948
0.000939548
0.00101896
0.000947961
0.000980057
0.00110131
0.00120441
0.00138397
0.00147773
0.00140626
0.00130985
0.00121902
0.00114922
0.00112989
0.00116407
0.00118145
0.00115005
0.00106625
0.00098254
0.000890355
0.000801618
0.000753762
0.000756607
0.000796951
0.000600454
0.00016886
3.52563e-05
6.83506e-06
1.2825e-06
2.40315e-07
4.2442e-08
1.83624e-08
8.66548e-09
2.29092e-09
2.60873e-10
1.58678e-11
6.55369e-13
1.93036e-14
4.12868e-16
6.45029e-18
7.39705e-20
6.89946e-22
1.12448e-23
5.74121e-25
3.85459e-26
2.84274e-27
2.16724e-28
1.61032e-29
1.16637e-30
8.2508e-32
5.70979e-33
3.87204e-34
2.57842e-35
1.69009e-36
1.07913e-37
6.8354e-39
4.32575e-40
2.75065e-41
1.76519e-42
1.14829e-43
7.60077e-45
5.1277e-46
3.5209e-47
2.45072e-48
1.72096e-49
1.21438e-50
8.58547e-52
6.07537e-53
4.30716e-54
3.06473e-55
2.17915e-56
1.54118e-57
1.08082e-58
7.50251e-60
5.1483e-61
3.4892e-62
2.33403e-63
1.54339e-64
1.2668e-65
1.45883e-06
3.06182e-05
5.42575e-05
7.42113e-05
0.000111215
0.000158232
0.000152424
0.000224116
0.000522905
0.000680358
0.00073619
0.000712681
0.000637366
0.000511961
0.000390589
0.000312773
0.000295885
0.000304339
0.000354448
0.000587558
0.000874576
0.000901592
0.00100413
0.00111704
0.001145
0.00125212
0.00134514
0.00142277
0.00147899
0.00148885
0.00140592
0.00129011
0.00121024
0.00117173
0.00119808
0.00126597
0.00129428
0.00125482
0.00114526
0.00103835
0.000929324
0.000830311
0.00078091
0.000787449
0.000843235
0.000622671
0.000151407
3.18167e-05
5.94114e-06
1.01159e-06
1.69644e-07
4.18565e-08
2.46538e-08
1.42613e-08
4.31415e-09
5.9592e-10
3.19931e-11
1.22033e-12
3.4159e-14
7.06176e-16
1.07643e-17
1.20367e-19
1.03764e-21
1.24626e-23
5.36558e-25
3.55994e-26
2.62578e-27
2.0025e-28
1.48844e-29
1.07852e-30
7.63281e-32
5.28491e-33
3.58614e-34
2.38979e-35
1.56782e-36
1.00199e-37
6.35442e-39
4.02705e-40
2.56478e-41
1.64872e-42
1.07438e-43
7.12338e-45
4.81267e-46
3.30853e-47
2.30496e-48
1.61961e-49
1.14331e-50
8.08491e-52
5.72186e-53
4.05678e-54
2.88662e-55
2.05251e-56
1.45162e-57
1.01804e-58
7.06691e-60
4.84963e-61
3.28702e-62
2.19899e-63
1.45427e-64
1.19381e-65
1.25145e-05
0.000422485
0.000446955
0.000426955
0.000465741
0.000534651
0.000415286
0.000461385
0.000665883
0.00116751
0.00162347
0.00154542
0.00130622
0.00102646
0.000780674
0.000537422
0.000418876
0.000409561
0.000457732
0.000683311
0.000903405
0.000912823
0.000996017
0.001145
0.00132145
0.00146297
0.00148827
0.00149198
0.00147382
0.00144492
0.00131534
0.00122277
0.00119974
0.00122387
0.00129539
0.00138877
0.00141845
0.00136105
0.00122552
0.00109452
0.000970152
0.000864414
0.000816414
0.000829092
0.000897735
0.000570027
0.000136876
2.61527e-05
4.81966e-06
7.63874e-07
1.2744e-07
4.11858e-08
2.83268e-08
1.83016e-08
5.97976e-09
8.75745e-10
4.68967e-11
1.72214e-12
4.65931e-14
9.39484e-16
1.40694e-17
1.54952e-19
1.28838e-21
1.30447e-23
4.89033e-25
3.21034e-26
2.36962e-27
1.80877e-28
1.34569e-29
9.76041e-31
6.91487e-32
4.79337e-33
3.25682e-34
2.17351e-35
1.4283e-36
9.14424e-38
5.8118e-39
3.6923e-40
2.35801e-41
1.52018e-42
9.93508e-44
6.60527e-45
4.47342e-46
3.08133e-47
2.14981e-48
1.51213e-49
1.06814e-50
7.55618e-52
5.34875e-53
3.7926e-54
2.6987e-55
1.91888e-56
1.3571e-57
9.51748e-59
6.60684e-60
4.53408e-61
3.07331e-62
2.05618e-63
1.35997e-64
1.11652e-65
6.73337e-05
0.000433455
0.000750932
0.00110839
0.000937919
0.000745227
0.000588891
0.000698085
0.00100825
0.00170257
0.0024902
0.00230619
0.00184081
0.00135633
0.0010573
0.000706791
0.000520118
0.000452317
0.000519215
0.000698656
0.000808082
0.000851922
0.000968723
0.0011629
0.00136914
0.00148611
0.00146765
0.00139585
0.00130215
0.00124028
0.00117435
0.00116531
0.00121695
0.0013098
0.00141648
0.00152368
0.00154379
0.00145909
0.00130306
0.00114815
0.0010111
0.000904364
0.000862109
0.000882628
0.000948496
0.000489287
0.000117559
2.13468e-05
3.87806e-06
5.97362e-07
1.05544e-07
4.01488e-08
2.95851e-08
1.92386e-08
9.81746e-09
8.57021e-10
4.70673e-11
1.80078e-12
4.98394e-14
1.01173e-15
1.51028e-17
1.64848e-19
1.34332e-21
1.25274e-23
4.3476e-25
2.83905e-26
2.09861e-27
1.60425e-28
1.19531e-29
8.68314e-31
6.16168e-32
4.2787e-33
2.91266e-34
1.94789e-35
1.283e-36
8.23399e-38
5.24859e-39
3.34531e-40
2.14391e-41
1.3872e-42
9.0988e-44
6.06961e-45
4.12261e-46
2.84628e-47
1.98922e-48
1.4008e-49
9.90208e-51
7.00768e-52
4.96141e-53
3.51816e-54
2.50338e-55
1.77992e-56
1.25876e-57
8.82755e-59
6.12781e-60
4.20538e-61
2.85061e-62
1.90731e-63
1.26163e-64
1.03588e-65
0.000132335
0.000318442
0.000468917
0.000801792
0.000864762
0.000721391
0.000582149
0.000636656
0.000936117
0.00134453
0.00165075
0.00171434
0.0014721
0.00114579
0.000889914
0.000729401
0.000605254
0.000537325
0.000578683
0.000660592
0.000698626
0.000767858
0.000905605
0.0010992
0.00125732
0.00127507
0.00123783
0.00115034
0.0010617
0.00105168
0.00107736
0.00116078
0.00129165
0.00144602
0.00157137
0.00169021
0.00168001
0.00155785
0.00138411
0.0012071
0.00105608
0.000955874
0.000924848
0.000959558
0.000983938
0.000385735
9.0142e-05
1.61493e-05
2.78826e-06
4.63038e-07
8.91828e-08
3.72459e-08
2.97553e-08
2.07923e-08
8.7246e-09
1.08861e-09
5.22667e-11
1.93904e-12
5.1981e-14
1.01695e-15
1.4615e-17
1.53821e-19
1.20944e-21
1.08001e-23
3.67767e-25
2.40688e-26
1.78397e-27
1.36703e-28
1.02104e-29
7.43558e-31
5.28994e-32
3.68327e-33
2.51454e-34
1.68683e-35
1.11478e-36
7.17925e-38
4.59479e-39
2.94145e-40
1.89382e-41
1.23114e-42
8.11193e-44
5.43363e-45
3.70353e-46
2.56389e-47
1.79533e-48
1.26587e-49
8.95493e-51
6.33972e-52
4.48907e-53
3.1832e-54
2.26483e-55
1.61011e-56
1.13853e-57
7.98359e-59
5.54151e-60
3.80282e-61
2.57769e-62
1.72472e-63
1.14092e-64
9.36787e-66
0.000128758
0.000196095
0.0003123
0.000490272
0.000525537
0.000531839
0.000435633
0.000458638
0.00067257
0.000842522
0.00087319
0.000887556
0.000859859
0.0007594
0.000677861
0.000637515
0.000605019
0.000579539
0.0006022
0.000617616
0.000636085
0.000697986
0.000807555
0.000962995
0.00106137
0.00103477
0.000993895
0.000945492
0.000922456
0.000979791
0.00108491
0.00125236
0.00144349
0.00163036
0.00176206
0.00185469
0.00179702
0.00163719
0.00145387
0.00126671
0.00109983
0.00101087
0.00101133
0.00106279
0.000989435
0.000298901
6.60401e-05
1.19476e-05
2.00819e-06
3.60967e-07
6.32881e-08
2.80224e-08
2.13965e-08
1.6867e-08
1.10519e-08
8.12026e-10
3.81303e-11
1.29415e-12
3.23156e-14
5.99715e-16
8.28949e-18
8.49675e-20
6.71513e-22
7.17696e-24
2.96432e-25
1.98222e-26
1.47504e-27
1.13388e-28
8.49559e-30
6.20645e-31
4.42967e-32
3.0944e-33
2.11971e-34
1.427e-35
9.46562e-37
6.11876e-38
3.9322e-39
2.52802e-40
1.63461e-41
1.06702e-42
7.05709e-44
4.74227e-45
3.24047e-46
2.24732e-47
1.57538e-48
1.11141e-49
7.86353e-51
5.56655e-52
3.94066e-53
2.79348e-54
1.98688e-55
1.41205e-56
9.98199e-58
6.99787e-59
4.85634e-60
3.33213e-61
2.25839e-62
1.51099e-63
9.99524e-65
8.20668e-66
4.76323e-05
0.000118083
0.000189249
0.000305672
0.000421926
0.000383206
0.000296583
0.000307855
0.000460572
0.000646575
0.000807918
0.000854524
0.000737973
0.000595641
0.000492493
0.000473105
0.000496472
0.000529772
0.000555136
0.000563854
0.000570661
0.000613821
0.000691345
0.00079849
0.00086606
0.000840827
0.000816627
0.000822205
0.000852053
0.000964845
0.00117147
0.00142298
0.00165121
0.00182414
0.00193844
0.00196549
0.00186596
0.0016846
0.00149649
0.00130655
0.00113572
0.00105507
0.00110283
0.00118165
0.000974074
0.000235354
4.80115e-05
8.44563e-06
1.49536e-06
2.22647e-07
3.88166e-08
1.64102e-08
1.05921e-08
6.81054e-09
2.58054e-09
2.20814e-10
1.13866e-11
4.06157e-13
1.04674e-14
1.98809e-16
2.80324e-18
2.95189e-20
2.61234e-22
4.4994e-24
2.42661e-25
1.65823e-26
1.23823e-27
9.54409e-29
7.16986e-30
5.25172e-31
3.75797e-32
2.6319e-33
1.80747e-34
1.21987e-35
8.11179e-37
5.2562e-38
3.38577e-39
2.18142e-40
1.41315e-41
9.23838e-43
6.11634e-44
4.11221e-45
2.81007e-46
1.94815e-47
1.36482e-48
9.62135e-50
6.80183e-51
4.81114e-52
3.40336e-53
2.41097e-54
1.71378e-55
1.21731e-56
8.60136e-58
6.02765e-59
4.18169e-60
2.86848e-61
1.94374e-62
1.30026e-63
8.60049e-65
7.0608e-66
1.0054e-05
6.26889e-05
9.93121e-05
0.000172388
0.000279003
0.000251031
0.000193
0.000200976
0.000311345
0.000483586
0.000755525
0.000905681
0.000906898
0.000650059
0.000447979
0.000367051
0.000373722
0.000429845
0.000471654
0.000484681
0.000482857
0.0005046
0.000560506
0.0006354
0.00068736
0.000681213
0.000653013
0.000674218
0.000765729
0.000968982
0.00128707
0.00160977
0.00187726
0.002033
0.00207102
0.00202366
0.00188675
0.00170745
0.00151677
0.00132339
0.00115924
0.00109273
0.00119691
0.00130945
0.000918217
0.000192402
3.40061e-05
5.93111e-06
9.63814e-07
1.36831e-07
2.36426e-08
8.27616e-09
4.07805e-09
1.9108e-09
4.82924e-10
4.44607e-11
2.45575e-12
9.25274e-14
2.49912e-15
4.95505e-17
7.30432e-19
8.29922e-21
1.00002e-22
3.23782e-24
2.0621e-25
1.42448e-26
1.06557e-27
8.22417e-29
6.18637e-30
4.53709e-31
3.25047e-32
2.27895e-33
1.56659e-34
1.05814e-35
7.04046e-37
4.56378e-38
2.93951e-39
1.89289e-40
1.22493e-41
7.99502e-43
5.28199e-44
3.54242e-45
2.41425e-46
1.66932e-47
1.16662e-48
8.2064e-50
5.79088e-51
4.08978e-52
2.88941e-53
2.04476e-54
1.45218e-55
1.03072e-56
7.27828e-58
5.09775e-59
3.53499e-60
2.42397e-61
1.64203e-62
1.09816e-63
7.26235e-65
5.96118e-66
2.41123e-06
2.86545e-05
4.77777e-05
8.02574e-05
0.00012932
0.00013432
0.000113574
0.000127669
0.000199617
0.00030793
0.000450721
0.000560639
0.000570574
0.000462971
0.000364204
0.000304052
0.000296891
0.000336796
0.00037712
0.000389723
0.000387633
0.000402856
0.000436298
0.000485034
0.000523282
0.000525293
0.000526961
0.000570356
0.000721573
0.00100358
0.00138174
0.00172864
0.0020441
0.00217741
0.00213586
0.00202956
0.00187245
0.00170696
0.00151895
0.00131986
0.00117027
0.00112457
0.00129036
0.00141823
0.000797518
0.000146594
2.45149e-05
4.16436e-06
6.37068e-07
9.49777e-08
1.94183e-08
5.32959e-09
1.5798e-09
4.8973e-10
9.52887e-11
9.44652e-12
5.8748e-13
2.5118e-14
7.69339e-16
1.72339e-17
2.86963e-19
3.81599e-21
6.37137e-23
2.72849e-24
1.80507e-25
1.24867e-26
9.33825e-28
7.20516e-29
5.41834e-30
3.97265e-31
2.84509e-32
1.9938e-33
1.36971e-34
9.24372e-36
6.14336e-37
3.97661e-38
2.55595e-39
1.64145e-40
1.05866e-41
6.88226e-43
4.5265e-44
3.02136e-45
2.04946e-46
1.4109e-47
9.82232e-49
6.88709e-50
4.8471e-51
3.41602e-52
2.40934e-53
1.70272e-54
1.20791e-55
8.56541e-57
6.0436e-58
4.23018e-59
2.93175e-60
2.00937e-61
1.36063e-62
9.09658e-64
6.01411e-65
4.93538e-66
1.20761e-06
1.22408e-05
2.28405e-05
3.64829e-05
5.59714e-05
6.73523e-05
6.78637e-05
8.58464e-05
0.000135872
0.00021123
0.000307666
0.000394252
0.000425274
0.000407915
0.000359614
0.00031307
0.000292939
0.000293581
0.000305876
0.000308062
0.00030575
0.00031277
0.000338498
0.000370968
0.000396293
0.000406266
0.00044399
0.000524112
0.00072429
0.00104569
0.00142665
0.00177097
0.00208516
0.0022004
0.002123
0.00198879
0.00182238
0.00167579
0.00149661
0.00130529
0.00117193
0.00115361
0.00138399
0.0014981
0.000676997
0.000109153
1.77862e-05
2.88115e-06
4.41811e-07
7.46746e-08
2.08069e-08
7.24708e-09
1.12422e-09
2.04254e-10
4.6388e-11
8.15084e-12
6.97171e-13
3.64948e-14
1.28164e-15
3.15218e-17
5.55643e-19
7.27339e-21
9.09914e-23
2.60916e-24
1.59397e-25
1.0955e-26
8.17822e-28
6.30046e-29
4.73115e-30
3.46393e-31
2.47724e-32
1.73344e-33
1.18894e-34
8.00931e-36
5.31192e-37
3.4303e-38
2.19817e-39
1.40658e-40
9.03309e-42
5.84377e-43
3.82294e-44
2.53755e-45
1.7119e-46
1.17258e-47
8.12722e-49
5.67754e-50
3.98386e-51
2.80093e-52
1.97174e-53
1.39133e-54
9.85762e-56
6.98266e-57
4.9224e-58
3.44277e-59
2.38446e-60
1.63335e-61
1.10547e-62
7.38761e-64
4.88252e-65
4.00549e-66
1.45835e-06
7.03054e-06
1.39523e-05
2.1577e-05
3.11839e-05
4.1133e-05
5.1908e-05
7.96801e-05
0.000138954
0.000232257
0.000334459
0.000409797
0.000442089
0.000441267
0.000410676
0.00036309
0.000319689
0.000286152
0.000272136
0.000265997
0.000254999
0.000256976
0.000278388
0.00030459
0.00032432
0.000349052
0.000407835
0.000530713
0.000763984
0.00110139
0.00145372
0.00176705
0.00203389
0.00212407
0.00205211
0.00190506
0.00174834
0.00161766
0.00144414
0.0012765
0.00116488
0.00118557
0.00147414
0.00151653
0.000545506
8.12655e-05
1.29367e-05
2.03957e-06
3.19299e-07
6.28706e-08
1.85294e-08
9.57913e-09
1.24213e-09
1.89458e-10
8.19702e-11
2.93557e-11
2.51541e-12
1.25921e-13
4.21964e-15
9.92497e-17
1.67228e-18
2.03999e-20
1.95828e-22
2.90531e-24
1.39431e-25
9.40778e-27
7.00465e-28
5.38524e-29
4.03607e-30
2.94957e-31
2.10562e-32
1.47078e-33
1.00696e-34
6.77051e-36
4.48101e-37
2.88699e-38
1.84495e-39
1.17678e-40
7.52931e-42
4.85046e-43
3.15849e-44
2.08636e-45
1.40076e-46
9.55144e-48
6.59366e-49
4.59047e-50
3.21193e-51
2.25296e-52
1.58299e-53
1.11527e-54
7.89134e-56
5.5835e-57
3.93221e-58
2.74789e-59
1.90179e-60
1.30188e-61
8.8063e-63
5.88208e-64
3.88584e-65
3.18658e-66
2.69379e-06
9.19915e-06
1.78236e-05
2.70575e-05
3.60001e-05
4.90117e-05
7.67566e-05
0.000133915
0.000225702
0.000333279
0.000410892
0.000444311
0.000451458
0.000451446
0.000440887
0.000407933
0.00035932
0.000310243
0.000275521
0.000251452
0.000235816
0.000236071
0.00025169
0.000274436
0.000299945
0.000348995
0.00043233
0.000581227
0.00082747
0.00114974
0.00146479
0.00176305
0.00195542
0.00199473
0.00192413
0.00178505
0.00165023
0.00152944
0.00137236
0.00123472
0.001158
0.00122568
0.00155099
0.00144507
0.000416663
6.02727e-05
9.50756e-06
1.50326e-06
2.41262e-07
4.56831e-08
1.64564e-08
7.84184e-09
1.247e-09
1.9174e-10
1.35277e-10
1.07241e-10
7.66255e-12
3.42172e-13
1.06131e-14
2.35595e-16
3.78652e-18
4.40581e-20
3.7924e-22
3.57819e-24
1.19224e-25
7.76807e-27
5.7663e-28
4.42422e-29
3.30962e-30
2.4145e-31
1.7209e-32
1.20028e-33
8.20613e-35
5.51016e-36
3.64196e-37
2.34289e-38
1.49492e-39
9.51846e-41
6.07797e-42
3.90652e-43
2.53725e-44
1.67127e-45
1.11877e-46
7.60651e-48
5.23663e-49
3.63663e-50
2.53893e-51
1.77749e-52
1.24684e-53
8.7717e-55
6.19863e-56
4.38079e-57
3.08203e-58
2.15181e-59
1.48804e-60
1.01791e-61
6.88095e-63
4.59339e-64
3.03294e-65
2.48599e-66
5.65778e-06
1.86832e-05
3.54592e-05
5.59136e-05
7.76641e-05
0.000108199
0.000168725
0.000260424
0.000355372
0.000416056
0.000428571
0.000416895
0.000406963
0.000410129
0.000421098
0.000418927
0.000391217
0.000348702
0.000308398
0.000279344
0.000263356
0.000257762
0.000265978
0.000286259
0.000323669
0.000398945
0.000507015
0.000666783
0.000899424
0.00118115
0.00145192
0.00171387
0.00184046
0.00183873
0.0017599
0.00164332
0.00153354
0.00142391
0.00129277
0.00119135
0.00116133
0.00128038
0.0015952
0.00127678
0.000305104
4.43243e-05
7.01533e-06
1.08716e-06
1.62442e-07
3.28838e-08
1.69365e-08
8.09545e-09
1.00185e-09
1.74961e-10
1.13227e-10
6.27747e-11
6.53089e-12
3.34642e-13
1.11951e-14
2.60914e-16
4.33211e-18
5.14425e-20
4.41498e-22
3.62456e-24
9.64304e-26
6.09296e-27
4.51124e-28
3.4556e-29
2.58128e-30
1.88078e-31
1.33911e-32
9.33239e-34
6.37682e-35
4.2804e-36
2.82881e-37
1.81955e-38
1.16131e-39
7.39741e-41
4.72593e-42
3.03896e-43
1.97445e-44
1.30069e-45
8.70514e-47
5.91531e-48
4.06885e-49
2.82261e-50
1.96821e-51
1.37619e-52
9.64117e-54
6.7744e-55
4.78153e-56
3.37546e-57
2.37224e-58
1.65465e-59
1.14323e-60
7.81404e-62
5.27831e-63
3.52118e-64
2.32358e-65
1.90348e-66
1.24252e-05
4.10112e-05
7.42153e-05
0.000115
0.000164884
0.000228667
0.000316892
0.000397695
0.000431866
0.000415373
0.000374531
0.000341583
0.000329002
0.000339003
0.000365852
0.000394329
0.000400756
0.000383067
0.000354995
0.000334489
0.000324434
0.00031975
0.000326293
0.000345402
0.00039286
0.000491882
0.000617436
0.000767502
0.000967032
0.00119404
0.00141239
0.00161159
0.00168931
0.00166669
0.00158842
0.00149474
0.00140196
0.00131394
0.00121583
0.00115489
0.00117968
0.00134698
0.00159313
0.00104052
0.000221503
3.24595e-05
5.18363e-06
7.85398e-07
1.13539e-07
2.39168e-08
1.11586e-08
3.54213e-09
5.0877e-10
1.41825e-10
1.32246e-10
1.03323e-10
7.46316e-12
3.34566e-13
1.039e-14
2.30748e-16
3.70924e-18
4.30887e-20
3.63385e-22
2.87184e-24
7.20606e-26
4.50978e-27
3.33424e-28
2.55127e-29
1.90415e-30
1.38661e-31
9.87017e-33
6.87953e-34
4.70332e-35
3.16021e-36
2.09157e-37
1.3476e-38
8.62294e-40
5.50977e-41
3.53249e-42
2.2802e-43
1.48715e-44
9.83144e-46
6.5994e-47
4.49418e-48
3.09544e-49
2.14853e-50
1.49807e-51
1.04692e-52
7.32855e-54
5.14443e-55
3.62717e-56
2.55773e-57
1.7956e-58
1.25115e-59
8.63609e-61
5.89751e-62
3.98038e-63
2.65327e-64
1.74963e-65
1.43236e-66
2.77695e-05
9.04011e-05
0.00015318
0.000219628
0.000299106
0.000385922
0.000456766
0.000469393
0.000423753
0.000353789
0.000292884
0.000257795
0.000249125
0.000264581
0.000299815
0.000346874
0.000385154
0.00040035
0.000397362
0.000393299
0.000395667
0.000409256
0.000425376
0.000444767
0.000497994
0.000607851
0.000735268
0.000868741
0.00102111
0.00118714
0.00134725
0.00148477
0.00152926
0.0015024
0.00142845
0.00134992
0.0012727
0.00120832
0.00114781
0.00113157
0.00121462
0.00142204
0.00152522
0.000821591
0.000154426
2.34093e-05
3.84194e-06
5.6835e-07
8.06844e-08
1.80293e-08
7.51222e-09
1.4725e-09
2.32255e-10
9.27769e-11
8.17778e-11
3.18085e-11
2.6678e-12
1.30799e-13
4.3105e-15
1.00091e-16
1.66883e-18
2.00325e-20
1.76207e-22
1.60219e-24
4.89947e-26
3.14251e-27
2.32352e-28
1.77713e-29
1.3262e-30
9.65985e-32
6.88105e-33
4.80221e-34
3.28937e-35
2.21594e-36
1.4716e-37
9.51843e-39
6.12283e-40
3.93671e-41
2.5417e-42
1.65301e-43
1.08629e-44
7.23279e-46
4.88522e-47
3.34316e-48
2.31068e-49
1.60726e-50
1.12182e-51
7.84137e-53
5.48697e-54
3.84884e-55
2.71105e-56
1.90962e-57
1.3391e-58
9.32031e-60
6.42654e-61
4.3842e-62
2.9562e-63
1.96883e-64
1.29724e-65
1.0612e-66
6.21049e-05
0.000191212
0.000300821
0.000388135
0.000470641
0.000531059
0.00053032
0.000461398
0.000364686
0.000277285
0.000218258
0.000189006
0.000184788
0.000202226
0.000239005
0.000291998
0.000350195
0.000394881
0.000422341
0.000444391
0.000463952
0.000498492
0.000532188
0.000564523
0.000624913
0.000721368
0.000837175
0.000960373
0.00105415
0.0011581
0.00126069
0.00134804
0.00137138
0.00134386
0.00127891
0.00121406
0.0011528
0.00111283
0.00109319
0.00112593
0.00126787
0.00150018
0.00137978
0.000596594
0.000108782
1.67659e-05
2.76251e-06
4.02952e-07
5.75454e-08
1.34162e-08
3.79434e-09
6.36392e-10
1.05664e-10
4.61599e-11
3.1373e-11
7.81423e-12
6.96808e-13
3.63989e-14
1.26388e-15
3.06869e-17
5.32397e-19
6.65075e-21
6.29399e-23
7.65241e-25
3.12652e-26
2.06554e-27
1.52849e-28
1.16937e-29
8.73261e-31
6.36848e-32
4.545e-33
3.18034e-34
2.18619e-35
1.47953e-36
9.88196e-38
6.43382e-39
4.17368e-40
2.70978e-41
1.76851e-42
1.16327e-43
7.73135e-45
5.20218e-46
3.54583e-47
2.44419e-48
1.69823e-49
1.18528e-50
8.28855e-52
5.79787e-53
4.05678e-54
2.84395e-55
2.00135e-56
1.40813e-57
9.86249e-59
6.85614e-60
4.72189e-61
3.21765e-62
2.16729e-63
1.44197e-64
9.49216e-66
7.75819e-67
0.000135816
0.000361601
0.000514998
0.000593647
0.000626246
0.000603422
0.00051679
0.00039843
0.000289884
0.000209999
0.000162123
0.000140541
0.000139508
0.000156223
0.000190067
0.000240965
0.000305586
0.000369028
0.000423056
0.000473641
0.000522408
0.000567144
0.000613124
0.000670568
0.000735629
0.000809503
0.000905177
0.0010059
0.00105426
0.00110485
0.00116009
0.00120985
0.00122012
0.00119137
0.00113891
0.00108986
0.00104544
0.00103066
0.00105287
0.00113953
0.00133805
0.00157031
0.00116894
0.000459649
7.47013e-05
1.17939e-05
1.95703e-06
2.81939e-07
4.10684e-08
1.0133e-08
2.22465e-09
3.56365e-10
5.43649e-11
1.88964e-11
9.22691e-12
1.78787e-12
1.59651e-13
8.58147e-15
3.07604e-16
7.70691e-18
1.37992e-19
1.7967e-21
1.93167e-23
3.63975e-25
1.90913e-26
1.28697e-27
9.53499e-29
7.30218e-30
5.46201e-31
3.99274e-32
2.85883e-33
2.00915e-34
1.38882e-35
9.46471e-37
6.3756e-38
4.19156e-39
2.7519e-40
1.81103e-41
1.19932e-42
8.00774e-44
5.40003e-45
3.68198e-46
2.53804e-47
1.76503e-48
1.23418e-49
8.64988e-51
6.06306e-52
4.24544e-53
2.97076e-54
2.08145e-55
1.46335e-56
1.02837e-57
7.1933e-59
4.99399e-60
3.43494e-61
2.33775e-62
1.57275e-63
1.04523e-64
6.87337e-66
5.61228e-67
0.000281064
0.000553691
0.00067645
0.000698149
0.000652712
0.000554648
0.0004292
0.000310494
0.000218974
0.000157872
0.000123278
0.000108865
0.000109972
0.000124789
0.0001538
0.000198704
0.000260303
0.000330715
0.000400679
0.000470037
0.000539348
0.00059733
0.000661601
0.000736344
0.000798648
0.000861758
0.000934041
0.000998241
0.00101517
0.0010287
0.00105656
0.00107691
0.00107888
0.00105402
0.00101381
0.000979188
0.000952198
0.000963109
0.00102756
0.00117066
0.00141742
0.0016048
0.000936499
0.000320493
4.99491e-05
8.15047e-06
1.34581e-06
1.94928e-07
3.01688e-08
6.95059e-09
2.08665e-09
3.44766e-10
4.16995e-11
7.77866e-12
2.3996e-12
3.89834e-13
3.37944e-14
1.82334e-15
6.6293e-17
1.69263e-18
3.10848e-20
4.28723e-22
5.89101e-24
1.84166e-25
1.12665e-26
7.6775e-28
5.6971e-29
4.37095e-30
3.2782e-31
2.40521e-32
1.7306e-33
1.22395e-34
8.52771e-36
5.86818e-37
3.99901e-38
2.66397e-39
1.77642e-40
1.1892e-41
8.01695e-43
5.44846e-44
3.73586e-45
2.58506e-46
1.80376e-47
1.26617e-48
8.91238e-50
6.27296e-51
4.40743e-52
3.0892e-53
2.16173e-54
1.51367e-55
1.06306e-56
7.46107e-58
5.21163e-59
3.61308e-60
2.48167e-61
1.68671e-62
1.13331e-63
7.52279e-65
4.94147e-66
4.03061e-67
0.000512717
0.000576886
0.000565951
0.000541918
0.000487739
0.000403296
0.000308299
0.000224142
0.000161198
0.000119852
9.70923e-05
8.86207e-05
9.12946e-05
0.000104161
0.000128232
0.000166023
0.000220226
0.000288891
0.00036384
0.000440251
0.000515633
0.000588323
0.00066747
0.000753011
0.000820455
0.000873832
0.000916578
0.000946682
0.000941718
0.000935406
0.000952088
0.000952263
0.000950897
0.000933022
0.000904385
0.000882952
0.000873856
0.000910568
0.00101712
0.00121601
0.0014917
0.00154063
0.000711941
0.000229673
3.37e-05
5.59497e-06
9.32979e-07
1.36234e-07
2.19379e-08
5.15092e-09
1.65045e-09
3.05124e-10
3.46864e-11
3.90118e-12
6.56264e-13
8.61966e-14
7.03003e-15
3.73206e-16
1.35823e-17
3.50739e-19
6.636e-21
1.02468e-22
2.1167e-24
9.95781e-26
6.54188e-27
4.48076e-28
3.33132e-29
2.56238e-30
1.92883e-31
1.42223e-32
1.02999e-33
7.34461e-35
5.1693e-36
3.60063e-37
2.48888e-38
1.68465e-39
1.14384e-40
7.80512e-42
5.36415e-43
3.71334e-44
2.589e-45
1.81722e-46
1.28256e-47
9.08003e-49
6.42873e-50
4.5411e-51
3.19635e-52
2.24141e-53
1.56787e-54
1.09683e-55
7.69331e-57
5.39161e-58
3.76041e-59
2.60317e-60
1.78553e-61
1.21204e-62
8.1345e-64
5.39422e-65
3.5402e-66
2.88531e-67
7.92305e-05
0.000136009
0.00017346
0.000197705
0.000203795
0.00018923
0.00016035
0.000128407
0.000101568
8.34437e-05
7.3983e-05
7.20273e-05
7.66888e-05
8.78818e-05
0.000106573
0.000134851
0.000175575
0.000231463
0.000299145
0.000372463
0.000448356
0.000530126
0.000617814
0.000705822
0.000777335
0.000808343
0.000814591
0.000809648
0.000787566
0.000770727
0.000771173
0.000767185
0.000768212
0.000764241
0.000753583
0.000751407
0.000772158
0.000849705
0.00102147
0.00129684
0.00155678
0.00124129
0.000447899
9.78706e-05
1.59384e-05
2.78065e-06
4.54977e-07
6.82292e-08
1.11972e-08
2.96441e-09
1.45965e-09
3.30405e-10
2.42351e-11
1.58728e-12
1.13782e-13
8.79788e-15
5.73154e-16
2.7647e-17
9.67882e-19
2.51461e-20
5.29602e-22
1.25321e-23
5.34241e-25
3.38248e-26
2.29414e-27
1.57632e-28
1.17772e-29
9.12945e-31
6.95104e-32
5.2042e-33
3.84266e-34
2.8058e-35
2.03103e-36
1.46116e-37
1.0471e-38
7.36898e-40
5.21221e-41
3.70461e-42
2.64613e-43
1.89646e-44
1.36211e-45
9.79361e-47
7.04004e-48
5.04921e-49
3.60499e-50
2.55855e-51
1.80452e-52
1.26551e-53
8.84116e-55
6.17175e-56
4.31719e-57
3.01632e-58
2.09697e-59
1.44689e-60
9.8919e-62
6.69299e-63
4.47766e-64
2.96009e-65
1.93694e-66
1.57384e-67
7.41111e-06
1.80658e-05
2.99803e-05
4.29664e-05
5.55169e-05
6.40877e-05
6.60921e-05
6.30852e-05
5.86295e-05
5.55824e-05
5.53493e-05
5.85304e-05
6.54851e-05
7.67603e-05
9.31252e-05
0.000115904
0.000146934
0.000188238
0.00024038
0.00029945
0.000361655
0.000427898
0.000496096
0.000560347
0.00060849
0.000622176
0.000613337
0.000596911
0.000578432
0.000568546
0.000570116
0.000577446
0.000591171
0.000606023
0.000616526
0.000639002
0.000700942
0.000833386
0.00106657
0.00135791
0.00137288
0.00072966
0.00023607
4.47399e-05
7.56209e-06
1.33504e-06
2.16785e-07
3.28488e-08
5.05696e-09
1.11192e-09
3.57601e-10
5.4292e-11
4.59095e-12
2.97235e-13
1.66282e-14
8.77129e-16
4.24726e-17
1.73808e-18
5.80041e-20
1.68698e-21
5.41744e-23
2.50932e-24
1.54084e-25
1.03001e-26
6.94425e-28
4.75962e-29
3.57324e-30
2.79964e-31
2.16754e-32
1.65966e-33
1.26002e-34
9.50525e-36
7.13713e-37
5.34142e-38
3.98808e-39
2.9256e-40
2.15231e-41
1.58568e-42
1.16837e-43
8.59048e-45
6.29451e-46
4.59249e-47
3.3339e-48
2.40486e-49
1.72118e-50
1.2215e-51
8.59959e-53
6.01313e-54
4.1855e-55
2.90984e-56
2.02667e-57
1.40975e-58
9.75746e-60
6.70357e-61
4.56388e-62
3.07537e-63
2.04919e-64
1.34938e-65
8.79585e-67
7.11878e-68
9.38255e-07
3.27238e-06
6.68996e-06
1.14202e-05
1.76133e-05
2.42575e-05
2.97325e-05
3.33863e-05
3.58674e-05
3.82502e-05
4.16341e-05
4.68812e-05
5.46855e-05
6.57636e-05
8.08607e-05
0.000100758
0.000126415
0.000158644
0.000197601
0.000241188
0.00028504
0.000328293
0.000370179
0.000408336
0.000435491
0.000441845
0.000432449
0.000420605
0.000412741
0.00041418
0.000426133
0.000447887
0.000476645
0.000507685
0.000535602
0.000580579
0.000683437
0.000860105
0.00109808
0.00126821
0.000955877
0.000377839
0.000119611
2.04514e-05
3.5105e-06
6.24102e-07
1.01493e-07
1.58671e-08
2.33721e-09
3.85977e-10
6.80771e-11
8.35291e-12
6.9801e-13
4.39952e-14
2.27031e-15
1.02855e-16
4.26525e-18
1.66251e-19
6.4834e-21
2.84082e-22
1.50061e-23
9.10083e-25
5.87336e-26
3.87806e-27
2.57633e-28
1.75614e-29
1.32096e-30
1.0424e-31
8.16848e-33
6.35755e-34
4.92273e-35
3.79651e-36
2.91812e-37
2.23607e-38
1.70798e-39
1.2803e-40
9.59313e-42
7.17573e-43
5.34955e-44
3.96614e-45
2.92128e-46
2.13668e-47
1.55146e-48
1.11733e-49
7.973e-51
5.63586e-52
3.94953e-53
2.748e-54
1.90307e-55
1.31633e-56
9.12146e-58
6.31293e-59
4.34793e-60
2.97293e-61
2.01476e-62
1.35162e-63
8.96716e-65
5.87991e-66
3.81696e-67
3.07649e-68
1.71063e-07
7.30777e-07
1.87484e-06
3.95536e-06
7.20635e-06
1.13659e-05
1.57489e-05
1.97952e-05
2.33917e-05
2.68996e-05
3.09634e-05
3.63017e-05
4.35964e-05
5.34406e-05
6.64123e-05
8.2935e-05
0.000103234
0.000127223
0.000154239
0.000183028
0.000211343
0.000237268
0.00026098
0.00028245
0.000298122
0.000303306
0.000299329
0.000296681
0.000299496
0.00031165
0.000335323
0.000371577
0.000415282
0.000460606
0.000501929
0.000566261
0.000702557
0.000887534
0.00101728
0.000925511
0.000491065
0.000193464
5.00645e-05
8.7081e-06
1.55091e-06
2.86533e-07
4.67424e-08
7.47744e-09
1.16398e-09
1.68111e-10
2.01067e-11
1.96018e-12
1.48097e-13
8.9772e-15
4.60335e-16
2.11881e-17
9.34659e-19
4.24298e-20
2.09905e-21
1.14914e-22
6.80714e-24
4.23468e-25
2.71118e-26
1.76625e-27
1.16023e-28
7.86077e-30
5.89604e-31
4.6492e-32
3.64752e-33
2.84671e-34
2.21265e-35
1.71385e-36
1.32309e-37
1.0179e-38
7.80033e-40
5.86195e-41
4.39635e-42
3.28727e-43
2.44663e-44
1.80876e-45
1.32705e-46
9.66011e-48
6.97626e-49
4.99457e-50
3.54202e-51
2.48795e-52
1.73254e-53
1.19803e-54
8.24699e-56
5.67137e-57
3.90767e-58
2.68955e-59
1.84249e-60
1.25337e-61
8.4523e-63
5.64335e-64
3.7267e-65
2.43267e-66
1.57226e-67
1.26183e-68
3.89943e-08
2.13858e-07
7.45117e-07
1.9218e-06
3.93379e-06
6.69073e-06
9.84975e-06
1.30472e-05
1.61197e-05
1.92086e-05
2.27328e-05
2.72601e-05
3.33453e-05
4.14094e-05
5.17027e-05
6.43863e-05
7.93081e-05
9.6051e-05
0.000113913
0.000132163
0.0001502
0.000166831
0.000181836
0.000195577
0.000206532
0.000212251
0.000214819
0.000219743
0.000231059
0.000252803
0.000287933
0.000337299
0.000395995
0.000453205
0.000502787
0.000579782
0.000723856
0.000851358
0.000780476
0.000488886
0.000205138
7.93808e-05
1.84533e-05
3.38699e-06
6.33762e-07
1.18352e-07
2.04221e-08
3.71699e-09
7.94152e-10
9.35273e-11
8.85968e-12
7.33447e-13
5.08216e-14
3.00769e-15
1.58144e-16
7.75299e-18
3.73826e-19
1.86434e-20
9.91215e-22
5.63128e-23
3.37076e-24
2.09242e-25
1.33121e-26
8.60947e-28
5.61374e-29
3.78181e-30
2.82053e-31
2.21136e-32
1.72509e-33
1.33874e-34
1.03457e-35
7.96599e-37
6.11188e-38
4.67178e-39
3.55601e-40
2.65367e-41
1.97548e-42
1.46583e-43
1.08244e-44
7.9386e-46
5.77727e-47
4.17122e-48
2.98789e-49
2.12203e-50
1.49313e-51
1.04085e-52
7.19558e-54
4.94122e-55
3.37906e-56
2.30917e-57
1.58136e-58
1.08199e-59
7.37019e-61
4.98641e-62
3.34512e-63
2.22216e-64
1.46023e-65
9.48636e-67
6.10251e-68
4.87535e-69
1.24441e-08
9.84336e-08
4.307e-07
1.22906e-06
2.63344e-06
4.59364e-06
6.88237e-06
9.24297e-06
1.15399e-05
1.38612e-05
1.65364e-05
2.00432e-05
2.48212e-05
3.11471e-05
3.90425e-05
4.84449e-05
5.91565e-05
7.0837e-05
8.30806e-05
9.55378e-05
0.00010813
0.000120553
0.000132239
0.00014328
0.000153008
0.000160267
0.000167152
0.000177578
0.000196229
0.000227496
0.000273962
0.000335336
0.000405821
0.000469879
0.000519694
0.000593564
0.000689079
0.000680961
0.000497976
0.000207706
7.58236e-05
2.766e-05
6.13399e-06
1.23044e-06
2.44163e-07
4.67795e-08
8.78774e-09
1.67583e-09
2.77818e-10
3.49865e-11
3.3161e-12
2.70341e-13
1.87268e-14
1.1376e-15
6.28698e-17
3.2807e-18
1.67942e-19
8.75312e-21
4.76781e-22
2.73412e-23
1.63898e-24
1.01524e-25
6.43341e-27
4.13905e-28
2.6816e-29
1.79613e-30
1.33026e-31
1.03493e-32
8.00686e-34
6.15907e-35
4.71563e-36
3.59589e-37
2.73139e-38
2.06644e-39
1.55655e-40
1.14929e-41
8.46534e-43
6.21554e-44
4.54254e-45
3.2978e-46
2.37613e-47
1.69892e-48
1.20548e-49
8.48352e-51
5.91721e-52
4.09051e-53
2.80558e-54
1.91231e-55
1.2986e-56
8.81554e-58
5.9984e-59
4.07888e-60
2.76195e-61
1.85804e-62
1.23966e-63
8.19151e-65
5.35499e-66
3.4613e-67
2.21562e-68
1.7615e-69
6.5575e-09
6.06037e-08
2.84143e-07
8.45241e-07
1.8496e-06
3.27205e-06
4.95292e-06
6.68874e-06
8.35488e-06
1.00123e-05
1.19474e-05
1.45845e-05
1.82811e-05
2.31993e-05
2.92694e-05
3.63271e-05
4.42485e-05
5.2913e-05
6.22147e-05
7.20644e-05
8.24823e-05
9.34606e-05
0.000104425
0.000115159
0.000125226
0.000134185
0.000144125
0.000159562
0.00018602
0.000227187
0.000283189
0.000351461
0.000425148
0.000486474
0.000526062
0.000569992
0.000556649
0.000420632
0.000262227
7.89761e-05
2.5826e-05
8.43818e-06
1.95977e-06
4.33539e-07
9.46973e-08
1.96344e-08
3.91602e-09
7.20765e-10
1.11466e-10
1.37872e-11
1.29059e-12
1.0478e-13
7.34447e-15
4.58594e-16
2.62919e-17
1.42415e-18
7.51829e-20
4.0003e-21
2.20309e-22
1.26872e-23
7.60669e-25
4.70119e-26
2.96725e-27
1.89874e-28
1.22175e-29
8.13226e-31
5.97558e-32
4.60867e-33
3.53217e-34
2.68985e-35
2.0377e-36
1.5367e-37
1.15395e-38
8.62827e-40
6.42229e-41
4.68475e-42
3.40949e-43
2.47385e-44
1.78714e-45
1.28286e-46
9.14206e-48
6.46694e-49
4.54145e-50
3.16453e-51
2.18651e-52
1.49806e-53
1.01889e-54
6.89053e-56
4.6449e-57
3.13142e-58
2.11655e-59
1.43007e-60
9.62434e-62
6.43669e-63
4.27029e-64
2.80628e-65
1.82468e-66
1.1732e-67
7.47094e-69
5.90928e-70
4.53944e-09
3.93332e-08
1.77621e-07
5.4093e-07
1.2158e-06
2.20447e-06
3.41254e-06
4.68635e-06
5.90726e-06
7.10915e-06
8.5389e-06
1.05781e-05
1.35232e-05
1.74406e-05
2.22347e-05
2.77441e-05
3.39586e-05
4.09823e-05
4.89544e-05
5.79684e-05
6.80392e-05
7.90882e-05
9.06206e-05
0.000102186
0.000113378
0.000124239
0.000137401
0.000158717
0.00019373
0.000243053
0.000301625
0.000363902
0.000424307
0.000469339
0.000489468
0.000479317
0.00036966
0.000206028
0.000113018
2.86462e-05
8.56552e-06
2.53486e-06
6.32665e-07
1.57511e-07
4.15188e-08
1.01205e-08
2.50429e-09
3.96919e-10
5.46544e-11
6.27339e-12
5.58471e-13
4.39715e-14
3.04399e-15
1.90461e-16
1.10361e-17
6.05957e-19
3.23988e-20
1.74077e-21
9.64384e-23
5.5658e-24
3.33419e-25
2.05431e-26
1.29043e-27
8.2059e-29
5.23928e-30
3.46376e-31
2.52281e-32
1.92734e-33
1.4622e-34
1.10154e-35
8.25034e-37
6.14837e-38
4.56057e-39
3.36735e-40
2.47458e-41
1.78165e-42
1.28001e-43
9.1695e-45
6.54184e-46
4.63906e-47
3.26695e-48
2.28452e-49
1.58657e-50
1.09384e-51
7.48194e-53
5.07758e-54
3.42295e-55
2.29577e-56
1.53571e-57
1.02788e-58
6.89964e-60
4.63114e-61
3.09723e-62
2.05897e-63
1.35808e-64
8.87455e-66
5.73835e-67
3.66944e-68
2.32411e-69
1.82844e-70
3.25633e-09
2.50218e-08
1.01675e-07
3.04384e-07
7.04501e-07
1.32728e-06
2.13503e-06
3.03359e-06
3.92638e-06
4.83154e-06
5.96084e-06
7.65553e-06
1.01579e-05
1.34547e-05
1.74273e-05
2.19649e-05
2.7187e-05
3.33963e-05
4.09288e-05
5.00107e-05
6.06484e-05
7.2616e-05
8.54114e-05
9.84909e-05
0.000111509
0.000124934
0.000142173
0.000169922
0.00021166
0.000261985
0.000309243
0.00034552
0.000372461
0.000392065
0.000397042
0.000344258
0.000207922
8.69459e-05
4.11006e-05
1.00655e-05
2.82872e-06
7.92257e-07
2.14688e-07
6.33091e-08
1.80359e-08
4.78008e-09
1.05017e-09
1.74119e-10
2.33473e-11
2.57323e-12
2.21514e-13
1.71517e-14
1.1849e-15
7.47313e-17
4.38351e-18
2.43699e-19
1.31702e-20
7.1331e-22
3.97001e-23
2.29377e-24
1.37151e-25
8.41565e-27
5.25569e-28
3.31788e-29
2.09986e-30
1.37782e-31
9.93941e-33
7.51629e-34
5.64098e-35
4.20134e-36
3.10921e-37
2.28826e-38
1.67552e-39
1.22084e-40
8.8513e-42
6.28514e-43
4.45394e-44
3.14743e-45
2.21566e-46
1.55084e-47
1.07833e-48
7.44797e-50
5.11112e-51
3.4838e-52
2.35731e-53
1.5836e-54
1.05754e-55
7.03116e-57
4.66556e-58
3.09931e-59
2.0655e-60
1.37699e-61
9.14982e-63
6.04517e-64
3.96372e-65
2.57516e-66
1.65562e-67
1.05275e-68
6.63054e-70
5.18732e-71
2.236e-09
1.54464e-08
5.61412e-08
1.55868e-07
3.58135e-07
6.98307e-07
1.17653e-06
1.75086e-06
2.3665e-06
3.04754e-06
3.9865e-06
5.49537e-06
7.7726e-06
1.07428e-05
1.4246e-05
1.8224e-05
2.29204e-05
2.88052e-05
3.63786e-05
4.59815e-05
5.76316e-05
7.09965e-05
8.55405e-05
0.000100771
0.000116451
0.000133159
0.000154437
0.000186222
0.000227419
0.000265637
0.000285517
0.000281537
0.000270068
0.000271036
0.000273981
0.000216846
0.000103914
3.4444e-05
1.36547e-05
3.43468e-06
9.38922e-07
2.69373e-07
8.13775e-08
2.677e-08
8.4046e-09
2.05845e-09
4.13112e-10
6.59306e-11
8.55672e-12
9.21304e-13
7.84787e-14
6.10244e-15
4.27145e-16
2.73778e-17
1.62997e-18
9.172e-20
5.00324e-21
2.72757e-22
1.52308e-23
8.79878e-25
5.24478e-26
3.20125e-27
1.98544e-28
1.24299e-29
7.79036e-31
5.06975e-32
3.61977e-33
2.70778e-34
2.00919e-35
1.47865e-36
1.08071e-37
7.85099e-39
5.67212e-40
4.0764e-41
2.91424e-42
2.0396e-43
1.42471e-44
9.92433e-46
6.88823e-47
4.75511e-48
3.26189e-49
2.22347e-50
1.5065e-51
1.01439e-52
6.78505e-54
4.50904e-55
2.98127e-56
1.96391e-57
1.29218e-58
8.51668e-60
5.63369e-61
3.72954e-62
2.46192e-63
1.61632e-64
1.05339e-65
6.80324e-67
4.34842e-68
2.74904e-69
1.72146e-70
1.33888e-71
1.43869e-09
9.16653e-09
3.06544e-08
7.83217e-08
1.69967e-07
3.28678e-07
5.69943e-07
8.84301e-07
1.25336e-06
1.72118e-06
2.47772e-06
3.82945e-06
5.96787e-06
8.77939e-06
1.20571e-05
1.57733e-05
2.02591e-05
2.61085e-05
3.39568e-05
4.42594e-05
5.70821e-05
7.20533e-05
8.86417e-05
0.000106449
0.000125246
0.000144785
0.000167243
0.000196169
0.000225227
0.000238948
0.000226826
0.000192036
0.000159804
0.000154635
0.000157806
0.000117863
4.59935e-05
1.31336e-05
4.32046e-06
1.13186e-06
3.19146e-07
1.00314e-07
3.39646e-08
1.20066e-08
3.33202e-09
7.6078e-10
1.41658e-10
2.15184e-11
2.71188e-12
2.88372e-13
2.46261e-14
1.94063e-15
1.3825e-16
9.01583e-18
5.44948e-19
3.10675e-20
1.71396e-21
9.4269e-23
5.29076e-24
3.05882e-25
1.81805e-26
1.10363e-27
6.79501e-29
4.21676e-30
2.6159e-31
1.68784e-32
1.192e-33
8.81442e-35
6.46249e-36
4.69718e-37
3.38898e-38
2.4293e-39
1.7311e-40
1.22662e-41
8.64326e-43
5.95881e-44
4.10062e-45
2.81392e-46
1.92426e-47
1.30908e-48
8.85188e-50
5.94981e-51
3.97669e-52
2.64284e-53
1.74598e-54
1.14694e-55
7.50292e-57
4.89438e-58
3.19167e-59
2.08631e-60
1.36939e-61
9.00033e-63
5.90123e-64
3.84938e-65
2.49317e-66
1.60045e-67
1.01678e-68
6.38964e-70
3.9771e-71
3.07148e-72
8.5972e-10
5.1623e-09
1.63436e-08
3.94227e-08
8.07931e-08
1.49721e-07
2.57048e-07
4.05812e-07
5.91972e-07
8.6168e-07
1.4003e-06
2.53414e-06
4.50468e-06
7.20554e-06
1.03924e-05
1.40394e-05
1.85131e-05
2.44718e-05
3.26502e-05
4.3615e-05
5.75047e-05
7.39285e-05
9.23072e-05
0.000112159
0.000133111
0.000152765
0.000170485
0.000187628
0.000195641
0.00018382
0.000153355
0.000115123
8.15419e-05
7.19944e-05
7.49993e-05
5.40668e-05
1.87605e-05
5.03762e-06
1.46815e-06
4.04083e-07
1.30178e-07
4.65578e-08
1.63075e-08
5.15243e-09
1.32166e-09
2.79952e-10
4.91159e-11
7.20214e-12
8.92734e-13
9.45144e-14
8.10349e-15
6.4214e-16
4.59742e-17
3.00722e-18
1.81945e-19
1.03687e-20
5.71321e-22
3.13479e-23
1.75178e-24
1.0061e-25
5.92884e-27
3.56344e-28
2.1701e-29
1.33074e-30
8.14918e-32
5.20338e-33
3.6315e-34
2.65309e-35
1.92104e-36
1.3783e-37
9.81125e-39
6.9354e-40
4.87126e-41
3.40072e-42
2.35994e-43
1.60133e-44
1.08451e-45
7.32307e-47
4.92794e-48
3.29962e-49
2.19644e-50
1.45378e-51
9.57213e-53
6.27009e-54
4.0859e-55
2.64996e-56
1.71334e-57
1.10574e-58
7.14064e-60
4.62606e-61
3.01113e-62
1.96401e-63
1.27854e-64
8.28332e-66
5.33002e-67
3.39976e-68
2.14617e-69
1.34017e-70
8.28825e-72
6.36337e-73
4.79341e-10
2.75659e-09
8.43175e-09
1.9671e-08
3.89252e-08
6.96059e-08
1.16318e-07
1.82611e-07
2.67808e-07
3.95685e-07
7.09548e-07
1.53885e-06
3.2246e-06
5.75642e-06
8.88085e-06
1.25454e-05
1.70897e-05
2.31588e-05
3.15331e-05
4.28619e-05
5.73352e-05
7.44476e-05
9.33141e-05
0.000112976
0.000133295
0.000149024
0.000156956
0.000158302
0.000146564
0.000119878
8.82479e-05
6.11096e-05
3.74554e-05
2.80414e-05
2.91288e-05
2.05867e-05
6.94803e-06
1.86797e-06
5.25595e-07
1.59495e-07
5.61951e-08
2.31174e-08
8.63691e-09
2.21801e-09
5.12208e-10
1.00689e-10
1.67562e-11
2.37371e-12
2.87708e-13
3.00009e-14
2.54509e-15
2.00094e-16
1.42412e-17
9.27445e-19
5.59476e-20
3.18422e-21
1.7547e-22
9.62933e-24
5.37256e-25
3.07258e-26
1.79862e-27
1.07189e-28
6.46353e-30
3.91985e-31
2.37116e-32
1.49932e-33
1.03419e-34
7.46352e-36
5.33602e-37
3.77827e-38
2.65271e-39
1.84842e-40
1.27903e-41
8.79191e-43
6.00423e-44
4.0067e-45
2.66783e-46
1.77052e-47
1.17092e-48
7.7056e-50
5.0419e-51
3.28099e-52
2.1247e-53
1.36954e-54
8.78888e-56
5.61926e-57
3.58594e-58
2.28677e-59
1.46074e-60
9.36907e-62
6.04191e-63
3.90765e-64
2.52361e-65
1.62273e-66
1.03665e-67
6.56574e-69
4.11576e-70
2.55214e-71
1.5672e-72
1.1948e-73
2.49227e-10
1.38726e-09
4.15189e-09
9.5188e-09
1.85419e-08
3.26404e-08
5.37262e-08
8.36667e-08
1.23192e-07
1.79268e-07
3.23902e-07
8.13293e-07
2.06379e-06
4.2626e-06
7.21778e-06
1.08407e-05
1.53907e-05
2.14023e-05
2.96136e-05
4.06732e-05
5.47255e-05
7.10062e-05
8.80425e-05
0.000104155
0.000120221
0.00012948
0.00012923
0.000117576
9.51536e-05
6.64324e-05
4.29508e-05
2.8025e-05
1.5867e-05
9.65835e-06
9.42827e-06
6.59823e-06
2.31469e-06
6.60294e-07
1.96956e-07
6.61924e-08
2.47058e-08
9.83177e-09
3.22601e-09
8.37713e-10
1.83914e-10
3.42689e-11
5.45908e-12
7.47049e-13
8.80407e-14
8.97167e-15
7.46965e-16
5.79345e-17
4.08559e-18
2.646e-19
1.59228e-20
9.06495e-22
5.00569e-23
2.75209e-24
1.53479e-25
8.74569e-27
5.08681e-28
3.00605e-29
1.79464e-30
1.07615e-31
6.42896e-33
4.02564e-34
2.74412e-35
1.95597e-36
1.38063e-37
9.6473e-39
6.68049e-40
4.58841e-41
3.1276e-42
2.11649e-43
1.42209e-44
9.32926e-46
6.10403e-47
3.97875e-48
2.5838e-49
1.66949e-50
1.07251e-51
6.85295e-53
4.3586e-54
2.76059e-55
1.74203e-56
1.09639e-57
6.89644e-59
4.34038e-60
2.7393e-61
1.73763e-62
1.10914e-63
7.10719e-65
4.55004e-66
2.90179e-67
1.83923e-68
1.15598e-69
7.19158e-71
4.42599e-72
2.69725e-73
2.04058e-74
1.20703e-10
6.54707e-10
1.93162e-09
4.39252e-09
8.52689e-09
1.50154e-08
2.47747e-08
3.87008e-08
5.75123e-08
8.35454e-08
1.40594e-07
3.59909e-07
1.0958e-06
2.72986e-06
5.27551e-06
8.63967e-06
1.29724e-05
1.86141e-05
2.6136e-05
3.60484e-05
4.83118e-05
6.19136e-05
7.51013e-05
8.66342e-05
9.49016e-05
9.73941e-05
9.19907e-05
7.64049e-05
5.38297e-05
3.17387e-05
1.77844e-05
1.08108e-05
5.91962e-06
3.09992e-06
2.65819e-06
1.85925e-06
7.01538e-07
2.24415e-07
7.6176e-08
2.79966e-08
1.04205e-08
3.78567e-09
1.15357e-09
2.8907e-10
6.06935e-11
1.08337e-11
1.66054e-12
2.19494e-13
2.50862e-14
2.49065e-15
2.0302e-16
1.55186e-17
1.08439e-18
6.98874e-20
4.19956e-21
2.39399e-22
1.32556e-23
7.30126e-25
4.06764e-26
2.30754e-27
1.33242e-28
7.80128e-30
4.60751e-31
2.72992e-32
1.60975e-33
9.98027e-35
6.72156e-36
4.73143e-37
3.29717e-38
2.27386e-39
1.55329e-40
1.05185e-41
7.06461e-43
4.7076e-44
3.11272e-45
2.00773e-46
1.29091e-47
8.26377e-49
5.26821e-50
3.34076e-51
2.10586e-52
1.3202e-53
8.23911e-55
5.12227e-56
3.17495e-57
1.96481e-58
1.21693e-59
7.55132e-61
4.70442e-62
2.94897e-63
1.86206e-64
1.18141e-65
7.4942e-67
4.73838e-68
2.97872e-69
1.8573e-70
1.14647e-71
7.00165e-73
4.2338e-74
3.17804e-75
5.43415e-11
2.88464e-10
8.42482e-10
1.90942e-09
3.71875e-09
6.61655e-09
1.10923e-08
1.76249e-08
2.65969e-08
3.91233e-08
6.23533e-08
1.41319e-07
4.57659e-07
1.38439e-06
3.20521e-06
5.95853e-06
9.71906e-06
1.46069e-05
2.09039e-05
2.88318e-05
3.81638e-05
4.78125e-05
5.62484e-05
6.25201e-05
6.42052e-05
6.1915e-05
5.49967e-05
4.20965e-05
2.61555e-05
1.3373e-05
6.43843e-06
3.53651e-06
1.90171e-06
9.54882e-07
7.11066e-07
4.89249e-07
2.08948e-07
7.86575e-08
3.01374e-08
1.14456e-08
4.11567e-09
1.36544e-09
3.87436e-10
9.20667e-11
1.846e-11
3.16186e-12
4.66435e-13
5.95069e-14
6.58986e-15
6.37211e-16
5.08678e-17
3.83534e-18
2.65809e-19
1.70625e-20
1.0245e-21
5.84947e-23
3.2463e-24
1.78939e-25
9.94376e-27
5.60732e-28
3.20997e-29
1.85994e-30
1.08565e-31
6.3506e-33
3.69413e-34
2.26724e-35
1.50838e-36
1.04849e-37
7.21407e-39
4.91107e-40
3.31045e-41
2.21109e-42
1.46395e-43
9.61054e-45
6.25632e-46
3.96925e-47
2.50893e-48
1.57777e-49
9.87569e-51
6.14617e-52
3.80084e-53
2.33706e-54
1.43037e-55
8.72293e-57
5.3067e-58
3.22647e-59
1.96608e-60
1.20191e-61
7.38621e-63
4.57271e-64
2.855e-65
1.79286e-66
1.1266e-67
7.06084e-69
4.40186e-70
2.72274e-71
1.66754e-72
1.01061e-73
6.06401e-75
4.51661e-76
2.2678e-11
1.18134e-10
3.42269e-10
7.74711e-10
1.51817e-09
2.7434e-09
4.71282e-09
7.70519e-09
1.19245e-08
1.78357e-08
2.80413e-08
5.58416e-08
1.61346e-07
5.28404e-07
1.46033e-06
3.23028e-06
5.99887e-06
9.80209e-06
1.44318e-05
1.99347e-05
2.59474e-05
3.16511e-05
3.58995e-05
3.85674e-05
3.65666e-05
3.26714e-05
2.68974e-05
1.89635e-05
1.07344e-05
5.03456e-06
2.17345e-06
1.08002e-06
5.77107e-07
2.99806e-07
2.07298e-07
1.37742e-07
6.69964e-08
2.86462e-08
1.15911e-08
4.3671e-09
1.49766e-09
4.58931e-10
1.21034e-10
2.7097e-11
5.17043e-12
8.47798e-13
1.20175e-13
1.47881e-14
1.58727e-15
1.49635e-16
1.17158e-17
8.72591e-19
6.00484e-20
3.84185e-21
2.30558e-22
1.31793e-23
7.32247e-25
4.0321e-26
2.23072e-27
1.24826e-28
7.07452e-30
4.0521e-31
2.33551e-32
1.34794e-33
7.73186e-35
4.69685e-36
3.0868e-37
2.1189e-38
1.43966e-39
9.6772e-41
6.43945e-42
4.24417e-43
2.77162e-44
1.79355e-45
1.15019e-46
7.18156e-48
4.46505e-49
2.75972e-50
1.69662e-51
1.03653e-52
6.2891e-54
3.79241e-55
2.27568e-56
1.36065e-57
8.11967e-59
4.8469e-60
2.90375e-61
1.74757e-62
1.05867e-63
6.46916e-65
3.99209e-66
2.48041e-67
1.54366e-68
9.5888e-70
5.9278e-71
3.63718e-72
2.21026e-73
1.32932e-74
7.91541e-76
5.85016e-77
8.74248e-12
4.47724e-11
1.28813e-10
2.91294e-10
5.74644e-10
1.05637e-09
1.86704e-09
3.16392e-09
5.07187e-09
7.77649e-09
1.22471e-08
2.28296e-08
5.6643e-08
1.69906e-07
4.93195e-07
1.25121e-06
2.72025e-06
5.02312e-06
7.9061e-06
1.11333e-05
1.44142e-05
1.71453e-05
1.86906e-05
1.89833e-05
1.7004e-05
1.41408e-05
1.08417e-05
7.19322e-06
3.84176e-06
1.73929e-06
7.37433e-07
3.53407e-07
1.92669e-07
1.08246e-07
7.05379e-08
4.47543e-08
2.29905e-08
1.02866e-08
4.16854e-09
1.52196e-09
4.94432e-10
1.40931e-10
3.46459e-11
7.30191e-12
1.32343e-12
2.07391e-13
2.82313e-14
3.35295e-15
3.49336e-16
3.2169e-17
2.47537e-18
1.82409e-19
1.24765e-20
7.95919e-22
4.77284e-23
2.72888e-24
1.51537e-25
8.31881e-27
4.57298e-28
2.5353e-29
1.42086e-30
8.03762e-32
4.57142e-33
2.60198e-34
1.47148e-35
8.84714e-37
5.74447e-38
3.89452e-39
2.61358e-40
1.73526e-41
1.14034e-42
7.42049e-44
4.78243e-45
3.05257e-46
1.92965e-47
1.18648e-48
7.26046e-50
4.41303e-51
2.66608e-52
1.59959e-53
9.52484e-55
5.63326e-56
3.31378e-57
1.94199e-58
1.13616e-59
6.65462e-61
3.91681e-62
2.319e-63
1.38382e-64
8.34078e-66
5.08424e-67
3.12419e-68
1.925e-69
1.18484e-70
7.26212e-72
4.41954e-73
2.6646e-74
1.59027e-75
9.39591e-77
6.89022e-78
3.10219e-12
1.56385e-11
4.46959e-11
1.00931e-10
2.00237e-10
3.74172e-10
6.80637e-10
1.19866e-09
2.00372e-09
3.18452e-09
5.07822e-09
9.17367e-09
2.07464e-08
5.51496e-08
1.47796e-07
3.74104e-07
8.76906e-07
1.80741e-06
3.12133e-06
4.64931e-06
6.15234e-06
7.24411e-06
7.68049e-06
7.43539e-06
6.43989e-06
5.09791e-06
3.71737e-06
2.35809e-06
1.25405e-06
5.88149e-07
2.67956e-07
1.34202e-07
7.53584e-08
4.37932e-08
2.65605e-08
1.55182e-08
7.84133e-09
3.47147e-09
1.36731e-09
4.768e-10
1.45902e-10
3.88597e-11
8.94949e-12
1.78017e-12
3.0674e-13
4.5974e-14
6.01857e-15
6.91368e-16
7.00941e-17
6.32067e-18
4.79057e-19
3.49776e-20
2.37956e-21
1.51356e-22
9.06271e-24
5.1753e-25
2.86674e-26
1.56568e-27
8.53668e-29
4.68294e-30
2.59283e-31
1.44766e-32
8.12106e-34
4.55712e-35
2.54143e-36
1.51214e-37
9.70224e-39
6.49775e-40
4.3082e-41
2.82631e-42
1.83509e-43
1.17962e-44
7.50744e-46
4.72975e-47
2.94922e-48
1.78695e-49
1.07696e-50
6.44154e-52
3.82652e-53
2.25578e-54
1.31878e-55
7.65165e-57
4.41273e-58
2.53424e-59
1.45303e-60
8.346e-62
4.82293e-63
2.80687e-64
1.6485e-65
9.79291e-67
5.89227e-68
3.57864e-69
2.18197e-70
1.33026e-71
8.08092e-73
4.87633e-74
2.91614e-75
1.72668e-76
1.01206e-77
7.36191e-79
1.00972e-12
5.01532e-12
1.42403e-11
3.20803e-11
6.38855e-11
1.21054e-10
2.26056e-10
4.13074e-10
7.21676e-10
1.19901e-09
1.96593e-09
3.50788e-09
7.50854e-09
1.85697e-08
4.61382e-08
1.08242e-07
2.42358e-07
5.05185e-07
9.20869e-07
1.45175e-06
1.98833e-06
2.36853e-06
2.50409e-06
2.38039e-06
2.03817e-06
1.58438e-06
1.13273e-06
7.20551e-07
4.01835e-07
2.05547e-07
1.03631e-07
5.4716e-08
3.0454e-08
1.71517e-08
9.64345e-09
5.19122e-09
2.50366e-09
1.06725e-09
4.01417e-10
1.32381e-10
3.80725e-11
9.51676e-12
2.06467e-12
3.89243e-13
6.39613e-14
9.19502e-15
1.16116e-15
1.29417e-16
1.28063e-17
1.13378e-18
8.48122e-20
6.1424e-21
4.15728e-22
2.6352e-23
1.57365e-24
8.95986e-26
4.94084e-27
2.67954e-28
1.44693e-29
7.84566e-31
4.28871e-32
2.36232e-33
1.3067e-34
7.2273e-36
3.98076e-37
2.34176e-38
1.48469e-39
9.8246e-41
6.43773e-42
4.17461e-43
2.67934e-44
1.70225e-45
1.07046e-46
6.66099e-48
4.09989e-49
2.44964e-50
1.45505e-51
8.57011e-53
5.00923e-54
2.90329e-55
1.66735e-56
9.49441e-58
5.36928e-59
3.02184e-60
1.69761e-61
9.55848e-63
5.41976e-64
3.09803e-65
1.78916e-66
1.04657e-67
6.21023e-69
3.72504e-70
2.24609e-71
1.35554e-72
8.15727e-74
4.8786e-75
2.89281e-76
1.6987e-77
9.87409e-79
7.12218e-80
3.0055e-13
1.472e-12
4.15155e-12
9.31858e-12
1.85827e-11
3.55768e-11
6.78909e-11
1.28148e-10
2.33488e-10
4.06556e-10
6.94191e-10
1.25231e-09
2.59052e-09
6.09049e-09
1.46121e-08
3.30621e-08
6.99507e-08
1.38149e-07
2.4616e-07
3.89016e-07
5.38891e-07
6.51501e-07
6.98877e-07
6.70945e-07
5.83e-07
4.59864e-07
3.34512e-07
2.20505e-07
1.31412e-07
7.27076e-08
3.88091e-08
2.07298e-08
1.11942e-08
6.01043e-09
3.16504e-09
1.58738e-09
7.23048e-10
2.92257e-10
1.03858e-10
3.22575e-11
8.7325e-12
2.05906e-12
4.23229e-13
7.60026e-14
1.1962e-14
1.6561e-15
2.02509e-16
2.19758e-17
2.12891e-18
1.85488e-19
1.37167e-20
9.85964e-22
6.63709e-23
4.1886e-24
2.49089e-25
1.4115e-26
7.73436e-28
4.15855e-29
2.22148e-30
1.18979e-31
6.41815e-33
3.48651e-34
1.90117e-35
1.03632e-36
5.64077e-38
3.27988e-39
2.05524e-40
1.34415e-41
8.70743e-43
5.58344e-44
3.54394e-45
2.22651e-46
1.38429e-47
8.51323e-49
5.17613e-50
3.05195e-51
1.78797e-52
1.03775e-53
5.97255e-55
3.40571e-56
1.92259e-57
1.07507e-58
5.96433e-60
3.29022e-61
1.81107e-62
9.99416e-64
5.55746e-65
3.11789e-66
1.76898e-67
1.01792e-68
5.95102e-70
3.52224e-71
2.09859e-72
1.25286e-73
7.46369e-75
4.42158e-76
2.59828e-77
1.51246e-78
8.71467e-80
6.2304e-81
8.15929e-14
3.94299e-13
1.10434e-12
2.46623e-12
4.9111e-12
9.45904e-12
1.83426e-11
3.55484e-11
6.71713e-11
1.22163e-10
2.18193e-10
4.05745e-10
8.34187e-10
1.88733e-09
4.3983e-09
9.90348e-09
2.07366e-08
3.96491e-08
6.80877e-08
1.04423e-07
1.42491e-07
1.72688e-07
1.87926e-07
1.84134e-07
1.64194e-07
1.33035e-07
9.93179e-08
6.75292e-08
4.17487e-08
2.38995e-08
1.2991e-08
6.88938e-09
3.60822e-09
1.85256e-09
9.20328e-10
4.31788e-10
1.84518e-10
7.01485e-11
2.34636e-11
6.86922e-12
1.75738e-12
3.93052e-13
7.69818e-14
1.3238e-14
2.00524e-15
2.68529e-16
3.19194e-17
3.38377e-18
3.21774e-19
2.76426e-20
2.02278e-21
1.44313e-22
9.65511e-24
6.05907e-25
3.58276e-26
2.01725e-27
1.09669e-28
5.83918e-30
3.08349e-31
1.6306e-32
8.6783e-34
4.64853e-35
2.49831e-36
1.34188e-37
7.21842e-39
4.14855e-40
2.57007e-41
1.66169e-42
1.06453e-43
6.75259e-45
4.24056e-46
2.63584e-47
1.62115e-48
9.85954e-50
5.92582e-51
3.45051e-52
1.99528e-53
1.14202e-54
6.47658e-56
3.63626e-57
2.01922e-58
1.10956e-59
6.0424e-61
3.26879e-62
1.76336e-63
9.53772e-65
5.19946e-66
2.86133e-67
1.59355e-68
9.01157e-70
5.18521e-71
3.02525e-72
1.7794e-73
1.04996e-74
6.18744e-76
3.62824e-77
2.11165e-78
1.2178e-79
6.95208e-81
4.92409e-82
2.01601e-14
9.61825e-14
2.67425e-13
5.93257e-13
1.17618e-12
2.26851e-12
4.44362e-12
8.78401e-12
1.70871e-11
3.22268e-11
6.0001e-11
1.15839e-10
2.41817e-10
5.43963e-10
1.24571e-09
2.76363e-09
5.74637e-09
1.0914e-08
1.85936e-08
2.82155e-08
3.81784e-08
4.62536e-08
5.06747e-08
5.0247e-08
4.54108e-08
3.72183e-08
2.8045e-08
1.92611e-08
1.20689e-08
6.99229e-09
3.81538e-09
1.99935e-09
1.01605e-09
4.98611e-10
2.33665e-10
1.02555e-10
4.10177e-11
1.46451e-11
4.61684e-12
1.27866e-12
3.10693e-13
6.62791e-14
1.24373e-14
2.05854e-15
3.01492e-16
3.92114e-17
4.54657e-18
4.72167e-19
4.41656e-20
3.74564e-21
2.71327e-22
1.92046e-23
1.27576e-24
7.95111e-26
4.66839e-27
2.6082e-28
1.40528e-29
7.40393e-31
3.86359e-32
2.01704e-33
1.05903e-34
5.5926e-36
2.96174e-37
1.56723e-38
8.33104e-40
4.7327e-41
2.89946e-42
1.8538e-43
1.17485e-44
7.37488e-46
4.58433e-47
2.82055e-48
1.71699e-49
1.03333e-50
6.14313e-52
3.535e-53
2.01921e-54
1.14055e-55
6.37846e-57
3.52877e-58
1.92915e-59
1.04253e-60
5.57699e-62
2.96056e-63
1.56603e-64
8.30499e-66
4.43788e-67
2.39464e-68
1.30826e-69
7.26374e-71
4.10919e-72
2.3608e-73
1.36943e-74
7.97838e-76
4.64694e-77
2.69502e-78
1.55236e-79
8.86387e-81
5.01052e-82
3.51418e-83
4.52662e-15
2.13292e-14
5.88486e-14
1.29474e-13
2.5478e-13
4.8976e-13
9.63314e-13
1.92975e-12
3.83431e-12
7.43746e-12
1.43264e-11
2.85953e-11
6.156e-11
1.40528e-10
3.21887e-10
7.09201e-10
1.45992e-09
2.74682e-09
4.65918e-09
7.06265e-09
9.56487e-09
1.16181e-08
1.27716e-08
1.2727e-08
1.15544e-08
9.49524e-09
7.16967e-09
4.93919e-09
3.11105e-09
1.80784e-09
9.81398e-10
5.04506e-10
2.47573e-10
1.1577e-10
5.11654e-11
2.10539e-11
7.90034e-12
2.65693e-12
7.92524e-13
2.08622e-13
4.83928e-14
9.89785e-15
1.78836e-15
2.86193e-16
4.06902e-17
5.15729e-18
5.84943e-19
5.96372e-20
5.49493e-21
4.60368e-22
3.30075e-23
2.31618e-24
1.52619e-25
9.43634e-27
5.49551e-28
3.04377e-29
1.62423e-30
8.46531e-32
4.36478e-33
2.24935e-34
1.16484e-35
6.06279e-37
3.163e-38
1.64884e-39
8.66107e-41
4.86381e-42
2.94772e-43
1.86421e-44
1.16915e-45
7.26539e-47
4.47228e-48
2.725e-49
1.64267e-50
9.7878e-52
5.75918e-53
3.27729e-54
1.85053e-55
1.03237e-56
5.69747e-58
3.10837e-59
1.67439e-60
8.90625e-62
4.68433e-63
2.44226e-64
1.26765e-65
6.59514e-67
3.45503e-68
1.82776e-69
9.7911e-71
5.33306e-72
2.96319e-73
1.67456e-74
9.56897e-76
5.499e-77
3.16223e-78
1.81213e-79
1.0322e-80
5.83124e-82
3.26192e-83
2.26418e-84
9.22902e-16
4.29428e-15
1.17524e-14
2.56025e-14
4.98547e-14
9.50659e-14
1.86631e-13
3.764e-13
7.58372e-13
1.50162e-12
2.96937e-12
6.10884e-12
1.35358e-11
3.14426e-11
7.29144e-11
1.61939e-10
3.34195e-10
6.27386e-10
1.06025e-09
1.60234e-09
2.17048e-09
2.64145e-09
2.90922e-09
2.90647e-09
2.64315e-09
2.17178e-09
1.63845e-09
1.12676e-09
7.07508e-10
4.08003e-10
2.18059e-10
1.09152e-10
5.155e-11
2.2976e-11
9.60808e-12
3.72617e-12
1.31875e-12
4.19812e-13
1.19065e-13
2.99358e-14
6.66105e-15
1.31225e-15
2.29263e-16
3.56077e-17
4.93048e-18
6.10619e-19
6.78874e-20
6.80512e-21
6.18179e-22
5.11754e-23
3.63031e-24
2.52365e-25
1.64808e-26
1.01013e-27
5.8314e-29
3.20039e-30
1.69097e-31
8.71714e-33
4.44062e-34
2.25852e-35
1.15322e-36
5.9142e-38
3.03907e-39
1.56082e-40
8.10158e-42
4.49788e-43
2.69782e-44
1.68816e-45
1.04806e-46
6.45016e-48
3.93336e-49
2.37447e-50
1.41803e-51
8.36965e-53
4.87685e-54
2.74614e-55
1.53387e-56
8.45809e-58
4.61023e-59
2.48217e-60
1.31854e-61
6.90955e-63
3.57646e-64
1.83312e-65
9.34556e-67
4.77343e-68
2.45274e-69
1.27227e-70
6.68147e-72
3.56809e-73
1.94537e-74
1.08024e-75
6.07424e-77
3.43905e-78
1.95036e-79
1.10328e-80
6.20869e-82
3.46741e-83
1.91812e-84
1.31692e-85
1.70748e-16
7.84217e-16
2.12798e-15
4.58376e-15
8.8072e-15
1.65801e-14
3.22895e-14
6.51238e-14
1.32182e-13
2.65537e-13
5.34626e-13
1.13493e-12
2.56135e-12
6.0294e-12
1.41527e-11
3.18131e-11
6.64011e-11
1.25797e-10
2.13842e-10
3.24287e-10
4.40271e-10
5.36968e-10
5.91786e-10
5.91041e-10
5.36231e-10
4.38138e-10
3.28212e-10
2.23601e-10
1.38726e-10
7.87364e-11
4.1183e-11
2.00263e-11
9.11436e-12
3.88704e-12
1.54682e-12
5.69118e-13
1.91166e-13
5.79249e-14
1.5699e-14
3.78746e-15
8.11889e-16
1.54662e-16
2.62191e-17
3.96398e-18
5.35888e-19
6.49792e-20
7.09228e-21
6.99726e-22
6.27012e-23
5.12928e-24
3.59884e-25
2.47714e-26
1.60255e-27
9.73355e-29
5.56868e-30
3.0279e-31
1.5839e-32
8.07538e-34
4.06363e-35
2.03929e-36
1.02646e-37
5.18592e-39
2.62461e-40
1.32829e-41
6.81274e-43
3.74008e-44
2.22115e-45
1.37551e-46
8.45646e-48
5.15628e-49
3.11616e-50
1.86443e-51
1.10355e-52
6.45497e-54
3.72649e-55
2.0774e-56
1.1486e-57
6.26454e-59
3.37519e-60
1.79486e-61
9.4099e-63
4.86233e-64
2.47929e-65
1.25061e-66
6.26985e-68
3.14682e-69
1.58702e-70
8.07477e-72
4.15768e-73
2.17604e-74
1.1633e-75
6.34124e-77
3.50474e-78
1.95263e-79
1.09081e-80
6.08411e-82
3.37917e-83
1.86392e-84
1.01893e-85
6.91517e-87
2.86594e-17
1.29878e-16
3.49286e-16
7.42899e-16
1.40423e-15
2.59736e-15
4.98644e-15
9.98987e-15
2.03089e-14
4.1191e-14
8.48103e-14
1.83326e-13
4.18527e-13
9.92801e-13
2.3471e-12
5.31891e-12
1.12099e-11
2.14707e-11
3.68738e-11
5.64096e-11
7.70144e-11
9.43182e-11
1.04036e-10
1.0368e-10
9.35461e-11
7.56982e-11
5.60675e-11
3.76836e-11
2.30177e-11
1.28285e-11
6.56449e-12
3.10695e-12
1.36802e-12
5.61234e-13
2.13862e-13
7.51457e-14
2.41054e-14
6.99048e-15
1.81912e-15
4.22904e-16
8.76625e-17
1.62011e-17
2.67252e-18
3.94253e-19
5.21398e-20
6.19986e-21
6.65153e-22
6.46448e-23
5.7169e-24
4.62222e-25
3.20732e-26
2.18556e-27
1.40056e-28
8.42961e-30
4.77936e-31
2.57456e-32
1.33326e-33
6.72242e-35
3.34144e-36
1.65442e-37
8.20812e-39
4.08493e-40
2.0361e-41
1.01559e-42
5.14679e-44
2.79429e-45
1.64386e-46
1.0078e-47
6.13756e-49
3.70931e-50
2.22233e-51
1.31828e-52
7.73624e-54
4.48613e-55
2.56708e-56
1.41746e-57
7.76177e-59
4.1903e-60
2.23307e-61
1.17388e-62
6.07909e-64
3.10043e-65
1.55894e-66
7.74759e-68
3.82468e-69
1.88805e-70
9.35377e-72
4.67103e-73
2.35888e-74
1.20984e-75
6.33868e-77
3.38911e-78
1.83924e-79
1.00717e-80
5.53545e-82
3.04034e-83
1.66477e-84
9.06035e-86
4.8906e-87
3.27883e-88
4.36639e-18
1.95135e-17
5.19877e-17
1.08983e-16
2.02e-16
3.65358e-16
6.87211e-16
1.35865e-15
2.75161e-15
5.6057e-15
1.18012e-14
2.58061e-14
5.92853e-14
1.41005e-13
3.34088e-13
7.59289e-13
1.60746e-12
3.09867e-12
5.36204e-12
8.26632e-12
1.13504e-11
1.39532e-11
1.54043e-11
1.53145e-11
1.37357e-11
1.10026e-11
8.05598e-12
5.34261e-12
3.21475e-12
1.76156e-12
8.83744e-13
4.08419e-13
1.74734e-13
6.93165e-14
2.5439e-14
8.58784e-15
2.64586e-15
7.3805e-16
1.85219e-16
4.1649e-17
8.37554e-18
1.50591e-18
2.42302e-19
3.49488e-20
4.52928e-21
5.28917e-22
5.58435e-23
5.35119e-24
4.67338e-25
3.73602e-26
2.5644e-27
1.73019e-28
1.09843e-29
6.55207e-31
3.68169e-32
1.96483e-33
1.00731e-34
5.02307e-36
2.46649e-37
1.20501e-38
5.89297e-40
2.88877e-41
1.41802e-42
6.97178e-44
3.49081e-45
1.8747e-46
1.09309e-47
6.63622e-49
4.00528e-50
2.40044e-51
1.42605e-52
8.38875e-54
4.88205e-55
2.80751e-56
1.59302e-57
8.71586e-59
4.72939e-60
2.5285e-61
1.33385e-62
6.93649e-64
3.55156e-65
1.78953e-66
8.88263e-68
4.35452e-69
2.11958e-70
1.03011e-71
5.01839e-73
2.46147e-74
1.21981e-75
6.13234e-77
3.14803e-78
1.64992e-79
8.78368e-81
4.7222e-82
2.55015e-83
1.37758e-84
7.42709e-86
3.98404e-87
2.12157e-88
1.40416e-89
6.03705e-19
2.66698e-18
7.01527e-18
1.4464e-17
2.62041e-17
4.61374e-17
8.45492e-17
1.63881e-16
3.28915e-16
6.77053e-16
1.44013e-15
3.17121e-15
7.30056e-15
1.73399e-14
4.10064e-14
9.3062e-14
1.96949e-13
3.80154e-13
6.59899e-13
1.02159e-12
1.40777e-12
1.73357e-12
1.91402e-12
1.89814e-12
1.69321e-12
1.34386e-12
9.73909e-13
6.38254e-13
3.78969e-13
2.04565e-13
1.00853e-13
4.56485e-14
1.90482e-14
7.33941e-15
2.60705e-15
8.49961e-16
2.52766e-16
6.81254e-17
1.65517e-17
3.61205e-18
7.06719e-19
1.23928e-19
1.94916e-20
2.75405e-21
3.50357e-22
4.02412e-23
4.18663e-24
3.95974e-25
3.41788e-26
2.70329e-27
1.83628e-28
1.22701e-29
7.71924e-31
4.56416e-32
2.54206e-33
1.34413e-34
6.82246e-36
3.36515e-37
1.63274e-38
7.87257e-40
3.79529e-41
1.83251e-42
8.85836e-44
4.2935e-45
2.12419e-46
1.12879e-47
6.52755e-49
3.92623e-50
2.35098e-51
1.39714e-52
8.23005e-54
4.80154e-55
2.77178e-56
1.58118e-57
8.89891e-59
4.82624e-60
2.59598e-61
1.37522e-62
7.18531e-64
3.6994e-65
1.87436e-66
9.34026e-68
4.5819e-69
2.21853e-70
1.06609e-71
5.10631e-73
2.44884e-74
1.18089e-75
5.74655e-77
2.83345e-78
1.42522e-79
7.31918e-81
3.81952e-82
2.01386e-83
1.06728e-84
5.66304e-86
3.00207e-87
1.58542e-88
8.32124e-90
5.43294e-91
7.56132e-20
3.31331e-19
8.573e-19
1.73529e-18
3.06393e-18
5.22909e-18
9.2864e-18
1.75349e-17
3.46984e-17
7.20533e-17
1.54117e-16
3.40504e-16
7.82837e-16
1.8507e-15
4.35346e-15
9.83255e-15
2.07236e-14
3.9895e-14
6.91859e-14
1.07174e-13
1.4785e-13
1.82034e-13
2.0077e-13
1.98534e-13
1.7619e-13
1.38671e-13
9.95815e-14
6.45753e-14
3.78903e-14
2.01811e-14
9.79666e-15
4.35344e-15
1.77728e-15
6.67584e-16
2.30471e-16
7.28833e-17
2.10105e-17
5.49277e-18
1.29644e-18
2.75392e-19
5.25608e-20
9.00993e-21
1.38813e-21
1.92503e-22
2.40818e-23
2.72488e-24
2.7974e-25
2.61445e-26
2.23242e-27
1.74816e-28
1.17571e-29
7.78306e-31
4.85348e-32
2.84533e-33
1.57111e-34
8.23221e-36
4.13771e-37
2.01924e-38
9.6831e-40
4.6088e-41
2.19042e-42
1.04168e-43
4.95889e-45
2.36984e-46
1.15887e-47
6.09715e-49
3.49999e-50
2.08937e-51
1.24077e-52
7.30978e-54
4.26973e-55
2.47087e-56
1.41515e-57
8.0098e-59
4.47225e-60
2.40484e-61
1.28275e-62
6.73608e-64
3.4878e-65
1.77906e-66
8.92732e-68
4.40397e-69
2.13757e-70
1.02366e-71
4.86127e-73
2.29748e-74
1.08583e-75
5.15322e-77
2.46469e-78
1.19293e-79
5.88148e-81
2.95913e-82
1.51288e-83
7.81603e-85
4.06042e-86
2.11341e-87
1.10018e-88
5.71246e-90
2.95214e-91
1.89995e-92
8.5594e-21
3.72585e-20
9.4734e-20
1.8804e-19
3.22796e-19
5.31848e-19
9.107e-19
1.66655e-18
3.25932e-18
6.74877e-18
1.44587e-17
3.19493e-17
7.31433e-17
1.7163e-16
4.00478e-16
8.97612e-16
1.87887e-15
3.5968e-15
6.21194e-15
9.59947e-15
1.32255e-14
1.62591e-14
1.7895e-14
1.76356e-14
1.55707e-14
1.21587e-14
8.65862e-15
5.56113e-15
3.22813e-15
1.69865e-15
8.1315e-16
3.55455e-16
1.42324e-16
5.22727e-17
1.75995e-17
5.41828e-18
1.51961e-18
3.86649e-19
8.89243e-20
1.84366e-20
3.44081e-21
5.77859e-22
8.73881e-23
1.19175e-23
1.46867e-24
1.63975e-25
1.66339e-26
1.5379e-27
1.30022e-28
1.00876e-29
6.72014e-31
4.40882e-32
2.72629e-33
1.5853e-34
8.68124e-36
4.50896e-37
2.24488e-38
1.08422e-39
5.14007e-41
2.41526e-42
1.13162e-43
5.30003e-45
2.48491e-46
1.17127e-47
5.66391e-49
2.95317e-50
1.6868e-51
9.99478e-53
5.88312e-54
3.43602e-55
1.9904e-56
1.14267e-57
6.49416e-59
3.64764e-60
2.02092e-61
1.07765e-62
5.70185e-64
2.96931e-65
1.52435e-66
7.70822e-68
3.83386e-69
1.87415e-70
9.01113e-72
4.27368e-73
2.00751e-74
9.37244e-76
4.37026e-77
2.04348e-78
9.61536e-80
4.57301e-81
2.21154e-82
1.09035e-83
5.45992e-85
2.76197e-86
1.40505e-87
7.16484e-89
3.65783e-90
1.86489e-91
9.47853e-93
6.00824e-94
8.73906e-22
3.78427e-21
9.46763e-21
1.8394e-20
3.06375e-20
4.85496e-20
7.97664e-20
1.41153e-19
2.71101e-19
5.55814e-19
1.18799e-18
2.61788e-18
5.95324e-18
1.38332e-17
3.19392e-17
7.08843e-17
1.47045e-16
2.79286e-16
4.79238e-16
7.37131e-16
1.01228e-15
1.24145e-15
1.36232e-15
1.33725e-15
1.17449e-15
9.102e-16
6.43138e-16
4.09407e-16
2.3531e-16
1.22451e-16
5.78758e-17
2.49261e-17
9.80842e-18
3.53125e-18
1.16283e-18
3.49598e-19
9.56859e-20
2.37652e-20
5.34028e-21
1.08332e-21
1.98148e-22
3.26714e-23
4.8594e-24
6.52894e-25
7.93959e-26
8.7595e-27
8.79096e-28
8.04842e-29
6.74269e-30
5.18627e-31
3.42371e-32
2.22702e-33
1.3663e-34
7.88439e-36
4.28382e-37
2.20643e-38
1.08857e-39
5.2051e-41
2.43995e-42
1.13185e-43
5.22712e-45
2.41088e-46
1.11339e-47
5.17876e-49
2.47868e-50
1.28309e-51
7.30924e-53
4.29351e-54
2.50468e-55
1.45035e-56
8.33297e-58
4.74658e-59
2.67722e-60
1.49248e-61
8.20629e-63
4.34025e-64
2.27857e-65
1.1771e-66
5.99419e-68
3.00679e-69
1.48351e-70
7.19246e-72
3.42963e-73
1.61269e-74
7.4995e-76
3.4627e-77
1.59482e-78
7.35517e-80
3.40864e-81
1.59466e-82
7.57278e-84
3.66098e-85
1.79572e-86
8.89067e-88
4.42497e-89
2.20828e-90
1.10415e-91
5.52033e-93
2.75612e-94
1.71909e-95
8.03783e-23
3.46757e-22
8.56526e-22
1.62367e-21
2.61995e-21
3.97897e-21
6.24253e-21
1.06856e-20
1.99893e-20
4.02496e-20
8.53809e-20
1.87071e-19
4.21603e-19
9.68155e-19
2.20776e-18
4.84285e-18
9.94063e-18
1.87042e-17
3.18473e-17
4.86793e-17
6.65449e-17
8.13623e-17
8.89384e-17
8.69005e-17
7.59078e-17
5.83924e-17
4.09562e-17
2.5856e-17
1.4725e-17
7.58444e-18
3.54311e-18
1.50548e-18
5.83208e-19
2.06257e-19
6.65924e-20
1.96031e-20
5.25031e-21
1.2762e-21
2.80881e-22
5.58765e-23
1.00375e-23
1.62807e-24
2.38593e-25
3.16344e-26
3.80157e-27
4.14962e-28
4.12428e-29
3.74218e-30
3.10876e-31
2.37206e-32
1.55244e-33
1.00177e-34
6.10165e-36
3.49638e-37
1.88586e-38
9.63728e-40
4.71389e-41
2.23228e-42
1.03475e-43
4.7378e-45
2.1562e-46
9.79287e-48
4.45603e-49
2.04708e-50
9.71496e-52
5.01388e-53
2.8432e-54
1.65493e-55
9.56928e-57
5.49446e-58
3.13134e-59
1.77002e-60
9.90943e-62
5.48322e-63
2.99256e-64
1.57007e-65
8.18044e-67
4.19369e-68
2.11944e-69
1.05529e-70
5.16868e-72
2.48765e-73
1.17751e-74
5.49373e-76
2.53154e-77
1.15723e-78
5.2704e-80
2.40017e-81
1.0968e-82
5.05309e-84
2.35957e-85
1.11972e-86
5.38241e-88
2.60788e-89
1.26919e-90
6.19339e-92
3.03e-93
1.48369e-94
7.26671e-96
4.4542e-97
6.65994e-24
2.86564e-23
6.99487e-23
1.29629e-22
2.01936e-22
2.92988e-22
4.38317e-22
7.19867e-22
1.30634e-21
2.56715e-21
5.36346e-21
1.16387e-20
2.59362e-20
5.87503e-20
1.32115e-19
2.86086e-19
5.80397e-19
1.08122e-18
1.82611e-18
2.77289e-18
3.77232e-18
4.5919e-18
4.9942e-18
4.85394e-18
4.21573e-18
3.21932e-18
2.24222e-18
1.40453e-18
7.93066e-19
4.04635e-19
1.87013e-19
7.84922e-20
2.99812e-20
1.04353e-20
3.31044e-21
9.56421e-22
2.51265e-22
5.99144e-23
1.29444e-23
2.53048e-24
4.47296e-25
7.14936e-26
1.03397e-26
1.35474e-27
1.61073e-28
1.74129e-29
1.71538e-30
1.54367e-31
1.27246e-32
9.63786e-34
6.25665e-35
4.00783e-36
2.42535e-37
1.38102e-38
7.39926e-40
3.75382e-41
1.82131e-42
8.54424e-44
3.91621e-45
1.7693e-46
7.93276e-48
3.54795e-49
1.5918e-50
7.23614e-52
3.41982e-53
1.75847e-54
9.91644e-56
5.71996e-57
3.27863e-58
1.86691e-59
1.05554e-60
5.92168e-62
3.29077e-63
1.80763e-64
9.79299e-66
5.09779e-67
2.63675e-68
1.34195e-69
6.73459e-71
3.33084e-72
1.62063e-73
7.74902e-75
3.64374e-76
1.68756e-77
7.71287e-79
3.49403e-80
1.57523e-81
7.0922e-83
3.19932e-84
1.45329e-85
6.68354e-87
3.11808e-88
1.4703e-89
6.97496e-91
3.31975e-92
1.58368e-93
7.57345e-95
3.6266e-96
1.73961e-97
1.04615e-98
4.97826e-25
2.13761e-24
5.15639e-24
9.34388e-24
1.40508e-23
1.94196e-23
2.75136e-23
4.30917e-23
7.55777e-23
1.44643e-22
2.94641e-22
6.29275e-22
1.38305e-21
3.08578e-21
6.8353e-21
1.45967e-20
2.92684e-20
5.40335e-20
9.0558e-20
1.36599e-19
1.84799e-19
2.2359e-19
2.41689e-19
2.33504e-19
2.01585e-19
1.52819e-19
1.05722e-19
6.57385e-20
3.68244e-20
1.86247e-20
8.52394e-21
3.53794e-21
1.33431e-21
4.57843e-22
1.42991e-22
4.06305e-23
1.04931e-23
2.4598e-24
5.22736e-25
1.00609e-25
1.75296e-26
2.76526e-27
3.95202e-28
5.12288e-29
6.03223e-30
6.46389e-31
6.31621e-32
5.64118e-33
4.61725e-34
3.47396e-35
2.23823e-36
1.42437e-37
8.57092e-39
4.85321e-40
2.58473e-41
1.30262e-42
6.27225e-44
2.91545e-45
1.32104e-46
5.88688e-48
2.59982e-49
1.14563e-50
5.07811e-52
2.29388e-53
1.0804e-54
5.52629e-56
3.09848e-57
1.7714e-58
1.00665e-59
5.68486e-61
3.18936e-62
1.77603e-63
9.79685e-65
5.34235e-66
2.87352e-67
1.48448e-68
7.62507e-70
3.85453e-71
1.92221e-72
9.44889e-74
4.57002e-75
2.17222e-76
1.01521e-77
4.66958e-79
2.1185e-80
9.51924e-82
4.25253e-83
1.89509e-84
8.44981e-86
3.78877e-87
1.71918e-88
7.90079e-90
3.6606e-91
1.70234e-92
7.92885e-94
3.69715e-95
1.72637e-96
8.0717e-98
3.78545e-99
2.22939e-100
3.36392e-26
1.44133e-25
3.43378e-25
6.07683e-25
8.80552e-25
1.15549e-24
1.54205e-24
2.28908e-24
3.86315e-24
7.19361e-24
1.42614e-23
2.95957e-23
6.38099e-23
1.40038e-22
3.05421e-22
6.43713e-22
1.27775e-21
2.33844e-21
3.88787e-21
5.8243e-21
7.82402e-21
9.39809e-21
1.0089e-20
9.68428e-21
8.308e-21
6.25224e-21
4.29731e-21
2.65348e-21
1.47534e-21
7.40181e-22
3.35734e-22
1.37949e-22
5.14372e-23
1.74269e-23
5.36776e-24
1.50299e-24
3.82339e-25
8.82866e-26
1.84894e-26
3.50962e-27
6.03676e-28
9.41126e-29
1.3307e-29
1.70829e-30
1.9939e-31
2.11948e-32
2.05581e-33
1.82358e-34
1.48313e-35
1.10931e-36
7.09759e-38
4.49096e-39
2.68937e-40
1.51555e-41
8.02912e-43
4.02204e-44
1.92262e-45
8.8547e-47
3.96544e-48
1.74267e-49
7.58431e-51
3.29999e-52
1.45094e-53
6.52449e-55
3.05767e-56
1.55488e-57
8.66706e-59
4.91117e-60
2.76728e-61
1.55015e-62
8.63041e-64
4.77061e-65
2.61218e-66
1.41419e-67
7.5532e-69
3.87345e-70
1.97668e-71
9.9316e-73
4.92418e-74
2.40731e-75
1.15802e-76
5.47418e-78
2.5439e-79
1.16264e-80
5.2397e-82
2.33721e-83
1.03565e-84
4.57323e-86
2.01811e-87
8.94282e-89
4.01223e-90
1.82051e-91
8.30499e-93
3.79223e-94
1.73e-95
7.88449e-97
3.59196e-98
1.63778e-99
7.49672e-101
4.31531e-102
2.05861e-27
8.79751e-27
2.06759e-26
3.56695e-26
4.96825e-26
6.16753e-26
7.71063e-26
1.07773e-25
1.74003e-25
3.14578e-25
6.08075e-25
1.22468e-24
2.56476e-24
5.50386e-24
1.18111e-23
2.45852e-23
4.8288e-23
8.75394e-23
1.44354e-22
2.14589e-22
2.85967e-22
3.40844e-22
3.63249e-22
3.46315e-22
2.9517e-22
2.20505e-22
1.50603e-22
9.23757e-23
5.10034e-23
2.53981e-23
1.14264e-23
4.65239e-24
1.71717e-24
5.75256e-25
1.75037e-25
4.8382e-26
1.21454e-26
2.76756e-27
5.72161e-28
1.07281e-28
1.82426e-29
2.81415e-30
3.94093e-31
5.01513e-32
5.80723e-33
6.12839e-34
5.90497e-35
5.20612e-36
4.2105e-37
3.13307e-38
1.99191e-39
1.25425e-40
7.48132e-42
4.19916e-43
2.21442e-44
1.10307e-45
5.23525e-47
2.38866e-48
1.05726e-49
4.58615e-51
1.97213e-52
8.50558e-54
3.71793e-55
1.66267e-56
7.7426e-58
3.91423e-59
2.16872e-60
1.21803e-61
6.80506e-63
3.78133e-64
2.08948e-65
1.1464e-66
6.23119e-68
3.34937e-69
1.77665e-70
9.04698e-72
4.58934e-73
2.29326e-74
1.13118e-75
5.50246e-77
2.634e-78
1.23889e-79
5.72601e-81
2.60174e-82
1.16552e-83
5.1653e-85
2.2726e-86
9.95514e-88
4.35299e-89
1.90962e-90
8.49043e-92
3.81227e-93
1.71603e-94
7.70665e-96
3.44699e-97
1.53586e-98
6.82485e-100
3.03223e-101
1.35265e-102
7.59507e-104
1.14169e-28
4.86469e-28
1.12707e-27
1.89245e-27
2.52705e-27
2.95604e-27
3.43923e-27
4.49069e-27
6.88831e-27
1.20377e-26
2.2693e-26
4.46595e-26
9.11851e-26
1.90772e-25
4.00209e-25
8.17373e-25
1.58062e-24
2.83156e-24
4.62537e-24
6.81618e-24
9.00829e-24
1.06535e-23
1.12708e-23
1.06712e-23
9.03516e-24
6.70008e-24
4.54799e-24
2.77189e-24
1.52041e-24
7.51904e-25
3.35765e-25
1.35596e-25
4.95967e-26
1.64508e-26
4.95228e-27
1.35351e-27
3.3586e-28
7.56503e-29
1.54638e-29
2.86831e-30
4.82824e-31
7.37872e-32
1.02449e-32
1.29361e-33
1.48734e-34
1.55952e-35
1.49387e-36
1.31004e-37
1.05438e-38
7.81125e-40
4.93768e-41
3.09687e-42
1.84149e-43
1.03021e-44
5.41048e-46
2.68049e-47
1.263e-48
5.71039e-50
2.5019e-51
1.07466e-52
4.58391e-54
1.96441e-55
8.53457e-57
3.7905e-58
1.75287e-59
8.81144e-61
4.85058e-62
2.69974e-63
1.49539e-64
8.2425e-66
4.52042e-67
2.46153e-68
1.32815e-69
7.0886e-71
3.73508e-72
1.88928e-73
9.53302e-75
4.73993e-76
2.32728e-77
1.12705e-78
5.37092e-80
2.51468e-81
1.1563e-82
5.22619e-84
2.32864e-85
1.02619e-86
4.48738e-88
1.95224e-89
8.47049e-91
3.68715e-92
1.62823e-93
7.24943e-95
3.22605e-96
1.42717e-97
6.26564e-99
2.7312e-100
1.18407e-101
5.12399e-103
2.22495e-104
1.21652e-105
5.73217e-30
2.43796e-29
5.57461e-29
9.08253e-29
1.15793e-28
1.27245e-28
1.37199e-28
1.65594e-28
2.39087e-28
4.013e-28
7.37087e-28
1.42708e-27
2.85915e-27
5.84715e-27
1.19913e-26
2.40013e-26
4.55454e-26
8.02026e-26
1.29056e-25
1.87675e-25
2.45156e-25
2.87008e-25
3.01045e-25
2.82943e-25
2.37951e-25
1.75162e-25
1.18189e-25
7.15941e-26
3.90269e-26
1.91773e-26
8.50584e-27
3.40991e-27
1.23729e-27
4.06844e-28
1.21338e-28
3.28404e-29
8.06777e-30
1.79908e-30
3.6416e-31
6.69139e-32
1.11644e-32
1.69225e-33
2.33198e-34
2.92444e-35
3.34156e-36
3.484e-37
3.3203e-38
2.8983e-39
2.32303e-40
1.71468e-41
1.07837e-42
6.74311e-44
4.00028e-45
2.23171e-46
1.16756e-47
5.75456e-49
2.6943e-50
1.20976e-51
5.26458e-53
2.2475e-54
9.53171e-56
4.06004e-57
1.75155e-58
7.72e-60
3.54513e-61
1.77219e-62
9.68709e-64
5.34171e-65
2.93277e-66
1.60353e-67
8.72705e-69
4.71603e-70
2.5259e-71
1.33877e-72
7.00952e-74
3.52312e-75
1.76915e-76
8.75771e-78
4.28251e-79
2.0657e-80
9.80412e-82
4.57135e-83
2.0921e-84
9.4108e-86
4.17327e-87
1.83019e-88
7.96222e-90
3.44466e-91
1.48543e-92
6.4327e-94
2.82737e-95
1.25044e-96
5.51002e-98
2.40471e-99
1.03758e-100
4.42928e-102
1.87461e-103
7.90144e-105
3.33745e-106
1.77463e-107
2.60073e-31
1.1091e-30
2.49832e-30
3.93379e-30
4.77444e-30
4.9123e-30
4.89169e-30
5.43004e-30
7.2748e-30
1.16139e-29
2.07846e-29
3.96426e-29
7.82282e-29
1.57584e-28
3.1705e-28
6.2157e-28
1.15636e-27
1.99882e-27
3.16121e-27
4.52487e-27
5.82596e-27
6.73178e-27
6.97898e-27
6.49183e-27
5.4093e-27
3.94538e-27
2.64275e-27
1.58989e-27
8.61054e-28
4.20475e-28
1.85327e-28
7.38079e-29
2.6593e-29
8.67838e-30
2.56757e-30
6.89118e-31
1.6785e-31
3.71105e-32
7.44895e-33
1.35775e-33
2.24823e-34
3.38378e-35
4.6328e-36
5.77551e-37
6.56387e-38
6.81034e-39
6.4618e-40
5.61835e-41
4.48763e-42
3.30257e-43
2.06783e-44
1.29041e-45
7.64383e-47
4.25651e-48
2.22105e-49
1.091e-50
5.08842e-52
2.27577e-53
9.86515e-55
4.19377e-56
1.76945e-57
7.48882e-59
3.2066e-60
1.40246e-61
6.39699e-63
3.18011e-64
1.72503e-65
9.42099e-67
5.12561e-68
2.77975e-69
1.50101e-70
8.04884e-72
4.2794e-73
2.25285e-74
1.17251e-75
5.85809e-77
2.92894e-78
1.44435e-79
7.03777e-81
3.38293e-82
1.59977e-83
7.43122e-85
3.38649e-86
1.51693e-87
6.69935e-89
2.92616e-90
1.26795e-91
5.46149e-93
2.34562e-94
1.01301e-95
4.43997e-97
1.95352e-98
8.535e-100
3.67977e-101
1.56262e-102
6.54116e-104
2.70549e-105
1.11133e-106
4.56593e-108
2.35953e-109
1.06762e-32
4.57835e-32
1.01078e-31
1.5362e-31
1.77142e-31
1.70168e-31
1.55767e-31
1.58343e-31
1.95719e-31
2.92935e-31
5.07031e-31
9.53438e-31
1.86775e-30
3.70122e-30
7.29567e-30
1.40123e-29
2.55841e-29
4.3474e-29
6.76747e-29
9.5442e-29
1.21166e-28
1.38117e-28
1.41312e-28
1.29793e-28
1.06872e-28
7.70378e-29
5.11053e-29
3.0475e-29
1.63725e-29
7.93675e-30
3.47412e-30
1.37425e-30
4.91757e-31
1.59353e-31
4.68049e-32
1.24695e-32
3.01466e-33
6.61618e-34
1.31851e-34
2.38683e-35
3.92667e-36
5.87445e-37
7.99833e-38
9.92085e-39
1.12235e-39
1.15972e-40
1.0964e-41
9.50379e-43
7.57266e-44
5.56309e-45
3.47329e-46
2.16714e-47
1.28406e-48
7.15001e-50
3.72857e-51
1.82929e-52
8.51735e-54
3.80121e-55
1.64319e-56
6.95879e-58
2.92105e-59
1.22845e-60
5.22198e-62
2.26717e-63
1.02755e-64
5.07991e-66
2.73328e-67
1.47819e-68
7.96798e-70
4.28539e-71
2.29542e-72
1.22136e-73
6.4473e-75
3.37209e-76
1.74527e-77
8.67274e-79
4.31903e-80
2.12272e-81
1.03114e-82
4.94176e-84
2.32969e-85
1.07845e-86
4.89659e-88
2.1855e-89
9.6193e-91
4.18839e-92
1.8095e-93
7.77064e-95
3.3314e-96
1.43806e-97
6.29482e-99
2.75895e-100
1.19656e-101
5.10311e-103
2.13588e-104
8.7807e-106
3.55437e-107
1.42445e-108
5.69629e-110
2.86083e-111
3.98337e-34
1.70303e-33
3.68536e-33
5.40568e-33
5.91673e-33
5.29811e-33
4.44152e-33
4.10363e-33
4.66816e-33
6.55105e-33
1.08106e-32
2.00582e-32
3.86515e-32
7.49234e-32
1.44382e-31
2.71645e-31
4.87153e-31
8.14945e-31
1.25107e-30
1.74203e-30
2.18492e-30
2.46098e-30
2.48759e-30
2.25685e-30
1.83574e-30
1.30666e-30
8.5735e-31
5.06039e-31
2.69279e-31
1.29392e-31
5.6178e-32
2.20517e-32
7.83256e-33
2.51978e-33
7.34845e-34
1.94404e-34
4.66782e-35
1.01764e-35
2.01516e-36
3.62608e-37
5.93209e-38
8.82907e-39
1.19652e-39
1.47794e-40
1.6659e-41
1.71601e-42
1.61829e-43
1.4003e-44
1.11474e-45
8.18894e-47
5.1102e-48
3.19517e-49
1.89724e-50
1.05809e-51
5.52211e-53
2.70918e-54
1.2604e-55
5.61589e-57
2.42142e-58
1.02173e-59
4.26844e-61
1.78474e-62
7.53678e-64
3.24983e-65
1.46437e-66
7.20036e-68
3.842e-69
2.05787e-70
1.09917e-71
5.86168e-73
3.1142e-74
1.64428e-75
8.62002e-77
4.4812e-78
2.30768e-79
1.14128e-80
5.66346e-82
2.77525e-83
1.34451e-84
6.42757e-86
3.02245e-87
1.39506e-88
6.31458e-90
2.81016e-91
1.23358e-92
5.3592e-94
2.31109e-95
9.90889e-97
4.2498e-98
1.83698e-99
8.04197e-101
3.51458e-102
1.51476e-103
6.39868e-105
2.64368e-106
1.06914e-107
4.24293e-109
1.66165e-110
6.47589e-112
3.16313e-113
1.34211e-35
5.6957e-35
1.20926e-34
1.71303e-34
1.78023e-34
1.48583e-34
1.13858e-34
9.50047e-35
9.87279e-35
1.31446e-34
2.10274e-34
3.72401e-34
6.89019e-34
1.29865e-33
2.4402e-33
4.49083e-33
7.90588e-33
1.30217e-32
1.97266e-32
2.71502e-32
3.36938e-32
3.75677e-32
3.75886e-32
3.37474e-32
2.71605e-32
1.91106e-32
1.24111e-32
7.25284e-33
3.82228e-33
1.81977e-33
7.8322e-34
3.0491e-34
1.07453e-34
3.43088e-35
9.9335e-36
2.6098e-36
6.22523e-37
1.34876e-37
2.65534e-38
4.75238e-39
7.73671e-40
1.14648e-40
1.54782e-41
1.90572e-42
2.1425e-43
2.20273e-44
2.07491e-45
1.79491e-46
1.42986e-47
1.05213e-48
6.57701e-50
4.12735e-51
2.45857e-52
1.37433e-53
7.18206e-55
3.52484e-56
1.63905e-57
7.29333e-59
3.13789e-60
1.32001e-61
5.4925e-63
2.28508e-64
9.59287e-66
4.11067e-67
1.84283e-68
9.0156e-70
4.77172e-71
2.53283e-72
1.34126e-73
7.09349e-75
3.73858e-76
1.95942e-77
1.02047e-78
5.27607e-80
2.7054e-81
1.33253e-82
6.59328e-84
3.22223e-85
1.55772e-86
7.43167e-88
3.48743e-89
1.60591e-90
7.25164e-92
3.21994e-93
1.41078e-94
6.12203e-96
2.63817e-97
1.13103e-98
4.8612e-100
2.10752e-101
9.23604e-103
4.02811e-104
1.72701e-105
7.23508e-107
2.95541e-108
1.17789e-109
4.59188e-111
1.76091e-112
6.70057e-114
3.18772e-115
4.08028e-37
1.71119e-36
3.56622e-36
4.88485e-36
4.8268e-36
3.76091e-36
2.63491e-36
1.98129e-36
1.8883e-36
2.38859e-36
3.6804e-36
6.22129e-36
1.09283e-35
1.95878e-35
3.53435e-35
6.30748e-35
1.08724e-34
1.76047e-34
2.62922e-34
3.57523e-34
4.39049e-34
4.84883e-34
4.80762e-34
4.27788e-34
3.41246e-34
2.37751e-34
1.53089e-34
8.87116e-35
4.63582e-35
2.18886e-35
9.34535e-36
3.61009e-36
1.26275e-36
4.00294e-37
1.151e-37
3.00418e-38
7.12163e-39
1.53408e-39
3.00421e-40
5.35107e-41
8.6746e-42
1.28082e-42
1.72407e-43
2.11794e-44
2.37749e-45
2.44258e-46
2.3012e-47
1.99284e-48
1.59079e-49
1.17398e-50
7.36314e-52
4.64045e-53
2.77394e-54
1.55464e-55
8.13756e-57
3.99691e-58
1.8587e-59
8.26609e-61
3.55194e-62
1.49107e-63
6.18486e-65
2.56211e-66
1.06993e-67
4.55973e-69
2.03553e-70
9.91451e-72
5.20967e-73
2.74366e-74
1.44188e-75
7.56742e-77
3.95919e-78
2.06116e-79
1.06707e-80
5.4912e-82
2.80635e-83
1.37778e-84
6.80185e-86
3.31713e-87
1.60076e-88
7.62555e-90
3.57308e-91
1.64253e-92
7.40487e-94
3.28289e-95
1.43683e-96
6.23494e-98
2.6879e-99
1.1541e-100
4.97693e-102
2.16655e-103
9.50989e-105
4.14162e-106
1.76801e-107
7.35498e-109
2.97512e-110
1.17083e-111
4.49358e-113
1.69139e-114
6.29902e-116
2.92509e-117
1.12318e-38
4.62312e-38
9.44207e-38
1.25203e-37
1.17913e-37
8.61074e-38
5.55072e-38
3.79122e-38
3.31202e-38
3.92003e-38
5.71275e-38
9.1808e-38
1.53778e-37
2.63128e-37
4.55064e-37
7.8103e-37
1.29859e-36
2.03938e-36
2.96998e-36
3.96118e-36
4.80385e-36
5.24928e-36
5.15493e-36
4.54625e-36
3.59631e-36
2.48295e-36
1.58703e-36
9.13152e-37
4.73831e-37
2.22185e-37
9.42279e-38
3.61633e-38
1.2569e-38
3.95977e-39
1.13176e-39
2.93693e-40
6.92428e-41
1.48403e-41
2.89285e-42
5.13178e-43
8.29023e-44
1.22063e-44
1.63964e-45
2.01162e-46
2.25713e-47
2.31997e-48
2.1887e-49
1.89981e-50
1.52138e-51
1.12717e-52
7.10128e-54
4.49544e-55
2.69746e-56
1.51642e-57
7.95605e-59
3.91441e-60
1.82246e-61
8.10986e-63
3.48442e-64
1.46113e-65
6.04644e-67
2.49569e-68
1.03745e-69
4.40146e-71
1.95899e-72
9.51085e-74
4.96905e-75
2.60117e-76
1.3588e-77
7.08643e-79
3.68483e-80
1.90768e-81
9.828e-83
5.03913e-84
2.56977e-85
1.25884e-86
6.20573e-88
3.02207e-89
1.45665e-90
6.93228e-92
3.24544e-93
1.49033e-94
6.71312e-96
2.97386e-97
1.30135e-98
5.65339e-100
2.44058e-101
1.05109e-102
4.5512e-104
1.99049e-105
8.75227e-107
3.80774e-108
1.61974e-109
6.69904e-111
2.68778e-112
1.04658e-113
3.96412e-115
1.46855e-116
5.3684e-118
2.44039e-119
2.79728e-40
1.12958e-39
2.2579e-39
2.90251e-39
2.61523e-39
1.80069e-39
1.07539e-39
6.68427e-40
5.29062e-40
5.75509e-40
7.83139e-40
1.18723e-39
1.88849e-39
3.086e-39
5.12078e-39
8.46965e-39
1.36211e-38
2.07668e-38
2.94188e-38
3.8206e-38
4.50831e-38
4.80868e-38
4.62939e-38
4.03129e-38
3.15769e-38
2.15843e-38
1.36887e-38
7.82052e-39
4.03074e-39
1.87817e-39
7.91826e-40
3.02193e-40
1.04469e-40
3.27415e-41
9.31114e-42
2.40465e-42
5.64374e-43
1.20455e-43
2.33935e-44
4.13669e-45
6.66557e-46
9.79599e-47
1.31446e-47
1.61234e-48
1.81044e-49
1.86401e-50
1.76325e-51
1.53602e-52
1.23545e-53
9.1988e-55
5.82815e-56
3.70735e-57
2.23457e-58
1.26128e-59
6.6407e-61
3.27708e-62
1.52955e-63
6.81918e-65
2.93279e-66
1.2296e-67
5.08057e-69
2.09116e-70
8.66237e-72
3.66421e-73
1.62877e-74
7.89572e-76
4.11088e-77
2.14414e-78
1.11584e-79
5.7949e-81
3.00044e-82
1.54741e-83
7.94584e-85
4.06514e-86
2.07153e-87
1.01379e-88
4.99596e-90
2.43152e-91
1.17137e-92
5.57283e-94
2.60871e-95
1.19765e-96
5.39472e-98
2.38991e-99
1.04664e-100
4.55716e-102
1.97158e-103
8.52598e-105
3.70911e-106
1.62962e-107
7.17646e-109
3.11909e-110
1.32295e-111
5.44588e-113
2.17084e-114
8.38204e-116
3.14166e-117
1.14906e-118
4.13746e-120
1.84777e-121
6.25401e-42
2.49054e-41
4.87827e-41
6.08833e-41
5.26201e-41
3.42745e-41
1.90041e-41
1.07074e-41
7.57399e-42
7.45618e-42
9.37714e-42
1.33188e-41
2.00214e-41
3.11202e-41
4.94435e-41
7.87815e-41
1.22719e-40
1.81862e-40
2.51078e-40
3.18101e-40
3.66439e-40
3.81674e-40
3.58804e-40
3.04432e-40
2.32772e-40
1.55898e-40
9.77549e-41
5.53312e-41
2.82795e-41
1.30788e-41
5.4775e-42
2.07805e-42
7.14516e-43
2.22825e-43
6.30765e-44
1.62208e-44
3.79237e-45
8.06658e-46
1.56211e-46
2.75607e-47
4.43408e-48
6.51162e-49
8.73865e-50
1.07307e-50
1.20745e-51
1.24709e-52
1.18458e-53
1.03713e-54
8.38995e-56
6.28588e-57
4.01051e-58
2.56551e-59
1.55501e-60
8.82381e-62
4.66844e-63
2.31397e-64
1.08421e-65
4.84901e-67
2.09003e-68
8.77141e-70
3.62339e-71
1.48942e-72
6.15955e-74
2.60411e-75
1.15881e-76
5.62303e-78
2.9257e-79
1.52495e-80
7.92886e-82
4.11208e-83
2.12579e-84
1.09483e-85
5.6157e-87
2.87219e-88
1.46504e-89
7.17365e-91
3.53856e-92
1.72311e-93
8.30418e-95
3.95287e-96
1.85156e-97
8.50711e-99
3.83566e-100
1.70088e-101
7.46278e-103
3.25994e-104
1.41407e-105
6.14351e-107
2.68586e-108
1.18466e-109
5.22224e-111
2.26726e-112
9.59292e-114
3.93454e-115
1.56088e-116
5.9902e-118
2.22824e-119
8.07434e-121
2.8754e-122
1.26712e-123
1.22715e-43
4.8324e-43
9.2439e-43
1.11432e-42
9.19973e-43
5.65997e-43
2.91794e-43
1.49238e-43
9.3921e-44
8.2885e-44
9.55287e-44
1.26377e-43
1.78676e-43
2.63467e-43
3.9995e-43
6.13143e-43
9.24193e-43
1.33145e-42
1.79295e-42
2.22114e-42
2.50407e-42
2.5548e-42
2.35184e-42
1.95277e-42
1.4604e-42
9.54299e-43
5.83405e-43
3.22852e-43
1.62369e-43
7.42653e-44
3.08114e-44
1.15934e-44
3.95769e-45
1.2265e-45
3.4531e-46
8.83864e-47
2.05835e-47
4.36432e-48
8.43141e-49
1.48529e-49
2.38809e-50
3.50818e-51
4.71442e-52
5.80325e-53
6.55321e-54
6.79987e-55
6.49564e-56
5.72426e-57
4.66383e-58
3.52053e-59
2.26482e-60
1.45861e-61
8.9015e-63
5.08435e-64
2.70674e-65
1.34951e-66
6.35759e-68
2.85714e-69
1.23645e-70
5.20512e-72
2.15481e-73
8.8703e-75
3.67383e-76
1.55771e-77
6.96232e-79
3.39279e-80
1.77024e-81
9.25231e-83
4.82271e-84
2.50634e-85
1.29806e-86
6.69775e-88
3.44183e-89
1.76406e-90
9.02538e-92
4.4292e-93
2.19022e-94
1.06858e-95
5.15815e-97
2.45894e-98
1.15361e-99
5.31056e-101
2.39965e-102
1.06641e-103
4.69335e-105
2.05818e-106
8.95382e-108
3.90862e-109
1.71691e-110
7.59383e-112
3.34809e-113
1.45161e-114
6.1287e-116
2.50709e-117
9.91545e-119
3.79151e-120
1.40422e-121
5.06123e-123
1.79107e-124
7.83135e-126
1.79652e-45
6.89902e-45
1.25418e-44
1.42353e-44
1.10302e-44
6.37628e-45
3.08366e-45
1.46208e-45
8.38849e-46
6.74754e-46
7.20488e-46
8.95087e-46
1.20008e-45
1.69104e-45
2.46909e-45
3.66402e-45
5.36724e-45
7.54078e-45
9.92189e-45
1.20251e-44
1.32802e-44
1.32826e-44
1.19957e-44
9.77359e-45
7.17235e-45
4.59053e-45
2.74957e-45
1.49006e-45
7.32027e-46
3.26976e-46
1.33001e-46
4.93982e-47
1.66865e-47
5.12479e-48
1.43191e-48
3.64237e-49
8.44054e-50
1.783e-50
3.43579e-51
6.04402e-52
9.71514e-53
1.42844e-53
1.92348e-54
2.37527e-55
2.69382e-56
2.81025e-57
2.70147e-58
2.39744e-59
1.96807e-60
1.49722e-61
9.71356e-63
6.30127e-64
3.87323e-65
2.22754e-66
1.19382e-67
5.99181e-69
2.84152e-70
1.28522e-71
5.59559e-73
2.36866e-74
9.85565e-76
4.07672e-77
1.69728e-78
7.24437e-80
3.26441e-81
1.60347e-82
8.41614e-84
4.42295e-85
2.31748e-86
1.2103e-87
6.29808e-89
3.26517e-90
1.68561e-91
8.67615e-93
4.45966e-94
2.19582e-95
1.08963e-96
5.33196e-98
2.58063e-99
1.23316e-100
5.80003e-102
2.6783e-103
1.21454e-104
5.41689e-106
2.39435e-107
1.05461e-108
4.60349e-110
2.01903e-111
8.90656e-113
3.9457e-114
1.73817e-115
7.52158e-117
3.16886e-118
1.29379e-119
5.10855e-121
1.95068e-122
7.21482e-124
2.59687e-125
9.18151e-127
4.01858e-128
1.18382e-47
4.13623e-47
6.79943e-47
7.03279e-47
5.06854e-47
2.792e-47
1.30594e-47
5.97013e-48
3.2448e-48
2.44858e-48
2.4758e-48
2.95242e-48
3.84302e-48
5.3028e-48
7.63189e-48
1.12048e-47
1.62659e-47
2.26301e-47
2.94381e-47
3.52053e-47
3.83019e-47
3.76936e-47
3.34726e-47
2.68063e-47
1.93351e-47
1.21443e-47
7.14735e-48
3.80472e-48
1.83419e-48
8.03552e-49
3.20426e-49
1.16493e-49
3.866e-50
1.17352e-50
3.24816e-51
8.19973e-52
1.88899e-52
3.97306e-53
7.63309e-54
1.34034e-54
2.1529e-55
3.16638e-56
4.2691e-57
5.28324e-58
6.00987e-59
6.29327e-60
6.07617e-61
5.4183e-62
4.4704e-63
3.41841e-64
2.22934e-65
1.45356e-66
8.97756e-68
5.18461e-69
2.78998e-70
1.40666e-71
6.7049e-73
3.04927e-74
1.33517e-75
5.68547e-77
2.3809e-78
9.92217e-80
4.17032e-81
1.8037e-82
8.27846e-84
4.15575e-85
2.2024e-86
1.16514e-87
6.14408e-89
3.22846e-90
1.69005e-91
8.81341e-93
4.57519e-94
2.36655e-95
1.2227e-96
6.03853e-98
3.00751e-99
1.47712e-100
7.17664e-102
3.44243e-103
1.62581e-104
7.5433e-106
3.43868e-107
1.54197e-108
6.85543e-110
3.03672e-111
1.33204e-112
5.87692e-114
2.60525e-115
1.1564e-116
5.09181e-118
2.20019e-119
9.25586e-121
3.77541e-122
1.49041e-123
5.69366e-125
2.10813e-126
7.60275e-128
2.70105e-129
1.22226e-130
)
;

boundaryField
{
    AXIS
    {
        type            empty;
    }
    OUTLET
    {
        type            zeroGradient;
    }
    COFLOW
    {
        type            fixedValue;
        value           uniform 0;
    }
    PILOT
    {
        type            fixedValue;
        value           uniform 0;
    }
    FUEL
    {
        type            fixedValue;
        value           uniform 0;
    }
    WALL
    {
        type            zeroGradient;
    }
    front
    {
        type            wedge;
    }
    back
    {
        type            wedge;
    }
}


// ************************************************************************* //
