/*--------------------------------*- C++ -*----------------------------------*\
  =========                 |
  \\      /  F ield         | OpenFOAM: The Open Source CFD Toolbox
   \\    /   O peration     | Website:  https://openfoam.org
    \\  /    A nd           | Version:  6
     \\/     M anipulation  |
\*---------------------------------------------------------------------------*/
FoamFile
{
    version     2.0;
    format      ascii;
    class       volScalarField;
    location    "0.005";
    object      Yc;
}
// * * * * * * * * * * * * * * * * * * * * * * * * * * * * * * * * * * * * * //

dimensions      [0 0 0 0 0 0 0];

internalField   nonuniform List<scalar> 
8000
(
1.76477e-11
8.95894e-11
2.77018e-10
6.80529e-10
1.6517e-09
4.19233e-09
9.90144e-09
2.05955e-08
3.90756e-08
7.1209e-08
1.20222e-07
1.91557e-07
3.01083e-07
4.87378e-07
9.09472e-07
2.0124e-06
4.93026e-06
1.24586e-05
2.93633e-05
7.5199e-05
0.000232832
0.000866837
0.0035437
0.0102124
0.0250729
0.0452489
0.0665234
0.0894804
0.111326
0.130197
0.145731
0.156718
0.162706
0.165912
0.168052
0.17039
0.17299
0.175731
0.178417
0.181159
0.183924
0.18682
0.190046
0.191712
0.179873
0.123427
0.070556
0.0507285
0.0292784
0.00903194
0.00148418
0.000156135
1.15945e-05
6.33254e-07
2.70277e-08
9.23559e-10
2.5301e-11
5.50024e-13
9.40916e-15
1.26882e-16
1.41732e-18
1.81506e-20
5.49947e-22
3.0673e-23
1.91123e-24
1.21879e-25
8.59046e-27
6.51874e-28
4.93868e-29
3.73018e-30
2.81436e-31
2.12396e-32
1.60461e-33
1.21417e-34
9.20006e-36
6.88668e-37
5.16431e-38
3.87939e-39
2.91268e-40
2.17975e-41
1.62283e-42
1.20072e-43
8.82146e-45
6.42704e-46
4.63772e-47
3.3124e-48
2.34304e-49
1.64356e-50
1.14575e-51
7.96615e-53
5.54512e-54
3.85537e-55
2.66652e-56
1.82955e-57
1.24318e-58
8.35657e-60
5.55212e-61
3.64408e-62
2.36574e-63
1.8977e-64
6.69526e-11
3.295e-10
7.54398e-10
1.68267e-09
3.06481e-09
7.2977e-09
1.8134e-08
4.08317e-08
8.10979e-08
1.51999e-07
2.53693e-07
3.87536e-07
5.76307e-07
8.84614e-07
1.52116e-06
3.09326e-06
7.17234e-06
1.76005e-05
3.85651e-05
8.68479e-05
0.00023931
0.000923921
0.00648913
0.012238
0.0265313
0.0440977
0.0634074
0.0874227
0.110401
0.129516
0.145264
0.156428
0.16243
0.165518
0.167566
0.169977
0.172745
0.17564
0.178456
0.181308
0.184062
0.186958
0.190112
0.191742
0.180313
0.125129
0.0649306
0.0425853
0.022968
0.00685095
0.00116573
0.000126359
9.44314e-06
5.21471e-07
2.2564e-08
7.82633e-10
2.17506e-11
4.7923e-13
8.30428e-15
1.13518e-16
1.29368e-18
1.73092e-20
5.46896e-22
3.07149e-23
1.91254e-24
1.21885e-25
8.58887e-27
6.51656e-28
4.93573e-29
3.7263e-30
2.80977e-31
2.11904e-32
1.59969e-33
1.20954e-34
9.15833e-36
6.8508e-37
5.13437e-38
3.85496e-39
2.89315e-40
2.16444e-41
1.61105e-42
1.19181e-43
8.75517e-45
6.37841e-46
4.60254e-47
3.2873e-48
2.32535e-49
1.63121e-50
1.13723e-51
7.90773e-53
5.50521e-54
3.82797e-55
2.64772e-56
1.81672e-57
1.23449e-58
8.2983e-60
5.51351e-61
3.61883e-62
2.34953e-63
1.88613e-64
2.62532e-10
2.138e-09
2.60556e-09
7.5463e-09
8.23351e-09
1.66788e-08
4.19069e-08
1.03426e-07
2.29821e-07
4.41052e-07
7.4727e-07
1.08522e-06
1.46183e-06
2.16817e-06
3.31321e-06
6.23823e-06
1.34358e-05
3.12591e-05
6.55495e-05
0.000121386
0.000263972
0.000781632
0.0032702
0.00830756
0.0201258
0.0379306
0.0535038
0.0818646
0.107499
0.127592
0.143975
0.155662
0.16175
0.164648
0.16653
0.169115
0.1723
0.175532
0.178592
0.181576
0.184383
0.187245
0.190264
0.191813
0.181041
0.127618
0.0570311
0.0303582
0.0131076
0.00412517
0.000635663
6.47927e-05
5.04594e-06
2.97113e-07
1.34909e-08
4.85773e-10
1.39198e-11
3.14939e-13
5.59568e-15
7.87225e-17
9.47966e-19
1.46692e-20
5.30534e-22
3.05595e-23
1.90595e-24
1.21539e-25
8.58273e-27
6.5143e-28
4.93197e-29
3.72042e-30
2.80214e-31
2.11036e-32
1.5907e-33
1.20085e-34
9.0787e-36
6.78141e-37
5.07585e-38
3.80683e-39
2.8544e-40
2.13387e-41
1.58739e-42
1.17384e-43
8.62078e-45
6.27945e-46
4.53069e-47
3.2359e-48
2.28904e-49
1.60584e-50
1.1197e-51
7.7874e-53
5.42291e-54
3.77149e-55
2.60901e-56
1.79031e-57
1.21663e-58
8.17872e-60
5.43437e-61
3.5671e-62
2.31624e-63
1.86153e-64
1.93175e-10
1.50153e-09
4.44683e-09
9.26195e-09
1.9198e-08
4.28019e-08
1.01378e-07
2.42585e-07
5.71054e-07
1.21909e-06
2.30982e-06
3.15556e-06
3.91685e-06
5.00702e-06
7.3421e-06
1.30814e-05
2.67512e-05
6.11721e-05
0.000124551
0.000202032
0.000342297
0.000748173
0.00238038
0.00608808
0.0152753
0.0331082
0.0558014
0.080407
0.107081
0.128727
0.14272
0.154542
0.160639
0.163376
0.165114
0.167932
0.171833
0.175571
0.178979
0.182055
0.18488
0.187686
0.190491
0.191916
0.181848
0.126839
0.0517079
0.0205004
0.00748671
0.00201117
0.000285091
2.83024e-05
2.29729e-06
1.41574e-07
6.66235e-09
2.473e-10
7.28024e-12
1.68941e-13
3.08316e-15
4.50976e-17
5.99489e-19
1.18471e-20
5.09712e-22
3.02545e-23
1.89344e-24
1.21008e-25
8.57655e-27
6.51293e-28
4.92833e-29
3.71364e-30
2.7927e-31
2.09927e-32
1.579e-33
1.1894e-34
8.97283e-36
6.68862e-37
4.9972e-38
3.74188e-39
2.80197e-40
2.0924e-41
1.55523e-42
1.14935e-43
8.43731e-45
6.1441e-46
4.43225e-47
3.16537e-48
2.23916e-49
1.57094e-50
1.09553e-51
7.62122e-53
5.30889e-54
3.69305e-55
2.55515e-56
1.75353e-57
1.19173e-58
8.01189e-60
5.32389e-61
3.49483e-62
2.26963e-63
1.82621e-64
4.2332e-10
4.43298e-09
1.99447e-08
3.36623e-08
7.60238e-08
1.43834e-07
3.11067e-07
6.6073e-07
1.40086e-06
2.88057e-06
6.67096e-06
8.33571e-06
8.92697e-06
1.13416e-05
1.66564e-05
2.74683e-05
5.44849e-05
0.00011691
0.00026039
0.000367981
0.000514957
0.000888233
0.00210848
0.00522325
0.013276
0.0295673
0.0514137
0.0698297
0.0965739
0.118863
0.138548
0.152581
0.159004
0.161957
0.163803
0.166465
0.171586
0.175969
0.179686
0.182777
0.185619
0.188316
0.190771
0.192056
0.18264
0.127868
0.0486682
0.015467
0.00446331
0.00101201
0.00013237
1.28873e-05
1.04933e-06
6.47081e-08
3.06383e-09
1.14973e-10
3.43254e-12
8.10555e-14
1.51738e-15
2.3436e-17
3.66745e-19
9.84181e-21
4.91628e-22
2.98857e-23
1.87779e-24
1.20381e-25
8.56731e-27
6.50893e-28
4.92221e-29
3.70431e-30
2.78061e-31
2.0855e-32
1.56471e-33
1.17555e-34
8.84551e-36
6.57748e-37
4.90316e-38
3.66432e-39
2.7394e-40
2.04293e-41
1.51688e-42
1.12014e-43
8.21829e-45
5.98239e-46
4.31458e-47
3.08098e-48
2.17941e-49
1.52908e-50
1.06648e-51
7.42093e-53
5.17093e-54
3.59785e-55
2.48962e-56
1.70871e-57
1.16135e-58
7.80808e-60
5.1888e-61
3.40639e-62
2.21249e-63
1.78205e-64
6.55771e-10
7.42102e-09
3.31136e-08
9.33102e-08
2.20089e-07
4.9678e-07
9.83784e-07
1.89268e-06
3.52928e-06
5.98066e-06
9.27154e-06
1.33644e-05
1.76345e-05
2.47081e-05
3.64278e-05
5.57628e-05
0.000105635
0.000215101
0.000565858
0.000705419
0.00088716
0.00124917
0.00230668
0.00584655
0.0142192
0.0279892
0.046127
0.0684091
0.089302
0.111585
0.133314
0.151346
0.15734
0.160517
0.163482
0.167356
0.172193
0.176923
0.180818
0.183806
0.186655
0.189207
0.191034
0.192243
0.183321
0.131446
0.0485092
0.0135031
0.00317885
0.000602035
7.36948e-05
6.95815e-06
5.38547e-07
3.18361e-08
1.46808e-09
5.43752e-11
1.61979e-12
3.85992e-14
7.4368e-16
1.24934e-17
2.45543e-19
8.70238e-21
4.7765e-22
2.94837e-23
1.8595e-24
1.19602e-25
8.54477e-27
6.49378e-28
4.90731e-29
3.68803e-30
2.76301e-31
2.06734e-32
1.54694e-33
1.15892e-34
8.69609e-36
6.44909e-37
4.79566e-38
3.5763e-39
2.66875e-40
1.98728e-41
1.47383e-42
1.08739e-43
7.97288e-45
5.8012e-46
4.18269e-47
2.98632e-48
2.11231e-49
1.48201e-50
1.03376e-51
7.19459e-53
5.01442e-54
3.48952e-55
2.4149e-56
1.65752e-57
1.1266e-58
7.57483e-60
5.03407e-61
3.30502e-62
2.14689e-63
1.73062e-64
2.33684e-09
2.69187e-08
1.14122e-07
3.32901e-07
8.01203e-07
1.79144e-06
3.24685e-06
5.776e-06
9.87868e-06
1.5297e-05
2.17008e-05
3.0726e-05
4.07256e-05
5.57955e-05
7.80535e-05
0.000110344
0.000194217
0.000420546
0.00118363
0.00134296
0.00163229
0.00202869
0.00316936
0.00753834
0.0193698
0.0289425
0.0411834
0.0596754
0.0820141
0.106856
0.129703
0.145978
0.154099
0.159121
0.163364
0.167995
0.173234
0.178383
0.182503
0.185095
0.188044
0.19038
0.192247
0.192593
0.183816
0.13627
0.0491409
0.0126513
0.00261691
0.000442109
5.1771e-05
4.68564e-06
3.34934e-07
1.85607e-08
8.17762e-10
2.95427e-11
8.77546e-13
2.13849e-14
4.36412e-16
8.27455e-18
1.99333e-19
8.18993e-21
4.6668e-22
2.9028e-23
1.83656e-24
1.18482e-25
8.49168e-27
6.45449e-28
4.87406e-29
3.65807e-30
2.73533e-31
2.04184e-32
1.52385e-33
1.13847e-34
8.51898e-36
6.30098e-37
4.67398e-38
3.47801e-39
2.59065e-40
1.92618e-41
1.4268e-42
1.05171e-43
7.70594e-45
5.60425e-46
4.03936e-47
2.88339e-48
2.0393e-49
1.43073e-50
9.9804e-52
6.94678e-53
4.84247e-54
3.37021e-55
2.33247e-56
1.60098e-57
1.0882e-58
7.31682e-60
4.86282e-61
3.19278e-62
2.07417e-63
1.67302e-64
1.30818e-08
1.2566e-07
4.76617e-07
1.29406e-06
2.91306e-06
6.19865e-06
1.02601e-05
1.7492e-05
2.72326e-05
4.18662e-05
5.31661e-05
7.34039e-05
9.43296e-05
0.000129189
0.000164058
0.0002123
0.000328495
0.000813586
0.00267338
0.00265918
0.0030645
0.00368081
0.00483851
0.00912412
0.0171063
0.0251284
0.0370045
0.0560658
0.0815699
0.108171
0.129185
0.143633
0.152304
0.158395
0.163633
0.169001
0.174821
0.180393
0.184789
0.187547
0.189898
0.191756
0.193404
0.192994
0.184059
0.140415
0.0486748
0.0117358
0.00237121
0.000370546
4.17613e-05
3.58616e-06
2.41761e-07
1.28284e-08
5.57112e-10
2.06772e-11
6.61248e-13
1.80517e-14
4.20577e-16
8.87699e-18
2.14972e-19
8.26469e-21
4.58453e-22
2.84743e-23
1.80535e-24
1.16756e-25
8.38778e-27
6.3758e-28
4.81132e-29
3.60651e-30
2.69216e-31
2.00539e-32
1.49312e-33
1.11272e-34
8.30552e-36
6.12825e-37
4.53556e-38
3.36825e-39
2.5046e-40
1.85953e-41
1.37584e-42
1.01325e-43
7.41895e-45
5.39284e-46
3.88563e-47
2.77299e-48
1.96093e-49
1.37563e-50
9.59598e-52
6.67953e-53
4.65655e-54
3.24095e-55
2.24305e-56
1.53961e-57
1.04649e-58
7.0365e-60
4.6767e-61
3.07074e-62
1.99505e-63
1.60993e-64
6.38081e-08
5.7125e-07
1.89808e-06
4.7513e-06
9.9599e-06
1.98666e-05
3.04898e-05
5.16205e-05
7.26746e-05
0.000109779
0.000132876
0.00017546
0.000216355
0.000278435
0.000331157
0.000405212
0.000580354
0.00136132
0.00579816
0.00519266
0.00596294
0.00722005
0.00808678
0.0125431
0.0181547
0.0259301
0.0388742
0.0596205
0.0889863
0.114731
0.129461
0.142715
0.151647
0.158517
0.164487
0.170541
0.176904
0.182995
0.187677
0.19035
0.191887
0.193154
0.194584
0.193417
0.183576
0.139824
0.0457754
0.0111917
0.00209535
0.000316739
3.38637e-05
2.794e-06
1.86708e-07
1.01588e-08
4.88911e-10
2.18918e-11
8.76246e-13
2.92435e-14
7.80242e-16
1.68208e-17
3.37651e-19
9.46246e-21
4.56653e-22
2.77893e-23
1.76194e-24
1.14151e-25
8.21411e-27
6.24356e-28
4.70878e-29
3.52607e-30
2.62844e-31
1.9546e-32
1.45253e-33
1.08028e-34
8.04687e-36
5.92559e-37
4.37732e-38
3.24528e-39
2.40966e-40
1.78684e-41
1.32073e-42
9.71877e-44
7.11151e-45
5.16691e-46
3.72156e-47
2.65521e-48
1.87731e-49
1.31682e-50
9.18517e-52
6.39349e-53
4.45719e-54
3.10219e-55
2.14698e-56
1.47365e-57
1.00165e-58
6.73508e-60
4.47651e-61
2.93947e-62
1.90992e-63
1.54173e-64
3.40039e-07
2.60771e-06
7.37495e-06
1.66702e-05
3.27113e-05
6.09757e-05
8.75123e-05
0.000138607
0.000200483
0.000272786
0.000332029
0.000422109
0.00052353
0.000618715
0.000682759
0.000807236
0.00107769
0.00250286
0.00815423
0.00865273
0.0112444
0.0134912
0.0150465
0.0194013
0.0237502
0.0318926
0.0466471
0.0679095
0.0949473
0.117954
0.132706
0.144266
0.152305
0.159569
0.16615
0.172427
0.179474
0.186221
0.191136
0.193711
0.1947
0.195548
0.195911
0.193842
0.182718
0.134435
0.0428389
0.00988835
0.00177818
0.000262197
2.73043e-05
2.25703e-06
1.55169e-07
9.87366e-09
6.45141e-10
3.94774e-11
1.95731e-12
7.34317e-14
2.05277e-15
4.32382e-17
7.33819e-19
1.35666e-20
4.74185e-22
2.69954e-23
1.70342e-24
1.10469e-25
7.95736e-27
6.04812e-28
4.55947e-29
3.41184e-30
2.54082e-31
1.88721e-32
1.40059e-33
1.04017e-34
7.737e-36
5.68929e-37
4.19705e-38
3.10779e-39
2.30507e-40
1.70767e-41
1.26121e-42
9.27473e-44
6.78296e-45
4.92613e-46
3.54698e-47
2.53002e-48
1.78846e-49
1.25431e-50
8.74834e-52
6.08906e-53
4.2448e-54
2.95424e-55
2.04452e-56
1.40328e-57
9.53809e-59
6.41345e-60
4.26288e-61
2.79935e-62
1.81903e-63
1.46873e-64
2.0305e-06
1.27636e-05
3.04985e-05
5.95853e-05
0.000107119
0.000187198
0.000256365
0.000366439
0.000543842
0.000694444
0.000877913
0.00106197
0.00130362
0.00146599
0.00154505
0.00168974
0.00197761
0.00364474
0.00895876
0.0134834
0.019069
0.0239061
0.0263799
0.0307742
0.0341623
0.0431911
0.0598283
0.080067
0.103792
0.122273
0.134998
0.145019
0.153511
0.161538
0.168899
0.175854
0.182694
0.189898
0.195089
0.197629
0.198306
0.197966
0.197269
0.194225
0.181358
0.1274
0.0392129
0.00863911
0.0015264
0.000219633
2.24387e-05
1.86613e-06
1.44368e-07
1.34014e-08
1.30894e-09
9.87518e-11
5.31443e-12
2.04147e-13
5.68129e-15
1.16304e-16
1.80435e-18
2.47007e-20
5.40769e-22
2.62196e-23
1.62893e-24
1.05634e-25
7.61359e-27
5.78678e-28
4.36157e-29
3.2626e-30
2.4285e-31
1.80271e-32
1.33698e-33
9.92217e-35
7.37475e-36
5.41869e-37
3.99439e-38
2.9556e-39
2.19074e-40
1.622e-41
1.19729e-42
8.80054e-44
6.43353e-45
4.67076e-46
3.36216e-47
2.39762e-48
1.69454e-49
1.18826e-50
8.28661e-52
5.76715e-53
4.02007e-54
2.79766e-55
1.93604e-56
1.32878e-57
9.03157e-59
6.07292e-60
4.03667e-61
2.65096e-62
1.72276e-63
1.39125e-64
1.42602e-05
7.14205e-05
0.000144619
0.00023451
0.000379189
0.000576342
0.000748633
0.00103375
0.00161704
0.00205713
0.00258754
0.00300545
0.00363772
0.00376622
0.00374093
0.00382419
0.00395862
0.00587939
0.0113171
0.0181883
0.0283294
0.0353716
0.0411979
0.0456444
0.048295
0.0580323
0.0750605
0.0929625
0.112503
0.125889
0.136696
0.146555
0.155658
0.16421
0.172661
0.180632
0.186652
0.194395
0.19954
0.201951
0.202033
0.200196
0.198502
0.194537
0.179425
0.118001
0.0340825
0.00750597
0.00129807
0.000179051
1.79678e-05
1.59639e-06
1.61761e-07
2.5221e-08
3.24072e-09
2.62051e-10
1.41262e-11
5.32783e-13
1.44586e-14
2.87017e-16
4.23086e-18
4.9479e-20
7.02e-22
2.56851e-23
1.53997e-24
9.97193e-26
7.18935e-27
5.46473e-28
4.119e-29
3.08125e-30
2.29356e-31
1.70257e-32
1.26272e-33
9.37088e-35
6.96468e-36
5.11676e-37
3.77126e-38
2.78997e-39
2.06751e-40
1.53037e-41
1.12934e-42
8.29874e-44
6.06502e-45
4.40208e-46
3.16801e-47
2.25869e-48
1.59604e-49
1.119e-50
7.80252e-52
5.42959e-53
3.78438e-54
2.6334e-55
1.82224e-56
1.25062e-57
8.50016e-59
5.71562e-60
3.7993e-61
2.49523e-62
1.62171e-63
1.30984e-64
0.000124282
0.000417027
0.000758882
0.0010322
0.00143091
0.00182178
0.0023125
0.0033553
0.00774833
0.00731518
0.00805492
0.00870813
0.00998038
0.0101073
0.00959436
0.00919853
0.00899251
0.0110106
0.0155893
0.0253364
0.0401516
0.0498441
0.0576557
0.061283
0.0642856
0.0746572
0.0909762
0.106003
0.118787
0.129374
0.138999
0.149029
0.158828
0.16852
0.177584
0.186036
0.191689
0.199174
0.204333
0.206518
0.205802
0.202604
0.199851
0.19475
0.176815
0.105139
0.0281305
0.00633785
0.00110336
0.000147297
1.45368e-05
1.3667e-06
2.16214e-07
5.44136e-08
7.9851e-09
6.45189e-10
3.32692e-11
1.20198e-12
3.13785e-14
6.00873e-16
8.51168e-18
9.17617e-20
9.786e-22
2.55004e-23
1.43964e-24
9.2932e-26
6.70069e-27
5.0942e-28
3.84083e-29
2.87434e-30
2.14064e-31
1.58998e-32
1.17997e-33
8.76244e-35
6.5164e-36
4.78972e-37
3.53166e-38
2.61348e-39
1.93705e-40
1.43387e-41
1.05809e-42
7.77428e-44
5.68082e-45
4.12245e-46
2.96618e-47
2.11437e-48
1.49378e-49
1.04712e-50
7.30013e-52
5.07927e-53
3.53975e-54
2.4629e-55
1.70412e-56
1.16949e-57
7.94851e-59
5.34469e-60
3.55284e-61
2.3335e-62
1.51673e-63
1.2252e-64
0.00125862
0.002373
0.00387814
0.00524604
0.00632871
0.00701934
0.00777212
0.00970775
0.013506
0.0163071
0.0202268
0.0219981
0.0244433
0.0251265
0.0227843
0.020498
0.0196835
0.0199603
0.0234224
0.0352208
0.053009
0.0648375
0.0730151
0.0767236
0.0807782
0.0916996
0.102742
0.114658
0.12377
0.132444
0.14205
0.152747
0.162793
0.173794
0.183427
0.192004
0.19781
0.204728
0.209516
0.211178
0.209638
0.205373
0.201428
0.194822
0.173284
0.0902118
0.0248925
0.00512702
0.000893482
0.000117157
1.14757e-05
1.17008e-06
2.56281e-07
1.06117e-07
1.79221e-08
1.37464e-09
6.48437e-11
2.19719e-12
5.45391e-14
1.00118e-15
1.36426e-17
1.39717e-19
1.277e-21
2.52354e-23
1.33081e-24
8.55735e-26
6.1702e-27
4.69224e-28
3.53961e-29
2.65089e-30
1.97607e-31
1.46934e-32
1.09172e-33
8.1167e-35
6.04304e-36
4.44608e-37
3.28109e-38
2.42967e-39
1.80166e-40
1.33404e-41
9.84549e-43
7.23401e-44
5.28562e-45
3.83512e-46
2.75894e-47
1.96627e-48
1.38887e-49
9.73384e-51
6.78479e-52
4.71992e-53
3.28881e-54
2.288e-55
1.58295e-56
1.08626e-57
7.38253e-59
4.96409e-60
3.29991e-61
2.16749e-62
1.40896e-63
1.13825e-64
0.0146913
0.0122654
0.0200095
0.0216806
0.0228165
0.019497
0.0215597
0.024953
0.0259685
0.0304865
0.0372565
0.0419861
0.0474909
0.0496183
0.045648
0.0397484
0.0351084
0.031463
0.0342792
0.047058
0.0668011
0.0789847
0.0866567
0.0896599
0.0941233
0.103507
0.111825
0.121285
0.128861
0.13577
0.146402
0.157583
0.168257
0.180036
0.189891
0.198251
0.20446
0.210952
0.214747
0.21561
0.213397
0.208021
0.20275
0.194742
0.168607
0.0753699
0.0211632
0.00415709
0.000727542
9.32311e-05
9.01993e-06
9.79053e-07
2.61278e-07
1.313e-07
3.3716e-08
2.14525e-09
9.54645e-11
3.08119e-12
7.31269e-14
1.28724e-15
1.68643e-17
1.65723e-19
1.40236e-21
2.4028e-23
1.2158e-24
7.79825e-26
5.62303e-27
4.27776e-28
3.22921e-29
2.42087e-30
1.80686e-31
1.34546e-32
1.00123e-33
7.4556e-35
5.55913e-36
4.09532e-37
3.02568e-38
2.24255e-39
1.66399e-40
1.23262e-41
9.09908e-43
6.68602e-44
4.88498e-45
3.54396e-46
2.54899e-47
1.81625e-48
1.28261e-49
8.98698e-51
6.26278e-52
4.35589e-53
3.03458e-54
2.1108e-55
1.46017e-56
1.00192e-57
6.80891e-59
4.57829e-60
3.0435e-61
1.99917e-62
1.29967e-63
1.05004e-64
0.110416
0.056592
0.054354
0.0464634
0.0512853
0.043976
0.04956
0.0525295
0.048157
0.0486961
0.0499497
0.0587156
0.0714504
0.0796482
0.0777188
0.0707772
0.0615918
0.0532751
0.0539487
0.0659788
0.084003
0.0956474
0.101947
0.103083
0.106278
0.11303
0.120776
0.129233
0.137531
0.145872
0.156022
0.166657
0.177202
0.189027
0.198033
0.206192
0.212592
0.218558
0.221355
0.220826
0.217907
0.211099
0.204498
0.194434
0.16156
0.06025
0.0164297
0.00319314
0.000534862
6.6996e-05
6.45027e-06
7.31995e-07
2.16326e-07
1.24745e-07
5.03037e-08
3.15643e-09
1.33174e-10
4.01371e-12
8.85549e-14
1.45072e-15
1.77582e-17
1.63768e-19
1.30142e-21
2.13523e-23
1.07626e-24
6.90184e-26
4.97728e-27
3.78854e-28
2.86273e-29
2.14915e-30
1.60686e-31
1.1989e-32
8.94057e-34
6.67168e-35
4.98459e-36
3.67838e-37
2.72173e-38
2.01965e-39
1.49986e-40
1.11164e-41
8.20828e-43
6.03186e-44
4.40667e-45
3.19632e-46
2.29834e-47
1.63717e-48
1.15577e-49
8.09567e-51
5.63993e-52
3.9216e-53
2.73133e-54
1.89943e-55
1.31371e-56
9.01291e-58
6.12442e-59
4.11777e-60
2.73727e-61
1.79804e-62
1.16898e-63
9.44492e-65
0.223244
0.124258
0.114155
0.0999903
0.0858277
0.0754373
0.0845599
0.0870084
0.077308
0.0732544
0.0788043
0.0827253
0.0951564
0.107536
0.11159
0.108209
0.0960952
0.0824802
0.0793226
0.0872608
0.10325
0.114641
0.1182
0.117677
0.118309
0.125336
0.133221
0.141159
0.150391
0.158888
0.168943
0.178489
0.188652
0.199256
0.207852
0.216014
0.221935
0.22736
0.228842
0.226706
0.222776
0.214889
0.206321
0.193599
0.151831
0.0475407
0.0122133
0.00244009
0.000389007
4.73203e-05
4.42372e-06
4.50072e-07
9.50567e-08
4.13759e-08
1.09543e-08
8.73533e-10
4.18665e-11
1.36845e-12
3.20163e-14
5.49282e-16
7.00114e-18
6.8194e-20
6.58765e-22
1.63976e-23
9.22244e-25
5.94523e-26
4.28813e-27
3.26581e-28
2.47039e-29
1.85745e-30
1.39137e-31
1.04032e-32
7.77527e-34
5.81481e-35
4.35321e-36
3.21788e-37
2.3844e-38
1.77121e-39
1.31628e-40
9.75929e-42
7.20688e-43
5.29528e-44
3.86745e-45
2.8041e-46
2.01537e-47
1.43491e-48
1.01249e-49
7.08866e-51
4.93617e-52
3.43085e-53
2.38863e-54
1.66055e-55
1.14816e-56
7.87532e-58
5.35043e-59
3.5969e-60
2.39082e-61
1.5704e-62
1.021e-63
8.24934e-65
0.300226
0.211264
0.191258
0.169315
0.141285
0.123391
0.130913
0.132172
0.122096
0.121583
0.124741
0.131933
0.139671
0.149104
0.150216
0.143298
0.12993
0.114132
0.106223
0.110392
0.122826
0.131384
0.133744
0.133444
0.134995
0.142388
0.15082
0.158866
0.167561
0.174487
0.182195
0.190072
0.19971
0.209069
0.218327
0.225434
0.231646
0.23629
0.236231
0.232621
0.227249
0.218172
0.207696
0.192143
0.137863
0.037426
0.00923507
0.00178012
0.000279988
3.32132e-05
3.01008e-06
2.69472e-07
3.7746e-08
1.04707e-08
2.05974e-09
1.74285e-10
8.893e-12
3.07251e-13
7.5605e-15
1.36162e-16
1.83776e-18
2.04185e-20
3.16078e-22
1.29761e-23
7.88869e-25
5.10186e-26
3.67989e-27
2.80355e-28
2.12233e-29
1.59752e-30
1.19828e-31
8.97285e-33
6.71652e-34
5.03033e-35
3.77074e-36
2.79007e-37
2.06894e-38
1.53756e-39
1.14282e-40
8.47241e-42
6.2547e-43
4.59357e-44
3.35308e-45
2.42965e-46
1.74511e-47
1.24169e-48
8.75604e-50
6.12668e-51
4.26394e-52
2.96213e-53
2.06133e-54
1.4324e-55
9.90042e-57
6.78866e-58
4.61096e-59
3.09914e-60
2.05963e-61
1.35271e-62
8.79429e-64
7.10506e-65
0.325028
0.296956
0.283665
0.256637
0.219152
0.19236
0.193075
0.192647
0.185589
0.19327
0.202181
0.215467
0.220712
0.21851
0.203477
0.186269
0.16801
0.147299
0.138084
0.136166
0.145547
0.152231
0.151457
0.150926
0.153106
0.161682
0.171561
0.17863
0.185131
0.190541
0.195757
0.202142
0.210958
0.2192
0.228079
0.234982
0.241318
0.24456
0.243606
0.238508
0.231636
0.221108
0.208213
0.190512
0.120725
0.0310911
0.00678559
0.00131643
0.000202846
2.35157e-05
2.08951e-06
1.70065e-07
1.61081e-08
2.56661e-09
3.74533e-10
3.07673e-11
1.59996e-12
5.71384e-14
1.46399e-15
2.77904e-17
4.15916e-19
6.4567e-21
1.96211e-22
1.07965e-23
6.75817e-25
4.37428e-26
3.1545e-27
2.40332e-28
1.81984e-29
1.37046e-30
1.02856e-31
7.70679e-33
5.77223e-34
4.32521e-35
3.24324e-36
2.39997e-37
1.77949e-38
1.32206e-39
9.82168e-41
7.27679e-42
5.36801e-43
3.9391e-44
2.87287e-45
2.07987e-46
1.4926e-47
1.06115e-48
7.47715e-50
5.22806e-51
3.63613e-52
2.52447e-53
1.75576e-54
1.21943e-55
8.42452e-57
5.77432e-58
3.92065e-59
2.63439e-60
1.75035e-61
1.14936e-62
7.47127e-64
6.03544e-65
0.330774
0.359375
0.374041
0.366223
0.327249
0.290624
0.286461
0.284269
0.27988
0.294312
0.306861
0.310131
0.305216
0.287672
0.262402
0.234308
0.210181
0.184289
0.166485
0.166039
0.166754
0.169627
0.168274
0.168051
0.170904
0.180827
0.188726
0.194123
0.20062
0.205686
0.208354
0.213079
0.221197
0.228495
0.23645
0.243595
0.250397
0.251902
0.250067
0.243886
0.235323
0.223485
0.20799
0.185816
0.101323
0.0243025
0.00513664
0.000974737
0.000146157
1.68448e-05
1.50192e-06
1.18401e-07
8.81087e-09
7.92798e-10
7.81937e-11
5.79936e-12
3.0272e-13
1.13661e-14
3.16087e-16
6.81693e-18
1.31306e-19
3.37259e-21
1.53664e-22
9.19192e-24
5.78795e-25
3.74512e-26
2.6997e-27
2.05612e-28
1.55657e-29
1.172e-30
8.79466e-32
6.58828e-33
4.93308e-34
3.69496e-35
2.76917e-36
2.04769e-37
1.51702e-38
1.12598e-39
8.35626e-41
6.18419e-42
4.55677e-43
3.33992e-44
2.43309e-45
1.75954e-46
1.26139e-47
8.95892e-49
6.30689e-50
4.40609e-51
3.06207e-52
2.12441e-53
1.47654e-54
1.02487e-55
7.07644e-57
4.84793e-58
3.29022e-59
2.20995e-60
1.46787e-61
9.63602e-63
6.26237e-64
5.05787e-65
0.332182
0.393977
0.433069
0.455068
0.44399
0.416543
0.414951
0.413293
0.407409
0.413924
0.40577
0.381442
0.35184
0.322014
0.29454
0.267799
0.240159
0.212575
0.193915
0.192884
0.192798
0.187608
0.187533
0.186857
0.18827
0.195859
0.202411
0.20684
0.213787
0.218037
0.218775
0.223002
0.229361
0.235758
0.24448
0.251087
0.257732
0.259411
0.256112
0.24864
0.238364
0.22504
0.206611
0.17939
0.0851746
0.0188031
0.00392579
0.000724301
0.000106765
1.24057e-05
1.16506e-06
9.71858e-08
6.97687e-09
4.71824e-10
3.54126e-11
2.82334e-12
1.83911e-13
8.7273e-15
2.9817e-16
7.53786e-18
1.54757e-19
3.52733e-21
1.37663e-22
7.88732e-24
4.9374e-25
3.19162e-26
2.29933e-27
1.7501e-28
1.32409e-29
9.96337e-31
7.47154e-32
5.59294e-33
4.1843e-34
3.13112e-35
2.34409e-36
1.73126e-37
1.28094e-38
9.49454e-40
7.03631e-41
5.19994e-42
3.82611e-43
2.80047e-44
2.03737e-45
1.47147e-46
1.05361e-47
7.47476e-49
5.2566e-50
3.66882e-51
2.54747e-52
1.76596e-53
1.22647e-54
8.50692e-56
5.86996e-57
4.01904e-58
2.72623e-59
1.83029e-60
1.21519e-61
7.97435e-63
5.18084e-64
4.1832e-65
0.332364
0.406788
0.46193
0.503124
0.522957
0.523573
0.532104
0.531304
0.513817
0.486938
0.439571
0.385838
0.340675
0.310406
0.291247
0.274338
0.256232
0.235058
0.217456
0.210982
0.206371
0.202392
0.202616
0.207056
0.206276
0.211297
0.214631
0.217793
0.222264
0.226834
0.227788
0.231317
0.237026
0.242453
0.251154
0.257512
0.264724
0.265005
0.261194
0.252198
0.241013
0.225937
0.202955
0.166585
0.0688711
0.014527
0.00301108
0.000543673
7.9001e-05
9.26696e-06
9.23705e-07
1.02279e-07
7.53028e-09
5.03983e-10
5.00149e-11
6.79882e-12
5.5495e-13
2.85122e-14
9.86933e-16
2.40863e-17
4.33845e-19
6.67015e-21
1.47869e-22
6.85257e-24
4.18012e-25
2.69609e-26
1.94086e-27
1.47609e-28
1.11591e-29
8.3902e-31
6.28655e-32
4.70165e-33
3.514e-34
2.62666e-35
1.96407e-36
1.44863e-37
1.07031e-38
7.9216e-40
5.86173e-41
4.32529e-42
3.17769e-43
2.32238e-44
1.6871e-45
1.2168e-46
8.70116e-48
6.16542e-49
4.33086e-50
3.01952e-51
2.09459e-52
1.45071e-53
1.00667e-54
6.97676e-56
4.81055e-57
3.29147e-58
2.23133e-59
1.4972e-60
9.93536e-62
6.51687e-63
4.23223e-64
3.41601e-65
0.331855
0.407244
0.4685
0.516662
0.550473
0.568971
0.577098
0.563545
0.521936
0.457677
0.387585
0.329232
0.290303
0.270087
0.262808
0.259422
0.253931
0.245225
0.23356
0.227225
0.222049
0.21703
0.213985
0.214361
0.216577
0.223849
0.228096
0.226604
0.227935
0.229697
0.231474
0.237738
0.243406
0.247896
0.255697
0.263004
0.26989
0.269425
0.264661
0.25526
0.243112
0.226109
0.197211
0.15003
0.0540746
0.0112831
0.00232893
0.000412965
5.90587e-05
6.92009e-06
7.20278e-07
9.20066e-08
7.0807e-09
5.26089e-10
1.05511e-10
2.76593e-11
2.14748e-12
1.02612e-13
3.30421e-15
7.50441e-17
1.23555e-18
1.55371e-20
2.03708e-22
6.16301e-24
3.50574e-25
2.24999e-26
1.61824e-27
1.22972e-28
9.28935e-30
6.97917e-31
5.22548e-32
3.90512e-33
2.9163e-34
2.17792e-35
1.62688e-36
1.19851e-37
8.84397e-39
6.53677e-40
4.8301e-41
3.5588e-42
2.61064e-43
1.90508e-44
1.3819e-45
9.95253e-47
7.10712e-48
5.02938e-49
3.52855e-50
2.45736e-51
1.70282e-52
1.17822e-53
8.16822e-55
5.65596e-56
3.89661e-57
2.6641e-58
1.80477e-59
1.2102e-60
8.02611e-62
5.26168e-63
3.41539e-64
2.75546e-65
0.330551
0.40199
0.461311
0.506689
0.536766
0.549142
0.537653
0.498033
0.43433
0.359318
0.295112
0.252683
0.229864
0.222728
0.226127
0.234228
0.240623
0.242668
0.240591
0.238636
0.238717
0.230844
0.226207
0.224565
0.226924
0.232157
0.233927
0.232382
0.231483
0.231755
0.233862
0.239322
0.245395
0.252118
0.260295
0.267694
0.273205
0.273054
0.267765
0.257717
0.244436
0.225652
0.189156
0.13047
0.0416557
0.00877187
0.00181239
0.000316128
4.42371e-05
5.14967e-06
5.35917e-07
5.48886e-08
4.16388e-09
3.76348e-10
1.66252e-10
1.09174e-10
6.57715e-12
2.67845e-13
7.68459e-15
1.5934e-16
2.42167e-18
2.75284e-20
2.78083e-22
5.64457e-24
2.90628e-25
1.85219e-26
1.3308e-27
1.01047e-28
7.62802e-30
5.72776e-31
4.28643e-32
3.20189e-33
2.38999e-34
1.78389e-35
1.33165e-36
9.80163e-38
7.22573e-39
5.33474e-40
3.93702e-41
2.89689e-42
2.12207e-43
1.54629e-44
1.12e-45
8.05456e-47
5.74367e-48
4.05903e-49
2.84411e-50
1.97832e-51
1.36933e-52
9.46465e-54
6.55485e-55
4.5344e-56
3.12108e-57
2.13206e-58
1.44321e-59
9.67052e-61
6.40919e-62
4.19903e-63
2.72404e-64
2.19651e-65
0.327958
0.39244
0.444791
0.480846
0.495139
0.484364
0.444151
0.383489
0.315582
0.253149
0.208783
0.184883
0.176698
0.180314
0.191755
0.207473
0.222518
0.233264
0.239648
0.241818
0.241077
0.238997
0.238325
0.234611
0.23459
0.239299
0.239811
0.235737
0.233084
0.232371
0.234655
0.239854
0.247283
0.255722
0.264441
0.271534
0.276291
0.275973
0.270123
0.259453
0.244575
0.222758
0.178077
0.109192
0.0321487
0.00683326
0.00141339
0.00024185
3.31632e-05
3.82795e-06
3.72412e-07
3.1718e-08
2.29302e-09
2.23529e-10
9.92599e-11
3.14373e-11
2.364e-12
1.10245e-13
3.48809e-15
7.81598e-17
1.26954e-18
1.54699e-20
1.77741e-22
4.36548e-24
2.35684e-25
1.50451e-26
1.08009e-27
8.19473e-29
6.18265e-30
4.64062e-31
3.47198e-32
2.59306e-33
1.93522e-34
1.44412e-35
1.07765e-36
7.92738e-38
5.83991e-39
4.30773e-40
3.1757e-41
2.33386e-42
1.70735e-43
1.24234e-44
8.98527e-46
6.45236e-47
4.5945e-48
3.24237e-49
2.26884e-50
1.57617e-51
1.08966e-52
7.52312e-54
5.20452e-55
3.59651e-56
2.47305e-57
1.68782e-58
1.14151e-59
7.64273e-61
5.06142e-62
3.31367e-63
2.14825e-64
1.73115e-65
0.323028
0.37602
0.417306
0.439997
0.434245
0.398286
0.33878
0.273203
0.215316
0.170965
0.144751
0.134416
0.135972
0.14658
0.16331
0.183473
0.203881
0.220678
0.232844
0.23975
0.241576
0.242448
0.244019
0.240703
0.239455
0.237754
0.236445
0.236104
0.232588
0.231419
0.234192
0.239838
0.248505
0.258931
0.268038
0.274437
0.278774
0.278167
0.27159
0.260332
0.243587
0.218577
0.163583
0.0895675
0.0242496
0.00529567
0.00109664
0.000183758
2.47372e-05
2.83088e-06
2.60038e-07
2.02639e-08
1.35676e-09
1.14452e-10
3.42947e-11
7.14704e-12
6.09402e-13
3.09962e-14
1.05222e-15
2.5097e-17
4.34772e-19
5.89397e-21
9.15239e-23
3.24352e-24
1.88721e-25
1.20875e-26
8.67041e-28
6.57315e-29
4.95653e-30
3.7191e-31
2.7821e-32
2.07773e-33
1.55059e-34
1.15702e-35
8.63233e-37
6.34729e-38
4.67316e-39
3.44434e-40
2.53667e-41
1.86205e-42
1.36041e-43
9.88482e-45
7.1387e-46
5.11864e-47
3.63938e-48
2.5646e-49
1.79206e-50
1.24328e-51
8.5844e-53
5.91959e-54
4.0904e-55
2.82343e-56
1.93939e-57
1.32227e-58
8.93442e-60
5.97652e-61
3.95466e-62
2.58704e-63
1.67595e-64
1.34961e-65
0.313609
0.347477
0.372066
0.379521
0.357731
0.307993
0.245548
0.188334
0.1449
0.116017
0.101883
0.0995896
0.106554
0.12094
0.140639
0.163277
0.186603
0.207101
0.223105
0.233994
0.238916
0.241658
0.245091
0.242862
0.242873
0.235806
0.232665
0.235424
0.229945
0.228953
0.232829
0.239167
0.248751
0.259065
0.268931
0.276298
0.280556
0.279581
0.272046
0.260077
0.24129
0.212413
0.145642
0.0694146
0.0185361
0.00409754
0.00084301
0.000138191
1.82998e-05
2.0657e-06
1.80507e-07
1.36029e-08
8.67195e-10
6.03766e-11
1.05072e-11
1.65535e-12
1.40754e-13
7.39074e-15
2.61141e-16
6.53167e-18
1.2208e-19
2.02813e-21
5.08445e-23
2.46873e-24
1.50216e-25
9.63503e-27
6.90461e-28
5.22991e-29
3.94118e-30
2.95602e-31
2.21075e-32
1.65082e-33
1.23187e-34
9.19048e-36
6.85497e-37
5.03781e-38
3.70662e-39
2.72958e-40
2.00814e-41
1.47226e-42
1.07415e-43
7.79329e-45
5.61956e-46
4.02307e-47
2.85598e-48
2.00949e-49
1.40211e-50
9.71384e-52
6.69811e-53
4.61298e-54
3.1836e-55
2.19486e-56
1.50591e-57
1.02563e-58
6.92301e-60
4.6266e-61
3.05865e-62
1.99919e-63
1.29409e-64
1.04132e-65
0.295768
0.299158
0.302655
0.298181
0.270479
0.222616
0.170575
0.127945
0.0984369
0.0808392
0.0740185
0.0760366
0.0855115
0.101448
0.122407
0.14631
0.171047
0.193536
0.211835
0.224928
0.233291
0.236229
0.237715
0.237782
0.237397
0.231034
0.227236
0.228085
0.224814
0.225205
0.230929
0.237926
0.248192
0.258898
0.269251
0.277283
0.28164
0.280169
0.271427
0.258084
0.237654
0.203491
0.125419
0.0572026
0.0139871
0.00314367
0.000640415
0.000102781
1.34129e-05
1.49527e-06
1.27888e-07
9.45295e-09
5.8965e-10
3.54391e-11
3.43163e-12
3.91731e-13
3.09211e-14
1.61504e-15
5.84179e-17
1.5465e-18
3.35976e-20
8.27039e-22
3.36874e-23
1.92492e-24
1.19161e-25
7.64144e-27
5.47001e-28
4.13905e-29
3.11655e-30
2.33601e-31
1.74617e-32
1.30335e-33
9.7218e-35
7.24969e-36
5.40427e-37
3.96852e-38
2.91721e-39
2.14591e-40
1.57676e-41
1.15438e-42
8.40948e-44
6.0916e-45
4.3853e-46
3.13428e-47
2.2214e-48
1.56051e-49
1.08718e-50
7.52104e-52
5.17889e-53
3.56196e-54
2.45507e-55
1.69047e-56
1.15845e-57
7.8809e-59
5.31393e-60
3.54767e-61
2.34313e-62
1.53013e-63
9.89626e-65
7.95688e-66
0.262855
0.229222
0.214625
0.205639
0.183297
0.148643
0.113537
0.0862141
0.0681402
0.0582718
0.0557752
0.059892
0.0701621
0.0862354
0.107257
0.131491
0.15675
0.180236
0.199624
0.21359
0.222734
0.227177
0.22809
0.228159
0.226521
0.223818
0.221327
0.219727
0.218335
0.220613
0.228691
0.236148
0.246984
0.25813
0.268877
0.277529
0.28206
0.279886
0.269569
0.254174
0.23035
0.190385
0.104789
0.0436701
0.0104437
0.00239076
0.000481033
7.56854e-05
9.74841e-06
1.07045e-06
9.16292e-08
6.82133e-09
4.28606e-10
2.40391e-11
1.49751e-12
1.10175e-13
7.229e-15
3.58512e-16
1.32922e-17
3.98202e-19
1.1859e-20
4.68745e-22
2.50913e-23
1.51707e-24
9.43218e-26
6.04277e-27
4.32046e-28
3.26525e-29
2.4559e-30
1.83897e-31
1.37338e-32
1.02419e-33
7.63273e-35
5.68645e-36
4.23455e-37
3.10576e-38
2.28001e-39
1.67478e-40
1.22868e-41
8.98068e-43
6.53114e-44
4.72268e-45
3.39383e-46
2.42142e-47
1.71325e-48
1.20157e-49
8.35793e-51
5.77335e-52
3.96983e-53
2.7267e-54
1.87688e-55
1.29069e-56
8.83403e-58
6.0028e-59
4.04313e-60
2.69648e-61
1.77922e-62
1.16083e-63
7.50141e-65
6.02644e-66
0.202768
0.144753
0.125667
0.120293
0.109669
0.0920284
0.0734373
0.0584961
0.0485822
0.0436032
0.0435839
0.0485569
0.0586518
0.0739965
0.0942244
0.118
0.143133
0.166968
0.186742
0.200871
0.209855
0.215178
0.216389
0.216329
0.216306
0.214075
0.212174
0.210709
0.211376
0.2156
0.224853
0.233783
0.245154
0.256652
0.267852
0.277175
0.281831
0.278667
0.266363
0.24843
0.220626
0.170596
0.0843333
0.0341885
0.00785997
0.00180899
0.000357823
5.52073e-05
7.0057e-06
7.58639e-07
6.76449e-08
5.22469e-09
3.34751e-10
1.8263e-11
9.21584e-13
4.68793e-14
2.33553e-15
1.03947e-16
4.04136e-18
1.51007e-19
6.42343e-21
3.33427e-22
1.95492e-23
1.1993e-24
7.4569e-26
4.77192e-27
3.40761e-28
2.57175e-29
1.93158e-30
1.44435e-31
1.07717e-32
8.02168e-34
5.96944e-35
4.44054e-36
3.30148e-37
2.4172e-38
1.77135e-39
1.29872e-40
9.50978e-42
6.93745e-43
5.03539e-44
3.63401e-45
2.6065e-46
1.85621e-47
1.31097e-48
9.17832e-50
6.37338e-51
4.39512e-52
3.01735e-53
2.06941e-54
1.4224e-55
9.76818e-57
6.6773e-58
4.53208e-59
3.0494e-60
2.03189e-61
1.33963e-62
8.73425e-64
5.64085e-65
4.52917e-66
0.00776226
0.0186144
0.0290777
0.0369825
0.0403462
0.0394935
0.0362514
0.0327055
0.0302926
0.0299594
0.0322706
0.0377994
0.047207
0.0609718
0.0791112
0.100729
0.123871
0.146368
0.165286
0.178791
0.187026
0.191814
0.194046
0.194633
0.19493
0.194141
0.193962
0.196034
0.200272
0.207433
0.217799
0.229339
0.241044
0.25316
0.265346
0.27574
0.280368
0.275027
0.258819
0.236012
0.19986
0.132919
0.0588847
0.0182214
0.00448339
0.00104042
0.000197307
2.94421e-05
3.66035e-06
3.90617e-07
3.34388e-08
2.50645e-09
1.58213e-10
8.58338e-12
4.13264e-13
1.83436e-14
7.77124e-16
3.26264e-17
1.43085e-18
6.90566e-20
3.70726e-21
2.146e-22
1.29385e-23
7.96159e-25
4.94082e-26
3.15559e-27
2.24826e-28
1.69199e-29
1.26706e-30
9.44531e-32
7.02143e-33
5.21122e-34
3.86433e-35
2.86401e-36
2.12122e-37
1.54675e-38
1.12884e-39
8.24214e-41
6.01012e-42
4.36622e-43
3.15606e-44
2.26845e-45
1.6206e-46
1.14966e-47
8.08964e-49
5.64389e-50
3.90629e-51
2.6856e-52
1.83844e-53
1.25742e-54
8.61992e-56
5.90425e-57
4.02583e-58
2.72577e-59
1.82967e-60
1.21631e-61
8.00079e-63
5.20474e-64
3.35413e-65
2.6869e-66
0.000824876
0.00294539
0.00596097
0.00934661
0.0124064
0.0146354
0.0159118
0.0166696
0.0175854
0.019291
0.0223253
0.0272867
0.0348761
0.0458394
0.0604492
0.0782213
0.0976935
0.116841
0.133893
0.146815
0.154826
0.159542
0.162395
0.164899
0.16762
0.170533
0.174333
0.180594
0.188377
0.197879
0.209424
0.22187
0.233962
0.246976
0.260511
0.271705
0.274968
0.264408
0.241313
0.210184
0.161229
0.0867508
0.0367477
0.0102701
0.00255539
0.000576556
0.000104603
1.51491e-05
1.84578e-06
1.92514e-07
1.57699e-08
1.14114e-09
7.09638e-11
3.8651e-12
1.89104e-13
8.53742e-15
3.68823e-16
1.60916e-17
7.50784e-19
3.84754e-20
2.13722e-21
1.25108e-22
7.54846e-24
4.63249e-25
2.86341e-26
1.82213e-27
1.2927e-28
9.68145e-30
7.21269e-31
5.34727e-32
3.952e-33
2.91529e-34
2.14812e-35
1.58165e-36
1.16364e-37
8.4264e-39
6.10765e-40
4.42916e-41
3.20819e-42
2.31548e-43
1.66306e-44
1.18793e-45
8.43596e-47
5.95013e-48
4.16383e-49
2.88987e-50
1.99043e-51
1.36227e-52
9.28643e-54
6.3268e-55
4.32118e-56
2.9494e-57
2.00428e-58
1.35271e-59
9.05244e-61
5.99996e-62
3.93517e-63
2.55257e-64
1.6403e-65
1.31e-66
0.000123059
0.000600992
0.00147445
0.00274145
0.00430207
0.00595148
0.00751167
0.0090044
0.0106524
0.0127407
0.0156316
0.0197714
0.0256905
0.0340027
0.0451131
0.0587594
0.0739314
0.0890835
0.10289
0.114357
0.122657
0.128463
0.133047
0.137908
0.143621
0.150386
0.158608
0.168505
0.179198
0.190229
0.202078
0.214119
0.226448
0.23976
0.254008
0.264749
0.264033
0.245888
0.213726
0.171259
0.113752
0.0531531
0.0224985
0.00577717
0.00141892
0.000306476
5.33239e-05
7.53401e-06
9.03346e-07
9.29492e-08
7.50161e-09
5.39234e-10
3.36928e-11
1.86581e-12
9.35517e-14
4.34524e-15
1.93443e-16
8.69203e-18
4.15499e-19
2.16116e-20
1.20763e-21
7.07234e-23
4.25739e-24
2.60293e-25
1.60113e-26
1.01432e-27
7.15847e-29
5.32965e-30
3.94543e-31
2.90515e-32
2.13159e-33
1.56046e-34
1.14069e-35
8.3301e-37
6.07743e-38
4.36327e-39
3.13587e-40
2.25514e-41
1.62024e-42
1.16022e-43
8.26994e-45
5.86419e-46
4.13536e-47
2.89744e-48
2.01486e-49
1.39011e-50
9.52152e-52
6.48304e-53
4.39831e-54
2.98324e-55
2.02891e-56
1.37921e-57
9.33607e-59
6.27779e-60
4.18638e-61
2.76529e-62
1.80759e-63
1.16866e-64
7.48552e-66
5.9585e-67
2.54916e-05
0.000139708
0.000411169
0.000920151
0.00169833
0.00270419
0.00386754
0.00517553
0.00669453
0.00857535
0.0110431
0.0144059
0.0190457
0.0253686
0.0337076
0.0439637
0.0554629
0.0671821
0.0781751
0.0880194
0.0966007
0.103851
0.110543
0.117796
0.126225
0.136045
0.147478
0.160082
0.172695
0.184366
0.195617
0.206175
0.217786
0.23077
0.244969
0.253389
0.244433
0.217341
0.175226
0.121401
0.0680596
0.0329102
0.011856
0.00308765
0.000744798
0.000154153
2.58174e-05
3.57926e-06
4.25233e-07
4.34921e-08
3.50628e-09
2.53745e-10
1.60779e-11
9.07439e-13
4.64681e-14
2.20564e-15
1.00368e-16
4.60398e-18
2.23629e-19
1.1736e-20
6.57551e-22
3.84596e-23
2.30714e-24
1.40384e-25
8.58536e-27
5.41021e-28
3.79521e-29
2.80674e-30
2.06288e-31
1.50733e-32
1.09696e-33
7.96148e-35
5.7676e-36
4.17278e-37
3.01546e-38
2.14383e-39
1.52586e-40
1.08682e-41
7.73568e-43
5.48941e-44
3.87867e-45
2.72727e-46
1.90782e-47
1.32653e-48
9.15818e-50
6.27568e-51
4.27129e-52
2.89115e-53
1.95073e-54
1.31636e-55
8.90883e-57
6.02762e-58
4.06189e-59
2.71967e-60
1.80623e-61
1.18839e-62
7.73825e-64
4.98413e-65
3.18064e-66
2.52252e-67
5.94188e-06
3.58342e-05
0.000132891
0.000362144
0.000773246
0.00137755
0.00216243
0.00312914
0.00431957
0.00583615
0.00783693
0.0105493
0.0142579
0.0192534
0.0257474
0.0337301
0.0427833
0.0522607
0.0615763
0.0704771
0.0790573
0.0873326
0.0956531
0.104773
0.115282
0.127375
0.140813
0.154851
0.16791
0.178894
0.188515
0.197033
0.206757
0.218602
0.23163
0.234958
0.214563
0.17809
0.130222
0.0729299
0.0371254
0.0175009
0.00577875
0.00153705
0.000362716
7.23368e-05
1.17796e-05
1.61471e-06
1.91351e-07
1.95742e-08
1.58716e-09
1.16174e-10
7.47459e-12
4.29182e-13
2.23673e-14
1.08094e-15
5.01212e-17
2.34138e-18
1.15341e-19
6.09805e-21
3.42145e-22
1.99642e-23
1.19232e-24
7.21437e-26
4.38327e-27
2.74635e-28
1.91394e-29
1.40534e-30
1.025e-31
7.42869e-33
5.35949e-34
3.85429e-35
2.76547e-36
1.98086e-37
1.4168e-38
9.96607e-40
7.01829e-41
4.94627e-42
3.48431e-43
2.44774e-44
1.71266e-45
1.19292e-46
8.26964e-48
5.70063e-49
3.9037e-50
2.65461e-51
1.79388e-52
1.20619e-53
8.08829e-55
5.42651e-56
3.65218e-57
2.45789e-58
1.64791e-59
1.09803e-60
7.2586e-62
4.75424e-63
3.08214e-64
1.97665e-65
1.25609e-66
9.92052e-68
1.57031e-06
1.13543e-05
5.3079e-05
0.000168377
0.000397012
0.000761002
0.00126921
0.00193932
0.00281293
0.00397688
0.00556108
0.00775667
0.0107948
0.0149145
0.0202806
0.0269027
0.0345402
0.0427758
0.0512307
0.0597259
0.0683488
0.0772562
0.0866577
0.0970963
0.109081
0.122678
0.137141
0.151317
0.163356
0.17229
0.179185
0.184957
0.191505
0.201353
0.211447
0.206433
0.174815
0.130534
0.0882041
0.0400201
0.0190494
0.00843803
0.00266673
0.000713801
0.000164525
3.18323e-05
5.09484e-06
6.96397e-07
8.28009e-08
8.50247e-09
6.94735e-10
5.13963e-11
3.34886e-12
1.94931e-13
1.03059e-14
5.05903e-16
2.38649e-17
1.13381e-18
5.65644e-20
3.00839e-21
1.68816e-22
9.81693e-24
5.83225e-25
3.50685e-26
2.11566e-27
1.31766e-28
9.11966e-30
6.64652e-31
4.80949e-32
3.45643e-33
2.47145e-34
1.76061e-35
1.25072e-36
8.86569e-38
6.27293e-39
4.36312e-40
3.03797e-41
2.11687e-42
1.47457e-43
1.02458e-44
7.09253e-46
4.88912e-47
3.35556e-48
2.2912e-49
1.55489e-50
1.04842e-51
7.02896e-53
4.69163e-54
3.12461e-55
2.08296e-56
1.39331e-57
9.32203e-59
6.21504e-60
4.11908e-61
2.70898e-62
1.76549e-63
1.13896e-64
7.26949e-66
4.5978e-67
3.61444e-68
5.31772e-07
4.46606e-06
2.33379e-05
8.02149e-05
0.000201986
0.000410486
0.000725119
0.00117276
0.00179739
0.00267648
0.00392674
0.00572119
0.00826639
0.0117841
0.0164473
0.0222766
0.0291262
0.036715
0.044774
0.0531643
0.0619413
0.0712983
0.0814412
0.0928004
0.105781
0.120205
0.134749
0.147791
0.1574
0.163025
0.166122
0.167771
0.169285
0.175033
0.181732
0.169874
0.129487
0.0843037
0.053738
0.0209314
0.00940243
0.00378022
0.00118444
0.000313162
7.06504e-05
1.33697e-05
2.12127e-06
2.90832e-07
3.47129e-08
3.57547e-09
2.93713e-10
2.18737e-11
1.43691e-12
8.44548e-14
4.5167e-15
2.24796e-16
1.07732e-17
5.19734e-19
2.6212e-20
1.40008e-21
7.84738e-23
4.54352e-24
2.68324e-25
1.60244e-26
9.59487e-28
5.93947e-29
4.08119e-30
2.95163e-31
2.11853e-32
1.50945e-33
1.06947e-34
7.54517e-36
5.30535e-37
3.72039e-38
2.60294e-39
1.78923e-40
1.23102e-41
8.47485e-43
5.83297e-44
4.00534e-45
2.74069e-46
1.86803e-47
1.26817e-48
8.56928e-50
5.75823e-51
3.84672e-52
2.55677e-53
1.69295e-54
1.11915e-55
7.40904e-57
4.92321e-58
3.27313e-59
2.16908e-60
1.42932e-61
9.34817e-63
6.05957e-64
3.88851e-65
2.46897e-66
1.55358e-67
1.2151e-68
2.23686e-07
1.8376e-06
8.8603e-06
3.10505e-05
8.39597e-05
0.000187475
0.000365966
0.000651374
0.00108849
0.00174802
0.00273444
0.00421284
0.00638641
0.00947293
0.0136727
0.0190261
0.0254331
0.0326881
0.0405831
0.0490021
0.0579738
0.0676699
0.0783132
0.0902472
0.103735
0.118276
0.13191
0.142546
0.148456
0.149843
0.148016
0.143649
0.139191
0.14108
0.145703
0.129553
0.0870348
0.0489895
0.0291714
0.0106649
0.00447886
0.00165595
0.000506416
0.000131705
2.9095e-05
5.42484e-06
8.58994e-07
1.18079e-07
1.41038e-08
1.45119e-09
1.19247e-10
8.89446e-12
5.86509e-13
3.46971e-14
1.87317e-15
9.43875e-17
4.58912e-18
2.2441e-19
1.14185e-20
6.11474e-22
3.41903e-23
1.96923e-24
1.15531e-25
6.84924e-27
4.06857e-28
2.50319e-29
1.70693e-30
1.22468e-31
8.71683e-33
6.15601e-34
4.32095e-35
3.01827e-36
2.10003e-37
1.45635e-38
1.0071e-39
6.83789e-41
4.64584e-42
3.15775e-43
2.14573e-44
1.45485e-45
9.83127e-47
6.61935e-48
4.44071e-49
2.96673e-50
1.97215e-51
1.30419e-52
8.58745e-54
5.63693e-55
3.69664e-56
2.42908e-57
1.60267e-58
1.05836e-59
6.96898e-61
4.56423e-62
2.96764e-63
1.91266e-64
1.22048e-65
7.70637e-67
4.82261e-68
3.75128e-69
1.03703e-07
7.78046e-07
3.25955e-06
1.08755e-05
3.07501e-05
7.52243e-05
0.00016385
0.000327523
0.000611134
0.00108557
0.00185476
0.0030775
0.00495985
0.00772476
0.0115958
0.0166339
0.022763
0.0298187
0.0376268
0.0460816
0.0551886
0.0650778
0.0759489
0.0880406
0.10143
0.115255
0.126974
0.134058
0.135244
0.131527
0.124298
0.114227
0.104803
0.103912
0.107809
0.0915536
0.0542398
0.0266347
0.0145824
0.00529734
0.00207127
0.000710972
0.000210486
5.34742e-05
1.16102e-05
2.14118e-06
3.38472e-07
4.64276e-08
5.51781e-09
5.641e-10
4.61142e-11
3.42974e-12
2.26292e-13
1.34462e-14
7.31773e-16
3.72877e-17
1.83642e-18
9.08429e-20
4.65373e-21
2.49436e-22
1.38973e-23
7.95616e-25
4.63431e-26
2.72607e-27
1.60571e-28
9.81689e-30
6.64094e-31
4.72535e-32
3.33435e-33
2.33346e-34
1.62217e-35
1.12159e-36
7.71955e-38
5.29239e-39
3.61586e-40
2.42372e-41
1.6252e-42
1.08983e-43
7.30551e-45
4.88658e-46
3.25805e-47
2.16481e-48
1.4337e-49
9.46025e-51
6.21529e-52
4.06514e-53
2.64957e-54
1.72294e-55
1.12019e-56
7.3022e-58
4.78154e-59
3.13515e-60
2.05054e-61
1.33437e-62
8.62252e-64
5.52388e-65
3.50393e-66
2.19954e-67
1.36848e-68
1.0583e-69
4.94926e-08
3.39227e-07
1.25398e-06
3.7741e-06
1.02699e-05
2.63957e-05
6.41763e-05
0.00014601
0.000310944
0.000628053
0.00120859
0.00221315
0.00385131
0.0063528
0.00995062
0.0147265
0.0206189
0.0274869
0.0351763
0.0435791
0.0526679
0.0625141
0.0732424
0.0849457
0.0974692
0.109613
0.11845
0.121134
0.11699
0.108206
0.0967442
0.0834509
0.0715736
0.0690929
0.0728529
0.0600947
0.0315656
0.0139192
0.00699028
0.00255513
0.00092984
0.00030065
8.56143e-05
2.11631e-05
4.50619e-06
8.2099e-07
1.28748e-07
1.74966e-08
2.05592e-09
2.07706e-10
1.68114e-11
1.24257e-12
8.18464e-14
4.8774e-15
2.67251e-16
1.37512e-17
6.8471e-19
3.41847e-20
1.75929e-21
9.42238e-23
5.22493e-24
2.97085e-25
1.71703e-26
1.00163e-27
5.84733e-29
3.55139e-30
2.38248e-31
1.6806e-32
1.17529e-33
8.14807e-35
5.60865e-36
3.83752e-37
2.61215e-38
1.76998e-39
1.1944e-40
7.90082e-42
5.22618e-43
3.45565e-44
2.28361e-45
1.50577e-46
9.89705e-48
6.48381e-49
4.23497e-50
2.75734e-51
1.78868e-52
1.15604e-53
7.45255e-55
4.79744e-56
3.09047e-57
1.99751e-58
1.29755e-59
8.44423e-61
5.48425e-62
3.54498e-63
2.27604e-64
1.44899e-65
9.13461e-67
5.69919e-68
3.5243e-69
2.70871e-70
2.35468e-08
1.5028e-07
5.10047e-07
1.37209e-06
3.39951e-06
8.39258e-06
2.14349e-05
5.51154e-05
0.000136925
0.000326618
0.000736629
0.00153566
0.00293811
0.00517784
0.00849037
0.0129728
0.0185728
0.0251685
0.0326186
0.0407987
0.0496289
0.0590929
0.0691926
0.0798465
0.0906555
0.100169
0.105287
0.103344
0.0947234
0.082506
0.069355
0.0563143
0.0448434
0.0412435
0.0443213
0.0358853
0.0169262
0.00692742
0.00316929
0.00115239
0.000392044
0.000120002
3.26513e-05
7.79445e-06
1.6158e-06
2.88263e-07
4.43665e-08
5.91518e-09
6.81641e-10
6.76361e-11
5.39749e-12
3.96065e-13
2.60783e-14
1.56319e-15
8.65836e-17
4.51868e-18
2.28423e-19
1.15471e-20
5.98252e-22
3.20544e-23
1.77022e-24
9.99992e-26
5.73551e-27
3.31806e-28
1.91969e-29
1.15825e-30
7.70234e-32
5.38329e-33
3.72932e-34
2.56035e-35
1.74454e-36
1.18096e-37
7.94879e-39
5.32252e-40
3.54695e-41
2.31469e-42
1.50998e-43
9.84107e-45
6.40793e-46
4.16258e-47
2.69516e-48
1.73944e-49
1.11949e-50
7.18506e-52
4.59763e-53
2.93361e-54
1.86897e-55
1.19014e-56
7.59159e-58
4.86256e-59
3.13199e-60
2.02237e-61
1.30392e-62
8.36998e-64
5.3382e-65
3.37642e-66
2.11484e-67
1.31108e-68
8.05568e-70
6.14562e-71
1.09054e-08
6.58954e-08
2.11697e-07
5.29814e-07
1.18969e-06
2.70591e-06
6.59557e-06
1.78867e-05
5.10068e-05
0.000148025
0.00040851
0.00100525
0.0021607
0.00411091
0.00708593
0.0111916
0.0163836
0.0225586
0.0295841
0.037305
0.0455653
0.0542249
0.0631373
0.0720458
0.0803861
0.0867146
0.0882076
0.082789
0.0715527
0.0582033
0.0460183
0.0358341
0.0267182
0.0226523
0.0242532
0.019485
0.00867164
0.00339522
0.00142294
0.000503899
0.000163533
4.78597e-05
1.25095e-05
2.89464e-06
5.85219e-07
1.02184e-07
1.54316e-08
2.02077e-09
2.28834e-10
2.23546e-11
1.76296e-12
1.28409e-13
8.4307e-15
5.05633e-16
2.80722e-17
1.46902e-18
7.43809e-20
3.75598e-21
1.93652e-22
1.02903e-23
5.6243e-25
3.14196e-26
1.7819e-27
1.01924e-28
5.82909e-30
3.48783e-31
2.29752e-32
1.59051e-33
1.09119e-34
7.41662e-36
5.00072e-37
3.34814e-38
2.22753e-39
1.47333e-40
9.6912e-42
6.2361e-43
4.00907e-44
2.57315e-45
1.64925e-46
1.05425e-47
6.71564e-49
4.26389e-50
2.70001e-51
1.70556e-52
1.07486e-53
6.76094e-55
4.25099e-56
2.67456e-57
1.68747e-58
1.07011e-59
6.82907e-61
4.37263e-62
2.79714e-63
1.78222e-64
1.12862e-65
7.08935e-67
4.41001e-68
2.71541e-69
1.65701e-70
1.25616e-71
4.88135e-09
2.83064e-08
8.7847e-08
2.11053e-07
4.47279e-07
9.3331e-07
2.13762e-06
5.63099e-06
1.68896e-05
5.76165e-05
0.000199203
0.000599107
0.00148703
0.0031064
0.00567459
0.0093009
0.0139514
0.0195378
0.0259314
0.0329346
0.0402975
0.0477414
0.0549759
0.0616405
0.0671565
0.0704497
0.0693257
0.062184
0.0504024
0.0378917
0.0280355
0.0212118
0.0151451
0.0115823
0.0117552
0.00936807
0.00413786
0.00157974
0.000607821
0.000207854
6.47322e-05
1.82227e-05
4.58964e-06
1.03052e-06
2.02473e-07
3.44348e-08
5.07693e-09
6.49388e-10
7.18716e-11
6.87779e-12
5.33271e-13
3.8415e-14
2.50758e-15
1.5013e-16
8.34204e-18
4.37543e-19
2.22095e-20
1.12251e-21
5.77435e-23
3.05121e-24
1.65456e-25
9.15987e-27
5.14545e-28
2.91416e-29
1.64943e-30
9.79831e-32
6.39617e-33
4.38601e-34
2.97994e-35
2.00508e-36
1.33768e-37
8.85637e-39
5.82242e-40
3.80261e-41
2.46773e-42
1.56496e-43
9.90756e-45
6.25667e-46
3.9431e-47
2.47719e-48
1.55023e-49
9.66737e-51
6.01245e-52
3.7311e-53
2.31136e-54
1.43052e-55
8.8613e-57
5.49952e-58
3.4269e-59
2.14858e-60
1.35682e-61
8.60558e-63
5.45618e-64
3.44756e-65
2.16589e-66
1.35e-67
8.33371e-69
5.09253e-70
3.08386e-71
2.32018e-72
2.1005e-09
1.17988e-08
3.58186e-08
8.42568e-08
1.73747e-07
3.47396e-07
7.42698e-07
1.88422e-06
5.55724e-06
1.99763e-05
8.26926e-05
0.000308443
0.000914728
0.00215882
0.004246
0.00728781
0.0112682
0.0161048
0.0216648
0.0277054
0.0338732
0.0397838
0.0450711
0.0493942
0.0522417
0.0531768
0.050757
0.0436781
0.0331512
0.0227611
0.0155053
0.0114088
0.00795278
0.00553529
0.00509367
0.00398021
0.00178885
0.00066979
0.000242219
7.95858e-05
2.3895e-05
6.47237e-06
1.58101e-06
3.44301e-07
6.55277e-08
1.08172e-08
1.55096e-09
1.93036e-10
2.08191e-11
1.94807e-12
1.48381e-13
1.05746e-14
6.86839e-16
4.10898e-17
2.28758e-18
1.20411e-19
6.13561e-21
3.10798e-22
1.59714e-23
8.40148e-25
4.52424e-26
2.48406e-27
1.38286e-28
7.75698e-30
4.34589e-31
2.56372e-32
1.65849e-33
1.12643e-34
7.57839e-36
5.04779e-37
3.33198e-38
2.18133e-39
1.41702e-40
9.13727e-42
5.84947e-43
3.65525e-44
2.27817e-45
1.41491e-46
8.76258e-48
5.40591e-49
3.32016e-50
2.03109e-51
1.23887e-52
7.5405e-54
4.58368e-55
2.78635e-56
1.6975e-57
1.03752e-58
6.37516e-60
3.94618e-61
2.46282e-62
1.54551e-63
9.70225e-65
6.07381e-66
3.78226e-67
2.33738e-68
1.43083e-69
8.67131e-71
5.2074e-72
3.88516e-73
8.66433e-10
4.74383e-09
1.41967e-08
3.30882e-08
6.76949e-08
1.33765e-07
2.78234e-07
6.58711e-07
1.85194e-06
6.62696e-06
2.93913e-05
0.000130737
0.00047412
0.00131335
0.0028658
0.00524658
0.00845736
0.0124223
0.016994
0.021889
0.0266718
0.0309206
0.0343398
0.0366456
0.0374381
0.0368453
0.0340732
0.0282708
0.0201841
0.0126424
0.00780519
0.00547211
0.00374227
0.00245317
0.00201085
0.00149928
0.00068247
0.000254255
8.82105e-05
2.8009e-05
8.10328e-06
2.13148e-06
5.06579e-07
1.0682e-07
1.96522e-08
3.14273e-09
4.37127e-10
5.28379e-11
5.54883e-12
5.07846e-13
3.8047e-14
2.68657e-15
1.73859e-16
1.04018e-17
5.80474e-19
3.0668e-20
1.56865e-21
7.96174e-23
4.08595e-24
2.13917e-25
1.14377e-26
6.22689e-28
3.43431e-29
1.90731e-30
1.05735e-31
6.19355e-33
3.96957e-34
2.66983e-35
1.77842e-36
1.17258e-37
7.65847e-39
4.95822e-40
3.18319e-41
2.027e-42
1.28039e-43
7.88539e-45
4.83941e-46
2.95638e-47
1.79917e-48
1.08981e-49
6.56659e-51
3.93837e-52
2.35402e-53
1.40384e-54
8.36349e-56
4.98672e-57
2.98378e-58
1.79362e-59
1.08537e-60
6.62497e-62
4.08229e-63
2.53226e-64
1.57279e-65
9.74845e-67
6.01364e-68
3.6828e-69
2.23462e-70
1.34259e-71
7.99312e-73
5.91197e-74
3.41589e-10
1.83064e-09
5.42622e-09
1.26165e-08
2.59012e-08
5.15323e-08
1.07308e-07
2.4771e-07
6.59636e-07
2.19519e-06
9.56319e-06
4.5964e-05
0.000196232
0.000654111
0.00165581
0.00334308
0.00573372
0.00876333
0.012275
0.0159474
0.0193512
0.0220861
0.023966
0.0247817
0.0244083
0.0230804
0.0205511
0.016376
0.0111042
0.00646097
0.0036488
0.00237913
0.00157805
0.000987577
0.000721426
0.000499987
0.000229671
8.5824e-05
2.90953e-05
8.96588e-06
2.53024e-06
6.50663e-07
1.50328e-07
3.06161e-08
5.43832e-09
8.41223e-10
1.13333e-10
1.32957e-11
1.36019e-12
1.21913e-13
8.99865e-15
6.30428e-16
4.06774e-17
2.434e-18
1.36098e-19
7.21219e-21
3.69947e-22
1.87927e-23
9.62056e-25
5.00807e-26
2.65658e-27
1.43309e-28
7.82522e-30
4.29999e-31
2.35745e-32
1.3708e-33
8.70195e-35
5.79438e-36
3.82113e-37
2.49388e-38
1.61186e-39
1.03222e-40
6.55125e-42
4.12123e-43
2.56972e-44
1.56042e-45
9.43473e-47
5.67191e-48
3.39333e-49
2.01873e-50
1.1935e-51
7.01748e-53
4.10905e-54
2.39964e-55
1.40007e-56
8.18055e-58
4.80247e-59
2.83615e-60
1.6884e-61
1.01527e-62
6.17205e-64
3.78172e-65
2.32256e-66
1.42468e-67
8.70311e-69
5.28041e-70
3.17517e-71
1.89105e-72
1.11603e-73
8.18273e-75
1.28138e-10
6.74057e-10
1.98434e-09
4.61863e-09
9.56911e-09
1.93567e-08
4.10053e-08
9.483e-08
2.45682e-07
7.61405e-07
3.05415e-06
1.44648e-05
6.5888e-05
0.000252393
0.000756928
0.00177135
0.00335438
0.00545327
0.0079175
0.0104417
0.0126448
0.0142304
0.0150447
0.0150101
0.0142392
0.0128519
0.0108898
0.00828021
0.00537434
0.00299844
0.00159312
0.000947896
0.000596875
0.000359127
0.000236456
0.000150086
6.90375e-05
2.5914e-05
8.66493e-06
2.63298e-06
7.31462e-07
1.83898e-07
4.11352e-08
8.07494e-09
1.38334e-09
2.0672e-10
2.6956e-11
3.07023e-12
3.06334e-13
2.69306e-14
1.96151e-15
1.36465e-16
8.7804e-18
5.25202e-19
2.93999e-20
1.56094e-21
8.01824e-23
4.07012e-24
2.07535e-25
1.07284e-26
5.64051e-28
3.01246e-29
1.62739e-30
8.84275e-32
4.79235e-33
2.76554e-34
1.73858e-35
1.14599e-36
7.48141e-38
4.83371e-39
3.09218e-40
1.95925e-41
1.22978e-42
7.64605e-44
4.70861e-45
2.8207e-46
1.68126e-47
9.95277e-49
5.85723e-50
3.42416e-51
1.98723e-52
1.14578e-53
6.57286e-55
3.75807e-56
2.14641e-57
1.22819e-58
7.06842e-60
4.09718e-61
2.39725e-62
1.41879e-63
8.50253e-65
5.14241e-66
3.1213e-67
1.89406e-68
1.14544e-69
6.88354e-71
4.10139e-72
2.42109e-73
1.41634e-74
1.02939e-75
4.54419e-11
2.35091e-10
6.88322e-10
1.60568e-09
3.36334e-09
6.94273e-09
1.50799e-08
3.55205e-08
9.18773e-08
2.72223e-07
9.89707e-07
4.33259e-06
1.95749e-05
7.86335e-05
0.000263092
0.00071987
0.00157074
0.00281531
0.00433921
0.00589482
0.00721471
0.00803579
0.00828939
0.00797212
0.00728054
0.00625671
0.00502693
0.00363805
0.00227434
0.00123663
0.000633861
0.000349505
0.000206195
0.000118489
7.12544e-05
4.14321e-05
1.87876e-05
7.08118e-06
2.36793e-06
7.15867e-07
1.95772e-07
4.78504e-08
1.03228e-08
1.95023e-09
3.21927e-10
4.64479e-11
5.86397e-12
6.49195e-13
6.32788e-14
5.46557e-15
3.93346e-16
2.71894e-17
1.74409e-18
1.04209e-19
5.83379e-21
3.09903e-22
1.59154e-23
8.05854e-25
4.08624e-26
2.09514e-27
1.09076e-28
5.7633e-30
3.07843e-31
1.65329e-32
8.85492e-34
5.07044e-35
3.15666e-36
2.05965e-37
1.33118e-38
8.51551e-40
5.39294e-41
3.3821e-42
2.10033e-43
1.29129e-44
7.858e-46
4.64666e-47
2.73208e-48
1.59374e-49
9.23255e-51
5.30753e-52
3.02555e-53
1.71145e-54
9.6214e-56
5.38622e-57
3.01075e-58
1.68637e-59
9.50789e-61
5.40478e-62
3.10502e-63
1.80694e-64
1.06649e-65
6.3619e-67
3.81387e-68
2.28825e-69
1.36936e-70
8.14818e-72
4.80947e-73
2.81349e-74
1.63118e-75
1.17502e-76
1.51204e-11
7.70344e-11
2.24446e-10
5.24574e-10
1.11003e-09
2.3375e-09
5.21623e-09
1.26142e-08
3.3142e-08
9.66173e-08
3.25312e-07
1.28247e-06
5.45398e-06
2.17964e-05
7.51993e-05
0.000224498
0.000553293
0.00111617
0.00188252
0.00271697
0.0034295
0.00382597
0.00388717
0.00363519
0.00320853
0.00263506
0.00201122
0.00138726
0.000839772
0.000450891
0.000227629
0.000118738
6.55644e-05
3.58279e-05
1.98371e-05
1.06104e-05
4.72816e-06
1.79252e-06
6.01068e-07
1.80138e-07
4.81282e-08
1.13715e-08
2.36002e-09
4.28813e-10
6.81989e-11
9.5055e-12
1.16341e-12
1.25427e-13
1.19669e-14
1.0172e-15
7.24122e-17
4.97433e-18
3.17968e-19
1.89604e-20
1.06021e-21
5.62642e-23
2.88371e-24
1.45388e-25
7.32044e-27
3.71888e-28
1.91581e-29
1.00094e-30
5.28412e-32
2.80392e-33
1.48436e-34
8.43169e-36
5.19868e-37
3.35783e-38
2.14877e-39
1.36119e-40
8.53665e-42
5.30073e-43
3.25828e-44
1.98189e-45
1.19246e-46
6.96468e-48
4.04215e-49
2.32521e-50
1.32695e-51
7.50685e-53
4.20637e-54
2.3359e-55
1.28755e-56
7.05947e-58
3.862e-59
2.11696e-60
1.16868e-61
6.50985e-63
3.66848e-64
2.09694e-65
1.21766e-66
7.15747e-68
4.23425e-69
2.51015e-70
1.48555e-71
8.74805e-73
5.11301e-74
2.96311e-75
1.70206e-76
1.21481e-77
4.68461e-12
2.35269e-11
6.82101e-11
1.59525e-10
3.40204e-10
7.28641e-10
1.66678e-09
4.14335e-09
1.11534e-08
3.2687e-08
1.0568e-07
3.80177e-07
1.47662e-06
5.6428e-06
1.94048e-05
5.94307e-05
0.000155452
0.000339782
0.000626848
0.000976684
0.00129141
0.0014686
0.00149335
0.00137776
0.00118601
0.00094151
0.000692736
0.000461538
0.000273982
0.000146239
7.33567e-05
3.69241e-05
1.91709e-05
9.94031e-06
5.15292e-06
2.57662e-06
1.12473e-06
4.25361e-07
1.4148e-07
4.15506e-08
1.07588e-08
2.44806e-09
4.8836e-10
8.53783e-11
1.30968e-11
1.7664e-12
2.10047e-13
2.21022e-14
2.06827e-15
1.73274e-16
1.22113e-17
8.33641e-19
5.30675e-20
3.15473e-21
1.75959e-22
9.31344e-24
4.75545e-25
2.38342e-26
1.19016e-27
5.98563e-29
3.04965e-30
1.57492e-31
8.21505e-33
4.30583e-34
2.25638e-35
1.27012e-36
7.75415e-38
4.95839e-39
3.14213e-40
1.97153e-41
1.22477e-42
7.5325e-44
4.58492e-45
2.76058e-46
1.64321e-47
9.48498e-49
5.43736e-50
3.08654e-51
1.73652e-52
9.67534e-54
5.33344e-55
2.9099e-56
1.57372e-57
8.45492e-59
4.5282e-60
2.42915e-61
1.31267e-62
7.16028e-64
3.95436e-65
2.2178e-66
1.26558e-67
7.32223e-69
4.27046e-70
2.49906e-71
1.46148e-72
8.51122e-74
4.9232e-75
2.82495e-76
1.60699e-77
1.13595e-78
1.34222e-12
6.64949e-12
1.91759e-11
4.47944e-11
9.59516e-11
2.08037e-10
4.85366e-10
1.2363e-09
3.41444e-09
1.01726e-08
3.256e-08
1.11094e-07
3.95988e-07
1.40557e-06
4.66536e-06
1.42859e-05
3.83706e-05
8.75588e-05
0.000170518
0.000280749
0.000387481
0.000453475
0.000468105
0.00043327
0.000369659
0.000288306
0.000207627
0.000135462
7.95611e-05
4.24103e-05
2.11454e-05
1.03915e-05
5.17425e-06
2.57275e-06
1.26705e-06
5.99059e-07
2.53577e-07
9.39776e-08
3.05099e-08
8.6843e-09
2.16753e-09
4.74268e-10
9.1002e-11
1.5333e-11
2.27353e-12
2.97471e-13
3.44555e-14
3.5469e-15
3.26151e-16
2.69645e-17
1.88219e-18
1.27661e-19
8.08619e-21
4.78663e-22
2.65926e-23
1.40161e-24
7.11837e-26
3.5419e-27
1.75242e-28
8.72043e-30
4.39272e-31
2.24172e-32
1.1551e-33
5.9793e-35
3.10322e-36
1.73031e-37
1.04609e-38
6.62328e-40
4.15707e-41
2.58414e-42
1.59065e-43
9.69283e-45
5.84473e-46
3.48509e-47
2.05343e-48
1.17212e-49
6.64121e-51
3.72268e-52
2.06636e-53
1.13481e-54
6.15925e-56
3.30451e-57
1.75491e-58
9.24543e-60
4.85017e-61
2.5472e-62
1.34728e-63
7.19357e-65
3.89025e-66
2.13858e-67
1.19785e-68
6.81337e-70
3.91293e-71
2.258e-72
1.30357e-73
7.50123e-75
4.29089e-76
2.43628e-77
1.37168e-78
9.59822e-80
3.53603e-13
1.72902e-12
4.95662e-12
1.15398e-11
2.47311e-11
5.39755e-11
1.27606e-10
3.31115e-10
9.34676e-10
2.83669e-09
9.14059e-09
3.06528e-08
1.039e-07
3.4336e-07
1.0787e-06
3.219e-06
8.64833e-06
2.00768e-05
4.01809e-05
6.83131e-05
9.73351e-05
0.000117224
0.000123531
0.000115782
9.89644e-05
7.66887e-05
5.46625e-05
3.52952e-05
2.05856e-05
1.09856e-05
5.49545e-06
2.67745e-06
1.30033e-06
6.25221e-07
2.94023e-07
1.31524e-07
5.32405e-08
1.90095e-08
5.94874e-09
1.62982e-09
3.91172e-10
8.2336e-11
1.52239e-11
2.47839e-12
3.56221e-13
4.53426e-14
5.1288e-15
5.17606e-16
4.68428e-17
3.82522e-18
2.64506e-19
1.78149e-20
1.12171e-21
6.60373e-23
3.64932e-24
1.91265e-25
9.64948e-27
4.76195e-28
2.33311e-29
1.14848e-30
5.71914e-32
2.88381e-33
1.46757e-34
7.50088e-36
3.85541e-37
2.12911e-38
1.2749e-39
7.99348e-41
4.97e-42
3.06152e-43
1.86779e-44
1.12808e-45
6.74132e-47
3.98262e-48
2.32403e-49
1.31261e-50
7.35553e-52
4.07403e-53
2.23272e-54
1.20958e-55
6.46946e-57
3.41638e-58
1.7833e-59
9.22132e-61
4.74222e-62
2.43981e-63
1.26338e-64
6.60206e-66
3.49433e-67
1.88118e-68
1.03306e-69
5.76966e-71
3.25874e-72
1.85208e-73
1.05433e-74
5.98846e-76
3.38454e-77
1.89996e-78
1.05805e-79
7.32452e-81
8.52749e-14
4.11731e-13
1.17247e-12
2.71423e-12
5.7957e-12
1.2657e-11
3.01106e-11
7.9047e-11
2.26564e-10
6.97917e-10
2.27437e-09
7.63964e-09
2.54315e-08
8.14752e-08
2.45524e-07
6.9894e-07
1.82058e-06
4.18131e-06
8.4065e-06
1.45182e-05
2.11722e-05
2.61617e-05
2.81495e-05
2.67863e-05
2.30359e-05
1.78397e-05
1.26868e-05
8.18708e-06
4.79894e-06
2.5865e-06
1.30705e-06
6.35843e-07
3.02749e-07
1.4058e-07
6.29259e-08
2.65405e-08
1.01783e-08
3.46675e-09
1.03891e-09
2.7318e-10
6.30396e-11
1.27848e-11
2.28369e-12
3.60248e-13
5.03364e-14
6.24971e-15
6.91887e-16
6.85742e-17
6.11482e-18
4.93474e-19
3.37968e-20
2.25877e-21
1.41233e-22
8.25996e-24
4.53518e-25
2.36103e-26
1.1822e-27
5.78297e-29
2.80518e-30
1.36596e-31
6.72448e-33
3.34983e-34
1.6832e-35
8.49224e-37
4.32196e-38
2.36369e-39
1.40204e-40
8.70645e-42
5.36359e-43
3.27479e-44
1.98078e-45
1.18608e-46
7.02698e-48
4.11492e-49
2.37929e-50
1.33039e-51
7.37785e-53
4.04039e-54
2.18769e-55
1.17005e-56
6.17239e-58
3.21125e-59
1.64922e-60
8.37919e-62
4.22865e-63
2.13332e-64
1.08203e-65
5.53515e-67
2.86671e-68
1.51033e-69
8.12367e-71
4.44966e-72
2.46848e-73
1.37984e-74
7.73573e-76
4.33177e-77
2.41632e-78
1.33989e-79
7.37423e-81
5.04706e-82
1.8765e-14
8.94853e-14
2.52928e-13
5.80839e-13
1.23063e-12
2.67322e-12
6.35499e-12
1.67604e-11
4.84147e-11
1.50505e-10
4.95021e-10
1.67212e-09
5.60783e-09
1.78897e-08
5.29122e-08
1.45793e-07
3.66633e-07
8.19912e-07
1.62307e-06
2.79162e-06
4.10649e-06
5.15999e-06
5.65016e-06
5.46557e-06
4.75517e-06
3.71044e-06
2.65619e-06
1.72812e-06
1.02455e-06
5.58734e-07
2.8423e-07
1.37312e-07
6.37791e-08
2.8458e-08
1.20909e-08
4.80671e-09
1.74228e-09
5.64327e-10
1.61655e-10
4.07914e-11
9.06249e-12
1.77489e-12
3.07107e-13
4.70729e-14
6.41056e-15
7.78069e-16
8.44546e-17
8.2309e-18
7.23733e-19
5.77315e-20
3.91457e-21
2.59414e-22
1.60928e-23
9.34147e-25
5.09177e-26
2.63119e-27
1.30694e-28
6.33605e-30
3.04301e-31
1.46582e-32
7.1326e-34
3.50928e-35
1.74051e-36
8.66702e-38
4.36681e-39
2.36503e-40
1.38992e-41
8.54978e-43
5.21973e-44
3.1595e-45
1.89518e-46
1.1255e-47
6.61294e-49
3.83984e-50
2.20091e-51
1.21895e-52
6.69364e-54
3.62681e-55
1.94139e-56
1.02581e-57
5.34194e-59
2.74055e-60
1.38629e-61
6.92849e-63
3.43526e-64
1.70135e-65
8.45938e-67
4.23854e-68
2.14838e-69
1.1073e-70
5.82895e-72
3.12787e-73
1.70213e-74
9.34563e-76
5.15242e-77
2.8406e-78
1.56198e-79
8.54667e-81
4.64454e-82
3.14044e-83
3.76057e-15
1.77067e-14
4.96365e-14
1.12823e-13
2.36242e-13
5.07489e-13
1.19725e-12
3.14986e-12
9.10704e-12
2.84145e-11
9.39785e-11
3.20379e-10
1.08668e-09
3.47728e-09
1.02677e-08
2.79898e-08
6.92141e-08
1.52034e-07
2.95731e-07
5.02078e-07
7.3753e-07
9.34497e-07
1.03606e-06
1.01668e-06
8.95511e-07
7.0556e-07
5.09293e-07
3.33862e-07
1.99254e-07
1.08986e-07
5.52116e-08
2.62534e-08
1.1838e-08
5.06789e-09
2.04713e-09
7.69875e-10
2.64389e-10
8.15326e-11
2.23497e-11
5.42059e-12
1.16189e-12
2.2029e-13
3.70154e-14
5.52592e-15
7.34963e-16
8.73507e-17
9.30824e-18
8.92858e-19
7.74497e-20
6.10671e-21
4.09771e-22
2.69076e-23
1.65499e-24
9.52992e-26
5.15463e-27
2.64323e-28
1.30227e-29
6.25723e-31
2.9755e-32
1.41772e-33
6.81686e-35
3.31141e-36
1.62071e-37
7.96516e-39
3.97255e-40
2.13051e-41
1.24097e-42
7.56289e-44
4.57664e-45
2.74712e-46
1.63455e-47
9.63007e-49
5.61298e-50
3.2329e-51
1.83758e-52
1.00853e-53
5.48677e-55
2.94321e-56
1.55861e-57
8.14139e-59
4.18843e-60
2.12086e-61
1.05777e-62
5.20654e-64
2.5396e-65
1.23628e-66
6.03258e-68
2.96305e-69
1.47063e-70
7.41537e-72
3.81844e-73
2.00563e-74
1.0694e-75
5.75919e-77
3.11779e-78
1.68991e-79
9.14768e-81
4.93298e-82
2.64432e-83
1.76493e-84
6.85338e-16
3.18437e-15
8.84696e-15
1.98643e-14
4.09563e-14
8.65123e-14
2.01142e-13
5.24176e-13
1.5077e-12
4.70006e-12
1.55531e-11
5.38516e-11
1.8351e-10
5.88985e-10
1.74233e-09
4.7401e-09
1.16814e-08
2.5569e-08
4.94418e-08
8.34602e-08
1.22453e-07
1.56022e-07
1.74452e-07
1.72876e-07
1.53483e-07
1.21461e-07
8.78796e-08
5.76095e-08
3.42955e-08
1.86414e-08
9.33171e-09
4.34872e-09
1.90306e-09
7.83705e-10
3.02388e-10
1.0819e-10
3.53671e-11
1.04189e-11
2.74038e-12
6.40412e-13
1.32763e-13
2.44257e-14
3.9944e-15
5.81898e-16
7.5708e-17
8.82239e-18
9.23885e-19
8.72805e-20
7.47143e-21
5.82296e-22
3.86556e-23
2.51425e-24
1.53283e-25
8.75471e-27
4.69885e-28
2.39107e-29
1.16854e-30
5.56486e-32
2.61999e-33
1.23453e-34
5.86411e-36
2.81177e-37
1.3578e-38
6.58655e-40
3.25123e-41
1.72678e-42
9.97201e-44
6.02161e-45
3.61273e-46
2.151e-47
1.26988e-48
7.42379e-50
4.29372e-51
2.4538e-52
1.3836e-53
7.52752e-55
4.05934e-56
2.15689e-57
1.13075e-58
5.8432e-60
2.9719e-61
1.48656e-62
7.31741e-64
3.55145e-65
1.70662e-66
8.17648e-68
3.92047e-69
1.88971e-70
9.1919e-72
4.53593e-73
2.2845e-74
1.17387e-75
6.12665e-77
3.23216e-78
1.71563e-79
9.12826e-81
4.85703e-82
2.57782e-83
1.36155e-84
8.96204e-86
1.1349e-16
5.20118e-16
1.43116e-15
3.16847e-15
6.40925e-15
1.32384e-14
3.01244e-14
7.72237e-14
2.19808e-13
6.82289e-13
2.27627e-12
7.91742e-12
2.70199e-11
8.67886e-11
2.5673e-10
6.96762e-10
1.71382e-09
3.75323e-09
7.26013e-09
1.22695e-08
1.80413e-08
2.31331e-08
2.60473e-08
2.59753e-08
2.31429e-08
1.83037e-08
1.32066e-08
8.61332e-09
5.09023e-09
2.73921e-09
1.3521e-09
6.17639e-10
2.63003e-10
1.04644e-10
3.87835e-11
1.3282e-11
4.15524e-12
1.17434e-12
2.97369e-13
6.71513e-14
1.34975e-14
2.41498e-15
3.85089e-16
5.48313e-17
6.98788e-18
7.99326e-19
8.23344e-20
7.66579e-21
6.47848e-22
4.99175e-23
3.27847e-24
2.11219e-25
1.27656e-26
7.23311e-28
3.85295e-29
1.94586e-30
9.43367e-32
4.45281e-33
2.07557e-34
9.67097e-36
4.53741e-37
2.14711e-38
1.02285e-39
4.89768e-41
2.39232e-42
1.2583e-43
7.20697e-45
4.31297e-46
2.56601e-47
1.5159e-48
8.88133e-50
5.15309e-51
2.95807e-52
1.67772e-53
9.38714e-55
5.06436e-56
2.70807e-57
1.42612e-58
7.40524e-60
3.78837e-61
1.90628e-62
9.4276e-64
4.58462e-65
2.19653e-66
1.0414e-67
4.91658e-69
2.31947e-70
1.09849e-71
5.24226e-73
2.5335e-74
1.24833e-75
6.27366e-77
3.20297e-78
1.65348e-79
8.59347e-81
4.48096e-82
2.33998e-83
1.22047e-84
6.34372e-86
4.1137e-87
1.70798e-17
7.71565e-17
2.10128e-16
4.57715e-16
9.04986e-16
1.81818e-15
4.0225e-15
1.00762e-14
2.82413e-14
8.69289e-14
2.92929e-13
1.01918e-12
3.4748e-12
1.11431e-11
3.28856e-11
8.88344e-11
2.17521e-10
4.75351e-10
9.18808e-10
1.55469e-09
2.29194e-09
2.95376e-09
3.34475e-09
3.35069e-09
2.99062e-09
2.35987e-09
1.69578e-09
1.09921e-09
6.44438e-10
3.43278e-10
1.67192e-10
7.50025e-11
3.11799e-11
1.20399e-11
4.30908e-12
1.42055e-12
4.27545e-13
1.16425e-13
2.84834e-14
6.23327e-15
1.21773e-15
2.12319e-16
3.30703e-17
4.60929e-18
5.7617e-19
6.47702e-20
6.56909e-21
6.03287e-22
5.03679e-23
3.83879e-24
2.49538e-25
1.59296e-26
9.54765e-28
5.36859e-29
2.83888e-30
1.42311e-31
6.8447e-33
3.20245e-34
1.47804e-35
6.81042e-37
3.15597e-38
1.47362e-39
6.92431e-41
3.27277e-42
1.58162e-43
8.23916e-45
4.68236e-46
2.77758e-47
1.63928e-48
9.61249e-50
5.58952e-51
3.21904e-52
1.83422e-53
1.03264e-54
5.73478e-56
3.06875e-57
1.62783e-58
8.49921e-60
4.37402e-61
2.21657e-62
1.10435e-63
5.40445e-65
2.59903e-66
1.23065e-67
5.76467e-69
2.68488e-70
1.24794e-71
5.81423e-73
2.72554e-74
1.29136e-75
6.22887e-77
3.06214e-78
1.52871e-79
7.71568e-81
3.92147e-82
2.001e-83
1.02381e-84
5.23949e-86
2.67634e-87
1.70788e-88
2.33504e-18
1.04217e-17
2.79918e-17
5.98491e-17
1.15253e-16
2.24133e-16
4.79255e-16
1.16534e-15
3.2008e-15
9.84146e-15
3.31185e-14
1.1496e-13
3.90747e-13
1.24853e-12
3.66871e-12
9.84531e-12
2.39351e-11
5.20158e-11
1.00174e-10
1.69286e-10
2.49753e-10
3.22608e-10
3.66644e-10
3.68412e-10
3.29118e-10
2.59025e-10
1.8539e-10
1.19473e-10
6.95218e-11
3.66846e-11
1.76503e-11
7.79117e-12
3.17152e-12
1.19319e-12
4.14283e-13
1.3212e-13
3.84351e-14
1.01258e-14
2.40153e-15
5.10725e-16
9.72001e-17
1.65482e-17
2.52211e-18
3.4465e-19
4.23189e-20
4.68168e-21
4.68106e-22
4.24497e-23
3.50438e-24
2.64391e-25
1.7021e-26
1.07714e-27
6.40535e-29
3.57553e-30
1.87736e-31
9.3427e-33
4.45842e-34
2.06797e-35
9.45197e-37
4.30751e-38
1.97155e-39
9.08261e-41
4.20886e-42
1.96366e-43
9.38846e-45
4.84487e-46
2.73349e-47
1.6079e-48
9.42282e-50
5.48351e-51
3.16421e-52
1.80877e-53
1.02314e-54
5.71864e-56
3.15271e-57
1.67376e-58
8.80941e-60
4.56212e-61
2.32792e-62
1.16932e-63
5.77254e-65
2.79789e-66
1.33194e-67
6.24055e-69
2.89167e-70
1.33013e-71
6.099e-73
2.79917e-74
1.29053e-75
6.00255e-77
2.83686e-78
1.36484e-79
6.66264e-81
3.28613e-82
1.63163e-83
8.13633e-85
4.07182e-86
2.04132e-87
1.0232e-88
6.4177e-90
2.89428e-19
1.28061e-18
3.37918e-18
7.07759e-18
1.32337e-17
2.48001e-17
5.09706e-17
1.19536e-16
3.20207e-16
9.82507e-16
3.2889e-15
1.13649e-14
3.84389e-14
1.22161e-13
3.56756e-13
9.4972e-13
2.28781e-12
4.93184e-12
9.4369e-12
1.58863e-11
2.34066e-11
3.02324e-11
3.44101e-11
3.46235e-11
3.09276e-11
2.42675e-11
1.72999e-11
1.1087e-11
6.40621e-12
3.35076e-12
1.59421e-12
6.9357e-13
2.77126e-13
1.01907e-13
3.44574e-14
1.06749e-14
3.01383e-15
7.70968e-16
1.77811e-16
3.68449e-17
6.84678e-18
1.14048e-18
1.70398e-19
2.28693e-20
2.76294e-21
3.01274e-22
2.97393e-23
2.6663e-24
2.17875e-25
1.62863e-26
1.0391e-27
6.52206e-29
3.84978e-30
2.13417e-31
1.11295e-32
5.49948e-34
2.60436e-35
1.1978e-36
5.42279e-38
2.44451e-39
1.10504e-40
5.02182e-42
2.29476e-43
1.05689e-44
5.00011e-46
2.55734e-47
1.43359e-48
8.376e-50
4.87186e-51
2.81258e-52
1.61047e-53
9.13789e-55
5.13186e-56
2.848e-57
1.55882e-58
8.21153e-60
4.28937e-61
2.20389e-62
1.11551e-63
5.55702e-65
2.72012e-66
1.30689e-67
6.16497e-69
2.86173e-70
1.31296e-71
5.97173e-73
2.7045e-74
1.22429e-75
5.55861e-77
2.54178e-78
1.17839e-79
5.55263e-81
2.65143e-82
1.27772e-83
6.19377e-85
3.0148e-86
1.47359e-87
7.22428e-89
3.54789e-90
2.18437e-91
3.2447e-20
1.42534e-19
3.69102e-19
7.56368e-19
1.36971e-18
2.46341e-18
4.84187e-18
1.08948e-17
2.85421e-17
8.63806e-17
2.86749e-16
9.84307e-16
3.30701e-15
1.0436e-14
3.02436e-14
7.97598e-14
1.90126e-13
4.05818e-13
7.69895e-13
1.28821e-12
1.89169e-12
2.43948e-12
2.77573e-12
2.79239e-12
2.49137e-12
1.94788e-12
1.38284e-12
8.81352e-13
5.05804e-13
2.62361e-13
1.2353e-13
5.30351e-14
2.08408e-14
7.51032e-15
2.48086e-15
7.49197e-16
2.05992e-16
5.13301e-17
1.15447e-17
2.33666e-18
4.24906e-19
6.93898e-20
1.01829e-20
1.34474e-21
1.60134e-22
1.72387e-23
1.6824e-24
1.49311e-25
1.20894e-26
8.96139e-28
5.67003e-29
3.53157e-30
2.0702e-31
1.14022e-32
5.90784e-34
2.89952e-35
1.36299e-36
6.21728e-38
2.78852e-39
1.2434e-40
5.55062e-42
2.48785e-43
1.12099e-44
5.09768e-46
2.38732e-47
1.21118e-48
6.76165e-50
3.92407e-51
2.26377e-52
1.29643e-53
7.36627e-55
4.14892e-56
2.31352e-57
1.2749e-58
6.92846e-60
3.6217e-61
1.87791e-62
9.57571e-64
4.80944e-65
2.37732e-66
1.15459e-67
5.50336e-69
2.57517e-70
1.18568e-71
5.3906e-73
2.42695e-74
1.08683e-75
4.85858e-77
2.17512e-78
9.79274e-80
4.4598e-81
2.0605e-82
9.63106e-84
4.53562e-85
2.14584e-86
1.01868e-87
4.85695e-89
2.32485e-90
1.11684e-91
6.7403e-93
3.2829e-21
1.43377e-20
3.64847e-20
7.30082e-20
1.27783e-19
2.19727e-19
4.11064e-19
8.85553e-19
2.25384e-18
6.68176e-18
2.19245e-17
7.46047e-17
2.4858e-16
7.77827e-16
2.23361e-15
5.82968e-15
1.37383e-14
2.89958e-14
5.44543e-14
9.04149e-14
1.32112e-13
1.69929e-13
1.93027e-13
1.93884e-13
1.72607e-13
1.34393e-13
9.49901e-14
6.02079e-14
3.43244e-14
1.76624e-14
8.23506e-15
3.49272e-15
1.35198e-15
4.78488e-16
1.54817e-16
4.57081e-17
1.22754e-17
2.98798e-18
6.57039e-19
1.30198e-19
2.32176e-20
3.72472e-21
5.37899e-22
7.00226e-23
8.23287e-24
8.76321e-25
8.4668e-26
7.4465e-27
5.97976e-28
4.39903e-29
2.76174e-30
1.70783e-31
9.94778e-33
5.44649e-34
2.80506e-35
1.3679e-36
6.38496e-38
2.88942e-39
1.28398e-40
5.66257e-42
2.4956e-43
1.10297e-44
4.90067e-46
2.2013e-47
1.0213e-48
5.14861e-50
2.86898e-51
1.6516e-52
9.44816e-54
5.36743e-55
3.02644e-56
1.69215e-57
9.3692e-59
5.127e-60
2.76669e-61
1.43521e-62
7.38831e-64
3.73969e-65
1.86446e-66
9.14927e-68
4.4118e-69
2.08777e-70
9.70014e-72
4.43442e-73
1.99917e-74
8.91852e-76
3.95339e-77
1.74723e-78
7.72254e-80
3.42793e-81
1.53607e-82
6.96836e-84
3.19158e-85
1.46967e-86
6.78633e-88
3.14069e-89
1.45919e-90
6.81021e-92
3.19508e-93
1.88737e-94
2.99388e-22
1.30188e-21
3.26664e-21
6.36297e-21
1.07472e-20
1.76077e-20
3.12082e-20
6.44111e-20
1.5786e-19
4.54599e-19
1.46785e-18
4.94008e-18
1.6297e-17
5.04974e-17
1.43536e-16
3.7045e-16
8.62593e-16
1.79896e-15
3.34225e-15
5.50034e-15
7.98821e-15
1.02418e-14
1.15994e-14
1.16185e-14
1.03119e-14
7.99162e-15
5.62264e-15
3.54415e-15
2.00748e-15
1.02513e-15
4.73584e-16
1.98611e-16
7.58335e-17
2.6407e-17
8.3878e-18
2.42712e-18
6.38322e-19
1.52158e-19
3.2789e-20
6.37511e-21
1.11711e-21
1.76388e-22
2.51123e-23
3.22787e-24
3.75271e-25
3.95475e-26
3.78696e-27
3.30374e-28
2.63336e-29
1.92397e-30
1.19913e-31
7.36646e-33
4.26639e-34
2.32343e-35
1.19006e-36
5.76894e-38
2.67494e-39
1.20122e-40
5.28858e-42
2.30614e-43
1.00305e-44
4.37056e-46
1.91523e-47
8.50416e-49
3.91551e-50
1.96965e-51
1.09333e-52
6.23993e-54
3.53984e-55
1.9949e-56
1.11623e-57
6.19604e-59
3.40667e-60
1.85115e-61
9.91976e-63
5.10696e-64
2.6105e-65
1.31196e-66
6.49537e-68
3.16598e-69
1.51668e-70
7.13134e-72
3.29256e-73
1.49534e-74
6.69018e-76
2.96007e-77
1.30014e-78
5.68685e-80
2.48446e-81
1.08875e-82
4.80869e-84
2.14558e-85
9.64208e-87
4.3454e-88
1.95933e-89
8.84022e-91
4.00082e-92
1.81862e-93
8.3197e-95
4.80161e-96
2.46088e-23
1.0667e-22
2.64165e-22
5.01888e-22
8.15255e-22
1.26867e-21
2.12792e-21
4.17408e-21
9.81007e-21
2.72527e-20
8.59445e-20
2.85188e-19
9.29872e-19
2.84945e-18
8.01051e-18
2.04364e-17
4.70067e-17
9.68875e-17
1.78119e-16
2.90551e-16
4.19367e-16
5.35147e-16
6.03402e-16
6.02029e-16
5.32283e-16
4.10409e-16
2.87383e-16
1.80154e-16
1.01404e-16
5.14077e-17
2.3545e-17
9.77222e-18
3.68508e-18
1.26466e-18
3.95134e-19
1.1231e-19
2.89921e-20
6.78319e-21
1.43558e-21
2.74416e-22
4.73395e-23
7.36966e-24
1.036e-24
1.31673e-25
1.5156e-26
1.58301e-27
1.50374e-28
1.30233e-29
1.03115e-30
7.4873e-32
4.63518e-33
2.83058e-34
1.63125e-35
8.84218e-37
4.50675e-38
2.17286e-39
1.00127e-40
4.4628e-42
1.94635e-43
8.38827e-45
3.59918e-46
1.54601e-47
6.68572e-49
2.93991e-50
1.34908e-51
6.76687e-53
3.73761e-54
2.11479e-55
1.1897e-56
6.65155e-58
3.69364e-59
2.03558e-60
1.11132e-61
5.99691e-63
3.19113e-64
1.63065e-65
8.27817e-67
4.13213e-68
2.03249e-69
9.84624e-71
4.68885e-72
2.192e-73
1.00632e-74
4.54186e-76
2.01814e-77
8.86316e-79
3.86088e-80
1.67316e-81
7.23309e-83
3.13317e-84
1.36642e-85
6.00841e-87
2.65386e-88
1.1722e-89
5.16739e-91
2.27483e-92
1.00268e-93
4.43443e-95
1.9749e-96
1.11133e-97
1.82569e-24
7.893e-24
1.92935e-23
3.57644e-23
5.58711e-23
8.23542e-23
1.29831e-22
2.40633e-22
5.40529e-22
1.4446e-21
4.40067e-21
1.43192e-20
4.60575e-20
1.39441e-19
3.875e-19
9.76966e-19
2.22165e-18
4.53329e-18
8.25495e-18
1.33512e-17
1.91393e-17
2.4265e-17
2.72018e-17
2.70062e-17
2.37694e-17
1.82262e-17
1.27007e-17
7.91848e-18
4.43017e-18
2.23049e-18
1.01339e-18
4.16612e-19
1.55341e-19
5.26179e-20
1.62006e-20
4.53222e-21
1.1508e-21
2.64829e-22
5.51557e-23
1.03848e-23
1.76668e-24
2.71579e-25
3.77483e-26
4.74962e-27
5.41812e-28
5.61394e-29
5.29446e-30
4.5554e-31
3.58536e-32
2.58919e-33
1.593e-34
9.67751e-36
5.5538e-37
2.99853e-38
1.52177e-39
7.30129e-41
3.34501e-42
1.4799e-43
6.3917e-45
2.7212e-46
1.15148e-47
4.87775e-49
2.08564e-50
9.12021e-52
4.17436e-53
2.08427e-54
1.14516e-55
6.42418e-57
3.58419e-58
1.98798e-59
1.09572e-60
5.99555e-62
3.24998e-63
1.74152e-64
9.20335e-66
4.66862e-67
2.35447e-68
1.16776e-69
5.7101e-71
2.75066e-72
1.30284e-73
6.05874e-75
2.76682e-76
1.24141e-77
5.48204e-79
2.39147e-80
1.03402e-81
4.44417e-83
1.90327e-84
8.15838e-86
3.51985e-87
1.52877e-88
6.6511e-90
2.88511e-91
1.2455e-92
5.35512e-94
2.29876e-95
9.88292e-97
4.27847e-98
2.34277e-99
1.22497e-25
5.2818e-25
1.27362e-24
2.30086e-24
3.45132e-24
4.80339e-24
7.07969e-24
1.23247e-23
2.63581e-23
6.77299e-23
1.98673e-22
6.25147e-22
1.9754e-21
5.90484e-21
1.62233e-20
4.04826e-20
9.12281e-20
1.84472e-19
3.32813e-19
5.33779e-19
7.58891e-19
9.54633e-19
1.06294e-18
1.04924e-18
9.18745e-19
7.00354e-19
4.85611e-19
3.01132e-19
1.67492e-19
8.37816e-20
3.7782e-20
1.53976e-20
5.68315e-21
1.90269e-21
5.78248e-22
1.59517e-22
3.99184e-23
9.05303e-24
1.85888e-24
3.45329e-25
5.80235e-26
8.81957e-27
1.21353e-27
1.51317e-28
1.71229e-29
1.76145e-30
1.65052e-31
1.41189e-32
1.10542e-33
7.94522e-35
4.86083e-36
2.93993e-37
1.6815e-38
9.0492e-40
4.57581e-41
2.18585e-42
9.9589e-44
4.3732e-45
1.86983e-46
7.86149e-48
3.28179e-49
1.37381e-50
5.83097e-52
2.54029e-53
1.15778e-54
5.75031e-56
3.14225e-57
1.74767e-58
9.67038e-60
5.32161e-61
2.91136e-62
1.58165e-63
8.51228e-65
4.52942e-66
2.37738e-67
1.19743e-68
6.00126e-70
2.95931e-71
1.43919e-72
6.89781e-74
3.25107e-75
1.5045e-76
6.83639e-78
3.05036e-79
1.33948e-80
5.80803e-82
2.49475e-83
1.06439e-84
4.52095e-86
1.91979e-87
8.21106e-89
3.53107e-90
1.51684e-91
6.4763e-93
2.74284e-94
1.15299e-95
4.82186e-97
2.01469e-98
8.46862e-100
4.50357e-101
7.44694e-27
3.201e-26
7.60615e-26
1.33684e-25
1.921e-25
2.51569e-25
3.44787e-25
5.6014e-25
1.13443e-24
2.7989e-24
7.92094e-24
2.40324e-23
7.38023e-23
2.1673e-22
5.88877e-22
1.45641e-21
3.25306e-21
6.51732e-21
1.16532e-20
1.85241e-20
2.60974e-20
3.25535e-20
3.59816e-20
3.52939e-20
3.07307e-20
2.32809e-20
1.60609e-20
9.90642e-21
5.479e-21
2.72391e-21
1.21992e-21
4.93242e-22
1.80399e-22
5.97745e-23
1.7959e-23
4.8937e-24
1.2091e-24
2.70719e-25
5.48979e-26
1.00784e-26
1.67492e-27
2.52049e-28
3.43692e-29
4.25111e-30
4.77609e-31
4.88188e-32
4.54844e-33
3.87113e-34
3.01721e-35
2.15996e-36
1.31473e-37
7.92311e-39
4.52e-40
2.42638e-41
1.22317e-42
5.81972e-44
2.63697e-45
1.14908e-46
4.86323e-48
2.02072e-49
8.34265e-51
3.4644e-52
1.46301e-53
6.34361e-55
2.87466e-56
1.42006e-57
7.71583e-59
4.25435e-60
2.33455e-61
1.27457e-62
6.92177e-64
3.73293e-65
1.99457e-66
1.0539e-67
5.4947e-69
2.74855e-70
1.36961e-71
6.71848e-73
3.25154e-74
1.55119e-75
7.27845e-77
3.35303e-78
1.51626e-79
6.731e-81
2.9407e-82
1.26826e-83
5.41635e-85
2.29614e-86
9.68242e-88
4.0795e-89
1.73349e-90
7.39793e-92
3.1451e-93
1.32448e-94
5.51254e-96
2.26845e-97
9.25091e-99
3.75778e-100
1.53262e-101
7.90225e-103
4.10457e-28
1.7583e-27
4.11449e-27
7.02521e-27
9.64717e-27
1.18434e-26
1.4996e-26
2.25589e-26
4.29793e-26
1.01427e-25
2.77253e-25
8.16817e-25
2.44342e-24
7.02219e-24
1.87504e-23
4.56919e-23
1.0072e-22
1.99563e-22
3.53372e-22
5.56373e-22
7.76609e-22
9.60567e-22
1.05376e-21
1.02676e-21
8.88663e-22
6.68894e-22
4.59085e-22
2.81673e-22
1.5494e-22
7.65855e-23
3.40823e-23
1.36819e-23
4.96352e-24
1.62969e-24
4.84751e-25
1.30684e-25
3.19324e-26
7.07049e-27
1.41827e-27
2.57691e-28
4.2414e-29
6.3266e-30
8.55853e-31
1.0511e-31
1.17347e-32
1.19278e-33
1.10583e-34
9.37075e-36
7.27591e-37
5.19149e-38
3.14559e-39
1.89043e-40
1.07653e-41
5.76801e-43
2.90009e-44
1.37449e-45
6.19296e-47
2.67831e-48
1.12354e-49
4.62781e-51
1.89691e-52
7.83386e-54
3.2908e-55
1.41804e-56
6.38446e-58
3.13725e-59
1.69405e-60
9.258e-62
5.03728e-63
2.7283e-64
1.47065e-65
7.8724e-67
4.1759e-68
2.19109e-69
1.13489e-70
5.63978e-72
2.79584e-73
1.36493e-74
6.57712e-76
3.12472e-77
1.46011e-78
6.69866e-80
3.01518e-81
1.33227e-82
5.79377e-84
2.48703e-85
1.05689e-86
4.45616e-88
1.86782e-89
7.82466e-91
3.31027e-92
1.40472e-93
5.92179e-95
2.46416e-96
1.00954e-97
4.07289e-99
1.6218e-100
6.40965e-102
2.53617e-103
1.2664e-104
2.049e-29
8.75748e-29
2.02061e-28
3.3418e-28
4.36814e-28
5.01311e-28
5.84091e-28
8.05115e-28
1.4299e-27
3.20835e-27
8.46972e-27
2.44181e-26
7.15852e-26
2.01697e-25
5.28991e-25
1.26852e-24
2.75072e-24
5.3631e-24
9.35554e-24
1.45284e-23
2.0031e-23
2.4514e-23
2.66576e-23
2.57883e-23
2.21795e-23
1.65837e-23
1.13232e-23
6.91127e-24
3.78175e-24
1.85915e-24
8.2255e-25
3.28079e-25
1.18167e-25
3.84899e-26
1.13497e-26
3.03163e-27
7.33738e-28
1.60915e-28
3.19767e-29
5.75823e-30
9.39888e-31
1.39129e-31
1.86918e-32
2.28152e-33
2.5333e-34
2.56264e-35
2.36585e-36
1.99746e-37
1.54605e-38
1.10021e-39
6.63955e-41
3.98267e-42
2.26549e-43
1.21211e-44
6.07976e-46
2.87094e-47
1.28726e-48
5.53617e-50
2.30954e-51
9.46508e-53
3.86144e-54
1.58649e-55
6.6225e-57
2.83344e-58
1.26729e-59
6.19463e-61
3.3221e-62
1.79887e-63
9.70222e-65
5.21287e-66
2.78857e-67
1.48141e-68
7.80063e-70
4.06478e-71
2.09219e-72
1.0332e-73
5.09787e-75
2.47823e-76
1.18955e-77
5.63039e-79
2.62108e-80
1.19795e-81
5.36904e-83
2.36227e-84
1.0231e-85
4.37409e-87
1.85119e-88
7.77147e-90
3.24245e-91
1.3538e-92
5.7134e-94
2.41469e-95
1.01096e-96
4.1632e-98
1.68159e-99
6.6621e-101
2.59432e-102
9.98768e-104
3.83591e-105
1.8542e-106
9.24706e-31
3.96132e-30
8.99593e-30
1.43549e-29
1.78124e-29
1.90503e-29
2.03581e-29
2.5589e-29
4.17681e-29
8.82718e-29
2.25201e-28
6.36342e-28
1.83559e-27
5.10959e-27
1.32048e-26
3.11381e-26
6.63632e-26
1.27147e-25
2.18015e-25
3.33087e-25
4.52372e-25
5.46137e-25
5.86868e-25
5.61954e-25
4.79053e-25
3.55124e-25
2.40884e-25
1.46134e-25
7.95103e-26
3.88772e-26
1.71068e-26
6.78361e-27
2.42789e-27
7.85368e-28
2.29865e-28
6.09185e-29
1.46251e-29
3.18146e-30
6.27215e-31
1.12093e-31
1.81673e-32
2.67185e-33
3.56861e-34
4.33313e-35
4.78911e-36
4.82491e-37
4.4386e-38
3.73605e-39
2.88437e-40
2.04842e-41
1.23193e-42
7.38237e-44
4.19805e-45
2.2448e-46
1.12453e-47
5.29961e-49
2.37036e-50
1.01679e-51
4.23075e-53
1.72865e-54
7.02351e-56
2.86959e-57
1.18958e-58
5.0525e-60
2.24527e-61
1.0917e-62
5.81061e-64
3.11627e-65
1.66556e-66
8.87612e-68
4.71095e-69
2.48333e-70
1.29806e-71
6.71831e-73
3.43747e-74
1.68748e-75
8.29082e-77
4.01549e-78
1.92089e-79
9.06214e-81
4.20435e-82
1.91491e-83
8.54883e-85
3.74714e-86
1.61711e-87
6.89062e-89
2.90715e-90
1.21644e-91
5.06154e-93
2.11104e-94
8.90244e-96
3.75238e-97
1.56208e-98
6.37477e-100
2.54246e-101
9.9083e-103
3.7801e-104
1.41984e-105
5.2992e-107
2.48065e-108
3.7774e-32
1.62665e-31
3.61742e-31
5.56312e-31
6.54122e-31
6.5027e-31
6.34432e-31
7.24127e-31
1.08057e-30
2.12036e-30
5.19016e-30
1.43892e-29
4.11758e-29
1.13033e-28
2.87449e-28
6.66799e-28
1.3986e-27
2.63779e-27
4.45307e-27
6.70099e-27
8.96794e-27
1.06744e-26
1.13157e-26
1.06977e-26
9.0133e-27
6.60625e-27
4.44037e-27
2.67188e-27
1.44317e-27
7.01037e-28
3.06583e-28
1.20841e-28
4.29831e-29
1.38149e-29
4.01642e-30
1.05712e-30
2.52023e-31
5.44455e-32
1.06618e-32
1.89329e-33
3.05027e-34
4.46158e-35
5.92975e-36
7.16856e-37
7.89232e-38
7.92465e-39
7.26952e-40
6.10499e-41
4.70554e-42
3.33856e-43
2.00379e-44
1.20176e-45
6.84345e-47
3.66374e-48
1.83669e-49
8.65774e-51
3.87147e-52
1.65957e-53
6.8955e-55
2.81011e-56
1.137e-57
4.61916e-59
1.90186e-60
8.02085e-62
3.54251e-63
1.7132e-64
9.04535e-66
4.80367e-67
2.54358e-68
1.34421e-69
7.07658e-71
3.70128e-72
1.92077e-73
9.8764e-75
5.02519e-76
2.4536e-77
1.20078e-78
5.79673e-80
2.76478e-81
1.30065e-82
6.0167e-84
2.73152e-85
1.2153e-86
5.30966e-88
2.28469e-89
9.7104e-91
4.08771e-92
1.70688e-93
7.09772e-95
2.96322e-96
1.25038e-97
5.26198e-99
2.18023e-100
8.82777e-102
3.48157e-103
1.33697e-104
5.00686e-106
1.83845e-107
6.67979e-109
3.03174e-110
1.40308e-33
6.0214e-33
1.31151e-32
1.94386e-32
2.16424e-32
1.99703e-32
1.77233e-32
1.82271e-32
2.48136e-32
4.52514e-32
1.04712e-31
2.85061e-31
8.01172e-31
2.15655e-30
5.38609e-30
1.22941e-29
2.54092e-29
4.72637e-29
7.87426e-29
1.1699e-28
1.54625e-28
1.81769e-28
1.9028e-28
1.7763e-28
1.47827e-28
1.07002e-28
7.11551e-29
4.23967e-29
2.26941e-29
1.09341e-29
4.746e-30
1.85751e-30
6.5624e-31
2.09517e-31
6.05127e-32
1.58234e-32
3.74839e-33
8.0479e-34
1.56673e-34
2.76682e-35
4.43501e-36
6.45724e-37
8.54714e-38
1.0296e-38
1.13014e-39
1.13198e-40
1.03651e-41
8.69518e-43
6.70033e-44
4.75713e-45
2.85609e-46
1.71828e-47
9.81778e-49
5.27164e-50
2.64881e-51
1.25053e-52
5.59622e-54
2.39856e-55
9.95348e-57
4.04588e-58
1.6305e-59
6.58931e-61
2.69608e-62
1.12952e-63
4.96047e-65
2.38628e-66
1.24943e-67
6.57112e-69
3.44745e-70
1.80633e-71
9.43107e-73
4.89439e-74
2.5222e-75
1.28895e-76
6.52512e-78
3.17069e-79
1.54625e-80
7.44283e-82
3.54066e-83
1.66167e-84
7.66823e-86
3.47168e-87
1.54016e-88
6.71117e-90
2.88112e-91
1.2224e-92
5.1397e-94
2.14448e-95
8.92993e-97
3.73813e-98
1.58025e-99
6.64483e-101
2.74268e-102
1.10305e-103
4.30798e-105
1.63292e-106
6.01494e-108
2.16395e-109
7.67144e-111
3.38224e-112
4.70796e-35
2.00482e-34
4.28111e-34
6.12039e-34
6.45552e-34
5.53023e-34
4.45642e-34
4.1018e-34
5.05567e-34
8.68026e-34
1.93148e-33
4.98172e-33
1.34133e-32
3.52057e-32
8.61625e-32
1.93334e-31
3.9372e-31
7.22748e-31
1.18965e-30
1.74781e-30
2.28572e-30
2.65925e-30
2.75468e-30
2.54404e-30
2.09439e-30
1.49849e-30
9.86322e-31
5.81953e-31
3.08593e-31
1.4737e-31
6.3439e-32
2.46366e-32
8.63989e-33
2.73908e-33
7.85779e-34
2.04149e-34
4.80643e-35
1.026e-35
1.98665e-36
3.49118e-37
5.57143e-38
8.0805e-39
1.06607e-39
1.28077e-40
1.40296e-41
1.40336e-42
1.28428e-43
1.07773e-44
8.31609e-46
5.91862e-47
3.56297e-48
2.15407e-49
1.23649e-50
6.6652e-52
3.35893e-53
1.58893e-54
7.11786e-56
3.05086e-57
1.26474e-58
5.12973e-60
2.06029e-61
8.28801e-63
3.37199e-64
1.4041e-65
6.13556e-67
2.93686e-68
1.52519e-69
7.94821e-71
4.13361e-72
2.14762e-73
1.11221e-74
5.72867e-76
2.93243e-77
1.49027e-78
7.51145e-80
3.63491e-81
1.76748e-82
8.48507e-84
4.02798e-85
1.88663e-86
8.68919e-88
3.92512e-89
1.73743e-90
7.55538e-92
3.23836e-93
1.37296e-94
5.77176e-96
2.40966e-97
1.00646e-98
4.23072e-100
1.79312e-101
7.5384e-103
3.10207e-104
1.24051e-105
4.80437e-107
1.80064e-108
6.53771e-110
2.31009e-111
8.01157e-113
3.43991e-114
1.42587e-36
5.9983e-36
1.25653e-35
1.73503e-35
1.73657e-35
1.38376e-35
1.01293e-35
8.32463e-36
9.32576e-36
1.50852e-35
3.20473e-35
7.83184e-35
1.9965e-34
4.99351e-34
1.17952e-33
2.58058e-33
5.16856e-33
9.3543e-33
1.52052e-32
2.20905e-32
2.85978e-32
3.29589e-32
3.38312e-32
3.09626e-32
2.52615e-32
1.78957e-32
1.16784e-32
6.83298e-33
3.59328e-33
1.70212e-33
7.27034e-34
2.80245e-34
9.75794e-35
3.07238e-35
8.7563e-36
2.26081e-36
5.29174e-37
1.12349e-37
2.16473e-38
3.78741e-39
6.02113e-40
8.70495e-41
1.14558e-41
1.37384e-42
1.50339e-43
1.50356e-44
1.377e-45
1.15758e-46
8.95743e-48
6.39975e-49
3.87012e-50
2.35326e-51
1.35778e-52
7.35013e-54
3.71617e-55
1.76198e-56
7.90458e-58
3.39013e-59
1.40492e-60
5.6904e-62
2.27943e-63
9.13313e-65
3.69692e-66
1.5311e-67
6.66259e-69
3.17512e-70
1.63686e-71
8.46203e-73
4.3667e-74
2.25102e-75
1.15703e-76
5.91872e-78
3.01124e-79
1.52297e-80
7.65005e-82
3.68973e-83
1.79006e-84
8.57519e-86
4.06358e-87
1.90048e-88
8.74028e-90
3.94168e-91
1.7421e-92
7.5652e-94
3.23989e-95
1.37406e-96
5.78145e-98
2.41882e-99
1.01447e-100
4.28655e-102
1.8222e-103
7.66238e-105
3.14568e-106
1.25209e-107
4.81526e-109
1.78763e-110
6.41141e-112
2.23086e-113
7.59099e-115
3.18403e-116
3.91126e-38
1.61439e-37
3.31234e-37
4.42328e-37
4.21217e-37
3.13549e-37
2.09924e-37
1.55293e-37
1.57931e-37
2.36698e-37
4.70696e-37
1.08536e-36
2.6323e-36
6.30161e-36
1.43452e-35
3.03564e-35
5.89117e-35
1.03732e-34
1.64733e-34
2.35009e-34
3.0067e-34
3.43e-34
3.4879e-34
3.16419e-34
2.56018e-34
1.79738e-34
1.16438e-34
6.76504e-35
3.53285e-35
1.66217e-35
7.05328e-36
2.70156e-36
9.34876e-37
2.92595e-37
8.29081e-38
2.1288e-38
4.95685e-39
1.04735e-39
2.00934e-40
3.50236e-41
5.55056e-42
8.00511e-43
1.05172e-43
1.26022e-44
1.37914e-45
1.3807e-46
1.26706e-47
1.06845e-48
8.30197e-50
5.96141e-51
3.62653e-52
2.21857e-53
1.28706e-54
6.99998e-56
3.55276e-57
1.68967e-58
7.5979e-60
3.26374e-61
1.35342e-62
5.47886e-64
2.19038e-65
8.74642e-67
3.52463e-68
1.45321e-69
6.30471e-71
2.99471e-72
1.5348e-73
7.88513e-75
4.0438e-76
2.07101e-77
1.05777e-78
5.37996e-80
2.72333e-81
1.37216e-82
6.87696e-84
3.30921e-85
1.60308e-86
7.66815e-88
3.62938e-89
1.69574e-90
7.79206e-92
3.51044e-93
1.55032e-94
6.72795e-96
2.88142e-97
1.22377e-98
5.15848e-100
2.16588e-101
9.12767e-103
3.87869e-104
1.65372e-105
6.95695e-107
2.85097e-108
1.13056e-109
4.32338e-111
1.59271e-112
5.65577e-114
1.94327e-115
6.50908e-117
2.67675e-118
9.70988e-40
3.93067e-39
7.8892e-39
1.02045e-38
9.28267e-39
6.49663e-39
4.00792e-39
2.67433e-39
2.43851e-39
3.32257e-39
6.09904e-39
1.31514e-38
3.0205e-38
6.92582e-38
1.52202e-37
3.12413e-37
5.89542e-37
1.01147e-36
1.56606e-36
2.17826e-36
2.71331e-36
3.02238e-36
3.01359e-36
2.70014e-36
2.16378e-36
1.50425e-36
9.67069e-37
5.5798e-37
2.89474e-37
1.35358e-37
5.7108e-38
2.17547e-38
7.48906e-39
2.33214e-39
6.57621e-40
1.68073e-40
3.89657e-41
8.20068e-42
1.56782e-42
2.72479e-43
4.3085e-44
6.2044e-45
8.14599e-46
9.76352e-47
1.06984e-47
1.07356e-48
9.88587e-50
8.37382e-51
6.54211e-52
4.72699e-53
2.89647e-54
1.78339e-55
1.04089e-56
5.69244e-58
2.90315e-59
1.38648e-60
6.25633e-62
2.69464e-63
1.11923e-64
4.53204e-66
1.80961e-67
7.20682e-69
2.8941e-70
1.18967e-71
5.15448e-73
2.44444e-74
1.2482e-75
6.38813e-77
3.26307e-78
1.66378e-79
8.45985e-81
4.28544e-82
2.1618e-83
1.08669e-84
5.44158e-86
2.61574e-87
1.26662e-88
6.05488e-90
2.86414e-91
1.33773e-92
6.14623e-94
2.76834e-95
1.22265e-96
5.30673e-98
2.27495e-99
9.68663e-101
4.09354e-102
1.72664e-103
7.31582e-105
3.12582e-106
1.33624e-107
5.62305e-109
2.30117e-110
9.09943e-112
3.4649e-113
1.26909e-114
4.47293e-116
1.52218e-117
5.03721e-119
2.03922e-120
2.16462e-41
8.63901e-41
1.69832e-40
2.13116e-40
1.85714e-40
1.22656e-40
6.99155e-41
4.19226e-41
3.37834e-41
4.11917e-41
6.90554e-41
1.38168e-40
2.98743e-40
6.53081e-40
1.38257e-39
2.75285e-39
5.06122e-39
8.47642e-39
1.28264e-38
1.74346e-38
2.12224e-38
2.30976e-38
2.24951e-38
1.96392e-38
1.53628e-38
1.04654e-38
6.65414e-39
3.80477e-39
1.95785e-39
9.08872e-40
3.81e-40
1.44307e-40
4.94191e-41
1.53157e-41
4.29961e-42
1.0944e-42
2.52791e-43
5.30311e-44
1.01117e-44
1.75384e-45
2.76976e-46
3.987e-47
5.2376e-48
6.28769e-49
6.90851e-50
6.95939e-51
6.44066e-52
5.48863e-53
4.31776e-54
3.14334e-55
1.94266e-56
1.20466e-57
7.0807e-59
3.89796e-60
1.99994e-61
9.60278e-63
4.35347e-64
1.88223e-65
7.83896e-67
3.1785e-68
1.26912e-69
5.04808e-71
2.02381e-72
8.31415e-74
3.60588e-75
1.71149e-76
8.7319e-78
4.46489e-79
2.27813e-80
1.15974e-81
5.88652e-83
2.97723e-84
1.49997e-85
7.53675e-87
3.77731e-88
1.81654e-89
8.80409e-91
4.2106e-92
1.99239e-93
9.31036e-95
4.2803e-96
1.92942e-97
8.53003e-99
3.70632e-100
1.59211e-101
6.80306e-103
2.88356e-104
1.22249e-105
5.20862e-107
2.23605e-108
9.57771e-110
4.03055e-111
1.64761e-112
6.50188e-114
2.46877e-115
9.00848e-117
3.15976e-118
1.06857e-119
3.50774e-121
1.40451e-122
4.23625e-43
1.67142e-42
3.20768e-42
3.88536e-42
3.23072e-42
2.01129e-42
1.06152e-42
5.73048e-43
4.06111e-43
4.38859e-43
6.66443e-43
1.2296e-42
2.48879e-42
5.16948e-42
1.05146e-41
2.02795e-41
3.62924e-41
5.93502e-41
8.78635e-41
1.17014e-40
1.3958e-40
1.48934e-40
1.42117e-40
1.21459e-40
9.29462e-41
6.17785e-41
3.82968e-41
2.141e-41
1.0843e-41
4.97947e-42
2.06844e-42
7.77226e-43
2.64325e-43
8.14244e-44
2.27392e-44
5.76211e-45
1.32601e-45
2.77349e-46
5.27696e-47
9.14121e-48
1.4432e-48
2.07898e-49
2.73614e-50
3.29465e-51
3.6353e-52
3.68206e-53
3.43009e-54
2.94524e-55
2.33626e-56
1.71577e-57
1.07077e-58
6.6938e-60
3.96632e-61
2.20027e-62
1.137e-63
5.49575e-65
2.50675e-66
1.08963e-67
4.55822e-69
1.85447e-70
7.42165e-72
2.95645e-73
1.18698e-74
4.88998e-76
2.12996e-77
1.01512e-78
5.19256e-80
2.66188e-81
1.3613e-82
6.94305e-84
3.52989e-85
1.78833e-86
9.02519e-88
4.54383e-89
2.284e-90
1.10076e-91
5.34792e-93
2.5624e-94
1.21437e-95
5.68283e-97
2.61667e-98
1.18181e-99
5.23654e-101
2.28046e-102
9.82799e-104
4.217e-105
1.79323e-106
7.64207e-108
3.27348e-109
1.41025e-110
6.04671e-112
2.54359e-113
1.03874e-114
4.09401e-116
1.55236e-117
5.65566e-119
1.97991e-120
6.67834e-122
2.18474e-123
8.70112e-125
6.18761e-45
2.38035e-44
4.34031e-44
4.948e-44
3.85854e-44
2.25379e-44
1.11235e-44
5.52913e-45
3.53296e-45
3.43876e-45
4.78207e-45
8.20279e-45
1.56649e-44
3.11194e-44
6.11763e-44
1.14919e-43
2.00967e-43
3.21847e-43
4.6689e-43
6.09477e-43
7.13073e-43
7.46546e-43
6.9932e-43
5.86745e-43
4.40752e-43
2.87011e-43
1.74348e-43
9.54617e-44
4.72278e-44
2.11812e-44
8.62731e-45
3.20081e-45
1.07747e-45
3.29025e-46
9.12147e-47
2.29758e-47
5.26253e-48
1.0969e-48
2.08228e-49
3.6032e-50
5.68936e-51
8.20674e-52
1.08288e-52
1.30892e-53
1.45157e-54
1.4794e-55
1.38817e-56
1.20159e-57
9.61405e-59
7.12404e-60
4.48934e-61
2.83009e-62
1.6908e-63
9.45262e-65
4.92106e-66
2.39599e-67
1.10071e-68
4.8175e-70
2.02821e-71
8.29953e-73
3.33891e-74
1.33657e-75
5.3941e-77
2.23688e-78
9.82253e-80
4.71826e-81
2.42748e-82
1.25105e-83
6.43042e-85
3.29532e-86
1.6831e-87
8.56654e-89
4.34265e-90
2.19546e-91
1.10867e-92
5.36051e-94
2.61332e-95
1.25578e-96
5.96689e-98
2.79889e-99
1.29203e-100
5.85369e-102
2.60319e-103
1.13788e-104
4.92607e-106
2.12353e-107
9.06342e-109
3.88231e-110
1.67099e-111
7.21521e-113
3.09321e-114
1.29972e-115
5.30138e-117
2.08776e-118
7.91441e-120
2.88425e-121
1.0104e-122
3.4114e-124
1.11776e-125
4.4668e-127
4.10148e-47
1.43709e-46
2.36964e-46
2.4614e-46
1.78484e-46
9.928e-47
4.73013e-47
2.25517e-47
1.35095e-47
1.21813e-47
1.58522e-47
2.58524e-47
4.77107e-47
9.29034e-47
1.80864e-46
3.38065e-46
5.88846e-46
9.3726e-46
1.34746e-45
1.73819e-45
2.00513e-45
2.06649e-45
1.90389e-45
1.57033e-45
1.1595e-45
7.40988e-46
4.42305e-46
2.3789e-46
1.15485e-46
5.07968e-47
2.02819e-47
7.36493e-48
2.43568e-48
7.35213e-49
2.0194e-49
5.04884e-50
1.14983e-50
2.38678e-51
4.51852e-52
7.80735e-53
1.23238e-53
1.77907e-54
2.35181e-55
2.85083e-56
3.17351e-57
3.24931e-58
3.06512e-59
2.66853e-60
2.14809e-61
1.60157e-62
1.01562e-63
6.44147e-65
3.87043e-66
2.17448e-67
1.13736e-68
5.56571e-70
2.57121e-71
1.1321e-72
4.79583e-74
1.97506e-75
8.00037e-77
3.22789e-78
1.3157e-79
5.53171e-81
2.47568e-82
1.21608e-83
6.31879e-85
3.27875e-86
1.69636e-87
8.74803e-89
4.49554e-90
2.30197e-91
1.17365e-92
5.96379e-94
3.0276e-95
1.4685e-96
7.18622e-98
3.46619e-99
1.65344e-100
7.78609e-102
3.60954e-103
1.64342e-104
7.34851e-106
3.23042e-107
1.40709e-108
6.10227e-110
2.61812e-111
1.12867e-112
4.88447e-114
2.11432e-115
9.06465e-117
3.80544e-118
1.55096e-119
6.10725e-121
2.31712e-122
8.45909e-124
2.97114e-125
1.00687e-126
3.32108e-128
1.37492e-129
)
;

boundaryField
{
    AXIS
    {
        type            empty;
    }
    OUTLET
    {
        type            zeroGradient;
    }
    COFLOW
    {
        type            fixedValue;
        value           uniform 0;
    }
    PILOT
    {
        type            fixedValue;
        value           uniform 0.261;
    }
    FUEL
    {
        type            fixedValue;
        value           uniform 0;
    }
    WALL
    {
        type            zeroGradient;
    }
    front
    {
        type            wedge;
    }
    back
    {
        type            wedge;
    }
}


// ************************************************************************* //
