/*--------------------------------*- C++ -*----------------------------------*\
  =========                 |
  \\      /  F ield         | OpenFOAM: The Open Source CFD Toolbox
   \\    /   O peration     | Website:  https://openfoam.org
    \\  /    A nd           | Version:  6
     \\/     M anipulation  |
\*---------------------------------------------------------------------------*/
FoamFile
{
    version     2.0;
    format      ascii;
    class       volScalarField;
    location    "0.1";
    object      C2H2;
}
// * * * * * * * * * * * * * * * * * * * * * * * * * * * * * * * * * * * * * //

dimensions      [0 0 0 0 0 0 0];

internalField   nonuniform List<scalar> 
8000
(
4.21039e-06
4.04604e-05
0.00030853
0.00133616
0.00232634
0.00143827
0.000611135
0.000202997
5.85029e-05
1.83179e-05
8.10122e-06
6.54724e-06
1.0891e-05
4.15937e-05
3.82566e-05
3.93589e-05
9.90491e-05
0.00242466
0.000268911
0.000118081
0.000124976
0.000188264
0.00068207
0.00246168
0.00415371
0.00464373
0.00471391
0.00465775
0.00449006
0.00295443
0.00224869
0.00325556
0.00219693
0.00143123
0.00099298
0.000764867
0.000684386
0.000754138
0.00111973
0.00161324
0.00129119
0.00115759
0.00130679
0.00173761
0.0024299
0.0033779
0.00419063
0.00466769
0.00461588
0.0033741
0.00259249
0.00419436
0.00429618
0.00426937
0.00422316
0.00416541
0.00411863
0.00410181
0.00411863
0.0041667
0.00432844
0.00446615
0.00463937
0.00503634
0.00479761
0.0040248
0.00424117
0.00383805
0.00375965
0.00370068
0.00352948
0.00352846
0.00354448
0.00339266
0.00341038
0.00358534
0.00358195
0.00362895
0.00370398
0.00374029
0.00368004
0.00367152
0.00357882
0.00336046
0.00312104
0.00281088
0.00251203
0.00226683
0.0021676
0.00175509
0.0014803
0.00123745
0.0010613
0.000938252
0.000692085
0.00056789
0.000495622
0.000443863
0.000427778
0.000308
4.11165e-06
4.3776e-05
0.000345741
0.00145375
0.00270597
0.00144997
0.000575073
0.000192369
5.35657e-05
1.65578e-05
7.55321e-06
7.13321e-06
1.53832e-05
0.000132892
9.29123e-05
5.12274e-05
7.16612e-05
0.000155601
0.000168878
0.000186495
0.000156078
0.000229292
0.000797756
0.00259527
0.00421145
0.00467485
0.00472081
0.00466857
0.00450148
0.00423368
0.00374637
0.00304713
0.00215332
0.00151457
0.00116589
0.000961188
0.00086547
0.000918384
0.00131161
0.00174758
0.00161076
0.00130849
0.00143051
0.00186053
0.00254181
0.00346632
0.00423377
0.0046852
0.00464073
0.00454054
0.00443041
0.00434281
0.00428835
0.00425569
0.00421377
0.00416238
0.0041223
0.00411076
0.0041308
0.00417852
0.00434168
0.00448001
0.0046461
0.00498896
0.0046217
0.00401546
0.00423091
0.00383069
0.0037532
0.00369117
0.00365481
0.00351813
0.00354091
0.00338294
0.0034024
0.00358235
0.00357604
0.00362457
0.00369875
0.00374013
0.00367605
0.00366973
0.00357385
0.00335478
0.00312102
0.00280666
0.00250791
0.00226361
0.00205259
0.0017519
0.00147836
0.00123555
0.00105984
0.000937858
0.00069087
0.000567091
0.000495015
0.000443297
0.000428071
0.000307556
4.65636e-06
6.07855e-05
0.000486686
0.00178853
0.00153136
0.000923959
0.000388812
0.000242648
8.33571e-05
1.70798e-05
6.6625e-06
7.66392e-06
2.06163e-05
0.000234636
0.00036718
8.62725e-05
5.92346e-05
7.54141e-05
0.000251635
0.00148583
0.00027917
0.000343134
0.00106652
0.00286805
0.00431818
0.00470156
0.00471892
0.00469143
0.00450972
0.0041402
0.00367257
0.0029724
0.00219755
0.0017182
0.001565
0.00147084
0.00129711
0.00130057
0.00142929
0.00162757
0.0014742
0.00146784
0.00165893
0.00210629
0.00276797
0.00364377
0.00432359
0.00474247
0.00465817
0.00458868
0.00445733
0.0043087
0.00423991
0.00422339
0.00419745
0.00415943
0.00413063
0.00412896
0.00415525
0.00426972
0.00436922
0.00451031
0.00465863
0.00502833
0.00459965
0.00399517
0.00385915
0.00381398
0.00373945
0.00367119
0.00362283
0.00349855
0.0032555
0.00336122
0.00338511
0.00339434
0.00356302
0.00361498
0.00368736
0.00354489
0.0036671
0.00366589
0.00356258
0.0033431
0.00287306
0.00279728
0.00249927
0.00225666
0.00202915
0.00174554
0.00147413
0.00123138
0.000972718
0.000851255
0.000688187
0.000565353
0.000493682
0.000442053
0.000405369
0.000306578
6.27543e-06
9.34631e-05
0.000882625
0.00126419
0.00091282
0.000528444
0.000221772
7.65212e-05
2.26703e-05
8.37422e-06
4.85367e-06
5.43253e-06
1.33896e-05
8.12777e-05
0.00258272
0.000111063
5.05728e-05
5.86258e-05
0.00014422
0.00023942
0.000203911
0.000412894
0.00140882
0.00327703
0.00442289
0.00240833
0.00468867
0.00472086
0.00454046
0.00415631
0.00372615
0.00303215
0.00234974
0.00198953
0.00209697
0.00177746
0.00199463
0.00161431
0.00184485
0.00182208
0.00174451
0.00182599
0.00202396
0.00245484
0.00316938
0.00397788
0.00448822
0.0047699
0.00464909
0.00453131
0.00443886
0.00425585
0.00253052
0.0041902
0.00418677
0.00416267
0.00414421
0.0041534
0.00418879
0.00432016
0.00440795
0.00456802
0.00467159
0.00504974
0.00455623
0.00396594
0.00382818
0.00378708
0.00372014
0.00364236
0.00342589
0.00339596
0.00340112
0.00332688
0.00335935
0.00352889
0.00354301
0.00360056
0.00367039
0.00369962
0.003653
0.00366032
0.0035445
0.0033274
0.00307706
0.00278259
0.00248633
0.00224631
0.00200936
0.00173641
0.00146776
0.00122513
0.00104466
0.000907355
0.000683989
0.000562744
0.000491678
0.000440165
0.000410377
0.000305039
5.61489e-06
0.000131508
0.00254296
0.00175796
0.000670529
0.000311562
0.000108461
3.08017e-05
1.06466e-05
4.80298e-06
3.56898e-06
3.12532e-06
3.48212e-06
9.38117e-05
0.000183148
6.44957e-05
3.94578e-05
5.13413e-05
9.70456e-05
0.000130894
0.000189699
0.000597021
0.00199955
0.00370797
0.00453826
0.00472709
0.00473974
0.0047349
0.00457537
0.00427069
0.0038594
0.00320871
0.00259409
0.00224883
0.00215951
0.00209585
0.00195047
0.00198961
0.00216502
0.00157085
0.0022602
0.00238267
0.00253063
0.00295229
0.0035361
0.00423098
0.00464212
0.00479638
0.0046246
0.00454198
0.00442286
0.00426826
0.00409599
0.00420088
0.00419326
0.00417516
0.00416157
0.00418204
0.00429779
0.00436936
0.00445736
0.0046099
0.00466757
0.00490985
0.00432815
0.00423325
0.00378725
0.00374735
0.00350563
0.00360635
0.00355208
0.00334459
0.00332371
0.00328287
0.00332599
0.00348563
0.00351716
0.00358151
0.0036482
0.00366687
0.00363472
0.00348045
0.00351888
0.00310642
0.0030427
0.00276344
0.00246916
0.00223267
0.00198819
0.00172468
0.00145934
0.00121693
0.00103247
0.000883489
0.000678657
0.000559317
0.000489025
0.000437674
0.000396125
0.000303137
4.39488e-06
5.69694e-05
0.00279925
0.000925253
0.000348658
0.000153513
4.42998e-05
2.70409e-05
6.21531e-06
3.69656e-06
3.30076e-06
4.15841e-06
6.44074e-06
5.00609e-05
6.08351e-05
1.27349e-05
1.74892e-05
1.62407e-05
2.53999e-05
0.000120051
0.00025923
0.00100782
0.00173163
0.00291583
0.00462597
0.00475366
0.00476374
0.00475016
0.0046808
0.00438999
0.00403702
0.0034668
0.00298803
0.00257594
0.00237637
0.00222204
0.00214177
0.00221961
0.00244182
0.002747
0.00277708
0.0031655
0.00250512
0.00340375
0.00397196
0.00449424
0.00476897
0.00477264
0.00460326
0.0023956
0.00441944
0.00428404
0.00244021
0.00420892
0.00420816
0.00419561
0.00418483
0.00422049
0.00435825
0.00442844
0.00451917
0.00464219
0.00463872
0.00485876
0.00428486
0.00417827
0.0037368
0.00369269
0.00364185
0.00356326
0.00350413
0.00328198
0.0032491
0.00323243
0.00328565
0.0034432
0.00348601
0.00355788
0.0036217
0.00363772
0.0036126
0.00345046
0.00341548
0.00324865
0.00301175
0.00274016
0.00244781
0.00221598
0.0019664
0.00171053
0.00144893
0.0012069
0.00101974
0.000784932
0.000672348
0.000555532
0.000485708
0.000434632
0.000384798
0.000300938
3.2072e-06
7.3664e-05
0.000654065
0.000332598
0.0001343
6.07089e-05
3.60546e-05
1.2917e-05
4.56948e-06
3.92021e-06
3.92802e-06
5.5711e-06
4.54259e-06
2.88444e-05
3.50595e-05
3.39384e-05
4.72012e-05
6.61981e-05
9.21542e-05
0.000137157
0.000403671
0.00166671
0.00337376
0.00433751
0.00465896
0.00241385
0.00241645
0.00476242
0.00248956
0.00458511
0.00424782
0.00384833
0.00339277
0.00307219
0.00285754
0.00268708
0.00253183
0.00266676
0.00287642
0.00325803
0.00257358
0.00333691
0.00340426
0.00378031
0.00421663
0.00466837
0.00239568
0.00471134
0.00460147
0.00450323
0.00445281
0.00435054
0.00243036
0.00422954
0.00423328
0.00422898
0.00422338
0.00241174
0.00441865
0.004497
0.00458998
0.00465213
0.00495606
0.00468913
0.00353887
0.00376552
0.00367555
0.00362639
0.0035846
0.00351519
0.00345552
0.0032119
0.00317637
0.0031751
0.00323939
0.00330938
0.00345014
0.00352952
0.00359163
0.0034408
0.0035868
0.00357972
0.00335995
0.00319119
0.00298223
0.00271296
0.00242243
0.00224011
0.00194412
0.00169554
0.00143661
0.0011952
0.00100623
0.000841692
0.000665069
0.000551044
0.000481778
0.000431083
0.00037541
0.00029847
1.86393e-06
1.6115e-05
0.000142307
0.000101814
4.34112e-05
2.04771e-05
1.29962e-05
8.61153e-06
4.63588e-06
4.39221e-06
3.03035e-06
4.94669e-06
2.11363e-05
9.50724e-06
3.0581e-05
3.77301e-05
5.72163e-05
8.14567e-05
0.00010933
0.000182886
0.000585074
0.00157011
0.00390349
0.00293896
0.00473785
0.00476758
0.00478045
0.0047713
0.00475863
0.00465378
0.00257136
0.00417869
0.00390016
0.00364754
0.00348452
0.00237803
0.00313663
0.00315763
0.00340403
0.00356038
0.00355172
0.00346208
0.00361459
0.00402702
0.00437808
0.00469456
0.00481156
0.00477608
0.00461228
0.0045318
0.00448658
0.00440292
0.00241872
0.00432277
0.00432841
0.00432976
0.00433353
0.00439882
0.00448822
0.00457746
0.00461995
0.00448217
0.00447905
0.0044424
0.0038578
0.00369466
0.00360494
0.00354905
0.00352458
0.0032392
0.00310668
0.00313398
0.00309958
0.00311235
0.0030107
0.00324379
0.00333031
0.00349557
0.00355889
0.00340605
0.00355741
0.0035373
0.00329797
0.00313511
0.00261584
0.00268202
0.0023932
0.00216645
0.00192063
0.00167843
0.00142331
0.00118195
0.000991882
0.000822183
0.000657019
0.000545892
0.00047725
0.000427001
0.000367329
0.000295764
1.63814e-06
2.1058e-05
3.63858e-05
3.301e-05
1.5758e-05
8.38545e-06
6.91079e-06
4.8354e-06
4.63756e-06
6.17377e-06
4.39411e-06
8.40103e-06
2.48026e-05
5.56339e-05
1.67502e-05
1.7011e-05
2.71835e-05
0.000110942
8.54636e-05
0.000319122
0.000880853
0.00231895
0.00375462
0.00447972
0.00244131
0.00239452
0.00478434
0.00479207
0.00243138
0.00472458
0.00461864
0.00448122
0.00438432
0.00423892
0.00403579
0.00387945
0.00248718
0.00374487
0.00389065
0.00258169
0.00379569
0.0037942
0.00396992
0.00424227
0.00449525
0.00471617
0.00480312
0.00478315
0.00461853
0.00455112
0.00448986
0.00445258
0.0043991
0.00436835
0.00240512
0.00438643
0.00439693
0.00446825
0.00455274
0.00462117
0.00433127
0.00459673
0.0047532
0.0035148
0.00407893
0.003615
0.00352496
0.00346159
0.00329428
0.00337384
0.00318522
0.00304658
0.00302041
0.00304512
0.00311398
0.00317571
0.00326913
0.00345446
0.00334594
0.00352664
0.00330979
0.00323077
0.00323379
0.00307776
0.00258284
0.0026457
0.00236032
0.00213392
0.00189543
0.00165856
0.00140869
0.00116732
0.00097386
0.000803927
0.000648256
0.000540094
0.000472183
0.000422418
0.000360155
0.000292817
6.65548e-07
8.54247e-06
1.78209e-05
1.13183e-05
6.56529e-06
4.42428e-06
3.39854e-06
4.52235e-06
2.79726e-06
5.67047e-06
1.84559e-05
1.36132e-05
0.000143971
0.000138682
9.07945e-05
8.35582e-05
0.000102349
0.000156833
0.000226069
0.000614277
0.0013239
0.00266124
0.00381777
0.00448713
0.00474144
0.00241606
0.00479208
0.00479864
0.00478221
0.0047636
0.00473809
0.00468917
0.00469143
0.002358
0.00238572
0.0044452
0.00433727
0.00426658
0.00426468
0.00421088
0.00408268
0.00408611
0.00422709
0.00442515
0.00466614
0.00476988
0.00480698
0.00478261
0.00461637
0.00456573
0.00452355
0.00448579
0.00446555
0.00443019
0.00443853
0.00444921
0.00239699
0.00277956
0.00461505
0.00463781
0.00461275
0.00489335
0.0043917
0.00380119
0.00332893
0.00333307
0.00343561
0.00336583
0.0031349
0.00316678
0.00305629
0.00295388
0.00294201
0.00297326
0.00303681
0.00310495
0.00301324
0.00312278
0.00347479
0.00347459
0.00346817
0.00335611
0.003169
0.00301781
0.0028398
0.00256461
0.00232407
0.00209935
0.00186863
0.00163683
0.00139252
0.00115133
0.000955293
0.000786258
0.000638077
0.000533699
0.000466639
0.000417332
0.000353687
0.0002896
1.01646e-07
2.4335e-06
5.48892e-06
4.37204e-06
4.19085e-06
3.96156e-06
4.71095e-06
2.90561e-06
4.09502e-06
6.58928e-06
1.23075e-05
2.36901e-05
0.000253285
0.000634487
0.000160573
0.000114897
4.75378e-05
0.000186631
0.000491231
0.00112017
0.00201279
0.00302822
0.0040127
0.00451559
0.00471646
0.00479634
0.00479527
0.00480254
0.00480013
0.00477858
0.00477098
0.0047781
0.0047478
0.00472426
0.00468913
0.00236211
0.00464358
0.00235442
0.00458735
0.00242233
0.00444998
0.00440056
0.00449111
0.00465858
0.00474786
0.00480047
0.00480396
0.0047825
0.00239834
0.0045799
0.00455932
0.00453997
0.00452591
0.00449304
0.00239032
0.00451622
0.00293192
0.00460481
0.00463601
0.00461413
0.00480985
0.00409798
0.00410026
0.00399336
0.00352173
0.00340479
0.00333864
0.00326172
0.00313827
0.00288523
0.00293292
0.00286492
0.0028621
0.00289966
0.0029592
0.00303354
0.00312763
0.00325236
0.00342291
0.00313683
0.00333195
0.00326554
0.00310105
0.00295674
0.00277249
0.00251935
0.00228469
0.00206293
0.00183951
0.00156053
0.00137474
0.00113453
0.000936009
0.000768939
0.000627003
0.000526725
0.000460486
0.000411873
0.000345939
0.00028616
4.85504e-07
2.24228e-06
3.34899e-06
3.64276e-06
5.8262e-06
3.37746e-06
9.90121e-06
5.56491e-06
7.79029e-06
9.84688e-06
1.56399e-05
8.04239e-05
0.000261059
0.00159688
0.000250023
0.000137361
0.000137487
0.00020331
0.000895441
0.00131024
0.00251714
0.00355575
0.00305235
0.00456926
0.0047289
0.0024228
0.00240959
0.00480319
0.00477632
0.00241058
0.00477241
0.00476946
0.00476173
0.00476079
0.00475128
0.00469187
0.00469049
0.0046741
0.00238631
0.00471594
0.00467679
0.00466475
0.00471442
0.00477058
0.00479388
0.00480686
0.00482705
0.00479242
0.00471158
0.00460309
0.00240213
0.0024057
0.00240967
0.00457726
0.00458048
0.00459162
0.00460961
0.00463358
0.00461761
0.00474269
0.00464518
0.00347529
0.00369182
0.00352626
0.00339803
0.00327671
0.00299817
0.00288967
0.00296952
0.00289919
0.00281744
0.00277357
0.0027788
0.00282255
0.00288359
0.00295941
0.00304796
0.00316181
0.00329006
0.00326845
0.00324676
0.00318065
0.00303104
0.00289306
0.00270774
0.00247066
0.00224267
0.00202441
0.00180938
0.00158025
0.00135508
0.00103678
0.000915949
0.000751809
0.000615328
0.000519131
0.00045379
0.000405993
0.000339368
0.000282463
4.94108e-07
2.24743e-06
3.93908e-06
7.67671e-06
1.55894e-05
6.14777e-06
2.69883e-05
1.08236e-05
4.88109e-05
6.51943e-05
8.10141e-05
0.000121123
0.000292507
0.00140507
0.000268983
0.000154768
0.00016069
0.00024685
0.000845998
0.00198478
0.00295189
0.00397501
0.00290533
0.00461906
0.00474248
0.0025044
0.0048135
0.00481454
0.00239578
0.00473825
0.00239398
0.00472105
0.00467819
0.00467661
0.00471696
0.00471512
0.00467497
0.00466935
0.00472988
0.00476712
0.00241033
0.00245137
0.00478504
0.00481006
0.0024169
0.00480163
0.00482603
0.00242009
0.00480329
0.00464442
0.0025362
0.00464835
0.00464121
0.0046247
0.00324054
0.00377113
0.00463353
0.00440386
0.00468034
0.00471187
0.0042445
0.00330754
0.00329819
0.00340252
0.00313656
0.0031448
0.00286966
0.00286709
0.00281556
0.00276316
0.00270975
0.00268177
0.00269449
0.00274228
0.00280672
0.0028847
0.00296976
0.00307286
0.0030212
0.00317635
0.00316031
0.00293371
0.00295962
0.00282656
0.00264266
0.00242041
0.00219852
0.00198425
0.00177855
0.00154415
0.00125689
0.00109412
0.000895187
0.000734781
0.000603043
0.000511026
0.000446609
0.00039788
0.000332934
0.000278604
7.17776e-06
1.95062e-06
9.022e-06
8.13753e-06
2.34465e-05
6.20236e-05
6.71871e-05
2.88077e-05
4.23911e-05
0.00014082
0.000171643
0.000120313
0.000373878
0.00109577
0.000177689
0.000188568
0.000219261
0.000298028
0.00100596
0.00149701
0.00348423
0.00313393
0.00466704
0.00469461
0.00475536
0.00479478
0.0048082
0.004811
0.00480697
0.00478717
0.00477027
0.00472643
0.00467093
0.00240134
0.00466609
0.00466433
0.0046571
0.00465186
0.00239503
0.00477094
0.0047824
0.00480745
0.00481255
0.0047874
0.00241373
0.00480208
0.00479793
0.00478399
0.00483743
0.00483931
0.00485386
0.00485149
0.00482144
0.00384495
0.00386007
0.00462972
0.00460781
0.00444656
0.00472669
0.00425458
0.00361537
0.00352314
0.00313271
0.00326869
0.00313025
0.00291019
0.00281303
0.00270919
0.0026811
0.0026412
0.00260761
0.00259181
0.00261073
0.00266196
0.00272827
0.00280878
0.00289034
0.00298289
0.00311089
0.00308705
0.00307622
0.00301913
0.00288825
0.002544
0.00253927
0.00242454
0.00220158
0.00194244
0.00174577
0.00150728
0.00129944
0.00106937
0.000873801
0.000717969
0.000590313
0.000502427
0.000438902
0.000389666
0.000326564
0.000274735
5.61823e-06
4.55042e-05
3.64808e-05
2.92832e-05
0.00117263
0.000163193
5.7175e-05
0.000214699
0.000235565
0.00036118
0.000234714
0.000197962
0.000424031
0.000733284
0.000293451
0.000250866
0.000341645
0.000584382
0.00145474
0.00176798
0.00388974
0.0044092
0.00298498
0.00464753
0.00476881
0.00477165
0.00250276
0.00481556
0.00480452
0.00482
0.00478875
0.00478071
0.00239704
0.00471696
0.00239682
0.00464416
0.00463379
0.0024139
0.00239771
0.00477511
0.00478738
0.00478923
0.0047888
0.00478027
0.00481904
0.00479714
0.00478085
0.00475248
0.00472684
0.00380473
0.00456719
0.00481363
0.004783
0.00475521
0.00470263
0.00443333
0.00472112
0.0045643
0.00428483
0.00326666
0.00377555
0.00332721
0.00323297
0.0031261
0.00291875
0.00273682
0.00263871
0.00256597
0.00244417
0.00252967
0.00246666
0.00246041
0.00248731
0.002581
0.0026508
0.00273011
0.00281275
0.00289422
0.00285645
0.00299688
0.00298992
0.00293592
0.00281522
0.00268515
0.00246988
0.00231046
0.00210511
0.00190151
0.00171127
0.00146923
0.0011868
0.00104433
0.000852572
0.000700983
0.000578449
0.000493171
0.000430817
0.000381224
0.000320243
0.000270575
0.000162207
0.00020314
0.000119671
8.62391e-05
0.00141461
0.00016441
0.000334492
0.000647353
0.000524208
0.000586673
0.000612533
0.000574482
0.000675627
0.000736134
0.000463401
0.000244207
0.000526917
0.00086808
0.00167193
0.00294788
0.00310105
0.00332795
0.00453852
0.00303364
0.00281866
0.00254046
0.00254053
0.00476481
0.00475702
0.00480477
0.00242172
0.00241715
0.00481039
0.00480719
0.00477752
0.00240478
0.00240616
0.00465069
0.00472078
0.00241205
0.00478547
0.00477359
0.00240865
0.0048128
0.00248652
0.00476337
0.00308731
0.00462937
0.00452901
0.00415421
0.00442605
0.00452887
0.00456382
0.00458205
0.00456713
0.00456319
0.00441743
0.00369221
0.00325315
0.00371923
0.00304235
0.00300288
0.00304065
0.00290917
0.00269542
0.0025429
0.00245342
0.00240893
0.00236801
0.0023572
0.00234935
0.00235365
0.00238424
0.00244434
0.00254965
0.00263601
0.0027191
0.00250583
0.00288286
0.00268608
0.00288754
0.00284089
0.0027259
0.00259546
0.00238743
0.00229951
0.0020437
0.00185094
0.00167001
0.00136184
0.0012158
0.0010139
0.000827883
0.000680418
0.000563938
0.000480694
0.000420534
0.000370937
0.000312614
0.00026539
0.000251307
0.000204824
0.000233744
0.000271443
0.000464276
0.000332496
0.000725204
0.00159399
0.00116816
0.0010884
0.00119912
0.00110391
0.00115724
0.00097898
0.000647393
0.000673443
0.000907744
0.00121824
0.00159439
0.00325432
0.00393813
0.0042386
0.00448071
0.00463713
0.00284893
0.00279058
0.00278978
0.00471298
0.00277843
0.00473776
0.00473797
0.00477223
0.00477393
0.00479498
0.00479569
0.0048049
0.00480653
0.00481023
0.00241545
0.00478919
0.00241693
0.0023951
0.00240904
0.00479662
0.00476207
0.00467385
0.00423637
0.00403313
0.00406445
0.00416454
0.00423947
0.00391678
0.00386249
0.00385387
0.0040253
0.00393151
0.00334872
0.00322583
0.00330714
0.00300982
0.00293691
0.00278839
0.00277056
0.00263752
0.00247352
0.00234131
0.0022339
0.00220738
0.0022087
0.00222435
0.002229
0.00223882
0.00227381
0.00233308
0.00240593
0.00252745
0.00260469
0.00266822
0.00274577
0.00276406
0.00277226
0.00273055
0.00262386
0.00245231
0.00229562
0.00214722
0.00197096
0.00178836
0.0016124
0.00136998
0.0011593
0.000971913
0.000798366
0.000656003
0.000546661
0.000465533
0.000407918
0.000360084
0.00030356
0.000258872
0.000759118
7.34709e-05
0.00031517
0.00033185
0.000336309
0.000359135
0.000933681
0.00149711
0.00141947
0.00173849
0.00183325
0.00215088
0.00173314
0.00129679
0.000989035
0.00117974
0.0016038
0.00227876
0.0020753
0.00395935
0.00276671
0.00424573
0.00438979
0.00460683
0.00301455
0.00463702
0.00461358
0.00459412
0.00296248
0.00459153
0.00279008
0.00270342
0.00471183
0.00476426
0.00252205
0.00473141
0.00478283
0.00481496
0.00481608
0.00242629
0.00483309
0.00482247
0.00479281
0.00250433
0.00467114
0.00417873
0.00396559
0.00387132
0.0036828
0.00359035
0.00359937
0.00330853
0.00357499
0.00326694
0.00346026
0.00312525
0.00308439
0.00303486
0.00307504
0.00294387
0.00281087
0.00264251
0.00249757
0.00240075
0.00234608
0.00213213
0.00207402
0.00205993
0.00216453
0.00219029
0.00211265
0.00212729
0.00216354
0.00222541
0.00229611
0.00237829
0.00249058
0.00254809
0.00261286
0.00263828
0.0026497
0.00261872
0.0025261
0.00234604
0.00220251
0.00206135
0.00189783
0.00172355
0.00155012
0.0012523
0.00110778
0.000929933
0.000768275
0.000630872
0.00052877
0.000449686
0.000393489
0.000349263
0.000294547
0.00025188
0.000866742
0.000258799
0.000275213
0.000304927
0.000275382
0.000401024
0.000856395
0.00123321
0.00146656
0.00210734
0.00308858
0.00314821
0.00252995
0.00225087
0.00159622
0.00211242
0.00254235
0.00171721
0.00346997
0.00386321
0.00412468
0.00284279
0.00288205
0.0031563
0.00313765
0.00456329
0.00454063
0.0044767
0.00439872
0.00442882
0.00302788
0.00442773
0.00448611
0.00285105
0.00456077
0.00460508
0.00279462
0.00477866
0.00478229
0.00481294
0.00482044
0.00250507
0.00474618
0.00465268
0.00336908
0.00389763
0.00345993
0.00343327
0.00336317
0.00334494
0.00336981
0.00321314
0.00317942
0.00330271
0.00323606
0.0031695
0.00309685
0.00296543
0.00283261
0.00268287
0.00252115
0.00226984
0.00226576
0.00226575
0.00205854
0.00197361
0.00193251
0.00192941
0.00194634
0.00197816
0.00205234
0.00202241
0.00206074
0.00212072
0.00218929
0.002274
0.00233759
0.00239321
0.00248761
0.00249457
0.00253057
0.00250749
0.00236964
0.00224704
0.00211037
0.00197529
0.00182803
0.00165743
0.00148227
0.0012545
0.00105702
0.000888554
0.000735135
0.000606106
0.000510385
0.000433196
0.000379312
0.000338137
0.000285386
0.00024454
0.00086906
0.000624632
0.000472071
0.000389532
0.000449195
0.000691163
0.000909477
0.00107354
0.0014332
0.00224152
0.00317935
0.00229306
0.00331302
0.00199115
0.00288188
0.00303681
0.00334103
0.0036016
0.00377092
0.00386611
0.00400528
0.00218982
0.00410321
0.00424496
0.00440675
0.00445106
0.00448406
0.00302752
0.00408858
0.00308005
0.00400763
0.00400632
0.00318844
0.00434181
0.00316806
0.00456436
0.00465111
0.00468146
0.00473384
0.00478143
0.00474817
0.00469454
0.004425
0.00328726
0.00379418
0.00353669
0.00322343
0.00304351
0.00297805
0.00297523
0.00290898
0.00291798
0.00291854
0.00304714
0.00283587
0.00290799
0.00282037
0.00259446
0.00254326
0.00240972
0.00227401
0.00214085
0.00204242
0.00197558
0.0018969
0.00182952
0.0018012
0.00180625
0.00182681
0.00185992
0.00189261
0.00191721
0.0019569
0.00202007
0.00208783
0.00217032
0.0023149
0.00227658
0.00232523
0.00235597
0.00237048
0.00235035
0.00234942
0.0021439
0.00202209
0.00188976
0.00175506
0.0015922
0.00141243
0.00119127
0.00100606
0.000850908
0.000701878
0.000580683
0.000491312
0.000416095
0.000365686
0.000325854
0.000275775
0.000236921
0.000873046
0.000813379
0.000677194
0.000611457
0.00072187
0.000885203
0.00100442
0.00111821
0.00134669
0.00204297
0.00318053
0.00374369
0.00405419
0.00397073
0.00380192
0.00409849
0.00418933
0.0026938
0.00407723
0.00394226
0.00386677
0.00375274
0.00381581
0.00399931
0.00414487
0.00286769
0.00414893
0.00398767
0.00379394
0.00371272
0.00366735
0.00370574
0.00378607
0.00391599
0.00411019
0.00452703
0.00463012
0.00314435
0.00464752
0.00460078
0.00455087
0.00433123
0.00331651
0.00367856
0.00339836
0.00302599
0.00254759
0.00267332
0.00262815
0.00263749
0.00267063
0.00266759
0.00267624
0.00269214
0.00264381
0.00256928
0.00248008
0.00238722
0.00228886
0.00215459
0.00204212
0.00194675
0.00187178
0.00181349
0.00177666
0.00169642
0.00166886
0.00168075
0.00170876
0.00174909
0.00178627
0.00181651
0.00185923
0.0019193
0.00198858
0.00206853
0.00212406
0.00216872
0.00221162
0.00223411
0.00225212
0.00223866
0.00215207
0.00204617
0.00193329
0.00181177
0.00167604
0.00149225
0.00134814
0.00113253
0.000954888
0.000807942
0.000666917
0.00055503
0.000468446
0.000398793
0.00035187
0.000313545
0.000265678
0.000228671
0.000893627
0.000918336
0.000800313
0.000754212
0.000788977
0.000782029
0.000812096
0.000985435
0.0011697
0.00160325
0.00264029
0.00384498
0.00414983
0.00222528
0.00420036
0.00316553
0.00316417
0.00414326
0.00255832
0.00384608
0.00198694
0.00344171
0.00348525
0.00373799
0.00205069
0.00210592
0.00389823
0.00291828
0.00347797
0.00332862
0.00331595
0.00335545
0.00324609
0.00357022
0.00382004
0.00406698
0.00348628
0.00458001
0.00453667
0.00334561
0.00426192
0.00340559
0.00359279
0.00304256
0.00283569
0.00260868
0.00242314
0.00232979
0.00230086
0.00231544
0.00238464
0.00234335
0.00235445
0.00232874
0.00232136
0.00228074
0.00219294
0.00211448
0.00210411
0.00194977
0.0018617
0.00178143
0.00171814
0.00166604
0.00161101
0.00156073
0.00154179
0.00156035
0.00159291
0.0016381
0.00164691
0.00171004
0.00175861
0.00182467
0.00189163
0.00196841
0.00202155
0.00206581
0.00210527
0.00212537
0.00224998
0.00224221
0.00204603
0.00195213
0.00184917
0.00173098
0.0016017
0.00145023
0.00127731
0.00107624
0.000905036
0.00076603
0.000632876
0.000529595
0.000446266
0.000382885
0.000337653
0.000300054
0.000255456
0.000221092
0.000922799
0.000972501
0.000888043
0.000791391
0.000685065
0.000531954
0.000502385
0.000643073
0.000871141
0.00112203
0.00179273
0.00195425
0.00373974
0.00402237
0.00410062
0.0042025
0.00410644
0.0038324
0.00370868
0.00339378
0.00313645
0.00298348
0.00225898
0.0033286
0.00353542
0.00288584
0.00365151
0.00323926
0.00322702
0.00301302
0.00299057
0.00316751
0.00327558
0.00340643
0.00354373
0.00370311
0.00382643
0.00439101
0.00427578
0.00406831
0.00374017
0.003007
0.00297538
0.00274229
0.00242546
0.00225805
0.00212516
0.00206418
0.00204897
0.00206393
0.00216591
0.00205882
0.0020711
0.00208229
0.00206035
0.00201943
0.00196462
0.00190565
0.00184975
0.0017696
0.00169798
0.00162306
0.00156492
0.00151723
0.00146064
0.00142077
0.00141039
0.00143369
0.00147268
0.00152329
0.0015712
0.00160849
0.00165814
0.00172503
0.00179788
0.00187099
0.00192249
0.00196946
0.00200583
0.00202247
0.00203804
0.00213388
0.00195013
0.00185978
0.00176782
0.00164744
0.001525
0.00137677
0.00120671
0.00101946
0.000858693
0.000724794
0.000601373
0.000504042
0.000424286
0.000366911
0.000323592
0.000286682
0.000245042
0.000213598
0.000955489
0.000977353
0.000839754
0.000673389
0.000493108
0.000299523
0.000243625
0.000338243
0.000547528
0.000757234
0.00108554
0.00187655
0.0028384
0.00335481
0.00362849
0.00367631
0.0020762
0.00212197
0.00311988
0.00202985
0.0025173
0.002456
0.0026452
0.00286489
0.0030252
0.00304749
0.00286758
0.00311335
0.00266752
0.00269135
0.00253911
0.00280503
0.00267858
0.00323641
0.00355788
0.00366902
0.00367673
0.00348692
0.00344181
0.00321135
0.00290829
0.0027549
0.00261688
0.00232888
0.00210137
0.00194879
0.00180077
0.00182145
0.00177873
0.00185152
0.00186147
0.00184295
0.00185521
0.0018659
0.00186438
0.00181641
0.00177135
0.00171944
0.00166349
0.00160317
0.00153485
0.00146424
0.0014087
0.00130226
0.00131669
0.00128632
0.00128232
0.00131332
0.00135818
0.00140944
0.00145578
0.00150309
0.00155794
0.00162924
0.00169948
0.00177691
0.00182967
0.00187162
0.00190763
0.00192424
0.00193683
0.00192756
0.00191066
0.00177406
0.00168294
0.00156896
0.0014433
0.00130237
0.00114152
0.000962211
0.000812637
0.000683649
0.000570198
0.000478485
0.000404504
0.000350624
0.000309547
0.000273521
0.000235561
0.000205759
0.000985226
0.00089015
0.000644527
0.000468716
0.000311465
0.000172419
0.000126273
0.000168306
0.000326939
0.000502627
0.000676724
0.00107189
0.00180137
0.00249017
0.00283172
0.00216944
0.00269942
0.00245025
0.00202125
0.00215913
0.00193609
0.00192863
0.00208424
0.0018035
0.00249195
0.00245875
0.00246345
0.00274146
0.00228967
0.0023118
0.00208586
0.00219707
0.00246312
0.00285161
0.00337298
0.00329306
0.00367284
0.00347902
0.00325271
0.0027392
0.00262829
0.00235081
0.00219387
0.00189862
0.00169632
0.00165828
0.00159498
0.00157552
0.00159622
0.00157785
0.00163407
0.00163642
0.00165121
0.00166597
0.0016556
0.00162597
0.00158417
0.00153572
0.00148239
0.0014264
0.00137111
0.00130922
0.00125419
0.00122133
0.00117546
0.00115493
0.00115925
0.00119309
0.00124211
0.00129987
0.00135101
0.00139817
0.00145461
0.00153087
0.00160638
0.00167761
0.00173547
0.00178153
0.00181422
0.00182786
0.00183526
0.00182303
0.00176522
0.00168362
0.00160105
0.00148653
0.00136576
0.0012258
0.00107751
0.000908513
0.000767365
0.000645695
0.000539732
0.000452886
0.00038538
0.000334666
0.000295262
0.000260588
0.000226515
0.000197547
0.000995014
0.000712941
0.000435903
0.000319115
0.000187476
8.8428e-05
6.67785e-05
0.000102101
0.000197432
0.000344926
0.000460854
0.000633032
0.0010381
0.00150415
0.00191956
0.00197765
0.00183688
0.00171961
0.00174276
0.0014492
0.00132279
0.00135007
0.00145294
0.0015528
0.00161986
0.00167971
0.00182882
0.00235688
0.00204662
0.00190992
0.00143535
0.00161865
0.00190963
0.00241003
0.00296971
0.00291788
0.00334352
0.00294751
0.00287248
0.00251606
0.00222768
0.00200396
0.0018145
0.00163603
0.00148157
0.00136501
0.00131942
0.00122229
0.00135909
0.00141287
0.00140429
0.00141925
0.00144212
0.0014613
0.00145403
0.00143357
0.00139604
0.00135321
0.00122784
0.00125462
0.00121116
0.0010761
0.00110857
0.00107654
0.00104066
0.00102876
0.0010408
0.00108061
0.001133
0.00119239
0.00124546
0.00129548
0.00135776
0.00143197
0.0015082
0.00158444
0.00163984
0.0016852
0.00172095
0.00173593
0.001743
0.00172733
0.00166941
0.00159536
0.00151374
0.00140242
0.00128843
0.00115327
0.00101117
0.000856768
0.000722261
0.000609288
0.000509537
0.000428872
0.000366218
0.000318747
0.000281142
0.00024874
0.00021723
0.000189535
0.000944749
0.000453648
0.000265406
0.00016151
8.95935e-05
3.56665e-05
3.21029e-05
6.56056e-05
0.000134552
0.000243327
0.000337117
0.000420811
0.000601597
0.000860839
0.00108897
0.00111369
0.00105441
0.0010051
0.000999124
0.000930432
0.000927588
0.000985702
0.00106268
0.00114096
0.00121334
0.00137389
0.00132431
0.00157186
0.00149211
0.00119548
0.00114489
0.00119761
0.00143633
0.00194037
0.00247919
0.00276224
0.00282633
0.00255965
0.00237831
0.00208405
0.00182727
0.00161081
0.00144212
0.00129185
0.00107308
0.00109248
0.00106483
0.00110548
0.00113155
0.00118046
0.00118164
0.00120549
0.00123464
0.00125924
0.00125712
0.0012441
0.00121305
0.00117615
0.00114205
0.00109183
0.00105836
0.00102124
0.000968612
0.00094063
0.000916026
0.000912608
0.000930348
0.000971668
0.00102521
0.00108706
0.00114845
0.0011945
0.00125878
0.00133595
0.00141085
0.00148488
0.00154552
0.00159247
0.00162547
0.00163838
0.00164501
0.00162664
0.0015786
0.00150681
0.00142269
0.00132323
0.00120867
0.0010816
0.000946998
0.00080561
0.000679672
0.000573841
0.00047978
0.000406229
0.000347714
0.000302714
0.000267024
0.000237593
0.000207682
0.00018193
0.000752511
0.000262556
0.000115073
7.27647e-05
4.1821e-05
1.84375e-05
1.66434e-05
4.42078e-05
9.96269e-05
0.000182188
0.000259852
0.000306646
0.000384417
0.000495379
0.000595595
0.000610066
0.000595795
0.000597488
0.000611489
0.000612597
0.000646323
0.000720324
0.000762548
0.000804654
0.000852112
0.000910118
0.000977156
0.00088243
0.00100045
0.00090829
0.000871443
0.00101158
0.00115583
0.00149307
0.00195747
0.002222
0.00229354
0.002127
0.00188834
0.00165057
0.00140028
0.00123212
0.00109879
0.000980832
0.000902247
0.00084308
0.00083525
0.000882358
0.000918266
0.000967727
0.000973931
0.00100411
0.00103767
0.00106603
0.00106978
0.00106325
0.00103814
0.00100676
0.000975964
0.000938069
0.000916454
0.000880433
0.00083736
0.000814357
0.000798993
0.000803125
0.000826642
0.000870916
0.000924473
0.000984406
0.000967357
0.00110001
0.00116489
0.00123779
0.00131536
0.0013887
0.00144599
0.00149676
0.00153195
0.00154831
0.00155246
0.00153406
0.00148327
0.00141413
0.00134034
0.0012415
0.00113502
0.00100985
0.000886503
0.000754887
0.000639612
0.000538891
0.000452
0.000383651
0.000329315
0.000286963
0.000254724
0.000226173
0.000197974
0.000174104
0.000380327
8.96205e-05
3.87149e-05
2.37114e-05
1.5521e-05
9.1222e-06
9.78713e-06
3.0621e-05
7.59642e-05
0.000136234
0.000200605
0.000241286
0.000271937
0.000310895
0.000350773
0.000358346
0.000361858
0.000375526
0.000395014
0.000415003
0.000450406
0.000524552
0.000307552
0.00055818
0.000405535
0.000582243
0.000624694
0.000666022
0.000506825
0.000607124
0.000635514
0.000764961
0.00100224
0.00113948
0.00145758
0.00168958
0.00177136
0.00158569
0.00140019
0.00120003
0.000972163
0.000906094
0.000802261
0.000702953
0.00064434
0.000619562
0.00063013
0.000681127
0.000723015
0.000767785
0.000784402
0.000818859
0.000855454
0.000885978
0.000895073
0.000822129
0.00087495
0.000848345
0.000823214
0.000795266
0.000775975
0.00074771
0.000716957
0.000700026
0.000692915
0.000703349
0.000730143
0.000774941
0.000829358
0.000890104
0.000954889
0.00100625
0.00107303
0.00114652
0.00121853
0.00129313
0.00135412
0.00140097
0.00143271
0.0014512
0.0014562
0.00143489
0.00138785
0.00132887
0.00125585
0.00116226
0.00106092
0.000942213
0.000827135
0.000706825
0.000600794
0.000504529
0.000426101
0.00036204
0.000311132
0.000272233
0.000242322
0.000214691
0.000188658
0.000166224
0.00017575
1.94776e-05
8.57991e-06
6.79957e-06
5.9553e-06
4.95645e-06
6.32701e-06
2.08391e-05
5.55008e-05
0.000108363
0.000158544
0.000192243
0.000208517
0.000221214
0.000230552
0.000231826
0.000235835
0.000247062
0.00026228
0.000279653
0.00030032
0.00033957
0.000347683
0.000358279
0.000358494
0.000339212
0.000363255
0.000395189
0.000403744
0.000403119
0.000467945
0.000463503
0.000789589
0.000899578
0.00103805
0.00119748
0.00116878
0.00111312
0.000956402
0.000816433
0.000689129
0.000619176
0.000580591
0.000462049
0.000426491
0.000423097
0.000447771
0.000501822
0.000547224
0.000591941
0.000615278
0.000652362
0.00068999
0.000721022
0.000734045
0.000747374
0.000724273
0.000703171
0.00068472
0.000666341
0.000648497
0.000629563
0.000607287
0.000595882
0.00059568
0.000611494
0.000641774
0.000687398
0.000738298
0.000799846
0.000861904
0.000919221
0.000983089
0.00105617
0.00112929
0.00119795
0.00125893
0.00130877
0.00134147
0.00135814
0.00136137
0.00134175
0.00129815
0.00124049
0.0011729
0.00108744
0.000986664
0.000878592
0.000768731
0.00066142
0.000562858
0.000472716
0.000400708
0.000340559
0.000293259
0.00025853
0.000229586
0.00020408
0.000179308
0.000158388
2.79972e-06
3.0619e-06
2.94371e-06
2.4649e-06
2.50621e-06
2.70279e-06
3.69161e-06
1.23702e-05
3.56715e-05
7.36552e-05
0.000123578
0.000159411
0.000167071
0.000161033
0.000152282
0.000142356
0.000135117
0.000136281
0.000143366
0.000159619
0.000175559
0.000177066
0.000157595
0.000141058
0.000126323
0.000119101
0.000126682
0.000148485
0.000170573
0.000208108
0.000288215
0.000407163
0.000522723
0.000688226
0.000625914
0.000668475
0.000614849
0.000568625
0.000542451
0.0005019
0.000449524
0.000407038
0.000346284
0.000305492
0.000281069
0.00027598
0.000262396
0.000273176
0.000304406
0.00034966
0.000379003
0.000418036
0.00045608
0.000486867
0.000505079
0.000515323
0.000506743
0.000494933
0.000487214
0.000474264
0.000467793
0.000465679
0.000452757
0.000448868
0.000457689
0.000479482
0.000510399
0.000554777
0.000605894
0.000666509
0.00072372
0.000786337
0.000850174
0.000918726
0.000986725
0.00105473
0.00111298
0.00115819
0.00119031
0.00120705
0.00121007
0.00119075
0.00115416
0.00110642
0.0010464
0.000967538
0.000879245
0.000778029
0.000683597
0.000590671
0.000502372
0.000424698
0.000361835
0.000307516
0.00026841
0.000236208
0.000210615
0.000187229
0.000164832
0.0001472
6.61418e-07
9.74851e-07
1.20545e-06
1.2692e-06
1.46426e-06
1.73712e-06
2.29048e-06
4.64772e-06
1.356e-05
3.09561e-05
5.29188e-05
7.408e-05
8.48362e-05
8.53993e-05
8.03691e-05
7.49444e-05
7.18522e-05
7.11856e-05
7.01856e-05
6.43184e-05
5.28494e-05
4.23118e-05
3.47757e-05
3.09111e-05
2.95521e-05
2.92539e-05
3.27012e-05
4.07824e-05
5.86492e-05
9.37965e-05
0.000154475
0.000226762
0.000289135
0.000334064
0.000331533
0.000320951
0.000299037
0.00027687
0.000245415
0.000220646
0.000201728
0.000173425
0.000143931
0.000127825
0.000118985
0.000118233
0.000130572
0.00015821
0.000175548
0.000193041
0.000187541
0.000199801
0.000221992
0.000246796
0.00026717
0.000278515
0.000280948
0.000279706
0.000281776
0.000279528
0.000282238
0.00028519
0.000286668
0.000292618
0.000306716
0.000329873
0.00036309
0.000405026
0.00045264
0.000508502
0.000562528
0.000624975
0.000684752
0.000746982
0.000810168
0.000871788
0.000924229
0.000966717
0.000998059
0.00101651
0.00101879
0.00100202
0.000972114
0.00093346
0.000885373
0.000818833
0.000739454
0.000655985
0.000574356
0.00049915
0.000425848
0.000361901
0.000311036
0.000267309
0.000234598
0.000207614
0.000184951
0.000165569
0.000146608
0.000130681
1.04215e-07
2.79241e-07
5.10823e-07
7.7986e-07
9.70647e-07
1.17163e-06
1.44862e-06
1.9248e-06
3.44748e-06
7.40672e-06
1.36869e-05
2.19418e-05
2.95129e-05
3.28825e-05
3.20666e-05
2.88536e-05
2.53847e-05
2.25718e-05
2.02865e-05
1.86352e-05
1.78784e-05
1.77932e-05
1.7877e-05
1.77683e-05
1.71221e-05
1.62817e-05
1.61078e-05
1.94368e-05
2.87523e-05
4.76159e-05
7.30496e-05
9.68387e-05
0.000120651
0.000130389
0.000125495
0.000116804
0.000107176
9.44004e-05
8.10941e-05
7.28759e-05
6.81098e-05
5.87815e-05
5.0386e-05
4.71828e-05
4.77602e-05
5.2017e-05
6.10885e-05
6.87716e-05
7.43167e-05
8.58448e-05
0.000103593
0.000115711
0.00012542
0.000130284
0.000124944
0.000127141
0.000128802
0.000131835
0.000138341
0.000143505
0.000151228
0.000158597
0.00016718
0.000178208
0.000194847
0.0002186
0.000248874
0.000285543
0.000327121
0.000376774
0.000426394
0.000483651
0.000538775
0.000593032
0.000649986
0.000704146
0.000750755
0.000789677
0.000819941
0.000839063
0.000840694
0.000827763
0.000803351
0.000772412
0.000734795
0.000678283
0.000610172
0.000542207
0.000476897
0.000414303
0.000354705
0.000305059
0.000265077
0.000228824
0.000202145
0.0001809
0.000161617
0.000144307
0.000128423
0.000115381
2.49682e-08
1.04927e-07
2.33622e-07
3.96545e-07
5.82678e-07
7.28928e-07
8.75409e-07
1.113e-06
1.46391e-06
2.05251e-06
3.29479e-06
5.85234e-06
9.75932e-06
1.37891e-05
1.65709e-05
1.74634e-05
1.70757e-05
1.63487e-05
1.58219e-05
1.56343e-05
1.57194e-05
1.59347e-05
1.60545e-05
1.5854e-05
1.51808e-05
1.41224e-05
1.32298e-05
1.34503e-05
1.56925e-05
1.91859e-05
2.24314e-05
3.13876e-05
3.56322e-05
3.48939e-05
3.15541e-05
2.86087e-05
2.56545e-05
2.24221e-05
1.97184e-05
1.82088e-05
1.74994e-05
1.58656e-05
1.48947e-05
1.55899e-05
1.7603e-05
2.07985e-05
2.42296e-05
2.83628e-05
3.39929e-05
4.00208e-05
4.27845e-05
4.64226e-05
5.26443e-05
6.20874e-05
6.62467e-05
6.70983e-05
6.83641e-05
6.34751e-05
6.17878e-05
6.46022e-05
7.19576e-05
8.05918e-05
9.05325e-05
0.000102688
0.000118916
0.000139423
0.00016458
0.000194374
0.000230248
0.000271015
0.000313926
0.000363228
0.000410595
0.000459355
0.000508453
0.000555154
0.000595996
0.000630975
0.000658599
0.000678606
0.000678633
0.000669647
0.000651641
0.000625862
0.000593648
0.000548551
0.00049538
0.000439568
0.000387608
0.000338033
0.000291418
0.000252505
0.00022048
0.000193482
0.000172515
0.000154271
0.000138858
0.000124899
0.000111347
0.00010031
8.21259e-09
4.68103e-08
1.13075e-07
2.03916e-07
2.98283e-07
3.94896e-07
4.82318e-07
5.96997e-07
7.73624e-07
1.00938e-06
1.36729e-06
2.0547e-06
3.18472e-06
4.71318e-06
6.61588e-06
8.09686e-06
8.97362e-06
9.41261e-06
9.65178e-06
9.87426e-06
1.01824e-05
1.0598e-05
1.10061e-05
1.11531e-05
1.09158e-05
1.01699e-05
9.05668e-06
7.86753e-06
6.80287e-06
5.91174e-06
6.36408e-06
6.93221e-06
6.79526e-06
6.21482e-06
5.44375e-06
4.78262e-06
4.22415e-06
3.63539e-06
3.20847e-06
3.01232e-06
2.97045e-06
2.95654e-06
3.2414e-06
4.05883e-06
5.33104e-06
7.02291e-06
8.93849e-06
1.10159e-05
1.30515e-05
1.5063e-05
1.74924e-05
2.07759e-05
2.25693e-05
2.31768e-05
2.48691e-05
2.75724e-05
3.09071e-05
3.16411e-05
3.26976e-05
3.24514e-05
3.29948e-05
3.77712e-05
4.56799e-05
5.60316e-05
6.94291e-05
8.54147e-05
0.000104829
0.000129148
0.000157194
0.000189073
0.000224
0.000264779
0.000304479
0.000345703
0.000386743
0.000426667
0.000461369
0.000492025
0.000515792
0.000531518
0.0005346
0.000529153
0.000516354
0.000496544
0.000469348
0.000434106
0.000392881
0.000349825
0.00030884
0.000269874
0.00023513
0.000205976
0.000181293
0.000160772
0.000144668
0.000130375
0.000117863
0.000106455
9.53701e-05
8.56032e-05
8.16264e-10
2.51004e-08
5.69573e-08
1.03035e-07
1.55232e-07
2.10502e-07
2.57677e-07
3.04715e-07
3.96678e-07
5.14095e-07
6.74816e-07
9.30882e-07
1.35721e-06
1.93864e-06
2.59973e-06
3.22797e-06
3.75143e-06
4.25845e-06
4.78835e-06
5.33651e-06
5.81386e-06
6.22097e-06
6.50681e-06
6.64762e-06
6.57464e-06
6.24592e-06
5.63693e-06
4.86741e-06
4.07887e-06
3.38641e-06
2.84181e-06
2.44008e-06
2.14498e-06
1.91596e-06
1.72315e-06
1.54435e-06
1.37317e-06
1.21331e-06
1.06755e-06
9.47184e-07
8.61825e-07
8.13609e-07
8.13223e-07
8.60337e-07
1.01966e-06
1.6828e-06
2.45117e-06
3.33425e-06
4.26842e-06
5.24249e-06
6.10495e-06
6.93873e-06
7.98535e-06
9.26415e-06
1.01056e-05
1.01798e-05
1.07949e-05
1.24222e-05
1.46582e-05
1.58313e-05
1.76006e-05
1.7938e-05
2.19188e-05
2.88825e-05
3.85634e-05
5.02178e-05
6.51051e-05
8.33501e-05
0.000103856
0.000127686
0.000155654
0.000186503
0.000218616
0.000251783
0.000285923
0.000318319
0.000347166
0.000372585
0.000392636
0.000405317
0.000409481
0.000406727
0.000398096
0.00038344
0.000362778
0.000335132
0.000304008
0.000271652
0.00024049
0.00021147
0.000186033
0.000164964
0.000146827
0.000131766
0.000119527
0.000108534
9.83372e-05
8.8957e-05
8.00298e-05
7.24195e-05
0
1.1912e-08
2.88225e-08
5.13743e-08
8.24064e-08
1.0823e-07
1.37483e-07
1.69079e-07
2.09557e-07
2.65137e-07
3.40512e-07
4.53037e-07
6.14514e-07
8.46167e-07
1.13516e-06
1.46069e-06
1.80055e-06
2.15097e-06
2.5165e-06
2.91157e-06
3.26133e-06
3.44774e-06
3.89416e-06
4.03877e-06
4.09759e-06
4.00655e-06
3.77974e-06
3.45902e-06
3.1281e-06
2.81667e-06
2.5384e-06
2.29649e-06
2.08e-06
1.87514e-06
1.67331e-06
1.47213e-06
1.27458e-06
1.08542e-06
9.10172e-07
7.56947e-07
6.29388e-07
5.28585e-07
4.61008e-07
4.2304e-07
4.15771e-07
4.38273e-07
4.7867e-07
5.33956e-07
7.99033e-07
1.15689e-06
1.51634e-06
1.86612e-06
2.17886e-06
2.51993e-06
3.02678e-06
3.56793e-06
3.83213e-06
4.10244e-06
5.12088e-06
6.83054e-06
8.05301e-06
9.7683e-06
1.08165e-05
1.42952e-05
2.04238e-05
2.86906e-05
3.91121e-05
5.18515e-05
6.62656e-05
8.43222e-05
0.000104401
0.000126287
0.000151059
0.000177692
0.000204082
0.000229401
0.000252299
0.000272304
0.000288937
0.000299131
0.000303849
0.000302725
0.000297102
0.000286555
0.000271731
0.000251479
0.000228951
0.000205241
0.000182463
0.000162243
0.000144681
0.000129776
0.000116716
0.000105824
9.67495e-05
8.86006e-05
8.10763e-05
7.36615e-05
6.64818e-05
6.01833e-05
0
1.45776e-09
1.55239e-08
2.71327e-08
3.91105e-08
5.64601e-08
7.47865e-08
8.90766e-08
1.09719e-07
1.44149e-07
1.84488e-07
2.34658e-07
3.02754e-07
3.93781e-07
5.17441e-07
6.69225e-07
8.44345e-07
1.04834e-06
1.28661e-06
1.57769e-06
1.9221e-06
2.25718e-06
2.49837e-06
2.60544e-06
2.52993e-06
2.48325e-06
2.46535e-06
2.33023e-06
2.17225e-06
2.0324e-06
1.89438e-06
1.7472e-06
1.59535e-06
1.43878e-06
1.28027e-06
1.12496e-06
9.756e-07
8.36776e-07
7.10885e-07
5.96551e-07
4.95047e-07
4.07119e-07
3.34709e-07
2.80368e-07
2.42381e-07
2.21858e-07
2.15569e-07
2.20905e-07
2.42442e-07
2.62452e-07
2.79896e-07
2.91374e-07
3.03718e-07
3.14872e-07
4.03094e-07
6.23272e-07
9.37009e-07
1.21667e-06
1.54788e-06
2.26549e-06
3.49786e-06
4.57517e-06
6.09815e-06
7.40251e-06
1.05344e-05
1.57583e-05
2.25806e-05
3.09278e-05
4.13558e-05
5.3412e-05
6.69895e-05
8.15763e-05
0.000100488
0.00012031
0.000139837
0.000158423
0.000175578
0.000190855
0.000204055
0.0002126
0.000216928
0.000217342
0.000214133
0.000207185
0.000196897
0.000182712
0.000166732
0.000149869
0.000134581
0.000121409
0.000109922
0.000100034
9.14463e-05
8.39303e-05
7.74303e-05
7.12955e-05
6.5357e-05
5.93344e-05
5.3366e-05
4.84625e-05
0
0
2.10134e-09
1.38849e-08
2.34846e-08
2.85878e-08
3.60147e-08
4.71276e-08
6.05408e-08
7.66626e-08
9.66374e-08
1.25968e-07
1.63559e-07
2.06781e-07
2.5934e-07
3.28258e-07
4.1456e-07
5.20766e-07
6.53868e-07
8.23571e-07
1.03722e-06
1.28151e-06
1.52178e-06
1.70664e-06
1.81022e-06
1.8256e-06
1.76587e-06
1.65678e-06
1.52009e-06
1.35831e-06
1.20075e-06
1.08787e-06
9.89174e-07
8.84257e-07
7.81516e-07
6.93543e-07
6.23083e-07
5.58603e-07
4.91178e-07
4.23694e-07
3.59138e-07
3.00258e-07
2.48451e-07
2.05754e-07
1.70624e-07
1.43722e-07
1.24687e-07
1.13908e-07
1.13511e-07
1.17786e-07
1.23051e-07
1.25022e-07
1.26452e-07
1.30968e-07
1.32991e-07
1.42778e-07
1.89552e-07
2.65649e-07
3.17617e-07
6.38154e-07
1.22343e-06
2.1436e-06
3.0991e-06
4.36746e-06
5.63739e-06
8.31223e-06
1.24478e-05
1.77756e-05
2.44988e-05
3.21483e-05
4.0701e-05
5.0638e-05
6.35096e-05
7.71947e-05
9.0938e-05
0.000103956
0.000116092
0.000127824
0.000137514
0.000144272
0.000148159
0.000149306
0.00014777
0.00014356
0.000136925
0.000127749
0.000117404
0.000106561
9.74191e-05
8.92588e-05
8.19747e-05
7.54766e-05
6.96382e-05
6.44161e-05
5.99507e-05
5.57481e-05
5.15804e-05
4.72689e-05
4.28647e-05
3.89284e-05
0
0
0
1.41971e-09
8.83489e-09
1.62999e-08
2.18673e-08
2.48285e-08
2.95517e-08
3.96297e-08
5.43775e-08
6.95393e-08
8.6093e-08
1.08552e-07
1.38215e-07
1.73868e-07
2.20093e-07
2.76792e-07
3.49069e-07
4.42012e-07
5.60788e-07
7.02473e-07
8.58109e-07
1.01214e-06
1.14112e-06
1.22349e-06
1.25236e-06
1.22719e-06
1.1609e-06
1.06882e-06
9.6351e-07
8.56259e-07
7.52895e-07
6.58344e-07
5.73403e-07
4.95008e-07
4.25752e-07
3.77077e-07
3.32104e-07
2.87258e-07
2.50603e-07
2.22542e-07
1.93002e-07
1.62554e-07
1.34157e-07
1.09417e-07
8.92625e-08
7.47713e-08
6.62536e-08
6.24722e-08
6.14484e-08
6.05315e-08
6.12966e-08
6.10497e-08
6.01174e-08
6.18922e-08
6.72845e-08
9.72316e-08
1.407e-07
1.57366e-07
3.8313e-07
8.83911e-07
1.60813e-06
2.40576e-06
3.39203e-06
4.43689e-06
6.53924e-06
9.60843e-06
1.35166e-05
1.81599e-05
2.35137e-05
2.97273e-05
3.71533e-05
4.61196e-05
5.51392e-05
6.40351e-05
7.29641e-05
8.09517e-05
8.75895e-05
9.26202e-05
9.5872e-05
9.72655e-05
9.68006e-05
9.45012e-05
9.05728e-05
8.50795e-05
7.87814e-05
7.3274e-05
6.84708e-05
6.39904e-05
5.98862e-05
5.61057e-05
5.25279e-05
4.91985e-05
4.60552e-05
4.29886e-05
3.98395e-05
3.65205e-05
3.31363e-05
3.01262e-05
0
0
0
0
6.96381e-10
2.46484e-09
8.98807e-09
1.47764e-08
1.90627e-08
2.15494e-08
2.67655e-08
3.58154e-08
4.80999e-08
6.2128e-08
7.60789e-08
9.3033e-08
1.15427e-07
1.47578e-07
1.89218e-07
2.42596e-07
3.10603e-07
3.9208e-07
4.85389e-07
5.84599e-07
6.84287e-07
7.69741e-07
8.28677e-07
8.58524e-07
8.57214e-07
8.29411e-07
7.80025e-07
7.19376e-07
6.53687e-07
5.87346e-07
5.23062e-07
4.63e-07
4.06895e-07
3.55859e-07
3.09277e-07
2.67463e-07
2.28351e-07
1.95891e-07
1.67218e-07
1.40005e-07
1.17854e-07
9.92556e-08
8.16075e-08
6.54591e-08
5.25108e-08
4.34066e-08
3.7817e-08
3.53136e-08
3.46159e-08
3.40136e-08
3.22116e-08
3.09129e-08
3.17245e-08
3.5354e-08
5.37992e-08
8.00587e-08
9.95804e-08
3.2882e-07
7.46303e-07
1.30207e-06
1.91444e-06
2.67063e-06
3.4112e-06
4.83619e-06
6.88755e-06
9.53897e-06
1.26682e-05
1.62273e-05
2.00444e-05
2.4765e-05
3.06196e-05
3.66114e-05
4.23753e-05
4.7575e-05
5.19861e-05
5.54022e-05
5.77873e-05
5.9034e-05
5.92974e-05
5.85541e-05
5.66803e-05
5.37789e-05
5.15815e-05
4.92805e-05
4.69139e-05
4.46046e-05
4.23928e-05
4.02927e-05
3.80452e-05
3.59446e-05
3.39654e-05
3.19442e-05
2.97973e-05
2.74826e-05
2.50886e-05
2.29655e-05
0
0
0
0
0
1.26048e-10
5.52905e-10
1.87247e-09
8.00155e-09
1.29104e-08
1.71168e-08
2.01188e-08
2.45388e-08
3.17171e-08
4.13425e-08
5.32386e-08
6.70101e-08
8.31637e-08
1.03846e-07
1.31638e-07
1.6842e-07
2.15971e-07
2.73176e-07
3.37614e-07
4.05062e-07
4.69409e-07
5.25884e-07
5.69753e-07
5.9798e-07
6.09453e-07
6.04842e-07
5.86585e-07
5.59164e-07
5.26531e-07
4.89831e-07
4.50844e-07
4.09343e-07
3.68041e-07
3.27072e-07
2.87807e-07
2.51156e-07
2.17094e-07
1.85511e-07
1.56627e-07
1.29815e-07
1.06532e-07
8.5837e-08
6.78414e-08
5.378e-08
4.24161e-08
3.32219e-08
2.72473e-08
2.3879e-08
2.21848e-08
2.06006e-08
1.93096e-08
1.84334e-08
1.75424e-08
1.97379e-08
3.07098e-08
4.67697e-08
1.12942e-07
2.87215e-07
5.98887e-07
1.00541e-06
1.43442e-06
2.00444e-06
2.42726e-06
3.2678e-06
4.56787e-06
6.18332e-06
8.12485e-06
1.02242e-05
1.26643e-05
1.53211e-05
1.83416e-05
2.17896e-05
2.49711e-05
2.77705e-05
3.01249e-05
3.21292e-05
3.34794e-05
3.41487e-05
3.40644e-05
3.42708e-05
3.40168e-05
3.34169e-05
3.25958e-05
3.16582e-05
3.06682e-05
2.96484e-05
2.85702e-05
2.73772e-05
2.61601e-05
2.48628e-05
2.34673e-05
2.19439e-05
2.02746e-05
1.85354e-05
1.69797e-05
0
0
0
0
0
0
0
1.33666e-10
2.13966e-10
9.32246e-10
6.64953e-09
9.95199e-09
1.54232e-08
1.8657e-08
2.22026e-08
2.73705e-08
3.51431e-08
4.47956e-08
5.81954e-08
7.56183e-08
9.68525e-08
1.22381e-07
1.52926e-07
1.90589e-07
2.33236e-07
2.78212e-07
3.21866e-07
3.60755e-07
3.94175e-07
4.19539e-07
4.35193e-07
4.41484e-07
4.4054e-07
4.33275e-07
4.2078e-07
4.03754e-07
3.82523e-07
3.56591e-07
3.28103e-07
2.97717e-07
2.66056e-07
2.34186e-07
2.03307e-07
1.74399e-07
1.47507e-07
1.22857e-07
1.00376e-07
8.01166e-08
6.25764e-08
4.77567e-08
3.57127e-08
2.70726e-08
2.12564e-08
1.75428e-08
1.55215e-08
1.41328e-08
1.28695e-08
1.13083e-08
1.03276e-08
1.12363e-08
1.71483e-08
2.75085e-08
9.74729e-08
2.14058e-07
4.17939e-07
7.0602e-07
9.78779e-07
1.35924e-06
1.59973e-06
2.06766e-06
2.76515e-06
3.71118e-06
4.84623e-06
6.18754e-06
7.61726e-06
9.14424e-06
1.06752e-05
1.22796e-05
1.3996e-05
1.56049e-05
1.70428e-05
1.83039e-05
1.92854e-05
2.00337e-05
2.05231e-05
2.07678e-05
2.07998e-05
2.06739e-05
2.04455e-05
2.01624e-05
1.97866e-05
1.92961e-05
1.86939e-05
1.80095e-05
1.72588e-05
1.63962e-05
1.54174e-05
1.43207e-05
1.31644e-05
1.21241e-05
0
0
0
0
0
0
0
0
0
2.01314e-12
2.00349e-11
8.23596e-10
4.67859e-09
6.76816e-09
1.16468e-08
1.73363e-08
2.0549e-08
2.45752e-08
3.03144e-08
3.85415e-08
5.12256e-08
6.77768e-08
8.77115e-08
1.11693e-07
1.37871e-07
1.65205e-07
1.92596e-07
2.20536e-07
2.47201e-07
2.66316e-07
2.83626e-07
3.00875e-07
3.15426e-07
3.24239e-07
3.28183e-07
3.27696e-07
3.22213e-07
3.11799e-07
2.97465e-07
2.79284e-07
2.57959e-07
2.33771e-07
2.07619e-07
1.81305e-07
1.55098e-07
1.30401e-07
1.07887e-07
8.7787e-08
7.00651e-08
5.44243e-08
4.12302e-08
3.04612e-08
2.22022e-08
1.63962e-08
1.30007e-08
1.11582e-08
9.86695e-09
8.60239e-09
7.33824e-09
6.30525e-09
6.19455e-09
9.27213e-09
1.59262e-08
5.89167e-08
1.29276e-07
2.46791e-07
4.31046e-07
5.97406e-07
8.12655e-07
1.00891e-06
1.21615e-06
1.56681e-06
2.09406e-06
2.74737e-06
3.5034e-06
4.32496e-06
5.23734e-06
6.25657e-06
7.25036e-06
8.2229e-06
9.13627e-06
9.95471e-06
1.07121e-05
1.14719e-05
1.21046e-05
1.25855e-05
1.29213e-05
1.31335e-05
1.32392e-05
1.32536e-05
1.31774e-05
1.30016e-05
1.27299e-05
1.23715e-05
1.19209e-05
1.1371e-05
1.07271e-05
9.99568e-06
9.21926e-06
8.51852e-06
0
0
0
0
0
0
0
0
0
0
0
0
1.14692e-11
4.18468e-10
2.59814e-09
3.85444e-09
5.12751e-09
1.18619e-08
1.89928e-08
2.19275e-08
2.42727e-08
2.98152e-08
4.22109e-08
5.86909e-08
7.66946e-08
9.62771e-08
1.16212e-07
1.3681e-07
1.56341e-07
1.7457e-07
1.90574e-07
1.96218e-07
1.99518e-07
2.03926e-07
2.10468e-07
2.20267e-07
2.29074e-07
2.38337e-07
2.43481e-07
2.40234e-07
2.3166e-07
2.17599e-07
1.99686e-07
1.79166e-07
1.57408e-07
1.34696e-07
1.12883e-07
9.24011e-08
7.39089e-08
5.79358e-08
4.44141e-08
3.32908e-08
2.43025e-08
1.74379e-08
1.25618e-08
9.47661e-09
7.72161e-09
6.67547e-09
5.73794e-09
4.71425e-09
3.7358e-09
3.34968e-09
4.80951e-09
8.70772e-09
1.70162e-08
5.72967e-08
1.18172e-07
2.21136e-07
3.21722e-07
4.35856e-07
5.81097e-07
6.62328e-07
8.52555e-07
1.11702e-06
1.48277e-06
1.90843e-06
2.41907e-06
2.9659e-06
3.53426e-06
4.10277e-06
4.71195e-06
5.35514e-06
5.96423e-06
6.50294e-06
6.9789e-06
7.38148e-06
7.70865e-06
7.95723e-06
8.13513e-06
8.24256e-06
8.2778e-06
8.23878e-06
8.13182e-06
7.95746e-06
7.71262e-06
7.39463e-06
7.00746e-06
6.55624e-06
6.07293e-06
5.63724e-06
0
0
0
0
0
0
0
0
0
0
0
0
0
0
1.99619e-12
6.54264e-11
6.88741e-10
1.59848e-09
1.52299e-09
2.79092e-09
1.12906e-08
1.80633e-08
2.02853e-08
2.26942e-08
2.87472e-08
4.12585e-08
5.86857e-08
7.63013e-08
9.24348e-08
1.07862e-07
1.217e-07
1.3457e-07
1.46659e-07
1.49337e-07
1.4884e-07
1.47643e-07
1.46345e-07
1.45589e-07
1.49691e-07
1.55648e-07
1.66198e-07
1.7332e-07
1.76978e-07
1.69048e-07
1.55326e-07
1.3775e-07
1.18705e-07
9.96041e-08
8.13557e-08
6.4549e-08
4.97559e-08
3.71626e-08
2.70388e-08
1.91292e-08
1.34163e-08
9.33368e-09
6.77836e-09
5.32374e-09
4.42129e-09
3.67769e-09
2.91822e-09
2.16545e-09
1.76521e-09
2.43596e-09
4.69505e-09
5.56416e-09
7.93375e-09
3.80246e-08
8.90348e-08
1.46233e-07
2.07934e-07
2.90098e-07
3.42589e-07
4.37833e-07
5.72647e-07
7.71924e-07
1.02136e-06
1.30871e-06
1.63403e-06
1.98658e-06
2.37059e-06
2.76131e-06
3.13822e-06
3.49352e-06
3.81651e-06
4.1253e-06
4.41199e-06
4.66593e-06
4.87957e-06
5.03963e-06
5.14104e-06
5.18361e-06
5.16958e-06
5.10064e-06
4.97922e-06
4.80458e-06
4.5789e-06
4.30884e-06
4.01375e-06
3.74227e-06
0
0
0
0
0
0
0
0
0
0
0
0
0
0
0
0
1.03343e-14
1.30968e-11
1.10575e-10
3.09246e-10
4.45932e-14
3.81709e-10
3.3842e-09
1.12233e-08
1.71703e-08
1.90584e-08
2.0455e-08
2.34041e-08
3.0571e-08
4.33151e-08
5.98106e-08
7.43056e-08
8.82944e-08
9.99862e-08
1.10509e-07
1.11762e-07
1.11606e-07
1.10685e-07
1.09655e-07
1.08781e-07
1.08426e-07
1.08422e-07
1.12e-07
1.17708e-07
1.25105e-07
1.26769e-07
1.20565e-07
1.06945e-07
9.10787e-08
7.48728e-08
5.94959e-08
4.5912e-08
3.41016e-08
2.43964e-08
1.66687e-08
1.10754e-08
7.23165e-09
4.98094e-09
3.67621e-09
2.94043e-09
2.37613e-09
1.80275e-09
1.25503e-09
9.07544e-10
1.24405e-09
2.5988e-09
3.12683e-09
2.28016e-09
2.80305e-09
1.89628e-08
4.9382e-08
8.27753e-08
1.26393e-07
1.67571e-07
2.12511e-07
2.86416e-07
3.90072e-07
5.32938e-07
6.99252e-07
8.9469e-07
1.1089e-06
1.3312e-06
1.57024e-06
1.81292e-06
2.0482e-06
2.27494e-06
2.48189e-06
2.66081e-06
2.80777e-06
2.92295e-06
3.00209e-06
3.04764e-06
3.05692e-06
3.03013e-06
2.96877e-06
2.87162e-06
2.75331e-06
2.60969e-06
2.44785e-06
2.29779e-06
0
0
0
0
0
0
0
0
0
0
0
0
0
0
0
0
0
0
7.60009e-15
1.92397e-12
7.92035e-12
0
2.8703e-14
4.78211e-11
4.93398e-10
3.55186e-09
9.91342e-09
1.45889e-08
1.6597e-08
1.64982e-08
1.61039e-08
1.63583e-08
2.04928e-08
2.63605e-08
3.75145e-08
5.33491e-08
6.66956e-08
7.55419e-08
8.11767e-08
8.41607e-08
8.51884e-08
8.46659e-08
8.39891e-08
8.38292e-08
8.39885e-08
8.38495e-08
8.73116e-08
9.02209e-08
8.89057e-08
8.26288e-08
7.05053e-08
5.74163e-08
4.48176e-08
3.35538e-08
2.41923e-08
1.65921e-08
1.07927e-08
6.65069e-09
4.12466e-09
2.69477e-09
2.02428e-09
1.58368e-09
1.16858e-09
7.61889e-10
4.73849e-10
6.38709e-10
1.46037e-09
1.82026e-09
1.11852e-09
1.32048e-09
2.80089e-09
4.23014e-09
2.07596e-08
4.40265e-08
7.2096e-08
9.54022e-08
1.36822e-07
1.91587e-07
2.69834e-07
3.63376e-07
4.74248e-07
6.03921e-07
7.39579e-07
8.79808e-07
1.02035e-06
1.15715e-06
1.28247e-06
1.39275e-06
1.50006e-06
1.5897e-06
1.6626e-06
1.71284e-06
1.7412e-06
1.74859e-06
1.73253e-06
1.69483e-06
1.63593e-06
1.55803e-06
1.46911e-06
1.38502e-06
0
0
0
0
0
0
0
0
0
0
0
0
0
0
0
0
0
0
0
0
0
2.2786e-13
0
0
9.82446e-15
4.46951e-14
5.29537e-11
3.76472e-10
1.80634e-09
5.11833e-09
8.91906e-09
1.0899e-08
1.14619e-08
1.01613e-08
8.52848e-09
6.60114e-09
5.18516e-09
7.83573e-09
1.64032e-08
2.84958e-08
4.53552e-08
5.67598e-08
6.43848e-08
6.75333e-08
6.79506e-08
6.67738e-08
6.56421e-08
6.47971e-08
6.34234e-08
6.34188e-08
6.24282e-08
5.97299e-08
5.36393e-08
4.41898e-08
3.43547e-08
2.53505e-08
1.77237e-08
1.16821e-08
7.23546e-09
4.22154e-09
2.43143e-09
1.56617e-09
1.11794e-09
8.10633e-10
5.11106e-10
2.70608e-10
3.11785e-10
8.48982e-10
1.09611e-09
6.06442e-10
6.03104e-10
1.33487e-09
2.23245e-09
2.3253e-09
5.2098e-09
2.15962e-08
3.65655e-08
5.7955e-08
8.67799e-08
1.26207e-07
1.77781e-07
2.38672e-07
3.08089e-07
3.80832e-07
4.55701e-07
5.35747e-07
6.16403e-07
6.9006e-07
7.55639e-07
8.12208e-07
8.58493e-07
8.92707e-07
9.15048e-07
9.23664e-07
9.1812e-07
8.99538e-07
8.76969e-07
8.44776e-07
8.06495e-07
7.69226e-07
0
0
0
0
0
0
0
0
0
0
0
0
0
0
0
0
0
0
0
0
0
0
0
0
0
0
0
1.32907e-14
4.51062e-14
5.81732e-12
6.5419e-11
3.01021e-10
1.0357e-09
2.25056e-09
3.67486e-09
4.62214e-09
4.4757e-09
3.47377e-09
1.5934e-09
3.60959e-10
6.34064e-10
3.37489e-09
1.28026e-08
2.59139e-08
4.18578e-08
5.05656e-08
5.40933e-08
5.42743e-08
5.24641e-08
5.04076e-08
4.84134e-08
4.61503e-08
4.34574e-08
4.09087e-08
3.76728e-08
3.24224e-08
2.61847e-08
1.92889e-08
1.33262e-08
8.53383e-09
5.00037e-09
2.72299e-09
1.50556e-09
9.34105e-10
6.42593e-10
4.01732e-10
1.94093e-10
1.37867e-10
4.18224e-10
7.11601e-10
3.75785e-10
2.74591e-10
5.88292e-10
1.17404e-09
1.25337e-09
1.31969e-09
1.80224e-09
5.15534e-09
1.5528e-08
2.96343e-08
4.79313e-08
7.2548e-08
1.025e-07
1.36367e-07
1.7512e-07
2.1506e-07
2.55383e-07
2.94505e-07
3.29936e-07
3.60589e-07
3.88994e-07
4.14596e-07
4.34974e-07
4.47625e-07
4.52056e-07
4.49622e-07
4.40935e-07
4.27137e-07
4.10324e-07
3.94063e-07
0
0
0
0
0
0
0
0
0
0
0
0
0
0
0
0
0
0
0
0
0
0
0
0
0
0
0
0
0
0
0
2.11668e-14
4.47758e-14
6.84374e-14
1.72567e-11
4.48143e-11
1.43989e-10
4.20707e-10
7.68729e-10
8.86872e-10
1.86306e-10
8.75628e-11
1.01065e-10
3.39368e-10
1.11879e-09
7.32649e-09
1.73165e-08
3.14956e-08
3.9184e-08
4.22457e-08
4.207e-08
3.98118e-08
3.69457e-08
3.42259e-08
3.13688e-08
2.83116e-08
2.52744e-08
2.18934e-08
1.82745e-08
1.40777e-08
9.93657e-09
6.26619e-09
3.59418e-09
1.87026e-09
9.62072e-10
5.81231e-10
3.77711e-10
1.98407e-10
7.98063e-11
1.27469e-10
4.30189e-10
3.10457e-10
1.29847e-10
2.19405e-10
6.07861e-10
7.15766e-10
6.89425e-10
8.23982e-10
1.18021e-09
1.08761e-09
1.31091e-09
6.09718e-09
1.5526e-08
2.8099e-08
4.29716e-08
5.94584e-08
7.71532e-08
9.57606e-08
1.13967e-07
1.31997e-07
1.47768e-07
1.61542e-07
1.71948e-07
1.79138e-07
1.8256e-07
1.82712e-07
1.82304e-07
1.81205e-07
1.79236e-07
1.76139e-07
0
0
0
0
0
0
0
0
0
0
0
0
0
0
0
0
0
0
0
0
0
0
0
0
0
0
0
0
0
0
0
0
0
0
0
2.53909e-15
2.04965e-14
3.57008e-14
4.81877e-14
8.27136e-12
2.8335e-11
5.57039e-11
2.62074e-11
4.43545e-11
6.16854e-11
7.51526e-11
2.07413e-10
4.94452e-10
3.99066e-09
1.12524e-08
2.13435e-08
2.84002e-08
3.10585e-08
3.06962e-08
2.87981e-08
2.59955e-08
2.30178e-08
2.02256e-08
1.7442e-08
1.47376e-08
1.20609e-08
9.4041e-09
6.85234e-09
4.48355e-09
2.57826e-09
1.33284e-09
6.78515e-10
3.92409e-10
2.3075e-10
1.07857e-10
3.77836e-11
1.82928e-10
2.78783e-10
9.91103e-11
7.65164e-11
2.474e-10
4.2114e-10
3.94738e-10
3.90354e-10
5.64808e-10
6.42636e-10
6.01525e-10
8.06113e-10
1.36504e-09
2.55331e-09
4.47633e-09
7.13983e-09
1.06652e-08
1.49421e-08
2.12737e-08
2.77727e-08
3.35746e-08
3.92781e-08
4.43198e-08
5.18142e-08
5.93756e-08
6.71667e-08
7.50218e-08
8.28101e-08
8.95295e-08
0
0
0
0
0
0
0
0
0
0
0
0
0
0
0
0
0
0
0
0
0
0
0
0
0
0
0
0
0
0
0
0
0
0
0
0
0
0
0
0
9.36726e-15
1.81975e-14
1.72937e-14
0
0
1.64221e-11
3.16655e-11
4.57217e-11
5.65248e-11
1.05532e-10
2.78874e-10
1.30718e-09
5.69386e-09
1.06172e-08
1.6748e-08
1.97867e-08
2.03881e-08
1.92468e-08
1.72934e-08
1.48424e-08
1.23405e-08
1.01126e-08
8.04423e-09
6.20559e-09
4.56383e-09
3.0408e-09
1.79936e-09
9.60017e-10
4.94672e-10
2.86541e-10
1.65226e-10
6.15876e-11
2.1953e-11
1.46549e-10
1.56041e-10
3.33725e-11
6.70829e-11
2.29425e-10
2.36011e-10
2.03033e-10
2.47676e-10
3.6811e-10
3.00916e-10
3.50283e-10
5.68552e-10
1.18493e-09
2.32546e-09
3.98443e-09
6.11153e-09
8.80171e-09
1.20458e-08
1.58522e-08
2.01918e-08
2.48513e-08
2.96981e-08
3.47053e-08
3.99756e-08
4.63964e-08
5.28661e-08
5.87879e-08
0
0
0
0
0
0
0
0
0
0
0
0
0
0
0
0
0
0
0
0
0
0
0
0
0
0
0
0
0
0
0
0
0
0
0
0
0
0
0
0
0
0
0
1.10681e-15
3.43424e-15
0
0
0
1.01896e-11
2.16328e-11
3.18534e-11
3.97547e-11
4.45938e-11
1.1425e-10
2.13204e-10
8.31494e-10
3.20636e-09
5.70523e-09
8.56767e-09
1.07689e-08
1.0926e-08
1.01991e-08
8.75225e-09
7.08848e-09
5.45804e-09
4.10309e-09
2.93338e-09
2.03227e-09
1.28331e-09
6.90561e-10
3.57314e-10
2.13126e-10
1.2713e-10
4.15048e-11
1.50974e-11
1.16169e-10
6.35869e-11
1.74919e-11
9.10847e-11
1.4655e-10
1.17597e-10
1.10364e-10
1.83242e-10
1.62137e-10
1.60849e-10
2.47387e-10
5.78903e-10
1.26197e-09
2.36332e-09
3.88269e-09
5.79757e-09
8.06994e-09
1.06368e-08
1.35623e-08
1.70187e-08
2.07929e-08
2.48881e-08
2.92141e-08
3.36204e-08
3.75278e-08
0
0
0
0
0
0
0
0
0
0
0
0
0
0
0
0
0
0
0
0
0
0
0
0
0
0
0
0
0
0
0
0
0
0
0
0
0
0
0
0
0
0
0
0
0
0
0
0
0
0
0
3.10999e-12
1.14795e-11
1.81598e-11
2.3451e-11
2.70175e-11
2.87101e-11
3.75643e-11
9.59716e-11
1.36465e-10
6.33666e-10
1.97071e-09
3.1618e-09
4.48638e-09
4.96851e-09
4.54682e-09
3.71581e-09
2.77755e-09
1.95785e-09
1.32535e-09
8.63591e-10
5.33644e-10
2.73221e-10
1.54623e-10
9.71501e-11
2.72617e-11
1.19349e-11
1.03102e-10
2.15318e-11
1.65915e-11
8.37795e-11
7.28853e-11
5.00239e-11
8.32283e-11
8.76834e-11
7.20907e-11
1.20804e-10
3.29741e-10
8.03316e-10
1.56204e-09
2.60776e-09
3.941e-09
5.63325e-09
7.6412e-09
9.91612e-09
1.2392e-08
1.50287e-08
1.77887e-08
2.11538e-08
2.4236e-08
0
0
0
0
0
0
0
0
0
0
0
0
0
0
0
0
0
0
0
0
0
0
0
0
0
0
0
0
0
0
0
0
0
0
0
0
0
0
0
0
0
0
0
0
0
0
0
0
0
0
0
0
0
0
0
1.25918e-12
6.16221e-12
9.73167e-12
1.24133e-11
1.40364e-11
1.47279e-11
1.45775e-11
1.78692e-11
4.70168e-11
9.93633e-11
5.35629e-10
1.30649e-09
2.00049e-09
2.14658e-09
1.83777e-09
1.34369e-09
9.01074e-10
5.77817e-10
3.63854e-10
2.27214e-10
1.18581e-10
6.8215e-11
1.55585e-11
1.34589e-11
6.16636e-11
8.83153e-12
2.30719e-11
5.84677e-11
3.20953e-11
3.64074e-11
4.03508e-11
3.25011e-11
6.61284e-11
2.30205e-10
5.86462e-10
1.14625e-09
1.93228e-09
2.95224e-09
4.18571e-09
5.61119e-09
7.24466e-09
9.19523e-09
1.13499e-08
1.36578e-08
1.58034e-08
0
0
0
0
0
0
0
0
0
0
0
0
0
0
0
0
0
0
0
0
0
0
0
0
0
0
0
0
0
0
0
0
0
0
0
0
0
0
0
0
0
0
0
0
0
0
0
0
0
0
0
0
0
0
0
0
0
0
0
0
5.67969e-13
3.00694e-12
4.68578e-12
5.79207e-12
6.29269e-12
6.32259e-12
6.13603e-12
1.93479e-11
5.95349e-11
4.20049e-10
8.25295e-10
1.04405e-09
9.04284e-10
6.28385e-10
4.01313e-10
2.47275e-10
1.50468e-10
9.73865e-11
4.84912e-11
7.92628e-12
1.9949e-11
3.2422e-11
2.82871e-12
3.11406e-11
2.4276e-11
1.21506e-11
2.17563e-11
1.42764e-11
5.38943e-11
2.27306e-10
5.15504e-10
9.50005e-10
1.56978e-09
2.34879e-09
3.29222e-09
4.42754e-09
5.72838e-09
7.16851e-09
8.7192e-09
1.02262e-08
0
0
0
0
0
0
0
0
0
0
0
0
0
0
0
0
0
0
0
0
0
0
0
0
0
0
0
0
0
0
0
0
0
0
0
0
0
0
0
0
0
0
0
0
0
0
0
0
0
0
0
0
0
0
0
0
0
0
0
0
0
0
0
0
0
4.3994e-13
1.67936e-12
2.46685e-12
2.80755e-12
2.86533e-12
5.18195e-12
1.38006e-11
1.63062e-10
4.03997e-10
5.12304e-10
4.33804e-10
2.77183e-10
1.6747e-10
9.67424e-11
5.23753e-11
3.60147e-11
1.5671e-11
3.22928e-11
3.87002e-12
1.07822e-11
2.59028e-11
5.28713e-12
8.1293e-12
8.72933e-12
6.83811e-11
2.306e-10
5.24183e-10
9.51953e-10
1.47716e-09
2.09388e-09
2.85092e-09
3.74955e-09
4.78594e-09
5.97883e-09
7.21182e-09
0
0
0
0
0
0
0
0
0
0
0
0
0
0
0
0
0
0
0
0
0
0
0
0
0
0
0
0
0
0
0
0
0
0
0
0
0
0
0
0
0
0
0
0
0
0
0
0
0
0
0
0
0
0
0
0
0
0
0
0
0
0
0
0
0
0
0
0
0
3.26526e-13
1.00808e-12
1.36437e-12
1.42795e-12
1.63747e-12
6.99937e-12
7.69174e-11
2.03842e-10
2.33891e-10
1.86608e-10
1.06714e-10
5.91508e-11
2.7164e-11
1.11075e-11
3.09861e-11
1.89176e-11
3.91162e-12
1.63671e-11
2.46505e-12
1.82144e-12
2.18365e-11
1.5462e-10
3.76532e-10
6.70705e-10
1.04232e-09
1.53083e-09
2.13774e-09
2.84592e-09
3.67391e-09
4.68302e-09
5.73413e-09
0
0
0
0
0
0
0
0
0
0
0
0
0
0
0
0
0
0
0
0
0
0
0
0
0
0
0
0
0
0
0
0
0
0
0
0
0
0
0
0
0
0
0
0
0
0
0
0
0
0
0
0
0
0
0
0
0
0
0
0
0
0
0
0
0
0
0
0
0
0
0
0
2.24198e-14
4.68028e-13
7.13595e-13
7.2993e-13
8.19205e-13
3.40689e-12
3.0114e-11
9.06302e-11
8.83348e-11
6.87014e-11
4.04197e-11
1.70008e-11
1.82242e-12
9.33089e-12
6.72062e-12
8.44829e-12
2.49305e-12
2.3488e-11
1.51648e-10
3.37372e-10
5.75393e-10
9.20647e-10
1.40697e-09
2.0553e-09
2.71711e-09
3.35038e-09
3.95504e-09
4.5274e-09
0
0
0
0
0
0
0
0
0
0
0
0
0
0
0
0
0
0
0
0
0
0
0
0
0
0
0
0
0
0
0
0
0
0
0
0
0
0
0
0
0
0
0
0
0
0
0
0
0
0
0
0
0
0
0
0
0
0
0
0
0
0
0
0
0
0
0
0
0
0
0
0
0
0
0
0
2.16778e-13
3.53749e-13
3.26441e-13
3.7207e-13
1.31149e-12
8.38959e-12
3.23858e-11
3.37685e-11
1.00237e-11
1.75734e-12
1.00806e-12
2.69227e-12
5.8182e-12
6.40694e-11
2.23235e-10
5.03798e-10
7.54483e-10
7.04691e-10
6.31952e-10
8.12672e-10
1.18998e-09
1.58424e-09
1.86893e-09
2.10695e-09
0
0
0
0
0
0
0
0
0
0
0
0
0
0
0
0
0
0
0
0
0
0
0
0
0
0
0
0
0
0
0
0
0
0
0
0
0
0
0
0
0
0
0
0
0
0
0
0
0
0
0
0
0
0
0
0
0
0
0
0
0
0
0
0
0
0
0
0
0
0
0
0
0
0
0
0
0
0
0
7.01982e-14
1.35551e-13
9.91682e-14
1.19411e-13
2.76171e-13
7.87081e-13
2.24614e-12
4.02268e-12
1.26706e-12
6.02696e-11
1.93666e-10
3.69024e-10
1.65723e-10
2.45643e-10
2.91514e-10
2.66536e-10
2.79957e-10
2.80501e-10
3.17449e-10
3.60319e-10
4.05031e-10
0
0
0
0
0
0
0
0
0
0
0
0
0
0
0
0
0
0
0
0
0
0
0
0
0
0
0
0
0
0
0
0
0
0
0
0
0
0
0
0
0
0
0
0
0
0
0
0
0
0
0
0
0
0
0
0
0
0
0
0
0
0
0
0
0
0
0
0
0
0
0
0
0
0
0
0
0
0
0
0
0
0
7.99662e-15
2.49255e-14
1.07614e-14
1.93199e-15
1.43397e-14
9.44784e-15
7.82045e-12
6.52776e-11
1.46605e-10
3.90941e-11
5.42925e-11
6.22443e-11
7.96965e-11
9.97903e-11
1.22499e-10
2.03601e-10
2.6412e-10
2.73455e-10
0
0
0
0
0
0
0
0
0
0
0
0
0
0
0
0
0
0
0
0
0
0
0
0
0
0
0
0
0
0
0
0
0
0
0
0
0
0
0
0
0
0
0
0
0
0
0
0
0
0
0
0
0
0
0
0
0
0
0
0
0
0
0
0
0
0
0
0
0
0
0
0
0
0
0
0
0
0
0
0
0
0
0
0
0
0
1.55177e-17
8.14307e-14
1.97661e-13
3.48374e-14
5.35208e-14
3.97165e-13
9.06628e-12
2.36293e-11
2.06654e-11
3.4459e-11
5.08142e-11
5.22803e-11
7.00387e-11
8.31164e-11
0
0
0
0
0
0
0
0
0
0
0
0
0
0
0
0
0
0
0
0
0
0
0
0
0
0
0
0
0
0
0
0
0
0
0
0
0
0
0
0
0
0
0
0
0
0
0
0
0
0
0
0
0
0
0
0
0
0
0
0
0
0
0
0
0
0
0
0
0
0
0
0
0
0
0
0
0
0
0
0
0
0
0
0
0
0
0
0
0
5.21586e-15
3.73625e-14
5.17803e-14
1.54929e-14
1.41431e-14
4.84321e-14
1.8009e-13
3.54099e-12
1.30667e-11
2.32944e-11
2.16199e-11
0
0
0
0
0
0
0
0
0
0
0
0
0
0
0
0
0
0
0
0
0
0
0
0
0
0
0
0
0
0
0
0
0
0
0
0
0
0
0
0
0
0
0
0
0
0
0
0
0
0
0
0
0
0
0
0
0
0
0
0
0
0
0
0
0
0
0
0
0
0
0
0
0
0
0
0
0
0
0
0
0
0
0
0
0
0
0
0
0
0
0
0
0
2.31391e-15
2.40635e-14
5.71511e-14
4.19119e-14
1.50524e-14
9.98568e-15
1.73665e-14
0
0
0
0
0
0
0
0
0
0
0
0
0
0
0
0
0
0
0
0
0
0
0
0
0
0
0
0
0
0
0
0
0
0
0
0
0
0
0
0
0
0
0
0
0
0
0
0
0
0
0
0
0
0
0
0
0
0
0
0
0
0
0
0
0
0
0
0
0
0
0
0
0
0
0
0
0
0
0
0
0
0
0
0
0
0
0
0
0
0
0
0
0
0
0
0
0
0
0
0
0
0
0
0
0
0
0
0
0
0
0
0
0
0
0
0
0
0
0
0
0
0
0
0
0
0
0
0
0
0
0
0
0
0
0
0
0
0
0
0
0
0
0
0
0
0
0
0
0
0
0
0
0
0
0
0
0
0
0
0
0
0
0
0
0
0
0
0
0
0
0
0
0
0
0
0
0
0
0
0
0
0
0
0
0
0
0
0
0
0
0
0
0
0
0
0
0
0
0
0
0
0
0
0
0
0
0
0
0
0
0
0
0
0
0
0
0
0
0
0
0
0
0
0
0
0
0
0
0
0
0
0
0
0
0
0
0
0
0
0
0
0
0
0
0
0
0
0
0
0
0
0
0
0
0
0
0
0
0
0
0
0
0
0
0
0
0
0
0
0
0
0
0
0
0
0
0
0
0
0
0
0
0
0
0
0
0
0
0
0
0
0
0
0
0
0
0
0
0
0
0
0
0
0
0
0
0
0
0
0
0
0
0
0
0
0
0
0
0
0
0
0
0
0
0
0
0
0
0
0
0
0
0
0
0
0
0
0
0
0
0
0
0
0
0
0
0
0
0
0
0
0
0
0
0
0
0
0
0
0
0
0
0
0
0
0
0
0
0
0
0
0
0
0
0
0
0
0
0
0
0
0
0
0
0
0
0
0
0
0
0
0
0
0
0
0
0
0
0
0
0
0
0
0
0
0
0
0
0
0
0
0
0
0
0
0
0
0
0
0
0
0
0
0
0
0
0
0
0
0
0
0
0
0
0
0
0
0
0
0
0
0
0
0
0
0
0
0
0
0
0
0
0
0
0
0
0
0
0
0
0
0
0
0
0
0
0
0
0
0
0
0
0
0
0
0
0
0
0
0
0
0
0
0
0
0
0
0
0
0
0
0
0
0
0
0
0
0
0
0
0
0
0
0
0
0
0
0
0
0
0
0
0
0
0
0
0
0
0
0
0
0
0
0
0
0
0
0
0
0
0
0
0
0
0
0
0
0
0
0
0
0
0
0
0
0
0
0
0
0
0
0
0
0
0
0
0
0
0
0
0
0
0
0
0
0
0
0
0
0
0
0
0
0
0
0
0
0
0
0
0
0
0
0
0
0
0
0
0
0
0
0
0
0
0
0
0
0
0
0
0
0
0
0
0
0
0
0
0
0
0
0
0
0
0
0
0
0
0
0
0
0
0
0
0
0
0
0
0
0
0
0
0
0
0
0
0
0
0
0
0
0
0
0
0
0
0
0
0
0
0
0
0
0
0
0
0
0
0
0
0
0
0
0
0
0
0
0
0
0
0
0
0
0
0
0
0
0
0
0
0
0
0
0
0
0
0
0
0
0
0
0
0
0
0
0
0
0
0
0
0
0
0
0
0
0
0
0
0
0
0
0
0
0
0
0
0
0
0
0
0
0
0
0
0
0
0
0
0
0
0
0
0
0
0
0
0
0
0
0
0
0
0
0
0
0
0
0
0
0
0
0
0
0
0
0
0
0
0
0
0
0
0
0
0
0
0
0
0
0
0
0
0
0
0
0
0
0
0
0
0
0
0
0
0
0
0
0
0
0
0
0
0
0
0
0
0
0
0
0
0
0
0
0
0
0
0
0
0
0
0
0
0
0
0
0
0
0
0
0
0
0
0
0
0
0
0
0
0
0
0
0
0
0
0
0
0
0
0
0
0
0
0
0
0
0
0
0
0
0
0
0
0
0
0
0
0
0
0
0
0
0
0
0
0
0
0
0
0
0
0
0
0
0
0
0
0
0
0
0
0
0
0
0
0
0
0
0
0
0
0
0
0
0
0
0
0
0
0
0
0
0
0
0
0
0
0
0
0
0
0
0
0
0
0
0
0
0
0
0
0
0
0
0
0
0
0
0
0
0
0
0
0
0
0
0
0
0
0
0
0
0
0
0
0
0
0
0
0
0
0
0
0
0
0
0
0
0
0
0
0
0
0
0
0
0
0
0
0
0
0
0
0
0
0
0
0
0
0
0
0
0
0
0
0
0
0
0
0
0
0
0
0
0
0
0
0
0
0
0
0
0
0
0
0
0
0
0
0
0
0
0
0
0
0
0
0
0
0
0
0
0
0
0
0
0
0
0
0
0
0
0
0
0
0
0
0
0
0
0
0
0
0
0
0
0
0
0
0
0
0
0
0
0
0
0
0
0
0
0
0
0
0
0
0
0
0
0
0
0
0
0
0
0
0
0
0
0
0
0
0
0
0
0
0
0
0
0
0
0
0
0
0
0
0
0
0
0
0
0
0
0
0
0
0
0
0
0
0
0
0
0
0
0
0
0
0
0
0
0
0
0
0
0
0
0
0
0
0
0
0
0
0
0
0
0
0
0
0
0
0
0
0
0
0
0
0
0
0
0
0
0
0
0
0
0
0
0
0
0
0
0
0
0
0
0
0
0
0
0
0
0
0
0
0
0
0
0
0
0
0
0
0
0
0
0
0
0
0
0
0
0
0
0
0
0
0
0
0
0
0
0
0
0
0
0
0
0
0
0
0
0
0
0
0
0
0
0
0
0
0
0
0
0
0
0
0
0
0
0
0
0
0
0
0
0
0
0
0
0
0
0
0
0
0
0
0
0
0
0
0
0
0
0
0
0
0
0
0
0
0
0
0
0
0
0
0
0
0
0
0
0
0
0
0
0
0
0
0
0
0
0
0
0
0
0
0
0
0
0
0
0
0
0
0
0
0
0
0
0
0
0
0
0
0
0
0
0
0
0
0
0
0
0
0
0
0
0
0
0
0
0
0
0
0
0
0
0
0
0
0
0
0
0
0
0
0
0
0
0
0
0
0
0
0
0
0
0
0
0
0
0
0
0
0
0
0
0
0
0
0
0
0
0
0
0
0
0
0
0
0
0
0
0
0
0
0
0
0
0
0
0
0
0
0
0
0
0
0
0
0
0
0
0
0
0
0
0
0
0
)
;

boundaryField
{
    AXIS
    {
        type            empty;
    }
    OUTLET
    {
        type            calculated;
        value           nonuniform List<scalar> 
80
(
0.000308
0.000307556
0.000306578
0.000305039
0.000303137
0.000300938
0.00029847
0.000295764
0.000292817
0.0002896
0.00028616
0.000282463
0.000278604
0.000274735
0.000270575
0.00026539
0.000258872
0.00025188
0.00024454
0.000236921
0.000228671
0.000221092
0.000213598
0.000205759
0.000197547
0.000189535
0.00018193
0.000174104
0.000166224
0.000158388
0.0001472
0.000130681
0.000115381
0.00010031
8.56032e-05
7.24195e-05
6.01833e-05
4.84625e-05
3.89284e-05
3.01262e-05
2.29655e-05
1.69797e-05
1.21241e-05
8.51852e-06
5.63724e-06
3.74227e-06
2.29779e-06
1.38502e-06
7.69226e-07
3.94063e-07
1.76139e-07
8.95295e-08
5.87879e-08
3.75278e-08
2.4236e-08
1.58034e-08
1.02262e-08
7.21182e-09
5.73413e-09
4.5274e-09
2.10695e-09
4.05031e-10
2.73455e-10
8.31164e-11
2.16199e-11
1.73665e-14
0
0
0
0
0
0
0
0
0
0
0
0
0
0
)
;
    }
    COFLOW
    {
        type            calculated;
        value           uniform 0;
    }
    PILOT
    {
        type            calculated;
        value           uniform 0.000558132;
    }
    FUEL
    {
        type            calculated;
        value           uniform 3.44651e-13;
    }
    WALL
    {
        type            calculated;
        value           uniform 0;
    }
    front
    {
        type            wedge;
    }
    back
    {
        type            wedge;
    }
}


// ************************************************************************* //
