/*--------------------------------*- C++ -*----------------------------------*\
  =========                 |
  \\      /  F ield         | OpenFOAM: The Open Source CFD Toolbox
   \\    /   O peration     | Website:  https://openfoam.org
    \\  /    A nd           | Version:  6
     \\/     M anipulation  |
\*---------------------------------------------------------------------------*/
FoamFile
{
    version     2.0;
    format      ascii;
    class       volScalarField;
    location    "0.1";
    object      C2H3;
}
// * * * * * * * * * * * * * * * * * * * * * * * * * * * * * * * * * * * * * //

dimensions      [0 0 0 0 0 0 0];

internalField   nonuniform List<scalar> 
8000
(
4.76318e-11
7.82654e-07
1.46758e-05
6.62934e-05
0.000101635
7.05263e-05
3.07557e-05
8.78122e-06
1.45098e-06
8.2324e-08
1.80039e-09
8.94984e-11
2.39377e-10
2.03922e-07
6.70273e-08
1.98743e-08
1.23117e-06
4.8513e-05
1.10756e-05
1.69312e-06
1.99459e-06
6.49058e-06
3.66628e-05
0.000132399
0.000171274
0.000149055
0.000138621
0.000137551
0.000136957
0.000103215
3.64187e-05
0.000134743
0.000105971
7.24402e-05
5.08149e-05
3.89966e-05
3.46713e-05
3.81021e-05
5.6574e-05
7.96556e-05
6.31156e-05
5.54368e-05
6.14865e-05
8.01001e-05
0.000107791
0.000137732
0.000145356
0.000127289
8.99364e-05
0.000103283
1.00996e-05
4.47353e-05
3.97862e-05
3.71468e-05
3.33752e-05
2.91082e-05
2.5763e-05
2.43343e-05
2.52548e-05
2.86973e-05
3.32293e-05
4.71822e-05
5.67602e-05
9.77665e-05
0.000104276
9.33272e-05
0.000115477
0.000101632
0.000105885
0.000107731
8.3651e-05
0.000111913
0.000111819
0.000128129
0.000127927
0.000110092
0.000110112
0.000109356
0.000107578
0.000107071
0.000109592
0.000110236
0.000112223
0.000128438
0.000123972
0.000115613
0.000105378
9.67373e-05
7.8068e-05
7.70261e-05
6.59335e-05
5.57749e-05
4.81756e-05
4.28474e-05
3.16814e-05
2.58913e-05
2.25321e-05
2.01189e-05
1.94135e-05
1.38358e-05
2.14798e-11
8.6154e-07
1.67185e-05
7.10732e-05
0.000113148
7.08372e-05
2.88023e-05
8.26427e-06
1.25152e-06
5.80122e-08
1.00734e-09
1.10019e-10
7.32868e-10
4.44429e-06
1.80539e-06
1.24543e-07
2.4868e-07
4.82612e-06
5.29083e-06
6.37316e-06
4.0488e-06
9.08311e-06
4.33803e-05
0.000138137
0.000169866
0.000146677
0.00013583
0.000137257
0.000139042
0.000134841
0.000133279
0.000130199
0.000103872
7.60776e-05
5.9112e-05
4.87066e-05
4.36731e-05
4.6165e-05
6.59409e-05
6.01931e-05
7.83758e-05
6.21498e-05
6.66756e-05
8.48812e-05
0.000111278
0.00013904
0.000144224
0.000126436
9.34027e-05
6.57421e-05
5.54081e-05
4.54316e-05
3.88094e-05
3.61027e-05
3.26769e-05
2.88261e-05
2.58862e-05
2.48326e-05
2.6014e-05
2.96526e-05
3.48555e-05
4.86973e-05
5.79647e-05
0.000100785
9.88665e-05
9.37695e-05
0.000115811
0.00010179
0.000105955
0.000107885
0.000109281
0.000111905
0.000111761
0.000127953
0.000127786
0.000110068
0.000110138
0.000109378
0.000107668
0.000106985
0.000109618
0.000110204
0.000112208
0.00012832
0.000123941
0.000115464
0.000105218
9.66062e-05
8.8769e-05
7.68887e-05
6.58459e-05
5.56875e-05
4.81083e-05
4.28271e-05
3.16259e-05
2.58545e-05
2.25046e-05
2.00931e-05
1.94279e-05
1.38158e-05
1.77924e-11
1.29971e-06
1.31069e-05
4.99252e-05
7.09968e-05
4.55342e-05
1.87349e-05
7.4613e-06
3.32486e-06
3.26276e-08
5.17057e-08
1.05291e-10
1.66549e-09
8.38757e-06
1.73111e-05
4.3475e-07
6.27489e-08
2.06864e-07
9.63035e-06
7.27447e-05
1.14179e-05
1.60822e-05
5.87257e-05
0.000149127
0.000166681
0.000139454
0.00013199
0.000136495
0.000142077
0.000139046
0.000139058
0.000129754
0.000105341
8.49673e-05
7.77538e-05
7.29758e-05
6.45396e-05
6.42263e-05
6.99742e-05
7.84009e-05
6.98245e-05
6.80867e-05
7.57542e-05
9.39945e-05
0.000117978
0.000141211
0.000141192
0.000124427
9.27915e-05
6.87445e-05
4.85991e-05
4.14754e-05
3.50381e-05
3.367e-05
3.14108e-05
2.84186e-05
2.62131e-05
2.58583e-05
2.75848e-05
3.08054e-05
3.82591e-05
5.1861e-05
6.04899e-05
0.00010105
0.000100075
9.46948e-05
9.94506e-05
0.000102151
0.000106075
0.000108167
0.000109809
0.000111864
9.70829e-05
0.000127559
0.000127474
9.21992e-05
0.000110191
0.00010942
0.000107848
8.07975e-05
0.000109679
0.000110132
0.000112179
0.000128068
9.45073e-05
0.000115132
0.000104881
9.63239e-05
8.77896e-05
7.66139e-05
6.5655e-05
5.54967e-05
4.2406e-05
3.83593e-05
3.15032e-05
2.57745e-05
2.24442e-05
2.00365e-05
2.09355e-05
1.37719e-05
3.81461e-11
2.50457e-06
4.28307e-05
6.23895e-05
4.46545e-05
2.56582e-05
1.00309e-05
2.49659e-06
1.98637e-07
3.53429e-09
5.77401e-11
2.18632e-11
3.63058e-10
4.84437e-06
5.40743e-05
8.2925e-07
3.19414e-08
5.73123e-08
3.05723e-06
8.91209e-06
6.92533e-06
2.0454e-05
7.7271e-05
0.000160842
0.000162343
1.84579e-05
0.000129145
0.000135932
0.000142646
0.000145051
0.000145165
0.000132528
0.000110546
9.60055e-05
0.000101437
6.23901e-05
9.69946e-05
5.83188e-05
8.7275e-05
8.46255e-05
7.98182e-05
8.18333e-05
8.95947e-05
0.000106098
0.000128523
0.000143057
0.000138345
0.000117056
8.66286e-05
6.1996e-05
4.47051e-05
3.62478e-05
3.73141e-06
3.10135e-05
3.03319e-05
2.8286e-05
2.68288e-05
2.73571e-05
3.01969e-05
3.30478e-05
4.29654e-05
5.05773e-05
6.40496e-05
0.000102422
0.000101262
9.60447e-05
0.00010035
0.000102743
0.000106176
0.000108452
9.11215e-05
0.00012781
0.00012786
0.000126916
0.000127001
0.000110405
0.000110258
0.000109472
0.00010809
0.000107882
0.000109774
0.000110015
0.000112135
0.00012771
0.000122754
0.000114612
0.000104376
9.59031e-05
8.69615e-05
7.62177e-05
6.5368e-05
5.52107e-05
4.74263e-05
4.14262e-05
3.13113e-05
2.56545e-05
2.23534e-05
1.99506e-05
1.86057e-05
1.37026e-05
2.41227e-11
3.27052e-06
2.41924e-05
8.87217e-05
3.35951e-05
1.47054e-05
4.18314e-06
5.17333e-07
1.70287e-08
1.64807e-10
1.4758e-09
2.80401e-11
3.62957e-11
8.28482e-07
5.9077e-06
1.14027e-07
1.39652e-08
3.32028e-08
7.09523e-07
2.26818e-06
6.41822e-06
3.13891e-05
0.000107481
0.000170826
0.000161418
0.000134282
0.000131121
0.000137398
0.000141812
0.000149115
0.000150154
0.000137517
0.000118077
0.000104717
0.000101309
9.86344e-05
9.20621e-05
9.27618e-05
9.85178e-05
5.12998e-05
9.89066e-05
0.000101766
0.000107215
0.000120885
0.000137124
0.000140859
0.000126786
0.000103704
7.82016e-05
5.69718e-05
4.16142e-05
3.67627e-05
3.47263e-05
3.11908e-05
3.02475e-05
2.87384e-05
2.78311e-05
2.94353e-05
3.39918e-05
3.91884e-05
4.86497e-05
5.55813e-05
6.79286e-05
0.000100067
9.88761e-05
0.000112889
0.000101442
0.000103575
8.0184e-05
0.00010871
0.000110289
0.000126897
0.000126627
0.00012606
0.000126367
0.000110527
0.000110296
0.00010952
0.00010833
0.000108486
0.000109869
8.94036e-05
0.000112065
9.8252e-05
0.000121762
0.00011393
0.000103705
9.53476e-05
8.60704e-05
7.57083e-05
6.49884e-05
5.48349e-05
4.68748e-05
4.03268e-05
3.10677e-05
2.54973e-05
2.22332e-05
1.98373e-05
1.79393e-05
1.36172e-05
6.21321e-12
2.37243e-06
0.000128939
4.82372e-05
1.6873e-05
6.51219e-06
1.03635e-06
1.04741e-06
7.48277e-10
7.27659e-12
1.35863e-12
2.37992e-12
1.94921e-11
6.56163e-08
1.59791e-07
2.37387e-08
4.73669e-08
5.40304e-08
4.52898e-07
1.80873e-06
1.10238e-05
5.49251e-05
6.59578e-05
8.20503e-05
0.000154318
0.000134843
0.000130817
0.000136176
0.000142434
0.000149073
0.000151953
0.000142566
0.000127305
0.000114223
0.000106419
0.0001001
9.65357e-05
9.90137e-05
0.000106459
0.000113819
0.000114047
0.00012485
8.21008e-05
0.000133295
0.000142887
0.00013723
0.000115784
9.29571e-05
7.144e-05
8.13682e-06
4.02564e-05
3.71718e-05
3.67466e-06
3.11355e-05
3.0751e-05
2.98482e-05
2.98744e-05
3.44125e-05
3.79564e-05
4.66393e-05
5.47855e-05
6.10411e-05
7.17915e-05
0.000104137
0.000101492
0.000114704
0.00010262
0.000104518
0.000106945
0.000108885
0.000110352
0.0001257
0.000125252
0.00012499
0.000125556
0.000110487
0.000110247
0.000109546
0.000108567
0.000108812
0.000109946
9.06709e-05
0.000128278
0.000125979
0.000120825
0.000113096
0.000102868
9.46592e-05
8.51551e-05
7.50928e-05
6.45195e-05
5.43752e-05
4.62937e-05
3.57935e-05
3.07796e-05
2.53276e-05
2.2083e-05
1.96991e-05
1.74104e-05
1.35188e-05
5.38482e-13
7.74528e-07
3.41957e-05
1.03589e-05
5.4037e-06
1.71481e-06
1.52582e-06
2.79855e-07
7.38281e-09
4.31141e-12
1.86219e-12
1.13139e-11
1.42293e-09
6.66625e-09
1.22535e-08
9.33483e-09
2.86686e-08
1.32504e-07
6.02332e-07
2.93462e-06
1.95567e-05
9.16249e-05
0.000165698
0.000172743
0.000149102
2.57655e-05
2.74165e-05
0.000132694
3.69538e-05
0.000147534
0.000149909
0.000145767
0.000135972
0.000125673
0.000117905
0.000111653
0.000108013
0.000110533
0.000116785
0.000127026
7.92122e-05
0.000129699
0.000132326
0.000140797
0.000143492
0.000126539
2.23375e-05
8.47783e-05
6.86134e-05
5.22473e-05
4.29081e-05
3.53647e-05
4.22153e-06
3.20978e-05
3.25079e-05
3.33004e-05
3.48065e-05
7.4528e-06
4.57376e-05
5.5185e-05
6.11093e-05
6.65439e-05
0.000105935
0.000106772
5.51149e-05
9.96701e-05
0.000103659
0.000105415
0.000107284
0.000108903
0.000110151
0.000124229
0.000123679
0.000123673
0.000124584
0.000125272
0.000110115
0.000109541
0.000108772
8.85909e-05
0.000109987
0.000110406
0.000127317
0.000124622
0.000119889
0.000112118
0.000101871
7.87035e-05
8.41955e-05
7.44311e-05
6.39644e-05
5.38383e-05
4.5675e-05
3.83952e-05
3.04471e-05
2.51264e-05
2.19051e-05
1.95382e-05
1.69729e-05
1.34086e-05
2.27623e-11
3.46417e-07
5.39201e-06
3.41312e-06
8.61197e-07
1.07053e-07
3.13986e-07
6.02028e-10
1.26969e-11
3.64464e-12
3.1058e-11
1.29638e-09
6.30014e-09
5.79657e-08
8.68865e-09
1.48078e-08
8.5018e-08
4.04514e-07
1.4307e-06
6.07435e-06
3.08098e-05
6.62754e-05
0.000180233
7.46284e-05
0.000145239
0.000126205
0.00012691
0.000128961
0.000133303
0.000141761
5.204e-05
0.000145522
0.000140648
0.000135024
0.000130313
7.12861e-05
0.00012252
0.000123088
0.000127224
0.000131208
0.000132203
0.000132768
0.000137275
0.000143311
0.000141362
0.000122816
0.000101143
8.44363e-05
6.80992e-05
5.41589e-05
4.60931e-05
3.8142e-05
5.65475e-06
3.45275e-05
3.56184e-05
3.71518e-05
3.94232e-05
4.375e-05
5.49061e-05
5.90388e-05
6.17183e-05
6.11837e-05
6.15752e-05
0.000104068
9.76045e-05
0.000101158
0.000104466
0.00010601
0.000107349
9.30695e-05
9.58312e-05
0.00012242
0.000121875
0.000122124
9.55362e-05
0.000124053
0.000125186
0.000109481
0.000108898
8.99234e-05
0.000109981
0.000110551
0.000126159
0.000123229
8.92697e-05
0.000110998
0.000100721
9.25646e-05
8.31707e-05
7.36744e-05
6.33654e-05
5.32311e-05
4.50151e-05
3.75059e-05
3.00794e-05
2.48954e-05
2.17003e-05
1.93531e-05
1.65973e-05
1.3288e-05
2.46909e-14
1.20511e-08
1.43183e-06
1.30054e-06
4.04591e-08
1.72621e-09
2.84342e-10
1.81908e-11
4.804e-12
1.54535e-11
6.72306e-11
7.81791e-09
8.3747e-07
3.266e-07
2.52994e-07
1.90047e-07
5.41374e-07
1.35997e-06
4.35053e-06
1.47241e-05
4.78307e-05
0.000125037
0.00017785
0.000167276
2.86504e-05
2.04144e-05
0.0001227
0.00012506
2.90853e-05
0.000136633
0.00014133
0.00014268
0.000139611
0.000139009
0.00013905
0.000134092
6.28631e-05
0.000132206
0.000133348
6.65518e-05
0.000135625
0.000137188
0.000140649
0.000141951
0.000136882
0.000118892
0.000102741
8.28154e-05
6.73147e-05
5.57409e-05
4.78736e-05
4.3933e-05
3.98651e-05
3.75757e-05
8.34997e-06
4.1429e-05
4.39102e-05
5.26348e-05
6.47833e-05
6.80907e-05
5.68526e-05
7.9425e-05
0.000110335
5.32485e-05
0.000114428
0.000102381
0.000104937
0.000106136
8.90456e-05
0.000108373
0.000122421
0.000120293
0.000119891
0.000120384
0.000121651
0.000122641
0.00012402
0.00010932
9.12708e-05
0.000109344
9.38175e-05
9.57496e-05
0.000124826
0.000121742
8.84467e-05
0.000109681
9.94241e-05
9.11902e-05
8.20691e-05
7.27945e-05
6.2706e-05
5.25609e-05
4.41931e-05
3.66686e-05
2.96793e-05
2.46353e-05
2.14715e-05
1.91437e-05
1.62646e-05
1.31568e-05
9.96469e-16
2.99026e-10
2.2092e-08
2.08219e-07
5.43918e-10
1.82356e-11
9.96367e-10
4.16045e-12
2.73919e-11
1.526e-10
1.1443e-09
3.2038e-08
3.50181e-06
7.03796e-06
8.90982e-07
4.77637e-07
8.44284e-07
3.61131e-06
1.22938e-05
2.8127e-05
5.86275e-05
0.000139753
0.000177735
0.000167025
0.000139545
2.38766e-05
0.000122119
0.000123595
0.000126788
0.000132376
0.00013763
0.000136323
0.000125112
2.93359e-05
3.95543e-05
0.000137235
0.000136561
0.000134655
0.000135647
0.000137976
0.000137292
0.000138842
0.0001395
0.00013656
0.000129427
0.000114179
9.91458e-05
8.01052e-05
6.6011e-05
5.75478e-05
5.19873e-05
4.83275e-05
4.85259e-05
4.56675e-05
4.77477e-05
5.00079e-05
1.20639e-05
2.24893e-05
6.85568e-05
7.67735e-05
7.97049e-05
0.000114674
0.000107714
9.83146e-05
6.73301e-05
7.60708e-05
0.0001049
0.000105856
9.1647e-05
0.00012084
0.00011954
0.000117888
0.000117681
0.000118426
0.0001197
0.000121003
9.51453e-05
9.47753e-05
0.000108975
0.000109372
0.000109876
0.000125977
0.000123297
0.000120105
0.000115349
0.000106276
9.79908e-05
8.97382e-05
8.08993e-05
7.18321e-05
6.19744e-05
5.18256e-05
4.33441e-05
3.58566e-05
2.92019e-05
2.43481e-05
2.12217e-05
1.89116e-05
1.59654e-05
1.30136e-05
4.02504e-17
5.29823e-10
2.23161e-08
1.87518e-08
1.08368e-11
2.99127e-12
4.40007e-12
3.48347e-11
5.59304e-11
1.77048e-09
1.52231e-08
1.81588e-07
1.44876e-05
2.89474e-05
3.92655e-06
1.33419e-06
1.80533e-06
5.50124e-06
2.51656e-05
6.20185e-05
0.000109359
0.000154118
0.000177787
0.000164611
0.000140744
0.000126002
0.000118838
0.000120566
0.000121738
0.000124297
0.000127215
0.00012578
0.000120641
0.000122137
0.000126897
2.86365e-05
0.000127319
3.18696e-05
0.000131742
4.1728e-05
0.000134085
0.000137965
0.00013641
0.000127873
0.000118795
0.000107301
9.49213e-05
7.87903e-05
1.61353e-05
6.01325e-05
5.75614e-05
5.55368e-05
5.42508e-05
5.48968e-05
1.36545e-05
5.97854e-05
2.54343e-05
6.67429e-05
7.73925e-05
8.44236e-05
0.000118054
6.14201e-05
0.000105718
0.000114147
0.000101169
0.00010333
0.000104414
0.00010499
0.000118793
9.17961e-05
0.000116523
0.000115278
0.000115305
0.000116254
0.000117634
0.000119191
0.000120992
0.000122931
0.000108786
9.48719e-05
0.000124969
0.000124383
0.0001216
0.000118294
0.000113185
0.000104615
9.64337e-05
8.82126e-05
7.96377e-05
5.9838e-05
6.11705e-05
5.10531e-05
4.24578e-05
3.50593e-05
2.86757e-05
2.40334e-05
2.09442e-05
1.86624e-05
1.56094e-05
1.286e-05
4.04225e-13
9.62761e-12
1.0376e-09
1.27457e-09
1.82182e-11
6.43025e-11
9.4168e-11
1.79757e-09
5.29802e-09
1.23963e-08
4.91885e-08
2.98517e-07
9.68511e-06
7.08153e-05
9.22278e-06
2.22976e-06
2.24444e-06
6.73289e-06
4.93926e-05
6.00457e-05
0.000134155
0.000169594
8.81167e-05
0.000158837
0.000140466
2.5737e-05
2.08374e-05
0.000116068
0.000114046
2.294e-05
0.000114965
0.000115042
0.00011297
0.000114956
0.000117544
0.000117716
0.000118235
0.000115164
3.08149e-05
0.000122172
0.000126605
0.000128266
0.000125401
0.000114965
0.000106516
0.000100451
8.9528e-05
8.18822e-05
7.32499e-05
6.47848e-05
1.78823e-05
1.78354e-05
1.76848e-05
6.09714e-05
6.216e-05
6.45937e-05
6.79812e-05
7.65202e-05
8.50366e-05
0.000121753
0.000115464
4.88155e-05
9.83823e-05
9.89114e-05
0.000101272
0.000102547
8.85196e-05
8.97497e-05
0.00011506
0.000114548
0.000113313
0.000112493
0.000112733
0.000113912
0.000115419
0.000117227
0.000119049
0.000121099
0.000123265
0.000123291
0.000123384
0.000122678
0.000119779
0.000116361
0.000110956
0.000102808
9.47679e-05
8.65935e-05
7.83327e-05
6.9335e-05
6.02784e-05
4.38823e-05
4.15299e-05
3.427e-05
2.81183e-05
2.3689e-05
2.06422e-05
1.83939e-05
1.5313e-05
1.26944e-05
5.26358e-13
3.56373e-14
9.90492e-13
4.53679e-11
5.86621e-10
3.55595e-09
4.12718e-09
3.18469e-08
6.69181e-08
2.37572e-07
4.17714e-07
1.34905e-06
1.14021e-05
8.23873e-05
1.01716e-05
3.05072e-06
3.56802e-06
9.64263e-06
4.62831e-05
0.000109872
0.000153944
0.00017812
6.84286e-05
0.000152282
0.000138782
3.22487e-05
0.000119776
0.000117943
1.78001e-05
0.000108476
1.89922e-05
0.000108915
0.00010932
0.000109117
0.000109787
0.000109825
0.000110334
0.00010891
0.00011116
0.000110879
2.76594e-05
3.16575e-05
0.000111845
9.85867e-05
2.33159e-05
9.45407e-05
8.86787e-05
2.56996e-05
8.49428e-05
7.38722e-05
2.54725e-05
7.44872e-05
7.34457e-05
7.07909e-05
3.95609e-05
5.33205e-05
7.75251e-05
6.77165e-05
0.000124202
0.00012116
0.000110477
5.71218e-05
6.4832e-05
9.92797e-05
7.95358e-05
0.000101181
8.78917e-05
0.000111161
0.000111161
0.000110798
0.000110063
0.000109579
0.00011003
0.000111398
0.000113096
0.000115065
0.000116986
0.000119064
9.40544e-05
0.000121463
0.000121603
9.35625e-05
0.000117795
0.000114277
0.000108668
0.000100888
9.29995e-05
8.49089e-05
7.69953e-05
6.77583e-05
5.0658e-05
4.92166e-05
4.05676e-05
3.34824e-05
2.75324e-05
2.33212e-05
2.03178e-05
1.80267e-05
1.50235e-05
1.25219e-05
2.62958e-14
9.66458e-12
1.97453e-11
5.37542e-09
6.50325e-07
1.53956e-07
2.01376e-07
8.16729e-07
1.75796e-06
9.36173e-06
3.76059e-06
8.49451e-06
1.64362e-05
5.08361e-05
1.17007e-05
4.86585e-06
7.17382e-06
1.61185e-05
4.7249e-05
6.80343e-05
0.000172974
9.35389e-05
0.000156188
0.000153394
0.00014015
0.00012858
0.000121037
0.000121188
0.000111723
0.000110196
0.00010397
0.000106736
0.000103438
1.7361e-05
0.000101754
0.000101253
9.91973e-05
9.7169e-05
2.06194e-05
0.000101854
0.0001029
0.000101177
9.68395e-05
8.80189e-05
2.13677e-05
9.46077e-05
9.88237e-05
0.000102033
9.57831e-05
9.36039e-05
9.97387e-05
0.000100575
9.2751e-05
5.94941e-05
6.1409e-05
8.2868e-05
8.61013e-05
9.89138e-05
0.000121659
0.000111982
9.72161e-05
9.79839e-05
6.70415e-05
9.89907e-05
9.95384e-05
0.000109524
0.000108445
0.000106855
0.000107254
0.000107125
0.000106767
0.000106537
0.000107181
0.000108744
0.000110645
0.000112779
0.000114771
0.000116799
0.000119544
0.000119453
0.000119626
0.000118781
0.00011566
8.63714e-05
0.000104487
8.14165e-05
7.61077e-05
8.31598e-05
7.55778e-05
6.61509e-05
5.77849e-05
4.80996e-05
3.95757e-05
3.26961e-05
2.69265e-05
2.29312e-05
1.9967e-05
1.76544e-05
1.47373e-05
1.23497e-05
1.57176e-09
3.9689e-10
3.02204e-09
2.58887e-07
5.91292e-05
3.82755e-06
2.86481e-06
6.93495e-06
1.34564e-05
1.56248e-05
1.36397e-05
1.21624e-05
1.97592e-05
3.53657e-05
1.6905e-05
8.719e-06
1.5107e-05
2.86009e-05
8.15558e-05
7.70591e-05
0.000184624
0.000178658
7.38661e-05
0.000152966
0.000141049
0.000126379
3.09297e-05
0.000122557
0.000118144
0.000113062
0.000107386
0.000104454
2.0569e-05
0.000100449
1.85037e-05
9.25797e-05
8.97703e-05
1.4294e-05
1.82493e-05
9.52596e-05
9.55123e-05
9.16449e-05
8.71051e-05
8.12876e-05
8.63341e-05
9.93418e-05
0.000107118
0.000112815
0.000115236
6.78683e-05
0.000124786
0.000113636
0.000115687
0.000117088
0.000121535
0.000104601
0.000123452
0.00012179
0.000112561
5.70264e-05
0.000110997
9.59751e-05
9.70315e-05
9.7945e-05
0.000108137
0.000105244
0.000103704
0.000102633
8.12642e-05
0.0001035
0.000101414
0.000101471
0.000102382
0.000105968
0.000108096
0.000110323
0.000112429
0.000114412
9.09428e-05
0.000117211
0.000117457
0.000116557
0.000113405
0.000109627
0.00010199
9.6587e-05
8.91063e-05
8.13874e-05
7.40898e-05
6.44917e-05
4.81813e-05
4.69604e-05
3.85974e-05
3.19014e-05
2.63708e-05
2.25053e-05
1.95985e-05
1.72711e-05
1.44539e-05
1.21641e-05
2.25972e-06
1.66339e-07
2.33004e-07
7.7665e-06
6.71971e-05
1.14034e-05
1.51298e-05
3.09383e-05
2.57464e-05
3.08059e-05
3.24211e-05
2.80797e-05
3.63366e-05
4.01879e-05
2.24347e-05
1.40348e-05
2.7153e-05
4.76605e-05
9.29435e-05
0.000157706
0.000112516
0.000106465
0.00017075
7.60098e-05
5.40237e-05
3.69854e-05
3.80889e-05
0.00012524
0.000121959
0.000116835
2.64603e-05
2.43381e-05
0.000107315
0.000105652
0.000100755
1.65646e-05
1.61656e-05
8.91163e-05
9.108e-05
2.05627e-05
8.70019e-05
8.04688e-05
1.91055e-05
8.25622e-05
3.03634e-05
0.000108222
6.0887e-05
0.000125451
0.000129327
0.00010453
0.000133072
0.00012771
0.000124803
0.000125022
0.000125516
0.000123527
0.000116455
7.09263e-05
5.74516e-05
0.000111172
6.70956e-05
7.11947e-05
9.55462e-05
0.000106319
0.00010295
9.98569e-05
9.8126e-05
9.76116e-05
9.65138e-05
9.70876e-05
9.73403e-05
9.76598e-05
9.87221e-05
0.000100688
8.33861e-05
0.000107258
0.000109518
8.3925e-05
0.000113842
8.76421e-05
0.000114673
0.000113731
0.000110547
0.000106477
9.89177e-05
7.78461e-05
8.65518e-05
7.91884e-05
7.22926e-05
5.30319e-05
5.40681e-05
4.55746e-05
3.74639e-05
3.09388e-05
2.56907e-05
2.19134e-05
1.91292e-05
1.68018e-05
1.41114e-05
1.19328e-05
1.4672e-05
2.6326e-06
2.91133e-06
7.49291e-06
2.23854e-05
1.46955e-05
3.89894e-05
8.98236e-05
6.53016e-05
6.07636e-05
5.49466e-05
5.05845e-05
5.28017e-05
5.55216e-05
3.12606e-05
3.63094e-05
5.01832e-05
5.56347e-05
7.31252e-05
0.000168867
0.000186905
0.000185461
0.000177732
0.000160046
5.65387e-05
5.2906e-05
5.34819e-05
0.000134405
5.4167e-05
0.000125936
0.000119197
0.000119579
0.000117132
0.00011428
0.000111876
0.000104554
0.000101615
9.72528e-05
2.09472e-05
8.57933e-05
1.98236e-05
1.6664e-05
1.96692e-05
9.37057e-05
0.000108005
0.000120817
0.000143267
0.000145309
0.000138254
0.000127725
0.000113576
7.45042e-05
7.39552e-05
7.43226e-05
0.000108662
0.000106594
6.02346e-05
6.43873e-05
9.57367e-05
6.98151e-05
7.30547e-05
7.80829e-05
0.000101658
0.000100152
9.69283e-05
9.3627e-05
9.03481e-05
9.01989e-05
9.09568e-05
9.23331e-05
9.2917e-05
9.34036e-05
9.46143e-05
9.66298e-05
9.90646e-05
0.000103522
0.000105802
0.000107518
0.00010978
0.000110601
0.000111182
0.000110279
0.000107094
0.000100864
9.53751e-05
9.01381e-05
8.35271e-05
7.65032e-05
6.97845e-05
6.016e-05
5.1558e-05
4.36737e-05
3.61085e-05
2.97968e-05
2.48773e-05
2.11946e-05
1.85527e-05
1.63121e-05
1.37029e-05
1.16411e-05
4.75605e-05
2.86611e-06
1.01386e-05
1.13e-05
1.45881e-05
1.75266e-05
4.93999e-05
8.1639e-05
7.84222e-05
9.72434e-05
8.38077e-05
0.000122042
9.94578e-05
5.85696e-05
4.54056e-05
5.31633e-05
8.90635e-05
0.000123679
8.54605e-05
0.00018749
0.000104705
0.000185836
0.000179452
0.000162129
7.46884e-05
0.000145159
0.000145641
0.00014356
7.42522e-05
0.00013397
5.72314e-05
5.21711e-05
0.000125311
0.000115928
3.98573e-05
0.000115378
0.000112877
0.00010814
9.8362e-05
2.35083e-05
8.86868e-05
8.72997e-05
9.5425e-05
3.61993e-05
0.000120431
0.000144249
0.000144509
0.000124686
0.000109703
0.000103192
0.000101656
6.73607e-05
9.91833e-05
6.60553e-05
9.77158e-05
6.56874e-05
6.55078e-05
6.94193e-05
9.47537e-05
9.31412e-05
9.1092e-05
9.74345e-05
9.48837e-05
9.36293e-05
7.30961e-05
8.60687e-05
8.47456e-05
8.49478e-05
7.20957e-05
7.37373e-05
8.85396e-05
8.91695e-05
9.04766e-05
9.26095e-05
9.50028e-05
9.77691e-05
0.000101853
0.000103525
0.000105584
0.000106631
0.000107273
0.000106594
8.24899e-05
9.69296e-05
9.17581e-05
8.65635e-05
8.0479e-05
7.37434e-05
6.70859e-05
4.93034e-05
4.92783e-05
4.17637e-05
3.47284e-05
2.8614e-05
2.40332e-05
2.04407e-05
1.78683e-05
1.58253e-05
1.3296e-05
1.13267e-05
5.21869e-05
1.42168e-05
1.3082e-05
1.32663e-05
1.29817e-05
1.93983e-05
4.32967e-05
6.37537e-05
7.74821e-05
0.000114675
0.000166903
0.000170727
0.000142033
0.000128022
7.08228e-05
0.000117104
0.000136417
7.49072e-05
0.000175367
0.000185567
0.000187109
0.000101585
9.74229e-05
9.60222e-05
8.85874e-05
0.000155106
0.0001553
0.000155662
0.000155684
0.000149097
8.4749e-05
0.000144782
0.000139559
6.42317e-05
0.000133692
0.0001308
5.40269e-05
0.000117412
0.000108208
0.000103056
0.000102122
3.40254e-05
0.000111705
0.000122658
0.00010832
0.00010178
8.92301e-05
0.000107134
0.000105458
0.000104142
0.000102813
7.5517e-05
7.39854e-05
9.8876e-05
9.7811e-05
9.64224e-05
9.51616e-05
9.3685e-05
9.16511e-05
9.77231e-05
9.377e-05
7.00958e-05
8.8105e-05
6.99374e-05
8.28803e-05
8.03935e-05
7.94751e-05
7.99765e-05
8.11475e-05
8.29189e-05
7.05799e-05
8.50325e-05
8.63947e-05
8.85759e-05
9.10044e-05
9.38974e-05
9.59412e-05
9.75874e-05
0.000101313
8.17294e-05
0.0001032
0.000102676
9.74829e-05
9.3112e-05
8.80883e-05
8.3009e-05
7.74653e-05
7.09322e-05
6.41857e-05
5.51257e-05
4.70289e-05
3.98775e-05
3.32007e-05
2.74583e-05
2.31686e-05
1.9658e-05
1.71947e-05
1.53233e-05
1.28825e-05
1.09947e-05
5.04648e-05
3.84858e-05
2.67355e-05
2.00861e-05
2.38702e-05
3.86644e-05
5.10886e-05
5.76384e-05
7.62589e-05
0.000121795
0.000167989
0.000100751
0.000176848
8.60382e-05
0.000156599
0.000159937
0.000169506
0.000176268
0.000181918
0.000184412
0.000184
8.45783e-05
0.000176862
0.00017051
0.000165531
0.000162954
0.00015865
0.000100829
0.000161945
0.000104566
0.000155898
0.000155237
0.000105647
0.000152708
9.49575e-05
0.000145993
0.000135216
0.000128493
0.000124464
0.000115938
0.000113567
0.000118888
0.000134597
0.000108432
0.000141359
0.000114003
0.000120048
0.00011558
0.000113223
0.000112234
8.60171e-05
8.41697e-05
8.26362e-05
9.70132e-05
8.07456e-05
9.35646e-05
0.000101412
7.64048e-05
9.44582e-05
9.07035e-05
8.68461e-05
8.27239e-05
8.0364e-05
7.91054e-05
7.69627e-05
7.50214e-05
7.44561e-05
7.52004e-05
7.64688e-05
7.82264e-05
7.98285e-05
8.09032e-05
8.23027e-05
8.45927e-05
8.70375e-05
9.00042e-05
7.61094e-05
9.33896e-05
9.50675e-05
9.62944e-05
9.69851e-05
9.65142e-05
7.72937e-05
8.90914e-05
8.44533e-05
7.94906e-05
7.43659e-05
6.81202e-05
6.12167e-05
5.2379e-05
4.47677e-05
3.81775e-05
3.16672e-05
2.62854e-05
2.22749e-05
1.88488e-05
1.65534e-05
1.4743e-05
1.24478e-05
1.06495e-05
5.02902e-05
4.99856e-05
4.18371e-05
3.56914e-05
4.2743e-05
5.44666e-05
6.24878e-05
6.74329e-05
7.53032e-05
0.000112056
0.00017489
0.000186665
0.000193937
0.000192612
0.000187104
0.00018638
0.000184216
9.90469e-05
0.000184603
0.000183141
0.00017989
0.000174549
0.000172712
0.000170797
0.000167754
9.77845e-05
0.000165536
0.000167337
0.000164748
0.000160835
0.000159444
0.000159081
0.000158958
0.000160329
0.000161294
0.000160262
0.000149803
8.44059e-05
0.000134087
0.000127911
0.000129712
0.000136625
0.000108664
0.00014089
0.000114477
0.000115214
8.26738e-05
0.000105319
0.00010364
0.000103427
0.000103548
0.000102282
0.000101559
0.000101181
9.89224e-05
9.60189e-05
9.30771e-05
9.02738e-05
8.73441e-05
8.26655e-05
7.91067e-05
7.63075e-05
7.43715e-05
7.30998e-05
5.90696e-05
6.98744e-05
6.93959e-05
7.03464e-05
7.18229e-05
7.37509e-05
7.54865e-05
7.67428e-05
7.83324e-05
8.06136e-05
8.31107e-05
8.60148e-05
8.79217e-05
8.9346e-05
9.08606e-05
9.17801e-05
9.26179e-05
9.23015e-05
8.91211e-05
8.51165e-05
8.08169e-05
7.61327e-05
7.10462e-05
5.49841e-05
5.84628e-05
4.98303e-05
4.24922e-05
3.62438e-05
3.00569e-05
2.50951e-05
2.12025e-05
1.8032e-05
1.59051e-05
1.41615e-05
1.19826e-05
1.02741e-05
5.21923e-05
5.72999e-05
5.06067e-05
4.74594e-05
4.96683e-05
4.94323e-05
5.13889e-05
6.24398e-05
7.08852e-05
8.93278e-05
0.000144962
0.000193394
0.000188457
7.77143e-05
0.00018841
0.000100436
0.000102847
0.000180582
9.59055e-05
0.000176591
8.17609e-05
0.000164225
0.000163736
0.000166235
7.92661e-05
8.11786e-05
0.000166684
0.000121923
0.000161008
0.000155512
0.000153949
0.000150507
0.00013211
0.000156527
0.000161622
0.000160648
0.000111471
0.000151396
0.000143995
9.34409e-05
0.000140288
0.000109175
0.000138781
0.000117781
0.000109386
0.00010305
9.66885e-05
9.3538e-05
9.245e-05
9.2613e-05
7.53794e-05
9.25388e-05
9.21187e-05
7.27995e-05
7.1791e-05
8.76332e-05
8.40003e-05
8.14074e-05
6.37997e-05
7.59912e-05
7.29151e-05
7.04474e-05
6.87045e-05
6.74938e-05
6.60888e-05
6.46849e-05
6.44635e-05
6.56168e-05
6.72486e-05
6.93416e-05
5.91692e-05
7.24722e-05
7.42783e-05
7.674e-05
7.92478e-05
8.20256e-05
8.38674e-05
8.54851e-05
8.69506e-05
8.7729e-05
7.40612e-05
7.40122e-05
8.49379e-05
8.1313e-05
7.739e-05
7.28052e-05
6.79075e-05
6.21219e-05
5.5451e-05
4.73886e-05
4.02735e-05
3.43495e-05
2.84958e-05
2.39184e-05
2.0164e-05
1.72894e-05
1.52383e-05
1.3529e-05
1.14987e-05
9.93395e-06
5.51811e-05
6.24964e-05
5.76702e-05
5.13758e-05
4.42095e-05
3.36668e-05
3.14981e-05
3.98488e-05
5.38814e-05
6.53914e-05
9.78829e-05
7.40281e-05
0.000181553
0.000182524
0.000181279
0.000175361
0.000172322
0.000170586
0.000168003
0.000159752
0.000151521
0.000146575
9.8396e-05
0.00015545
0.000158877
0.000121259
0.000162316
0.000134668
0.000154468
0.000145868
0.00014415
0.000149633
0.000152653
0.000155929
0.000155846
0.000156349
0.000156302
0.000158323
0.0001508
0.000147174
0.00014417
0.000122374
0.000115324
0.000106175
9.59053e-05
7.24345e-05
8.61078e-05
8.38677e-05
8.32987e-05
8.36635e-05
6.89143e-05
8.21409e-05
8.19583e-05
8.19489e-05
8.05921e-05
7.85592e-05
7.64474e-05
7.42582e-05
7.23184e-05
5.59277e-05
6.69787e-05
6.4715e-05
6.30716e-05
6.19291e-05
6.0386e-05
5.93795e-05
5.94118e-05
6.06997e-05
6.25291e-05
6.47434e-05
6.68197e-05
6.83453e-05
7.02487e-05
7.27613e-05
7.54216e-05
7.81429e-05
8.00327e-05
8.17304e-05
8.30993e-05
8.37813e-05
8.44899e-05
7.10619e-05
8.1126e-05
7.76544e-05
7.40507e-05
6.94421e-05
6.4742e-05
5.90403e-05
5.24609e-05
4.49244e-05
3.82238e-05
3.24822e-05
2.70629e-05
2.27373e-05
1.91371e-05
1.65457e-05
1.45797e-05
1.29037e-05
1.10077e-05
9.58098e-06
5.87738e-05
6.4141e-05
5.58863e-05
4.44533e-05
3.19127e-05
1.84282e-05
1.43712e-05
1.93311e-05
3.20636e-05
4.4628e-05
6.00067e-05
0.000101264
0.000151641
0.000164438
0.000166504
0.000162943
7.98402e-05
8.77187e-05
0.000147462
8.87051e-05
0.00012618
0.000124363
0.000131733
0.000139146
0.000143958
0.000142719
0.000115919
0.00014801
0.000108759
0.000130836
0.000123467
0.000135593
0.000109234
0.000152523
0.000160672
0.00015774
0.000154372
0.000122204
0.000141944
0.000106965
0.000118807
0.00010948
0.000101832
7.32869e-05
8.42884e-05
7.89706e-05
6.0839e-05
7.44882e-05
6.01197e-05
7.5408e-05
6.08869e-05
7.39259e-05
7.38969e-05
7.39416e-05
5.88643e-05
7.12746e-05
6.9414e-05
6.74331e-05
6.54397e-05
6.3361e-05
6.11095e-05
5.89821e-05
5.73728e-05
4.60952e-05
5.49093e-05
5.42011e-05
5.44133e-05
5.59471e-05
5.7983e-05
6.02139e-05
6.22136e-05
6.41111e-05
6.62007e-05
6.88936e-05
7.15055e-05
7.43647e-05
7.63337e-05
7.7942e-05
7.92697e-05
7.99066e-05
8.0451e-05
8.01819e-05
6.49845e-05
7.41058e-05
7.06232e-05
6.61951e-05
6.14103e-05
5.59552e-05
4.97015e-05
4.24341e-05
3.61878e-05
3.06163e-05
2.56398e-05
2.15536e-05
1.82208e-05
1.57877e-05
1.39247e-05
1.22873e-05
1.05654e-05
9.2122e-06
6.24633e-05
5.90985e-05
4.28176e-05
3.07577e-05
2.03632e-05
1.10421e-05
7.42969e-06
8.34834e-06
1.71748e-05
2.80925e-05
3.76131e-05
5.72177e-05
9.65935e-05
0.000133916
0.000139989
8.93018e-05
0.000128537
0.000119523
8.71288e-05
0.000109321
0.0001012
0.000102165
0.000107198
7.59599e-05
0.000123409
0.000117132
0.00011312
0.000130672
9.61463e-05
0.000112959
0.000101219
0.000106562
0.000119895
0.000137426
0.00015516
0.000122053
0.000152682
0.000142754
0.000131343
9.2002e-05
0.000105595
7.36846e-05
8.68204e-05
6.22288e-05
5.7293e-05
6.75397e-05
6.54309e-05
6.48865e-05
6.55769e-05
5.41077e-05
6.62036e-05
6.58373e-05
6.60256e-05
6.626e-05
6.55496e-05
6.41416e-05
6.24564e-05
6.06559e-05
5.87946e-05
5.69293e-05
5.52433e-05
5.33655e-05
5.1656e-05
5.08407e-05
4.94932e-05
4.90718e-05
4.95622e-05
5.11716e-05
5.33448e-05
5.58166e-05
5.79792e-05
5.98836e-05
6.20707e-05
6.49419e-05
6.77664e-05
7.04679e-05
7.25794e-05
7.42812e-05
7.55374e-05
7.60864e-05
7.64331e-05
7.60151e-05
7.36317e-05
7.04532e-05
6.7283e-05
6.28396e-05
5.82181e-05
5.27914e-05
4.69867e-05
4.01023e-05
3.41725e-05
2.89115e-05
2.42527e-05
2.03709e-05
1.7339e-05
1.50464e-05
1.32597e-05
1.16836e-05
1.0144e-05
8.82815e-06
6.4758e-05
4.75448e-05
2.89579e-05
2.16979e-05
1.25056e-05
5.70057e-06
3.76496e-06
4.45506e-06
8.6538e-06
1.76077e-05
2.48626e-05
3.33242e-05
5.45066e-05
7.95046e-05
0.000101703
0.000104043
9.58374e-05
9.0761e-05
9.33851e-05
7.84236e-05
7.17044e-05
7.32392e-05
7.93095e-05
8.27585e-05
8.40294e-05
7.44948e-05
8.00667e-05
0.000111952
8.64009e-05
9.18038e-05
6.51901e-05
7.54254e-05
9.09001e-05
0.000116194
0.000139335
0.000109476
0.000141434
0.000101496
0.00011669
0.000101995
8.96828e-05
8.0331e-05
7.2346e-05
6.57566e-05
6.02215e-05
5.60175e-05
5.45604e-05
4.47994e-05
5.62351e-05
5.80446e-05
5.72842e-05
5.75116e-05
5.80622e-05
5.85173e-05
5.79972e-05
5.70236e-05
5.55474e-05
5.39861e-05
4.24078e-05
5.07004e-05
4.94256e-05
3.92338e-05
4.61664e-05
4.52712e-05
4.42189e-05
4.4066e-05
4.48188e-05
4.66409e-05
4.89381e-05
5.14741e-05
5.37125e-05
5.57211e-05
5.81485e-05
6.0994e-05
6.38675e-05
6.67138e-05
6.88019e-05
7.04745e-05
7.17764e-05
7.23245e-05
7.2601e-05
7.20169e-05
6.97561e-05
6.68641e-05
6.37049e-05
5.94331e-05
5.50295e-05
4.97809e-05
4.41757e-05
3.78628e-05
3.21638e-05
2.72741e-05
2.28728e-05
1.92675e-05
1.64555e-05
1.43098e-05
1.26028e-05
1.1136e-05
9.7122e-06
8.45572e-06
6.24501e-05
2.95628e-05
1.79871e-05
1.0774e-05
5.92076e-06
2.18092e-06
1.47559e-06
2.21312e-06
4.72127e-06
1.09457e-05
1.70831e-05
2.17131e-05
3.05923e-05
4.45204e-05
5.6504e-05
5.7731e-05
5.4672e-05
5.22381e-05
5.2247e-05
4.83741e-05
4.81104e-05
5.16476e-05
5.66435e-05
6.18178e-05
6.45996e-05
6.82649e-05
5.84759e-05
7.02924e-05
6.51619e-05
5.53632e-05
5.23384e-05
5.52271e-05
6.52908e-05
9.1407e-05
0.000116474
0.000124631
0.000121227
8.71498e-05
9.78971e-05
8.51944e-05
7.41996e-05
6.46855e-05
5.78542e-05
5.22431e-05
3.97225e-05
4.5129e-05
4.4339e-05
4.61799e-05
4.71615e-05
4.88835e-05
4.86308e-05
4.93041e-05
5.01772e-05
5.09002e-05
5.0652e-05
5.00374e-05
4.88285e-05
4.74985e-05
4.63582e-05
4.46841e-05
4.37079e-05
4.26003e-05
4.07887e-05
3.99589e-05
3.92725e-05
3.94024e-05
4.03446e-05
4.21995e-05
4.4531e-05
4.71687e-05
4.97613e-05
5.16123e-05
5.41423e-05
5.71277e-05
5.99909e-05
6.27676e-05
6.50181e-05
6.67506e-05
6.79782e-05
6.84465e-05
6.86643e-05
6.79582e-05
6.60556e-05
6.32494e-05
6.00425e-05
5.61786e-05
5.17549e-05
4.67833e-05
4.14478e-05
3.56337e-05
3.02769e-05
2.56805e-05
2.15145e-05
1.82338e-05
1.56037e-05
1.3568e-05
1.19486e-05
1.06214e-05
9.2705e-06
8.10358e-06
5.0307e-05
1.76113e-05
7.64554e-06
4.93029e-06
2.84998e-06
1.11042e-06
5.07864e-07
9.9769e-07
2.732e-06
7.08727e-06
1.22715e-05
1.52028e-05
1.90463e-05
2.4539e-05
2.98378e-05
3.05569e-05
2.97162e-05
2.97042e-05
3.03467e-05
3.02691e-05
3.20992e-05
3.64244e-05
3.92628e-05
4.2375e-05
4.51163e-05
4.68935e-05
4.92526e-05
4.13942e-05
4.80569e-05
4.69092e-05
4.60675e-05
5.17603e-05
5.31805e-05
6.74579e-05
9.00833e-05
9.95113e-05
9.82378e-05
8.91507e-05
7.8262e-05
6.73426e-05
5.61098e-05
4.92897e-05
4.41537e-05
3.97066e-05
3.69029e-05
3.48728e-05
3.48763e-05
3.70151e-05
3.84904e-05
4.03869e-05
4.04139e-05
4.14291e-05
4.25712e-05
4.35277e-05
4.35719e-05
4.32536e-05
4.22878e-05
4.11708e-05
4.01276e-05
3.88661e-05
3.82757e-05
3.71243e-05
3.56119e-05
3.49156e-05
3.45361e-05
3.49228e-05
3.60754e-05
3.80524e-05
4.03786e-05
4.2927e-05
3.86555e-05
4.77336e-05
5.03219e-05
5.31662e-05
5.61441e-05
5.89251e-05
6.10809e-05
6.29255e-05
6.41941e-05
6.47529e-05
6.48711e-05
6.41276e-05
6.21683e-05
5.95306e-05
5.66677e-05
5.28431e-05
4.8712e-05
4.37795e-05
3.88775e-05
3.34182e-05
2.85025e-05
2.41048e-05
2.02526e-05
1.72024e-05
1.47594e-05
1.28407e-05
1.13851e-05
1.00953e-05
8.82288e-06
7.74277e-06
2.40888e-05
5.82994e-06
2.64812e-06
1.60628e-06
1.00299e-06
4.67482e-07
1.61123e-07
4.04078e-07
1.56009e-06
4.32807e-06
8.56257e-06
1.14914e-05
1.30776e-05
1.48792e-05
1.68045e-05
1.7092e-05
1.71725e-05
1.77858e-05
1.87045e-05
1.96981e-05
2.16084e-05
2.57903e-05
2.02828e-05
2.80917e-05
2.34176e-05
2.98194e-05
3.23219e-05
3.4145e-05
2.75032e-05
3.16287e-05
3.33765e-05
4.07102e-05
5.00465e-05
4.98684e-05
6.39917e-05
7.35492e-05
7.57659e-05
6.60219e-05
5.70795e-05
4.78257e-05
3.66966e-05
3.58262e-05
3.17314e-05
2.7981e-05
2.59376e-05
2.53362e-05
2.61529e-05
2.85355e-05
3.03561e-05
3.2163e-05
3.27226e-05
3.40181e-05
3.5387e-05
3.65151e-05
3.68255e-05
3.12134e-05
3.60379e-05
3.50852e-05
3.42321e-05
3.33216e-05
3.27543e-05
3.18508e-05
3.07819e-05
3.02793e-05
3.01872e-05
3.08011e-05
3.20668e-05
3.40466e-05
3.6409e-05
3.9008e-05
4.17294e-05
4.38504e-05
4.65446e-05
4.94466e-05
5.22322e-05
5.50753e-05
5.73737e-05
5.91061e-05
6.02552e-05
6.08709e-05
6.09916e-05
6.0146e-05
5.8323e-05
5.60374e-05
5.32301e-05
4.95983e-05
4.56326e-05
4.09341e-05
3.63339e-05
3.13258e-05
2.67806e-05
2.25552e-05
1.9082e-05
1.62168e-05
1.3924e-05
1.21663e-05
1.0816e-05
9.56903e-06
8.39509e-06
7.38081e-06
1.29613e-05
1.32507e-06
4.82676e-07
3.48017e-07
2.87731e-07
1.79389e-07
5.22411e-08
1.39071e-07
7.12255e-07
2.88714e-06
5.98808e-06
8.54027e-06
9.72601e-06
1.03292e-05
1.06882e-05
1.06596e-05
1.07793e-05
1.12687e-05
1.19752e-05
1.28488e-05
1.39584e-05
1.61299e-05
1.67409e-05
1.74991e-05
1.76692e-05
1.67349e-05
1.80597e-05
1.98277e-05
2.03536e-05
2.03678e-05
2.4272e-05
2.6983e-05
4.05145e-05
3.96175e-05
4.27105e-05
4.96836e-05
4.64104e-05
4.521e-05
3.75615e-05
3.12857e-05
2.5804e-05
2.34155e-05
2.41375e-05
1.7433e-05
1.63264e-05
1.6607e-05
1.80844e-05
2.07273e-05
2.28167e-05
2.4744e-05
2.56817e-05
2.71902e-05
2.87056e-05
2.99407e-05
3.04602e-05
3.09819e-05
3.01243e-05
2.93705e-05
2.87522e-05
2.81852e-05
2.76242e-05
2.70556e-05
2.62946e-05
2.59811e-05
2.61373e-05
2.6949e-05
2.83486e-05
3.03649e-05
3.25646e-05
3.51956e-05
3.78323e-05
4.02269e-05
4.28132e-05
4.57283e-05
4.85873e-05
5.12249e-05
5.35362e-05
5.53845e-05
5.65609e-05
5.71225e-05
5.71753e-05
5.63732e-05
5.46668e-05
5.24509e-05
4.98524e-05
4.65119e-05
4.2544e-05
3.82557e-05
3.38201e-05
2.93457e-05
2.50918e-05
2.11274e-05
1.79326e-05
1.52382e-05
1.31051e-05
1.15407e-05
1.02339e-05
9.08417e-06
7.96722e-06
7.02139e-06
6.53046e-08
8.84996e-08
7.74454e-08
5.67565e-08
7.05494e-08
7.03307e-08
1.64274e-08
4.1834e-08
2.14214e-07
1.28395e-06
4.09497e-06
6.67889e-06
7.46506e-06
7.27985e-06
6.84875e-06
6.30193e-06
5.87738e-06
5.90149e-06
6.25725e-06
7.17085e-06
8.13488e-06
8.36883e-06
7.47177e-06
6.68255e-06
5.9423e-06
5.55494e-06
5.88077e-06
6.89159e-06
7.86501e-06
9.66755e-06
1.39959e-05
2.08555e-05
2.63859e-05
3.29105e-05
2.96258e-05
2.77398e-05
2.36159e-05
2.18288e-05
2.25481e-05
2.14839e-05
1.95223e-05
1.77268e-05
1.52729e-05
1.36101e-05
1.26007e-05
1.23299e-05
1.0773e-05
1.06476e-05
1.19771e-05
1.40812e-05
1.54425e-05
1.72192e-05
1.89126e-05
2.02664e-05
2.10826e-05
2.15542e-05
2.12932e-05
2.09084e-05
2.07038e-05
2.03055e-05
2.01797e-05
2.02601e-05
1.98413e-05
1.98e-05
2.02993e-05
2.1337e-05
2.27118e-05
2.46622e-05
2.68908e-05
2.95144e-05
3.19651e-05
3.4612e-05
3.72465e-05
4.0013e-05
4.26955e-05
4.53526e-05
4.75883e-05
4.92875e-05
5.04576e-05
5.10245e-05
5.10637e-05
5.02714e-05
4.8832e-05
4.69735e-05
4.46467e-05
4.15488e-05
3.805e-05
3.39777e-05
3.01542e-05
2.62448e-05
2.24011e-05
1.89752e-05
1.6175e-05
1.37338e-05
1.19777e-05
1.05248e-05
9.3708e-06
8.31702e-06
7.30689e-06
6.51328e-06
1.67821e-08
2.45825e-08
2.62438e-08
1.66194e-08
1.971e-08
2.42886e-08
2.07749e-08
6.27594e-09
1.80299e-08
1.08045e-07
5.53614e-07
1.49571e-06
2.30815e-06
2.66031e-06
2.68965e-06
2.66246e-06
2.73226e-06
2.87489e-06
2.95063e-06
2.73957e-06
2.21215e-06
1.70605e-06
1.33365e-06
1.14198e-06
1.08374e-06
1.08762e-06
1.2713e-06
1.65249e-06
2.47592e-06
4.15905e-06
7.25052e-06
1.11984e-05
1.49447e-05
1.7212e-05
1.65624e-05
1.55459e-05
1.43186e-05
1.33011e-05
1.19506e-05
1.08662e-05
9.99312e-06
8.66188e-06
7.2446e-06
6.36605e-06
5.80309e-06
5.73307e-06
6.31288e-06
7.34314e-06
8.029e-06
8.63886e-06
7.58741e-06
7.80789e-06
8.72669e-06
9.89991e-06
1.0904e-05
1.15103e-05
1.17491e-05
1.18262e-05
1.20389e-05
1.20739e-05
1.23149e-05
1.25611e-05
1.27293e-05
1.30534e-05
1.37036e-05
1.47514e-05
1.62396e-05
1.8107e-05
2.02139e-05
2.26644e-05
2.50142e-05
2.7707e-05
3.02079e-05
3.27527e-05
3.52946e-05
3.77476e-05
3.97977e-05
4.1421e-05
4.25933e-05
4.32511e-05
4.3277e-05
4.25815e-05
4.13897e-05
3.98737e-05
3.79945e-05
3.53462e-05
3.21555e-05
2.87684e-05
2.54079e-05
2.22246e-05
1.9001e-05
1.61554e-05
1.38833e-05
1.19187e-05
1.04478e-05
9.23044e-06
8.20744e-06
7.33657e-06
6.4832e-06
5.76475e-06
2.83496e-09
7.27999e-09
1.25666e-08
1.60661e-08
1.20135e-08
1.0253e-08
1.13215e-08
7.97709e-09
1.87978e-09
2.83219e-09
4.21653e-09
1.13606e-08
3.1836e-08
6.41844e-08
1.11405e-07
1.69673e-07
2.33953e-07
2.78658e-07
2.76191e-07
2.41043e-07
2.05371e-07
1.83908e-07
1.78691e-07
1.91233e-07
2.18783e-07
2.72464e-07
3.77855e-07
6.31854e-07
1.14057e-06
2.08768e-06
3.36201e-06
4.58292e-06
5.84671e-06
6.40537e-06
6.20713e-06
5.80633e-06
5.34121e-06
4.7017e-06
4.02719e-06
3.61347e-06
3.38129e-06
2.91364e-06
2.49571e-06
2.35251e-06
2.41812e-06
2.6733e-06
3.10174e-06
3.37529e-06
3.63428e-06
4.18528e-06
4.85553e-06
5.31088e-06
5.71948e-06
5.66401e-06
5.01004e-06
5.07367e-06
5.18886e-06
5.42484e-06
5.83351e-06
6.18967e-06
6.61829e-06
7.00286e-06
7.42257e-06
7.94027e-06
8.70129e-06
9.77973e-06
1.11469e-05
1.2796e-05
1.46551e-05
1.68635e-05
1.90548e-05
2.15632e-05
2.3896e-05
2.61412e-05
2.84768e-05
3.06662e-05
3.2521e-05
3.40453e-05
3.52105e-05
3.59286e-05
3.59469e-05
3.54061e-05
3.44243e-05
3.31932e-05
3.17085e-05
2.94297e-05
2.66523e-05
2.3867e-05
2.11581e-05
1.84755e-05
1.58295e-05
1.3611e-05
1.18194e-05
1.01858e-05
8.98363e-06
8.02773e-06
7.1584e-06
6.37885e-06
5.66503e-06
5.07877e-06
6.47549e-10
2.89587e-09
6.05676e-09
9.43374e-09
1.12916e-08
9.05919e-09
5.66328e-09
5.93331e-09
4.40941e-09
7.15238e-10
8.18371e-10
6.45021e-10
1.89511e-10
4.17916e-10
8.72716e-10
1.63239e-09
2.55106e-09
3.37493e-09
4.00402e-09
5.2499e-09
6.31407e-09
9.52838e-09
1.61918e-08
3.06215e-08
6.15816e-08
1.14888e-07
2.00317e-07
3.32552e-07
5.3045e-07
7.52006e-07
9.33292e-07
1.41048e-06
1.64837e-06
1.63176e-06
1.48103e-06
1.34343e-06
1.20243e-06
1.04611e-06
9.14589e-07
8.41258e-07
8.0721e-07
7.27636e-07
6.81747e-07
7.20852e-07
8.30388e-07
1.00793e-06
1.20542e-06
1.45006e-06
1.74219e-06
1.99826e-06
2.09573e-06
2.28906e-06
2.57718e-06
2.9162e-06
3.06836e-06
3.12254e-06
3.16085e-06
2.73949e-06
2.56363e-06
2.69642e-06
3.06875e-06
3.50544e-06
3.9859e-06
4.55006e-06
5.29011e-06
6.22038e-06
7.35715e-06
8.70211e-06
1.0321e-05
1.21521e-05
1.407e-05
1.62587e-05
1.828e-05
2.03303e-05
2.23712e-05
2.42884e-05
2.59449e-05
2.73476e-05
2.84443e-05
2.92332e-05
2.92042e-05
2.88264e-05
2.80933e-05
2.70524e-05
2.57554e-05
2.39181e-05
2.17321e-05
1.94116e-05
1.72363e-05
1.50945e-05
1.3008e-05
1.12586e-05
9.81549e-06
8.59934e-06
7.65468e-06
6.83168e-06
6.13838e-06
5.51119e-06
4.90233e-06
4.40623e-06
2.38041e-10
1.30719e-09
3.01266e-09
4.86109e-09
6.25345e-09
6.42051e-09
4.43157e-09
3.01734e-09
3.06746e-09
2.47736e-09
5.36141e-10
3.68444e-10
2.92879e-10
1.74572e-11
2.71863e-11
3.79708e-11
4.80117e-11
5.86113e-11
7.58738e-11
1.20271e-10
2.4905e-10
6.23122e-10
1.65253e-09
4.17723e-09
1.72365e-08
3.90008e-08
6.69015e-08
9.59246e-08
1.19055e-07
1.30975e-07
1.92984e-07
2.4696e-07
2.56317e-07
2.38008e-07
2.07e-07
1.79788e-07
1.56786e-07
1.31665e-07
1.142e-07
1.07555e-07
1.07585e-07
1.08156e-07
1.22756e-07
1.63009e-07
2.26414e-07
3.12563e-07
4.13273e-07
5.27214e-07
6.43552e-07
7.65139e-07
8.9675e-07
1.04611e-06
1.10844e-06
1.14284e-06
1.23349e-06
1.3441e-06
1.43964e-06
1.46839e-06
1.52556e-06
1.42128e-06
1.38601e-06
1.60393e-06
1.98041e-06
2.46082e-06
3.07025e-06
3.79188e-06
4.66561e-06
5.76485e-06
7.03384e-06
8.4734e-06
1.00469e-05
1.18795e-05
1.35856e-05
1.53391e-05
1.70668e-05
1.87313e-05
2.01651e-05
2.14243e-05
2.23934e-05
2.30279e-05
2.31435e-05
2.29159e-05
2.23916e-05
2.15809e-05
2.04658e-05
1.90133e-05
1.73011e-05
1.54972e-05
1.37641e-05
1.20564e-05
1.0492e-05
9.17639e-06
8.06106e-06
7.13479e-06
6.40864e-06
5.76461e-06
5.20214e-06
4.68906e-06
4.19032e-06
3.75051e-06
6.27476e-11
6.43712e-10
1.48021e-09
2.48109e-09
3.2509e-09
3.52491e-09
2.96483e-09
1.47591e-09
1.59418e-09
1.55577e-09
1.19493e-09
2.54522e-10
1.9344e-10
1.81139e-10
1.15157e-10
5.01648e-12
5.60436e-12
5.86716e-12
6.09651e-12
7.08196e-12
1.16645e-11
2.79671e-11
7.85921e-11
2.20915e-10
9.31592e-10
3.99494e-09
7.7083e-09
1.10815e-08
1.31505e-08
1.38378e-08
1.34261e-08
1.23971e-08
1.1226e-08
1.01851e-08
9.36095e-09
8.8988e-09
8.75801e-09
8.86347e-09
9.39488e-09
1.03832e-08
1.18241e-08
1.36672e-08
1.63587e-08
1.9993e-08
2.77956e-08
6.01635e-08
9.83235e-08
1.43412e-07
1.9309e-07
2.47279e-07
2.97791e-07
3.49638e-07
4.06766e-07
4.63982e-07
4.93815e-07
5.00777e-07
5.36925e-07
6.00325e-07
6.74935e-07
7.38102e-07
8.02607e-07
7.60201e-07
9.33318e-07
1.25233e-06
1.69172e-06
2.21552e-06
2.88366e-06
3.70471e-06
4.63012e-06
5.70721e-06
6.97503e-06
8.3685e-06
9.75892e-06
1.11831e-05
1.26408e-05
1.40113e-05
1.52249e-05
1.62895e-05
1.71258e-05
1.76517e-05
1.78238e-05
1.77108e-05
1.73559e-05
1.6751e-05
1.58949e-05
1.47399e-05
1.34324e-05
1.20649e-05
1.07371e-05
9.44775e-06
8.29602e-06
7.34098e-06
6.51995e-06
5.8394e-06
5.28674e-06
4.79101e-06
4.33177e-06
3.90965e-06
3.50843e-06
3.1665e-06
0
2.95544e-10
7.16878e-10
1.21446e-09
1.68654e-09
1.8652e-09
1.70271e-09
1.05814e-09
8.36532e-10
8.68285e-10
8.12348e-10
6.0865e-10
1.74472e-10
1.1329e-10
1.14823e-10
1.00797e-10
6.6629e-11
8.61079e-12
2.0737e-12
2.1709e-12
2.37221e-12
2.94497e-12
4.60918e-12
8.84603e-12
1.89052e-11
3.7174e-11
6.43265e-11
3.76672e-10
7.66554e-10
1.07346e-09
1.26703e-09
1.36314e-09
1.40019e-09
1.41726e-09
1.43762e-09
1.47844e-09
1.57659e-09
1.72563e-09
1.95178e-09
2.28458e-09
2.70154e-09
3.20123e-09
3.99946e-09
5.03079e-09
6.41378e-09
8.26932e-09
1.0426e-08
1.31019e-08
2.63715e-08
4.50837e-08
6.48994e-08
8.5202e-08
1.04423e-07
1.25546e-07
1.50943e-07
1.73134e-07
1.84795e-07
2.0357e-07
2.50826e-07
3.12228e-07
3.73468e-07
4.46752e-07
4.60677e-07
6.11139e-07
8.86482e-07
1.25764e-06
1.72408e-06
2.29366e-06
2.94019e-06
3.75621e-06
4.66553e-06
5.65625e-06
6.73434e-06
7.89076e-06
9.03008e-06
1.01156e-05
1.10936e-05
1.19459e-05
1.26531e-05
1.30857e-05
1.32884e-05
1.32453e-05
1.30138e-05
1.25748e-05
1.19553e-05
1.11014e-05
1.01467e-05
9.13499e-06
8.15774e-06
7.24248e-06
6.44378e-06
5.76637e-06
5.17388e-06
4.68051e-06
4.27088e-06
3.90405e-06
3.56569e-06
3.23206e-06
2.90869e-06
2.62493e-06
0
1.11348e-10
3.48615e-10
5.97314e-10
8.15177e-10
9.56488e-10
9.49727e-10
7.02405e-10
4.48941e-10
4.92898e-10
5.04006e-10
4.63692e-10
3.50986e-10
1.39032e-10
6.82341e-11
6.9888e-11
6.5239e-11
5.22659e-11
2.87353e-11
1.04634e-12
1.13913e-12
1.23366e-12
1.3543e-12
1.55178e-12
1.92454e-12
2.59279e-12
3.62301e-12
5.00788e-12
6.78835e-12
8.91265e-12
1.08658e-11
1.2863e-11
1.47526e-11
4.09146e-11
8.25202e-11
1.31845e-10
1.89103e-10
2.56669e-10
3.43961e-10
4.53245e-10
5.80868e-10
7.24257e-10
9.06172e-10
1.18636e-09
1.54187e-09
2.03009e-09
2.62347e-09
3.3439e-09
4.48127e-09
5.68637e-09
7.07123e-09
8.55837e-09
1.03005e-08
1.20712e-08
1.7815e-08
2.90895e-08
4.29597e-08
5.67064e-08
7.63432e-08
1.09923e-07
1.57942e-07
2.11891e-07
2.76287e-07
3.15914e-07
4.51749e-07
6.85064e-07
9.89968e-07
1.36195e-06
1.82778e-06
2.36923e-06
2.98099e-06
3.64054e-06
4.46902e-06
5.33546e-06
6.18544e-06
6.99174e-06
7.73327e-06
8.39301e-06
8.96396e-06
9.33421e-06
9.52429e-06
9.54761e-06
9.4166e-06
9.12585e-06
8.69216e-06
8.08841e-06
7.40527e-06
6.68004e-06
6.00984e-06
5.40898e-06
4.88586e-06
4.43614e-06
4.04604e-06
3.70561e-06
3.41181e-06
3.13508e-06
2.86736e-06
2.59576e-06
2.32654e-06
2.10562e-06
0
0
1.37013e-10
2.80921e-10
4.17469e-10
4.74672e-10
4.88468e-10
4.18945e-10
2.48138e-10
2.78733e-10
2.98838e-10
3.04725e-10
2.81457e-10
2.1329e-10
9.14581e-11
4.21719e-11
4.27334e-11
4.05113e-11
3.46553e-11
2.38068e-11
5.90436e-12
6.88296e-13
7.42749e-13
7.79732e-13
8.05785e-13
8.33158e-13
8.76274e-13
9.43538e-13
1.0359e-12
1.14663e-12
1.25405e-12
1.37599e-12
1.52489e-12
1.73027e-12
2.00348e-12
2.41656e-12
3.04706e-12
3.81992e-12
2.65028e-11
5.53997e-11
8.96558e-11
1.31405e-10
1.79264e-10
2.46421e-10
3.38938e-10
4.69583e-10
6.275e-10
8.31371e-10
1.16286e-09
1.56642e-09
2.03988e-09
2.54693e-09
3.17754e-09
4.01593e-09
4.82211e-09
5.90957e-09
8.05618e-09
1.06837e-08
1.37154e-08
3.12414e-08
5.79415e-08
9.62313e-08
1.4386e-07
1.95429e-07
2.40881e-07
3.57382e-07
5.41837e-07
7.79537e-07
1.07875e-06
1.41974e-06
1.80204e-06
2.24883e-06
2.81555e-06
3.41532e-06
4.01665e-06
4.58552e-06
5.11518e-06
5.62881e-06
6.05339e-06
6.35023e-06
6.52308e-06
6.57772e-06
6.51679e-06
6.34043e-06
6.0591e-06
5.66636e-06
5.22166e-06
4.75348e-06
4.33862e-06
3.96555e-06
3.63302e-06
3.33688e-06
3.0714e-06
2.83468e-06
2.633e-06
2.44377e-06
2.25604e-06
2.06182e-06
1.86329e-06
1.68585e-06
0
0
0
1.02856e-10
1.82476e-10
2.4334e-10
2.66006e-10
2.356e-10
1.61061e-10
1.50642e-10
1.76923e-10
1.90803e-10
1.88016e-10
1.67954e-10
1.23115e-10
4.54247e-11
2.69149e-11
2.71929e-11
2.6154e-11
2.32899e-11
1.77938e-11
8.72313e-12
4.42747e-13
4.74062e-13
4.90886e-13
4.92665e-13
4.8192e-13
4.63477e-13
4.45493e-13
4.29464e-13
4.17345e-13
4.10606e-13
4.12683e-13
4.23895e-13
4.47335e-13
4.86638e-13
5.42716e-13
6.23674e-13
7.33774e-13
8.72754e-13
1.87276e-12
1.28703e-11
2.62235e-11
4.29665e-11
6.51132e-11
9.79278e-11
1.41689e-10
1.99805e-10
2.8993e-10
4.18318e-10
5.7247e-10
7.42013e-10
1.00873e-09
1.3226e-09
1.67529e-09
2.15872e-09
2.73728e-09
3.97263e-09
5.38514e-09
6.724e-09
1.87331e-08
4.10791e-08
7.25353e-08
1.12032e-07
1.50721e-07
1.89899e-07
2.81625e-07
4.18578e-07
5.92544e-07
7.98831e-07
1.03657e-06
1.31342e-06
1.64205e-06
2.03416e-06
2.42917e-06
2.81962e-06
3.21256e-06
3.56448e-06
3.85782e-06
4.0807e-06
4.22621e-06
4.29087e-06
4.27469e-06
4.17862e-06
4.01144e-06
3.77539e-06
3.50346e-06
3.25639e-06
3.03607e-06
2.83103e-06
2.64376e-06
2.4717e-06
2.30913e-06
2.15841e-06
2.01639e-06
1.87781e-06
1.73563e-06
1.58588e-06
1.4332e-06
1.29746e-06
0
0
0
0
5.35219e-11
9.62226e-11
1.23401e-10
1.33656e-10
1.1059e-10
8.203e-11
9.44931e-11
1.081e-10
1.1788e-10
1.16866e-10
9.92729e-11
6.54042e-11
1.59759e-11
1.69623e-11
1.75078e-11
1.73504e-11
1.60987e-11
1.32196e-11
8.4166e-12
1.60672e-12
3.18416e-13
3.27865e-13
3.2602e-13
3.16108e-13
2.99918e-13
2.80863e-13
2.61763e-13
2.44733e-13
2.31086e-13
2.21404e-13
2.16496e-13
2.15877e-13
2.19708e-13
2.29037e-13
2.44667e-13
2.67051e-13
2.99381e-13
3.38961e-13
3.89159e-13
3.04133e-12
9.50304e-12
1.78755e-11
2.97766e-11
4.61817e-11
6.9771e-11
1.07588e-10
1.56932e-10
2.20154e-10
3.17263e-10
4.47082e-10
5.87439e-10
7.82514e-10
1.05949e-09
1.41119e-09
2.10281e-09
2.91366e-09
4.32584e-09
1.62006e-08
3.46393e-08
5.90807e-08
8.9403e-08
1.1927e-07
1.46309e-07
2.08339e-07
2.99766e-07
4.17657e-07
5.56411e-07
7.13657e-07
8.82333e-07
1.08966e-06
1.34529e-06
1.60835e-06
1.86189e-06
2.09123e-06
2.28645e-06
2.43812e-06
2.54486e-06
2.60188e-06
2.61626e-06
2.58673e-06
2.50747e-06
2.38275e-06
2.28239e-06
2.17634e-06
2.06764e-06
1.96191e-06
1.86101e-06
1.76558e-06
1.66345e-06
1.56836e-06
1.479e-06
1.38783e-06
1.29103e-06
1.18664e-06
1.07858e-06
9.82804e-07
0
0
0
0
0
9.66342e-12
4.16221e-11
5.10959e-11
5.58361e-11
4.69056e-11
5.74811e-11
6.17758e-11
6.6448e-11
6.98494e-11
6.6896e-11
5.51856e-11
3.16596e-11
1.07309e-11
1.12234e-11
1.15911e-11
1.16438e-11
1.11444e-11
9.7728e-12
7.29921e-12
3.59932e-12
2.20913e-13
2.27745e-13
2.28279e-13
2.23117e-13
2.13555e-13
2.01403e-13
1.88342e-13
1.75899e-13
1.65194e-13
1.562e-13
1.49223e-13
1.4404e-13
1.40865e-13
1.39792e-13
1.41673e-13
1.46242e-13
1.54067e-13
1.65439e-13
1.80066e-13
1.98093e-13
2.28301e-13
4.16854e-12
9.27409e-12
1.63205e-11
2.69565e-11
4.22152e-11
6.44085e-11
9.85768e-11
1.48039e-10
2.05222e-10
2.88501e-10
4.12164e-10
5.47734e-10
7.6654e-10
1.1485e-09
1.61235e-09
5.21565e-09
1.42455e-08
2.80843e-08
4.57075e-08
6.70456e-08
9.10666e-08
1.04401e-07
1.40719e-07
1.98355e-07
2.70192e-07
3.55844e-07
4.48052e-07
5.54989e-07
6.71746e-07
8.04025e-07
9.54371e-07
1.09381e-06
1.21693e-06
1.32093e-06
1.41032e-06
1.47117e-06
1.50214e-06
1.49999e-06
1.50795e-06
1.49511e-06
1.46672e-06
1.42848e-06
1.38516e-06
1.33969e-06
1.2931e-06
1.24403e-06
1.18985e-06
1.1348e-06
1.07624e-06
1.01327e-06
9.44556e-07
8.69264e-07
7.90775e-07
7.20604e-07
0
0
0
0
0
0
0
1.02708e-11
1.50833e-11
7.12183e-12
2.57451e-11
3.612e-11
4.27788e-11
4.25415e-11
4.1059e-11
3.70228e-11
2.79589e-11
1.185e-11
7.06498e-12
7.70967e-12
8.13014e-12
8.24804e-12
8.0073e-12
7.35885e-12
6.07852e-12
4.08842e-12
1.43906e-12
1.60803e-13
1.63448e-13
1.62278e-13
1.57923e-13
1.51231e-13
1.43513e-13
1.35559e-13
1.27888e-13
1.2067e-13
1.14116e-13
1.08071e-13
1.03143e-13
9.92806e-14
9.66217e-14
9.51575e-14
9.52443e-14
9.7257e-14
1.00949e-13
1.06689e-13
1.13197e-13
1.20549e-13
2.09787e-12
5.6244e-12
1.06473e-11
1.80132e-11
2.95393e-11
4.66259e-11
6.99124e-11
1.04358e-10
1.55007e-10
2.1255e-10
2.9303e-10
4.19667e-10
6.17197e-10
8.87447e-10
4.53887e-09
1.06512e-08
1.99534e-08
3.20516e-08
4.55738e-08
6.28709e-08
6.93964e-08
8.90708e-08
1.1974e-07
1.61631e-07
2.1157e-07
2.70144e-07
3.3225e-07
3.98308e-07
4.64462e-07
5.34001e-07
6.08738e-07
6.79022e-07
7.41874e-07
7.96872e-07
8.39504e-07
8.71916e-07
8.92842e-07
9.02774e-07
9.0326e-07
8.96771e-07
8.85806e-07
8.72497e-07
8.55163e-07
8.32746e-07
8.05388e-07
7.74428e-07
7.40514e-07
7.01595e-07
6.57441e-07
6.07971e-07
5.5578e-07
5.08843e-07
0
0
0
0
0
0
0
0
0
1.54757e-13
1.76066e-13
6.23433e-12
1.87228e-11
2.50603e-11
2.7692e-11
2.58066e-11
2.09356e-11
1.34049e-11
4.03531e-12
4.57869e-12
5.11004e-12
5.58412e-12
5.91103e-12
6.0311e-12
5.76564e-12
5.08438e-12
3.98694e-12
2.5222e-12
7.15657e-13
1.18564e-13
1.18948e-13
1.17335e-13
1.14224e-13
1.10119e-13
1.05536e-13
1.00577e-13
9.54543e-14
9.00959e-14
8.49066e-14
8.00341e-14
7.55912e-14
7.15982e-14
6.81632e-14
6.5596e-14
6.36522e-14
6.25412e-14
6.2463e-14
6.30251e-14
6.42059e-14
6.5031e-14
1.45784e-12
4.01968e-12
7.79872e-12
1.36187e-11
2.22768e-11
3.56171e-11
5.43411e-11
7.76609e-11
1.11392e-10
1.57374e-10
2.19558e-10
3.2345e-10
4.75834e-10
2.67506e-09
6.42862e-09
1.20146e-08
1.95508e-08
2.75407e-08
3.7951e-08
4.48564e-08
5.24971e-08
6.77348e-08
9.09428e-08
1.1955e-07
1.52297e-07
1.87511e-07
2.26415e-07
2.69891e-07
3.12195e-07
3.53649e-07
3.92621e-07
4.27565e-07
4.60033e-07
4.92656e-07
5.19837e-07
5.40409e-07
5.54622e-07
5.63425e-07
5.6758e-07
5.67733e-07
5.63909e-07
5.55662e-07
5.43171e-07
5.26846e-07
5.06422e-07
4.81554e-07
4.52465e-07
4.19433e-07
3.84351e-07
3.52701e-07
0
0
0
0
0
0
0
0
0
0
0
0
1.00714e-13
3.48946e-12
1.10134e-11
1.4436e-11
1.40253e-11
1.17662e-11
6.37129e-12
2.8832e-12
3.15626e-12
3.45231e-12
3.86502e-12
4.26258e-12
4.44663e-12
4.45914e-12
4.19906e-12
3.66751e-12
2.83509e-12
1.75186e-12
4.7297e-13
8.78378e-14
8.78098e-14
8.68483e-14
8.48427e-14
8.21424e-14
7.90038e-14
7.55293e-14
7.19153e-14
6.82386e-14
6.45547e-14
6.07937e-14
5.69395e-14
5.32839e-14
4.98845e-14
4.66166e-14
4.37717e-14
4.11884e-14
3.88172e-14
3.68719e-14
3.51159e-14
3.35464e-14
1.28105e-12
3.18035e-12
6.07406e-12
1.05829e-11
1.73768e-11
2.65016e-11
3.95439e-11
5.72622e-11
7.85714e-11
1.09659e-10
1.61109e-10
2.38209e-10
6.59675e-10
2.82486e-09
5.82923e-09
1.00654e-08
1.46422e-08
2.0363e-08
2.64893e-08
2.87016e-08
3.68622e-08
4.84286e-08
6.43204e-08
8.25769e-08
1.04228e-07
1.272e-07
1.50942e-07
1.74593e-07
1.99992e-07
2.2704e-07
2.52732e-07
2.75446e-07
2.9554e-07
3.1251e-07
3.26271e-07
3.36665e-07
3.44019e-07
3.48318e-07
3.49466e-07
3.47348e-07
3.4225e-07
3.34176e-07
3.22972e-07
3.08508e-07
2.90947e-07
2.70513e-07
2.48616e-07
2.28874e-07
0
0
0
0
0
0
0
0
0
0
0
0
0
0
1.71464e-14
6.96083e-13
4.09538e-12
6.15785e-12
4.80467e-12
1.16507e-12
1.60863e-12
2.34049e-12
2.62367e-12
2.87868e-12
3.06547e-12
3.27694e-12
3.41051e-12
3.37359e-12
3.1045e-12
2.6581e-12
2.01102e-12
1.20453e-12
2.68321e-13
6.63462e-14
6.58741e-14
6.48417e-14
6.35817e-14
6.19148e-14
6.02092e-14
5.82107e-14
5.58206e-14
5.31898e-14
5.04088e-14
4.74994e-14
4.44969e-14
4.121e-14
3.77887e-14
3.44046e-14
3.10567e-14
2.78391e-14
2.47338e-14
2.17492e-14
1.90786e-14
2.18046e-13
1.11824e-12
2.48296e-12
4.64729e-12
7.8682e-12
1.24335e-11
1.88992e-11
2.7097e-11
3.75848e-11
5.28762e-11
7.67564e-11
1.13195e-10
1.48883e-10
3.599e-10
1.87318e-09
4.05121e-09
6.56224e-09
9.6439e-09
1.33763e-08
1.49876e-08
1.89544e-08
2.48102e-08
3.34044e-08
4.40023e-08
5.60242e-08
6.94565e-08
8.3923e-08
9.96864e-08
1.15727e-07
1.31226e-07
1.45853e-07
1.59157e-07
1.71913e-07
1.83777e-07
1.9432e-07
2.03187e-07
2.09762e-07
2.13795e-07
2.15261e-07
2.14251e-07
2.10829e-07
2.05086e-07
1.96979e-07
1.86598e-07
1.74235e-07
1.60741e-07
1.48342e-07
0
0
0
0
0
0
0
0
0
0
0
0
0
0
0
0
8.8293e-17
1.21344e-13
9.11224e-13
1.37405e-12
1.49959e-16
5.6306e-14
5.34333e-13
1.57268e-12
2.20989e-12
2.43341e-12
2.58758e-12
2.60032e-12
2.55945e-12
2.45906e-12
2.2308e-12
1.86692e-12
1.36096e-12
7.38894e-13
5.03681e-14
5.06144e-14
5.03272e-14
4.97558e-14
4.90482e-14
4.80658e-14
4.68885e-14
4.57512e-14
4.43245e-14
4.26928e-14
4.05502e-14
3.80656e-14
3.53675e-14
3.24499e-14
2.93242e-14
2.5961e-14
2.25658e-14
1.93221e-14
1.61921e-14
1.32814e-14
1.06128e-14
2.45552e-13
8.46358e-13
1.79738e-12
3.23418e-12
5.35657e-12
8.28332e-12
1.20711e-11
1.71682e-11
2.41648e-11
3.54668e-11
5.24459e-11
6.97953e-11
8.95427e-11
1.22842e-10
8.15919e-10
2.15275e-09
3.78896e-09
5.83617e-09
7.39871e-09
9.21116e-09
1.24119e-08
1.68609e-08
2.28724e-08
2.97334e-08
3.77033e-08
4.63849e-08
5.53436e-08
6.49549e-08
7.47159e-08
8.42009e-08
9.33854e-08
1.01768e-07
1.08997e-07
1.14889e-07
1.19454e-07
1.22477e-07
1.24051e-07
1.24054e-07
1.22489e-07
1.19415e-07
1.14769e-07
1.09154e-07
1.02399e-07
9.48276e-08
8.78307e-08
0
0
0
0
0
0
0
0
0
0
0
0
0
0
0
0
0
0
6.43655e-17
1.64456e-14
7.99201e-14
0
7.43483e-17
8.71752e-15
6.85553e-14
5.54515e-13
1.40521e-12
1.90273e-12
2.09821e-12
2.07579e-12
1.99698e-12
1.7926e-12
1.52603e-12
1.18748e-12
8.01319e-13
3.45394e-13
2.92669e-14
3.62598e-14
3.81526e-14
3.87802e-14
3.8824e-14
3.83429e-14
3.78029e-14
3.69512e-14
3.58191e-14
3.45131e-14
3.29448e-14
3.07708e-14
2.82756e-14
2.55986e-14
2.27075e-14
1.97494e-14
1.66752e-14
1.36741e-14
1.09162e-14
8.4063e-15
6.23167e-15
1.62685e-13
5.51422e-13
1.15672e-12
2.06603e-12
3.33799e-12
5.06023e-12
7.40239e-12
1.0439e-11
1.5849e-11
2.35479e-11
3.22196e-11
4.03497e-11
5.75875e-11
8.56405e-11
1.2169e-10
9.14403e-10
2.02264e-09
3.20482e-09
4.1394e-09
5.93314e-09
8.27853e-09
1.15547e-08
1.53868e-08
1.98555e-08
2.50318e-08
3.03911e-08
3.59028e-08
4.14196e-08
4.67926e-08
5.16919e-08
5.59723e-08
6.01142e-08
6.3511e-08
6.62097e-08
6.79468e-08
6.87547e-08
6.86654e-08
6.75595e-08
6.55043e-08
6.25203e-08
5.87003e-08
5.43909e-08
5.03493e-08
0
0
0
0
0
0
0
0
0
0
0
0
0
0
0
0
0
0
0
0
0
1.93515e-15
0
0
2.43325e-17
1.33925e-16
9.39044e-15
5.18825e-14
2.95516e-13
7.67638e-13
1.23709e-12
1.42312e-12
1.44027e-12
1.27033e-12
1.03907e-12
7.6282e-13
4.34087e-13
6.91918e-14
4.18681e-15
9.6465e-15
1.8271e-14
2.60862e-14
3.05321e-14
3.11857e-14
3.09942e-14
3.027e-14
2.93364e-14
2.79577e-14
2.64985e-14
2.46907e-14
2.25005e-14
2.00488e-14
1.75005e-14
1.49116e-14
1.23692e-14
9.88271e-15
7.55677e-15
5.50324e-15
3.80726e-15
6.74206e-14
3.13211e-13
6.87227e-13
1.22591e-12
1.9786e-12
2.99677e-12
4.40437e-12
6.74116e-12
1.03297e-11
1.44099e-11
1.87739e-11
2.62382e-11
3.93345e-11
5.76603e-11
7.52069e-11
2.18958e-10
9.52415e-10
1.58568e-09
2.51443e-09
3.75427e-09
5.4026e-09
7.49853e-09
9.9219e-09
1.26484e-08
1.54628e-08
1.83189e-08
2.13536e-08
2.43891e-08
2.71186e-08
2.95058e-08
3.15156e-08
3.30974e-08
3.4176e-08
3.47556e-08
3.47519e-08
3.41428e-08
3.29759e-08
3.15923e-08
2.97782e-08
2.76992e-08
2.57169e-08
0
0
0
0
0
0
0
0
0
0
0
0
0
0
0
0
0
0
0
0
0
0
0
0
0
0
0
3.29979e-17
1.25937e-16
1.23166e-15
1.13808e-14
4.06138e-14
1.65554e-13
3.47856e-13
5.3612e-13
6.36411e-13
5.81066e-13
4.29078e-13
1.84709e-13
1.01718e-17
1.92902e-17
7.46066e-16
3.26328e-15
9.12131e-15
1.77557e-14
2.45026e-14
2.52414e-14
2.48948e-14
2.3878e-14
2.26939e-14
2.11481e-14
1.94714e-14
1.76239e-14
1.56183e-14
1.3412e-14
1.12271e-14
9.15483e-15
7.15663e-15
5.35518e-15
3.74978e-15
2.42542e-15
2.35804e-15
1.58479e-13
3.87585e-13
7.09542e-13
1.14809e-12
1.7566e-12
2.70196e-12
4.37029e-12
6.39527e-12
8.34306e-12
1.18176e-11
1.77386e-11
2.65439e-11
3.55372e-11
4.72558e-11
6.27546e-11
2.0982e-10
6.72182e-10
1.28332e-09
2.0513e-09
3.04696e-09
4.22124e-09
5.51054e-09
6.95456e-09
8.40664e-09
9.84515e-09
1.12123e-08
1.24081e-08
1.33934e-08
1.42582e-08
1.49903e-08
1.54942e-08
1.56672e-08
1.54927e-08
1.50235e-08
1.42879e-08
1.3336e-08
1.22609e-08
1.12571e-08
0
0
0
0
0
0
0
0
0
0
0
0
0
0
0
0
0
0
0
0
0
0
0
0
0
0
0
0
0
0
0
5.2687e-17
1.20267e-16
2.2319e-16
3.13758e-15
7.38312e-15
1.93154e-14
6.6123e-14
1.16644e-13
1.23296e-13
1.59351e-14
1.73963e-18
2.00565e-18
9.91144e-18
2.11624e-16
1.82593e-15
5.40478e-15
1.27686e-14
1.84938e-14
1.9925e-14
1.94074e-14
1.82011e-14
1.68e-14
1.52819e-14
1.35784e-14
1.19521e-14
1.02434e-14
8.49828e-15
6.77337e-15
5.18956e-15
3.79657e-15
2.58513e-15
1.62359e-15
9.31081e-16
6.61396e-14
2.07212e-13
4.01999e-13
6.58019e-13
1.02621e-12
1.6732e-12
2.69389e-12
3.69782e-12
5.13041e-12
7.6287e-12
1.19843e-11
1.64638e-11
2.20278e-11
2.89453e-11
3.77e-11
4.2605e-11
5.45066e-11
2.55402e-10
6.32745e-10
1.10661e-09
1.64006e-09
2.2076e-09
2.79776e-09
3.38605e-09
3.92775e-09
4.4339e-09
4.82814e-09
5.12738e-09
5.28013e-09
5.29711e-09
5.15445e-09
4.87484e-09
4.54261e-09
4.16308e-09
3.7455e-09
3.32267e-09
0
0
0
0
0
0
0
0
0
0
0
0
0
0
0
0
0
0
0
0
0
0
0
0
0
0
0
0
0
0
0
0
0
0
0
6.37992e-18
5.12636e-17
9.816e-17
1.59294e-16
1.53323e-15
3.99083e-15
7.68538e-15
5.2871e-19
8.8815e-19
1.22771e-18
1.4927e-18
5.82655e-18
3.63901e-17
9.54649e-16
2.88992e-15
8.09583e-15
1.25917e-14
1.49555e-14
1.43523e-14
1.32678e-14
1.18928e-14
1.04814e-14
9.06602e-15
7.60804e-15
6.29138e-15
5.02202e-15
3.80228e-15
2.69845e-15
1.79029e-15
1.09509e-15
6.17805e-16
1.14507e-14
9.74758e-14
2.15022e-13
3.70171e-13
5.98965e-13
1.03471e-12
1.56444e-12
2.15574e-12
3.18191e-12
4.97378e-12
7.42544e-12
1.0024e-11
1.32141e-11
1.78148e-11
2.08489e-11
2.47924e-11
3.24657e-11
4.28712e-11
5.69963e-11
7.59041e-11
9.8232e-11
1.26357e-10
1.59135e-10
2.59352e-10
3.51158e-10
4.01234e-10
4.12191e-10
3.8456e-10
4.5146e-10
5.19365e-10
5.94026e-10
6.72609e-10
7.54179e-10
8.26242e-10
0
0
0
0
0
0
0
0
0
0
0
0
0
0
0
0
0
0
0
0
0
0
0
0
0
0
0
0
0
0
0
0
0
0
0
0
0
0
0
0
2.35961e-17
4.93398e-17
5.85178e-17
0
0
3.31302e-19
6.35572e-19
9.11012e-19
1.12368e-18
2.67887e-18
8.48479e-18
2.94084e-16
1.4338e-15
3.26481e-15
6.52064e-15
8.79218e-15
9.86657e-15
9.05311e-15
7.99855e-15
6.80959e-15
5.6344e-15
4.56979e-15
3.55362e-15
2.68916e-15
1.94652e-15
1.2727e-15
7.51389e-16
4.18103e-16
2.33989e-16
3.27383e-14
1.04727e-13
1.98318e-13
3.39216e-13
6.03105e-13
8.86264e-13
1.26327e-12
1.94842e-12
3.12131e-12
4.37392e-12
5.87863e-12
7.85952e-12
1.00725e-11
1.1425e-11
1.44382e-11
1.92296e-11
2.56145e-11
3.46315e-11
4.58076e-11
5.81698e-11
7.41174e-11
9.27722e-11
1.14903e-10
1.41081e-10
1.69411e-10
1.98343e-10
2.30714e-10
2.67128e-10
3.18593e-10
3.71541e-10
4.24138e-10
0
0
0
0
0
0
0
0
0
0
0
0
0
0
0
0
0
0
0
0
0
0
0
0
0
0
0
0
0
0
0
0
0
0
0
0
0
0
0
0
0
0
0
2.81003e-18
8.6596e-18
0
0
0
2.05566e-19
4.35797e-19
6.3599e-19
7.91168e-19
8.87904e-19
3.20874e-18
6.55131e-18
1.88556e-16
7.93996e-16
1.45794e-15
3.07005e-15
4.44053e-15
5.04978e-15
4.8717e-15
4.08189e-15
3.26262e-15
2.4953e-15
1.85773e-15
1.2993e-15
8.91567e-16
5.53697e-16
2.96175e-16
1.58888e-16
1.02778e-16
4.10218e-14
9.90138e-14
1.85207e-13
3.37505e-13
4.8955e-13
7.38086e-13
1.20103e-12
1.84133e-12
2.51681e-12
3.41478e-12
4.59698e-12
5.18282e-12
6.62015e-12
8.60103e-12
1.17822e-11
1.58862e-11
2.15424e-11
2.83594e-11
3.67583e-11
4.67675e-11
5.75781e-11
7.0581e-11
8.73952e-11
1.0683e-10
1.29028e-10
1.53859e-10
1.79888e-10
2.0306e-10
0
0
0
0
0
0
0
0
0
0
0
0
0
0
0
0
0
0
0
0
0
0
0
0
0
0
0
0
0
0
0
0
0
0
0
0
0
0
0
0
0
0
0
0
0
0
0
0
0
0
0
6.27413e-20
2.31588e-19
3.64735e-19
4.68171e-19
5.38509e-19
5.73084e-19
8.67705e-19
2.85806e-18
4.25562e-18
1.4362e-16
4.90147e-16
8.58705e-16
1.68192e-15
2.16022e-15
2.1903e-15
1.73287e-15
1.27549e-15
8.92866e-16
5.93742e-16
3.80811e-16
2.33258e-16
1.19219e-16
7.0209e-17
5.07134e-15
4.28901e-14
9.74694e-14
1.88498e-13
2.71675e-13
4.32483e-13
7.25938e-13
1.04213e-12
1.43785e-12
1.98423e-12
2.35274e-12
2.95728e-12
4.00084e-12
5.47999e-12
7.67305e-12
1.04717e-11
1.4053e-11
1.83563e-11
2.38726e-11
3.0515e-11
3.83821e-11
4.74486e-11
5.73524e-11
6.80211e-11
8.33893e-11
9.81327e-11
0
0
0
0
0
0
0
0
0
0
0
0
0
0
0
0
0
0
0
0
0
0
0
0
0
0
0
0
0
0
0
0
0
0
0
0
0
0
0
0
0
0
0
0
0
0
0
0
0
0
0
0
0
0
0
2.54029e-20
1.24317e-19
1.96328e-19
2.4864e-19
2.80396e-19
2.94819e-19
2.93628e-19
4.15954e-19
1.42229e-18
1.44137e-17
1.24936e-16
3.30223e-16
7.4967e-16
9.66735e-16
8.68046e-16
6.188e-16
4.11108e-16
2.59698e-16
1.61012e-16
1.00291e-16
5.27336e-17
3.17123e-17
1.34706e-14
4.94513e-14
9.96262e-14
1.55136e-13
2.60921e-13
4.32463e-13
5.99952e-13
8.46588e-13
1.01133e-12
1.3303e-12
1.82763e-12
2.62499e-12
3.74169e-12
5.23014e-12
7.12844e-12
9.60894e-12
1.25683e-11
1.60908e-11
2.02951e-11
2.57232e-11
3.20571e-11
3.92062e-11
4.61685e-11
0
0
0
0
0
0
0
0
0
0
0
0
0
0
0
0
0
0
0
0
0
0
0
0
0
0
0
0
0
0
0
0
0
0
0
0
0
0
0
0
0
0
0
0
0
0
0
0
0
0
0
0
0
0
0
0
0
0
0
0
1.14583e-20
6.06624e-20
9.45313e-20
1.16062e-19
1.26267e-19
1.29028e-19
1.29101e-19
5.88011e-19
1.13246e-17
1.03007e-16
2.73319e-16
4.47151e-16
4.29217e-16
2.89329e-16
1.82904e-16
1.1116e-16
6.6945e-17
4.359e-17
2.20679e-17
3.81842e-18
2.35775e-14
5.27997e-14
9.0017e-14
1.64608e-13
2.49253e-13
3.49756e-13
4.51085e-13
5.82009e-13
8.42339e-13
1.27073e-12
1.85484e-12
2.63185e-12
3.68383e-12
4.99356e-12
6.61261e-12
8.65371e-12
1.11989e-11
1.40712e-11
1.72996e-11
2.05522e-11
0
0
0
0
0
0
0
0
0
0
0
0
0
0
0
0
0
0
0
0
0
0
0
0
0
0
0
0
0
0
0
0
0
0
0
0
0
0
0
0
0
0
0
0
0
0
0
0
0
0
0
0
0
0
0
0
0
0
0
0
0
0
0
0
0
8.87539e-21
3.38795e-20
4.95411e-20
5.7002e-20
6.18728e-20
1.46017e-19
4.49426e-19
3.85334e-17
1.24845e-16
2.16562e-16
2.05826e-16
1.27462e-16
7.62698e-17
4.3624e-17
2.35378e-17
1.63738e-17
7.31275e-18
8.92152e-15
2.62927e-14
5.44577e-14
9.99054e-14
1.41079e-13
1.8076e-13
2.50331e-13
3.90248e-13
6.06201e-13
9.1581e-13
1.34525e-12
1.90422e-12
2.60663e-12
3.5071e-12
4.62047e-12
5.93466e-12
7.53484e-12
9.27994e-12
0
0
0
0
0
0
0
0
0
0
0
0
0
0
0
0
0
0
0
0
0
0
0
0
0
0
0
0
0
0
0
0
0
0
0
0
0
0
0
0
0
0
0
0
0
0
0
0
0
0
0
0
0
0
0
0
0
0
0
0
0
0
0
0
0
0
0
0
0
6.58737e-21
2.03372e-20
2.75472e-20
3.25832e-20
4.45273e-20
2.36804e-19
1.77318e-17
6.09287e-17
9.79262e-17
8.86257e-17
4.91136e-17
2.70037e-17
1.2348e-17
5.04644e-18
1.42228e-17
2.29144e-16
1.25152e-14
3.24359e-14
5.2201e-14
6.7506e-14
1.09719e-13
1.94341e-13
3.13457e-13
4.72452e-13
6.79429e-13
9.59167e-13
1.33054e-12
1.80892e-12
2.39347e-12
3.13435e-12
3.95354e-12
0
0
0
0
0
0
0
0
0
0
0
0
0
0
0
0
0
0
0
0
0
0
0
0
0
0
0
0
0
0
0
0
0
0
0
0
0
0
0
0
0
0
0
0
0
0
0
0
0
0
0
0
0
0
0
0
0
0
0
0
0
0
0
0
0
0
0
0
0
0
0
0
4.52299e-22
9.44204e-21
1.42737e-20
1.85403e-20
2.73875e-20
1.25647e-19
6.5691e-18
2.45936e-17
3.59367e-17
3.28944e-17
1.86906e-17
7.78727e-18
8.57439e-19
4.2347e-18
3.09834e-18
3.48668e-15
1.18534e-14
2.59546e-14
5.45958e-14
9.62772e-14
1.5314e-13
2.30969e-13
3.35974e-13
4.78119e-13
6.65665e-13
9.06046e-13
1.21077e-12
1.56658e-12
0
0
0
0
0
0
0
0
0
0
0
0
0
0
0
0
0
0
0
0
0
0
0
0
0
0
0
0
0
0
0
0
0
0
0
0
0
0
0
0
0
0
0
0
0
0
0
0
0
0
0
0
0
0
0
0
0
0
0
0
0
0
0
0
0
0
0
0
0
0
0
0
0
0
0
0
4.37331e-21
7.08689e-21
1.00806e-20
1.81405e-20
5.94114e-20
1.85856e-18
8.05214e-18
1.29478e-17
4.68735e-18
8.35672e-19
4.67899e-19
1.23355e-18
2.63089e-18
2.89902e-17
4.75677e-15
1.86413e-14
3.8985e-14
6.45759e-14
9.682e-14
1.40524e-13
1.97147e-13
2.64123e-13
3.41038e-13
4.28913e-13
0
0
0
0
0
0
0
0
0
0
0
0
0
0
0
0
0
0
0
0
0
0
0
0
0
0
0
0
0
0
0
0
0
0
0
0
0
0
0
0
0
0
0
0
0
0
0
0
0
0
0
0
0
0
0
0
0
0
0
0
0
0
0
0
0
0
0
0
0
0
0
0
0
0
0
0
0
0
0
1.41619e-21
2.72396e-21
3.99658e-21
9.78549e-21
1.64965e-20
1.57579e-19
5.46708e-19
1.39403e-18
5.50021e-19
2.81292e-17
8.83214e-17
1.67155e-16
7.41103e-17
1.10269e-16
2.48978e-15
9.93897e-15
1.95791e-14
3.16248e-14
4.73855e-14
6.73379e-14
9.07085e-14
0
0
0
0
0
0
0
0
0
0
0
0
0
0
0
0
0
0
0
0
0
0
0
0
0
0
0
0
0
0
0
0
0
0
0
0
0
0
0
0
0
0
0
0
0
0
0
0
0
0
0
0
0
0
0
0
0
0
0
0
0
0
0
0
0
0
0
0
0
0
0
0
0
0
0
0
0
0
0
0
0
0
1.61325e-22
5.0285e-22
2.90368e-22
8.00747e-23
7.40496e-22
3.36092e-22
1.61973e-18
1.58921e-17
5.65229e-17
1.79989e-17
2.49842e-17
2.82392e-17
3.60188e-17
4.50236e-17
5.53447e-17
1.92849e-15
7.40734e-15
1.33469e-14
0
0
0
0
0
0
0
0
0
0
0
0
0
0
0
0
0
0
0
0
0
0
0
0
0
0
0
0
0
0
0
0
0
0
0
0
0
0
0
0
0
0
0
0
0
0
0
0
0
0
0
0
0
0
0
0
0
0
0
0
0
0
0
0
0
0
0
0
0
0
0
0
0
0
0
0
0
0
0
0
0
0
0
0
0
0
3.13057e-25
2.0642e-21
4.75547e-21
8.84501e-22
1.69508e-21
5.77158e-20
2.06948e-18
6.71073e-18
8.07943e-18
1.57451e-17
2.34941e-17
2.37738e-17
3.16961e-17
3.75454e-17
0
0
0
0
0
0
0
0
0
0
0
0
0
0
0
0
0
0
0
0
0
0
0
0
0
0
0
0
0
0
0
0
0
0
0
0
0
0
0
0
0
0
0
0
0
0
0
0
0
0
0
0
0
0
0
0
0
0
0
0
0
0
0
0
0
0
0
0
0
0
0
0
0
0
0
0
0
0
0
0
0
0
0
0
0
0
0
0
0
1.05225e-22
7.53755e-22
1.07152e-21
3.41787e-22
3.44154e-22
1.49182e-21
7.7956e-21
7.2893e-19
3.11021e-18
7.15568e-18
8.13498e-18
0
0
0
0
0
0
0
0
0
0
0
0
0
0
0
0
0
0
0
0
0
0
0
0
0
0
0
0
0
0
0
0
0
0
0
0
0
0
0
0
0
0
0
0
0
0
0
0
0
0
0
0
0
0
0
0
0
0
0
0
0
0
0
0
0
0
0
0
0
0
0
0
0
0
0
0
0
0
0
0
0
0
0
0
0
0
0
0
0
0
0
0
0
4.66811e-23
4.8546e-22
1.17073e-21
8.74132e-22
3.32126e-22
2.37789e-22
4.33239e-22
0
0
0
0
0
0
0
0
0
0
0
0
0
0
0
0
0
0
0
0
0
0
0
0
0
0
0
0
0
0
0
0
0
0
0
0
0
0
0
0
0
0
0
0
0
0
0
0
0
0
0
0
0
0
0
0
0
0
0
0
0
0
0
0
0
0
0
0
0
0
0
0
0
0
0
0
0
0
0
0
0
0
0
0
0
0
0
0
0
0
0
0
0
0
0
0
0
0
0
0
0
0
0
0
0
0
0
0
0
0
0
0
0
0
0
0
0
0
0
0
0
0
0
0
0
0
0
0
0
0
0
0
0
0
0
0
0
0
0
0
0
0
0
0
0
0
0
0
0
0
0
0
0
0
0
0
0
0
0
0
0
0
0
0
0
0
0
0
0
0
0
0
0
0
0
0
0
0
0
0
0
0
0
0
0
0
0
0
0
0
0
0
0
0
0
0
0
0
0
0
0
0
0
0
0
0
0
0
0
0
0
0
0
0
0
0
0
0
0
0
0
0
0
0
0
0
0
0
0
0
0
0
0
0
0
0
0
0
0
0
0
0
0
0
0
0
0
0
0
0
0
0
0
0
0
0
0
0
0
0
0
0
0
0
0
0
0
0
0
0
0
0
0
0
0
0
0
0
0
0
0
0
0
0
0
0
0
0
0
0
0
0
0
0
0
0
0
0
0
0
0
0
0
0
0
0
0
0
0
0
0
0
0
0
0
0
0
0
0
0
0
0
0
0
0
0
0
0
0
0
0
0
0
0
0
0
0
0
0
0
0
0
0
0
0
0
0
0
0
0
0
0
0
0
0
0
0
0
0
0
0
0
0
0
0
0
0
0
0
0
0
0
0
0
0
0
0
0
0
0
0
0
0
0
0
0
0
0
0
0
0
0
0
0
0
0
0
0
0
0
0
0
0
0
0
0
0
0
0
0
0
0
0
0
0
0
0
0
0
0
0
0
0
0
0
0
0
0
0
0
0
0
0
0
0
0
0
0
0
0
0
0
0
0
0
0
0
0
0
0
0
0
0
0
0
0
0
0
0
0
0
0
0
0
0
0
0
0
0
0
0
0
0
0
0
0
0
0
0
0
0
0
0
0
0
0
0
0
0
0
0
0
0
0
0
0
0
0
0
0
0
0
0
0
0
0
0
0
0
0
0
0
0
0
0
0
0
0
0
0
0
0
0
0
0
0
0
0
0
0
0
0
0
0
0
0
0
0
0
0
0
0
0
0
0
0
0
0
0
0
0
0
0
0
0
0
0
0
0
0
0
0
0
0
0
0
0
0
0
0
0
0
0
0
0
0
0
0
0
0
0
0
0
0
0
0
0
0
0
0
0
0
0
0
0
0
0
0
0
0
0
0
0
0
0
0
0
0
0
0
0
0
0
0
0
0
0
0
0
0
0
0
0
0
0
0
0
0
0
0
0
0
0
0
0
0
0
0
0
0
0
0
0
0
0
0
0
0
0
0
0
0
0
0
0
0
0
0
0
0
0
0
0
0
0
0
0
0
0
0
0
0
0
0
0
0
0
0
0
0
0
0
0
0
0
0
0
0
0
0
0
0
0
0
0
0
0
0
0
0
0
0
0
0
0
0
0
0
0
0
0
0
0
0
0
0
0
0
0
0
0
0
0
0
0
0
0
0
0
0
0
0
0
0
0
0
0
0
0
0
0
0
0
0
0
0
0
0
0
0
0
0
0
0
0
0
0
0
0
0
0
0
0
0
0
0
0
0
0
0
0
0
0
0
0
0
0
0
0
0
0
0
0
0
0
0
0
0
0
0
0
0
0
0
0
0
0
0
0
0
0
0
0
0
0
0
0
0
0
0
0
0
0
0
0
0
0
0
0
0
0
0
0
0
0
0
0
0
0
0
0
0
0
0
0
0
0
0
0
0
0
0
0
0
0
0
0
0
0
0
0
0
0
0
0
0
0
0
0
0
0
0
0
0
0
0
0
0
0
0
0
0
0
0
0
0
0
0
0
0
0
0
0
0
0
0
0
0
0
0
0
0
0
0
0
0
0
0
0
0
0
0
0
0
0
0
0
0
0
0
0
0
0
0
0
0
0
0
0
0
0
0
0
0
0
0
0
0
0
0
0
0
0
0
0
0
0
0
0
0
0
0
0
0
0
0
0
0
0
0
0
0
0
0
0
0
0
0
0
0
0
0
0
0
0
0
0
0
0
0
0
0
0
0
0
0
0
0
0
0
0
0
0
0
0
0
0
0
0
0
0
0
0
0
0
0
0
0
0
0
0
0
0
0
0
0
0
0
0
0
0
0
0
0
0
0
0
0
0
0
0
0
0
0
0
0
0
0
0
0
0
0
0
0
0
0
0
0
0
0
0
0
0
0
0
0
0
0
0
0
0
0
0
0
0
0
0
0
0
0
0
0
0
0
0
0
0
0
0
0
0
0
0
0
0
0
0
0
0
0
0
0
0
0
0
0
0
0
0
0
0
0
0
0
0
0
0
0
0
0
0
0
0
0
0
0
0
0
0
0
0
0
0
0
0
0
0
0
0
0
0
0
0
0
0
0
0
0
0
0
0
0
0
0
0
0
0
0
0
0
0
0
0
0
0
0
0
0
0
0
0
0
0
0
0
0
0
0
0
0
0
0
0
0
0
0
0
0
0
0
0
0
0
0
0
0
0
0
0
0
0
0
0
0
0
0
0
0
0
0
0
0
0
0
0
0
0
0
0
0
0
0
0
0
0
0
0
0
0
0
0
0
0
0
0
0
0
0
0
0
0
0
0
0
0
0
0
0
0
0
0
0
0
0
0
0
0
0
0
0
0
0
0
0
0
0
0
0
0
0
0
0
0
0
0
0
0
0
0
0
0
0
0
0
0
0
0
0
0
0
0
0
0
0
0
0
0
0
0
0
0
0
0
0
0
0
0
0
0
0
0
0
0
0
0
0
0
0
0
0
0
0
0
0
0
0
0
0
0
0
0
0
0
0
0
0
0
0
0
0
0
0
0
0
0
0
0
0
0
0
0
0
0
0
0
0
0
0
0
0
0
0
0
0
0
0
0
0
0
0
0
0
0
0
0
0
0
0
0
0
0
0
0
0
0
0
0
0
0
0
0
0
0
0
0
0
0
0
0
0
0
0
0
0
0
0
0
0
0
0
0
0
0
0
0
0
0
0
0
0
)
;

boundaryField
{
    AXIS
    {
        type            empty;
    }
    OUTLET
    {
        type            calculated;
        value           nonuniform List<scalar> 
80
(
1.38358e-05
1.38158e-05
1.37719e-05
1.37026e-05
1.36172e-05
1.35188e-05
1.34086e-05
1.3288e-05
1.31568e-05
1.30136e-05
1.286e-05
1.26944e-05
1.25219e-05
1.23497e-05
1.21641e-05
1.19328e-05
1.16411e-05
1.13267e-05
1.09947e-05
1.06495e-05
1.02741e-05
9.93395e-06
9.58098e-06
9.2122e-06
8.82815e-06
8.45572e-06
8.10358e-06
7.74277e-06
7.38081e-06
7.02139e-06
6.51328e-06
5.76475e-06
5.07877e-06
4.40623e-06
3.75051e-06
3.1665e-06
2.62493e-06
2.10562e-06
1.68585e-06
1.29746e-06
9.82804e-07
7.20604e-07
5.08843e-07
3.52701e-07
2.28874e-07
1.48342e-07
8.78307e-08
5.03493e-08
2.57169e-08
1.12571e-08
3.32267e-09
8.26242e-10
4.24138e-10
2.0306e-10
9.81327e-11
4.61685e-11
2.05522e-11
9.27994e-12
3.95354e-12
1.56658e-12
4.28913e-13
9.07085e-14
1.33469e-14
3.75454e-17
8.13498e-18
4.33239e-22
0
0
0
0
0
0
0
0
0
0
0
0
0
0
)
;
    }
    COFLOW
    {
        type            calculated;
        value           uniform 0;
    }
    PILOT
    {
        type            calculated;
        value           uniform 2.39154e-05;
    }
    FUEL
    {
        type            calculated;
        value           uniform 0;
    }
    WALL
    {
        type            calculated;
        value           uniform 0;
    }
    front
    {
        type            wedge;
    }
    back
    {
        type            wedge;
    }
}


// ************************************************************************* //
