/*--------------------------------*- C++ -*----------------------------------*\
  =========                 |
  \\      /  F ield         | OpenFOAM: The Open Source CFD Toolbox
   \\    /   O peration     | Website:  https://openfoam.org
    \\  /    A nd           | Version:  6
     \\/     M anipulation  |
\*---------------------------------------------------------------------------*/
FoamFile
{
    version     2.0;
    format      ascii;
    class       volScalarField;
    location    "0.1";
    object      C2H4;
}
// * * * * * * * * * * * * * * * * * * * * * * * * * * * * * * * * * * * * * //

dimensions      [0 0 0 0 0 0 0];

internalField   nonuniform List<scalar> 
8000
(
2.11672e-05
0.000128901
0.000794345
0.00412996
0.00851351
0.0045888
0.00166908
0.000524944
0.000177643
7.72369e-05
3.92496e-05
3.24228e-05
5.17563e-05
0.000139994
0.000137213
0.000143279
0.000191058
0.00955872
0.000389964
0.000244348
0.000237333
0.000266278
0.000856682
0.00502574
0.0145553
0.0206623
0.0223223
0.0217172
0.0203459
0.0125812
0.0094693
0.0106224
0.00536296
0.00286011
0.00178975
0.00133333
0.00120766
0.00138878
0.00226947
0.00370493
0.00279996
0.0024566
0.0028104
0.00394719
0.00613222
0.0101399
0.0157712
0.021199
0.0257935
0.0153147
0.0130994
0.0220363
0.0232318
0.0231781
0.0230251
0.0228049
0.022608
0.0225193
0.0225387
0.0226374
0.0255095
0.0251511
0.0284655
0.0222953
0.0232335
0.0217156
0.0191171
0.0178319
0.0165551
0.0157936
0.0156276
0.0137624
0.0139094
0.0096113
0.00980495
0.0144903
0.014459
0.0149605
0.0158432
0.0162228
0.0153598
0.0151988
0.0141431
0.00927224
0.0078147
0.00634575
0.00528107
0.00442993
0.00557215
0.00310434
0.00247226
0.00190454
0.00149311
0.0012371
0.000824041
0.000634098
0.000531954
0.000462352
0.000446017
0.000297647
2.06896e-05
0.00013507
0.000881041
0.00460325
0.0103933
0.00464311
0.00156722
0.000496204
0.000165595
7.16997e-05
3.69113e-05
3.51641e-05
7.00512e-05
0.000282923
0.000223548
0.000167956
0.000190692
0.000286556
0.000301049
0.000321712
0.000268901
0.000308623
0.00106145
0.00553645
0.0151798
0.0211173
0.0226187
0.0218399
0.0200975
0.0195529
0.0143776
0.00937105
0.00517039
0.00309954
0.00224786
0.00182815
0.00165812
0.00181328
0.00279257
0.00486746
0.00369802
0.00289745
0.00319411
0.00437248
0.00661825
0.0106834
0.0162181
0.0214122
0.0257479
0.0257953
0.023196
0.0232144
0.02324
0.0231321
0.0229886
0.0227898
0.022618
0.0225462
0.0225747
0.0226599
0.0254473
0.0251151
0.0284856
0.0218065
0.0232626
0.021568
0.0189878
0.0177468
0.0164905
0.0156913
0.0151895
0.0136766
0.0138873
0.0095504
0.00975466
0.0144685
0.0144055
0.0149205
0.0157862
0.0162336
0.0153223
0.015188
0.0141034
0.0092385
0.00781867
0.00633126
0.00526932
0.00442161
0.00372233
0.00309886
0.00246849
0.00190134
0.0014909
0.0012368
0.000822424
0.000633051
0.000531251
0.000461699
0.000446513
0.000297172
2.32536e-05
0.000164804
0.00247211
0.0061699
0.00519456
0.00279975
0.00105965
0.00116876
0.000368164
7.48482e-05
9.17066e-05
3.76931e-05
8.933e-05
0.000387847
0.000641224
0.000231136
0.000185271
0.00021512
0.000374148
0.00254042
0.000396295
0.0004302
0.00156385
0.00665139
0.0163772
0.022587
0.0231535
0.0221096
0.0195786
0.0169981
0.0132053
0.00870242
0.00527231
0.00370805
0.00337513
0.00324685
0.00282463
0.00289771
0.00326566
0.00387802
0.00347166
0.00346767
0.00395421
0.00526402
0.0076247
0.011816
0.0172108
0.0219505
0.0260307
0.0261233
0.0266665
0.0232259
0.0230905
0.0230182
0.0229227
0.0227709
0.022639
0.0226001
0.0226443
0.0237961
0.0253172
0.025053
0.0285362
0.0223739
0.0230666
0.0212524
0.0183256
0.0175532
0.0163569
0.0154825
0.0148461
0.0135178
0.0109715
0.00941446
0.00964645
0.0128618
0.0142881
0.0148335
0.0156642
0.0163495
0.0152383
0.0151656
0.0140127
0.00917025
0.00837153
0.00629901
0.00524544
0.0044035
0.00369804
0.00308749
0.00246028
0.00189433
0.00188712
0.00157224
0.000818844
0.000630767
0.000529704
0.00046026
0.000742436
0.00029613
3.06616e-05
0.000216667
0.00267977
0.00389216
0.00278342
0.00152216
0.000598234
0.000216744
8.88937e-05
4.04234e-05
2.45536e-05
2.73765e-05
6.22832e-05
0.000660007
0.0100998
0.000273987
0.000169956
0.000189226
0.000275992
0.000369559
0.000311505
0.0005391
0.00234872
0.00862029
0.0176532
0.0115606
0.0241411
0.0224179
0.0198454
0.0163901
0.0129294
0.00877679
0.00584486
0.00461579
0.00500853
0.00482526
0.00486292
0.00407139
0.0046852
0.00470103
0.00447524
0.00473603
0.00524271
0.00660484
0.00955865
0.0143517
0.0186674
0.0227948
0.0265498
0.0277623
0.0268638
0.023144
0.0133134
0.0228987
0.0228755
0.0227707
0.0226733
0.0226655
0.0227086
0.0255671
0.0251452
0.0279439
0.028625
0.0228563
0.0229147
0.0207886
0.0179361
0.0172393
0.0161789
0.0151992
0.013321
0.00969211
0.00973132
0.00920125
0.00948634
0.0139702
0.0141098
0.0147044
0.0154864
0.0157633
0.015106
0.0151347
0.013867
0.00908112
0.00760797
0.00624849
0.00520992
0.00437641
0.00367232
0.00307078
0.00244792
0.00188385
0.0014709
0.00118974
0.000813191
0.000627329
0.000527388
0.000458068
0.000424028
0.000294499
2.77295e-05
0.000256142
0.0118297
0.00540552
0.0018744
0.000848193
0.000298012
0.000108429
4.94452e-05
2.42647e-05
4.96712e-05
4.79406e-05
5.34227e-05
0.000233981
0.000365378
0.000197665
0.000144622
0.000172805
0.000231171
0.000257122
0.000286634
0.000841723
0.00395147
0.0111058
0.0186411
0.0232399
0.0234181
0.0220801
0.0203337
0.0169061
0.0134391
0.00958344
0.00692299
0.00568529
0.00541761
0.00527582
0.00488965
0.00515246
0.00591452
0.00464128
0.006384
0.00682845
0.00717509
0.00876211
0.0114275
0.0165152
0.0211836
0.0244737
0.027091
0.0267363
0.0269457
0.0231705
0.0218735
0.0229242
0.0228857
0.0227964
0.0227084
0.0227226
0.0237864
0.0253127
0.0249653
0.0279686
0.0287208
0.023561
0.022323
0.0194236
0.0174316
0.016782
0.0161417
0.0148587
0.0141823
0.00936764
0.0092186
0.00893175
0.00928171
0.0135896
0.0138861
0.0145368
0.0152654
0.0154015
0.0149384
0.0140978
0.0136613
0.0096289
0.00745738
0.00618307
0.00516292
0.00434041
0.00364422
0.00304892
0.00243155
0.00187008
0.00145437
0.00115219
0.000805984
0.000622828
0.000524335
0.000455168
0.000405805
0.000292501
2.21344e-05
0.000427863
0.00976072
0.00245595
0.000902736
0.000405081
0.000141346
0.000163661
3.08152e-05
1.89199e-05
1.69588e-05
2.12598e-05
3.21491e-05
0.000161596
0.000188347
0.000190341
0.000261826
0.000240229
0.00037823
0.000237747
0.000368372
0.00156723
0.004566
0.00968381
0.0202776
0.0231954
0.0234337
0.0223332
0.0210261
0.0178615
0.0146605
0.0110609
0.00892668
0.00721852
0.00653937
0.00605549
0.00584624
0.00619449
0.00709484
0.00849433
0.00855796
0.0102039
0.00712572
0.0108342
0.0142996
0.018796
0.0228604
0.0253099
0.0274703
0.0122042
0.0269356
0.0232103
0.0128423
0.0229341
0.0229164
0.0228381
0.0227183
0.0226448
0.0254355
0.0250368
0.0248474
0.0280296
0.0288465
0.0228433
0.0216683
0.0187253
0.0168323
0.0161833
0.0154054
0.0144701
0.0137685
0.00898204
0.00875089
0.00864191
0.00903946
0.0132388
0.0136305
0.0143334
0.0150084
0.01511
0.0147408
0.013611
0.00979563
0.00864407
0.00732715
0.00610398
0.00510502
0.00429841
0.00361051
0.00302211
0.00241127
0.00185321
0.00143592
0.0014501
0.000797442
0.000618283
0.000520484
0.000451631
0.00039155
0.000290204
1.63604e-05
0.00017695
0.00149789
0.00153637
0.000339069
0.000178213
0.000216919
0.0001614
6.88162e-05
2.0082e-05
2.01265e-05
2.81198e-05
6.91973e-05
0.000113341
0.00013122
0.000130048
0.000164846
0.000196768
0.000219899
0.00024527
0.000822674
0.0028906
0.00881287
0.0159501
0.0210174
0.0110787
0.0109817
0.0227536
0.0107425
0.0197575
0.0165533
0.0137515
0.0111738
0.00977646
0.00894998
0.00831238
0.00759252
0.00826419
0.00915759
0.0109065
0.00781304
0.0108984
0.0109789
0.0130284
0.0161013
0.0213873
0.0112123
0.0264531
0.027625
0.0281861
0.0268636
0.0257741
0.0127322
0.0229715
0.0229398
0.0228145
0.0226413
0.0123724
0.0251212
0.0247535
0.0248036
0.028101
0.021111
0.0224118
0.0228277
0.0175082
0.0161619
0.0154919
0.0148728
0.014061
0.0133875
0.00857524
0.00834001
0.00832949
0.00876722
0.00930471
0.0133471
0.0140943
0.0147257
0.0139096
0.0145172
0.0143998
0.00944152
0.00834212
0.007208
0.00601198
0.00503633
0.00603834
0.00358284
0.003003
0.00238726
0.00183349
0.00141589
0.00108799
0.000787569
0.000612875
0.000515912
0.000447522
0.000379897
0.000287636
2.45547e-05
0.000179862
0.000664162
0.000249599
0.000136513
8.41152e-05
0.000156127
4.19465e-05
2.36034e-05
2.24532e-05
4.68104e-05
7.5358e-05
9.11088e-05
0.000138544
0.000119532
0.000139448
0.000181572
0.000211468
0.000226806
0.000283893
0.000760516
0.00361287
0.0116193
0.0104757
0.0218653
0.0240358
0.02391
0.0231557
0.0224943
0.0208788
0.0101172
0.0163925
0.014673
0.0132739
0.0124635
0.00737298
0.0105624
0.0106291
0.0120567
0.01275
0.0124449
0.0114525
0.0120139
0.0146498
0.0175293
0.0219266
0.024729
0.0259348
0.0276474
0.0280891
0.0267108
0.0265361
0.0125487
0.0240711
0.0239865
0.0238242
0.0236262
0.0251537
0.024775
0.0271397
0.027725
0.0192733
0.0231844
0.0218938
0.019643
0.0166927
0.0154457
0.0147495
0.0143553
0.0114458
0.00999069
0.00815257
0.00792487
0.00800533
0.00928334
0.00889486
0.0095106
0.0138153
0.0144312
0.0133681
0.0142696
0.0140212
0.00905623
0.00805564
0.0071247
0.00590825
0.00495744
0.00420539
0.0035564
0.00298005
0.00236575
0.00181104
0.00139437
0.0010613
0.000776636
0.000606661
0.000510634
0.000442768
0.000369963
0.000284836
8.54718e-06
8.49598e-05
0.000225722
0.000192251
6.83754e-05
4.05533e-05
3.41713e-05
2.45367e-05
2.36338e-05
3.10074e-05
6.72185e-05
0.000126691
0.000255025
0.000173412
0.000228969
0.000238776
0.000398602
0.000245641
0.000570598
0.000451322
0.00126211
0.00442816
0.0104697
0.017542
0.0110308
0.0113284
0.0242915
0.0240062
0.0109504
0.0218374
0.0205505
0.0192475
0.0186826
0.0175753
0.0157801
0.0150516
0.00874422
0.0141593
0.0150709
0.00898789
0.0139172
0.0136204
0.0145281
0.0164312
0.018842
0.0224326
0.0241277
0.0260253
0.0276194
0.0279249
0.0279965
0.026262
0.0260086
0.0258248
0.0122632
0.0253951
0.0251067
0.0248098
0.0243448
0.0268351
0.0185515
0.0192616
0.0214818
0.0232605
0.0179799
0.0158356
0.0146972
0.01399
0.0125704
0.0129412
0.00861532
0.00769022
0.007516
0.00767146
0.00809378
0.00849563
0.00913541
0.0134907
0.0126157
0.0140971
0.0118956
0.0109748
0.00868213
0.00776996
0.00699267
0.00578739
0.00486916
0.00414789
0.00352512
0.00294901
0.00234409
0.00178612
0.00136867
0.00103596
0.000764654
0.000599638
0.000504734
0.00043735
0.00036116
0.00028179
3.50853e-06
4.06134e-05
7.51259e-05
0.000112699
3.23056e-05
2.24536e-05
4.46103e-05
2.30544e-05
4.38247e-05
8.6672e-05
8.34509e-05
0.00020273
0.000294005
0.000688297
0.00023721
0.0002247
0.000248992
0.00029567
0.000770404
0.00108014
0.00234799
0.00559485
0.0108835
0.0175181
0.0223096
0.0112091
0.0243689
0.0241643
0.023292
0.0225067
0.0217235
0.0213746
0.0228303
0.0105551
0.00999119
0.019095
0.0183154
0.0179937
0.0178142
0.0168759
0.015911
0.0156849
0.0166159
0.0183554
0.0210222
0.0230362
0.0243689
0.0261063
0.0275314
0.0276809
0.0276865
0.0276016
0.0256229
0.0254542
0.0252217
0.0250003
0.0119509
0.0131188
0.0266448
0.0266321
0.0272842
0.0208112
0.020623
0.0190741
0.017705
0.0155575
0.0139426
0.0132163
0.0108353
0.00870168
0.00789785
0.00722098
0.0071591
0.0073297
0.00770408
0.00811101
0.00935526
0.0102742
0.0137091
0.013653
0.0135307
0.00962029
0.00834069
0.00748258
0.00663706
0.00562107
0.00477227
0.00408218
0.00348917
0.00291443
0.00232038
0.00175797
0.00134159
0.00101145
0.00075175
0.000591902
0.000498317
0.000431324
0.000353214
0.000278432
5.53194e-07
3.1274e-05
7.07222e-05
6.64405e-05
2.13257e-05
2.02554e-05
2.39546e-05
4.32377e-05
6.26903e-05
0.000100136
0.000184784
0.000379112
0.000649512
0.00115601
0.000310973
0.000265194
0.000597357
0.000313556
0.000627675
0.00162383
0.00360997
0.00701468
0.0124091
0.0179023
0.0220395
0.0241375
0.0246328
0.0244265
0.024203
0.0233744
0.0229777
0.0234171
0.0237281
0.0233227
0.0225371
0.0106245
0.0219502
0.0103626
0.0204985
0.0100356
0.0191932
0.0181159
0.0188585
0.0211259
0.0224443
0.0236871
0.0245717
0.0260419
0.0116312
0.0273632
0.0272923
0.0271898
0.0271001
0.0250025
0.0117987
0.024559
0.0136322
0.0266904
0.0264287
0.0264801
0.0191977
0.0230159
0.0196572
0.0173403
0.0152236
0.0139026
0.013186
0.0124558
0.00877078
0.00885395
0.00724357
0.00683494
0.00681812
0.0070132
0.00732641
0.00775104
0.0083184
0.00915651
0.0132979
0.0103749
0.00956035
0.00904322
0.00799417
0.00721812
0.00636936
0.00547032
0.00466651
0.00401109
0.00344205
0.00375084
0.0022936
0.00172901
0.00131236
0.000987482
0.000738087
0.000583325
0.000491075
0.000424944
0.000344087
0.00027482
3.61263e-06
2.73992e-05
4.36956e-05
4.87052e-05
2.93525e-05
5.18089e-05
4.79189e-05
8.46382e-05
0.000117793
0.000147982
0.000231631
0.000244988
0.00042217
0.0033048
0.000403504
0.000294162
0.000283481
0.000317252
0.00112562
0.00249768
0.00497725
0.00951786
0.00998242
0.0188506
0.0220851
0.0111166
0.0113744
0.0247798
0.0248526
0.0112455
0.0246172
0.0245146
0.0245404
0.0242669
0.0238609
0.0242091
0.0234886
0.0240987
0.0106034
0.0225576
0.0214456
0.0211685
0.0217113
0.0228999
0.0236665
0.0241564
0.0254076
0.0256651
0.0265424
0.0269769
0.0115524
0.0115818
0.0116196
0.026812
0.0267535
0.0266804
0.0266729
0.026449
0.0262938
0.0184924
0.02005
0.0242716
0.018108
0.0155999
0.0141448
0.0129223
0.0102291
0.00916407
0.00781262
0.00724776
0.00670193
0.00645238
0.00647475
0.00669002
0.00699888
0.00738863
0.00790007
0.00861257
0.00944961
0.00924673
0.00903123
0.00853443
0.00764621
0.00694754
0.00614193
0.00531059
0.00455403
0.00393464
0.00339166
0.00282853
0.00226155
0.0021589
0.00128076
0.000963941
0.00072349
0.000573756
0.000483109
0.000418013
0.000336733
0.000270896
3.86718e-06
1.16525e-05
2.0237e-05
3.80301e-05
7.23473e-05
8.997e-05
0.000110656
0.00016077
0.000166269
0.000201292
0.000245704
0.000326574
0.000468682
0.0019486
0.000432263
0.00031838
0.000305274
0.000350698
0.00102851
0.00320141
0.00634698
0.0120167
0.0107878
0.0198364
0.022273
0.0111319
0.0245521
0.0246291
0.0115076
0.0253264
0.0114199
0.0256571
0.0258842
0.0257819
0.0252419
0.0251115
0.0253073
0.0252981
0.0242598
0.0241196
0.0109436
0.0108928
0.0233557
0.0248846
0.0112485
0.0244776
0.0252915
0.0111076
0.0249206
0.0264446
0.0117249
0.0263615
0.0263821
0.0264675
0.0141798
0.0159285
0.0264699
0.0179237
0.0178811
0.0192276
0.0188398
0.0205489
0.0180452
0.014478
0.0130178
0.0119941
0.00927732
0.00751149
0.00701905
0.00660252
0.00624433
0.0060876
0.0061451
0.00636373
0.00667495
0.00705814
0.00751751
0.00812365
0.00957671
0.00868888
0.00851814
0.00897434
0.00731085
0.00667312
0.00591972
0.00515932
0.00443854
0.0038526
0.00333991
0.00276437
0.00282479
0.00166735
0.00124807
0.000940719
0.000708004
0.000563554
0.000474474
0.000408781
0.000329558
0.000266801
3.75038e-05
2.29172e-05
4.4956e-05
0.000123031
0.000318135
0.000194151
0.000198546
0.000394944
0.000500073
0.000692438
0.0003854
0.00068967
0.000566992
0.00135866
0.000636629
0.000362506
0.000362434
0.000664398
0.0013588
0.00302919
0.00849083
0.0100026
0.0198138
0.0201473
0.0221254
0.0232976
0.0239402
0.0238663
0.0249467
0.0250731
0.0254483
0.0258262
0.0262997
0.011579
0.0261994
0.026122
0.0261567
0.0262102
0.0113293
0.0249398
0.0248354
0.0249036
0.0251713
0.0256567
0.0113594
0.0242989
0.0236043
0.0228715
0.0239
0.0236752
0.0228565
0.022401
0.023963
0.0157958
0.0157361
0.0262753
0.02625
0.0166215
0.0191608
0.0185945
0.01759
0.0166589
0.0159899
0.0133673
0.012102
0.00823046
0.00747852
0.00675802
0.00642409
0.00608151
0.00585159
0.00576823
0.00585082
0.00606574
0.00635488
0.00673769
0.00714745
0.00766224
0.0083928
0.00819147
0.00806599
0.00768075
0.00700527
0.00701993
0.00568172
0.00701078
0.00612884
0.00376595
0.00328004
0.00269721
0.00216935
0.00162906
0.00121436
0.000917946
0.000691875
0.000552679
0.000464986
0.000399333
0.000322494
0.000262784
7.83634e-05
0.000217583
0.000160556
0.000465668
0.00163134
0.000303639
0.000580493
0.000377914
0.000702167
0.000573155
0.000679935
0.000671973
0.000621408
0.000896516
0.000594407
0.000425585
0.000478695
0.000820492
0.00193278
0.00391614
0.0104889
0.0153895
0.0108331
0.019718
0.0220024
0.0233646
0.0112098
0.0236468
0.0239001
0.0247563
0.0251677
0.0253051
0.0113299
0.0260182
0.0114734
0.0266521
0.0267508
0.0118689
0.0114959
0.0255161
0.0254838
0.0256735
0.0258612
0.0260454
0.0255816
0.0237505
0.0225717
0.021433
0.0204615
0.0151247
0.0174871
0.0202705
0.0196192
0.0191031
0.0182683
0.0160793
0.0182114
0.0184587
0.0186667
0.0202524
0.0159772
0.0143282
0.0133497
0.0122952
0.00856317
0.00733362
0.00665218
0.00613661
0.00699732
0.00565781
0.00546509
0.00542073
0.00553528
0.00578413
0.00606427
0.00641687
0.00682145
0.00723291
0.00875315
0.00772273
0.00762001
0.00727316
0.00670102
0.00612754
0.00544902
0.00486072
0.00424351
0.00370447
0.003213
0.00262391
0.00266213
0.0015894
0.00118264
0.000894984
0.000678458
0.000541833
0.000455135
0.000389392
0.000315528
0.000258382
8.59332e-05
0.000534004
0.000363759
0.000716568
0.00158261
0.000584238
0.000441415
0.000950299
0.000836055
0.000751934
0.000792142
0.000865277
0.000882138
0.000949046
0.00065501
0.000676663
0.000659926
0.00106467
0.00233882
0.00557023
0.00794825
0.00998139
0.0168561
0.0109586
0.011393
0.0110121
0.0109387
0.0230664
0.0232616
0.0237762
0.0110652
0.0111831
0.0248515
0.0249116
0.0252171
0.0116553
0.0116911
0.0267806
0.026444
0.0114029
0.0261169
0.0263802
0.0114791
0.0259294
0.0111608
0.0225664
0.0120264
0.0190243
0.0171894
0.0146943
0.0156778
0.0170468
0.0177495
0.0177909
0.0177936
0.0181672
0.0187212
0.0189149
0.0200001
0.015469
0.0151156
0.013656
0.0119092
0.00879077
0.00734252
0.00643366
0.00587276
0.00553174
0.00534018
0.00514993
0.00505935
0.00507417
0.00519427
0.00542454
0.00762562
0.00605717
0.00643704
0.00704323
0.00720973
0.00790965
0.00712491
0.00686224
0.00634186
0.00582128
0.00519427
0.00659924
0.00411622
0.00362964
0.00314504
0.00327397
0.00201666
0.00153955
0.0011471
0.000867271
0.000662192
0.000529205
0.000442465
0.000376962
0.000307085
0.00025285
9.30063e-05
0.000133547
0.000399226
0.000519565
0.000564498
0.000394968
0.000734816
0.00197926
0.00138699
0.00131225
0.00163779
0.00150516
0.00157289
0.00125302
0.000912941
0.000856402
0.00115706
0.00175997
0.00287983
0.00667427
0.0101027
0.0125624
0.0153498
0.0184242
0.0113812
0.0113105
0.0112622
0.0212332
0.0111429
0.0223752
0.022977
0.022973
0.0231932
0.0234666
0.0236446
0.0246633
0.0249333
0.0253627
0.0113939
0.0262315
0.0114719
0.0115692
0.0114458
0.0241883
0.0225517
0.020407
0.0133716
0.0114169
0.0129372
0.0157168
0.0187013
0.0195742
0.0193829
0.0192077
0.0180415
0.0177448
0.0198594
0.0175138
0.0141909
0.0140721
0.0125857
0.0102199
0.00829394
0.00727881
0.00627968
0.00561633
0.00517743
0.00494431
0.00480737
0.00472933
0.0047062
0.00474228
0.00487918
0.00508479
0.00533332
0.00568114
0.00599557
0.0062868
0.00661559
0.00665374
0.0066352
0.00640822
0.00596557
0.00544852
0.00494197
0.00443776
0.00396121
0.00352009
0.0030542
0.00244402
0.00190763
0.00147145
0.00110379
0.000834185
0.000642716
0.00051364
0.000426855
0.00036428
0.000296874
0.000245798
0.000282136
3.67955e-05
0.000270828
0.000428483
0.000387584
0.000292048
0.000735951
0.0014701
0.00142252
0.00204513
0.00344435
0.00322547
0.00244381
0.00181433
0.00137714
0.00174455
0.00239567
0.00383126
0.00489615
0.0101832
0.00693606
0.0122864
0.0140215
0.017674
0.0109504
0.0195351
0.019206
0.0192028
0.0106574
0.0199549
0.0109763
0.0108597
0.0217789
0.0228649
0.0107179
0.0229253
0.0233852
0.0239803
0.0247697
0.0112754
0.0258362
0.0256083
0.0239779
0.0108691
0.0203441
0.0128288
0.0111956
0.0141312
0.0151746
0.0155024
0.0158117
0.017536
0.0159753
0.0174734
0.0152117
0.0162989
0.0159638
0.0144152
0.0123217
0.0114266
0.0105819
0.00783058
0.00689264
0.00616676
0.00757357
0.00498821
0.00467606
0.00449323
0.00642026
0.00637393
0.00438404
0.0044415
0.00456826
0.00477923
0.00501375
0.00528107
0.00560501
0.0058428
0.00608044
0.00614273
0.00614436
0.00597747
0.00757282
0.0051177
0.00468884
0.00426889
0.00380781
0.00339713
0.00294784
0.00299862
0.00182013
0.00139926
0.00105952
0.000799137
0.000622356
0.000497092
0.000412207
0.000351703
0.000286743
0.000238164
0.000302641
9.90335e-05
0.000172013
0.000241074
0.000200219
0.000215692
0.000525335
0.000859963
0.00125452
0.00240732
0.00513448
0.00575872
0.00414114
0.00362307
0.00256961
0.00352862
0.00470989
0.00381733
0.00756597
0.00937015
0.0110795
0.00771845
0.00832299
0.00996248
0.010505
0.0176299
0.017322
0.0167383
0.0160025
0.0168417
0.0101404
0.0171443
0.0181209
0.0107929
0.0193554
0.0200748
0.0112496
0.0229787
0.0238715
0.0242658
0.0240359
0.0110179
0.0221069
0.020071
0.00993257
0.0142204
0.0138255
0.0136115
0.0132489
0.0132777
0.0136783
0.0145991
0.014645
0.0136775
0.0132603
0.0128914
0.0124499
0.011533
0.0106877
0.00817717
0.00733972
0.00729673
0.00589495
0.00745909
0.00484262
0.00452308
0.00431537
0.00418639
0.00411787
0.00410593
0.00582938
0.00420406
0.00434405
0.00451297
0.00471242
0.00497773
0.00519557
0.00542704
0.00563952
0.00738016
0.00571907
0.00559786
0.00522127
0.0048456
0.00445902
0.00408969
0.00369871
0.0032709
0.00281338
0.00222902
0.00173204
0.00132795
0.00101107
0.000765692
0.000601724
0.000479804
0.000398557
0.000338922
0.000276435
0.000230088
0.000276976
0.000230992
0.000228339
0.000244759
0.00027881
0.000402675
0.00052274
0.000657343
0.00106875
0.00213958
0.00502879
0.00459864
0.00649687
0.00428553
0.00555547
0.00633436
0.00755129
0.00855869
0.00903789
0.00927528
0.0101862
0.00584765
0.0114633
0.0131574
0.0150672
0.0156119
0.0162065
0.00875557
0.012316
0.00863152
0.01206
0.0120418
0.00916298
0.0153874
0.0100935
0.0179621
0.0197801
0.0207374
0.0213581
0.0227916
0.0224991
0.0212285
0.0165781
0.0094286
0.0103757
0.0133241
0.00943443
0.00850792
0.00825772
0.008381
0.00990178
0.01027
0.010525
0.0117531
0.0101609
0.0110579
0.00882021
0.0088445
0.00743078
0.00683551
0.00623453
0.0056994
0.00517643
0.00474096
0.00441124
0.00415847
0.00401829
0.00392315
0.00387011
0.00386233
0.00389878
0.00394998
0.00410365
0.00428937
0.00447052
0.00468383
0.00695551
0.00505463
0.00520148
0.0052701
0.00529081
0.00518124
0.00703294
0.00457333
0.00427399
0.00390439
0.00356328
0.00316323
0.00266575
0.00209965
0.00164
0.0012695
0.000961952
0.00073399
0.000580112
0.000461573
0.000386093
0.000328667
0.000265508
0.000221665
0.000271801
0.000297876
0.000276551
0.000309209
0.000395491
0.000483426
0.000571661
0.000675686
0.000923192
0.00191457
0.0039411
0.00754904
0.0100373
0.010119
0.00946159
0.0118848
0.0125843
0.00704826
0.0109645
0.00975378
0.00926731
0.00878995
0.00939566
0.0109271
0.01223
0.00817102
0.0122035
0.010705
0.00939145
0.00905097
0.00864407
0.00870996
0.00930317
0.0102214
0.0116946
0.0158739
0.0178513
0.0109341
0.019585
0.0196585
0.0184679
0.015689
0.00955473
0.00950035
0.0120271
0.00842456
0.00754616
0.00679936
0.0066278
0.0067232
0.00697704
0.0071709
0.00739603
0.00762611
0.00757964
0.00739433
0.00706135
0.00668671
0.00628417
0.00585949
0.00543853
0.00503214
0.00467047
0.00433469
0.00549281
0.00387578
0.00370243
0.00363367
0.00362322
0.00365948
0.00371068
0.00378686
0.00392223
0.00405807
0.0042473
0.00444072
0.00459797
0.00475261
0.00486995
0.00490595
0.00492257
0.00484986
0.00461732
0.00435807
0.00407971
0.00378924
0.00340665
0.00397398
0.00254713
0.00198494
0.00154296
0.00120093
0.000909616
0.000700983
0.000552937
0.000442757
0.000373518
0.000318315
0.000255272
0.000212348
0.000286924
0.000343211
0.000306377
0.000316295
0.000351353
0.0003453
0.000399476
0.00057579
0.000779758
0.00133174
0.00323704
0.00752097
0.010618
0.00663641
0.0120572
0.00960974
0.00937617
0.0118834
0.00665686
0.00937758
0.00498576
0.00720156
0.00751025
0.00912197
0.00554124
0.00568492
0.00969103
0.00590585
0.00686157
0.00618112
0.00602116
0.0059421
0.00646379
0.00698642
0.00851299
0.0105189
0.0104709
0.0168954
0.0172566
0.0111418
0.0146018
0.00999447
0.0091963
0.0078884
0.0076781
0.00660903
0.00599603
0.00565954
0.00553303
0.00559827
0.00747365
0.00582406
0.00601976
0.00736479
0.00747115
0.00615108
0.00597704
0.00570058
0.00720727
0.00512651
0.00487486
0.00456707
0.00428873
0.00400849
0.0037522
0.00355329
0.00341479
0.00337506
0.00337786
0.00342084
0.0045202
0.00355562
0.0037138
0.003889
0.00403705
0.00422317
0.00437068
0.00447411
0.00456377
0.00460178
0.00675881
0.00670708
0.00435784
0.00415557
0.00390457
0.00363031
0.00327767
0.0028745
0.00240413
0.00187834
0.00145007
0.00113308
0.000858666
0.000668552
0.00052659
0.00042661
0.000360152
0.000306704
0.000247655
0.000204053
0.000312632
0.000382376
0.00034773
0.000317431
0.000288878
0.000225838
0.000228017
0.000345177
0.000553061
0.000815321
0.0017676
0.00565406
0.00779181
0.0102333
0.0113157
0.0128057
0.0121658
0.0100209
0.00907846
0.00732037
0.00612672
0.00539996
0.00419546
0.00690425
0.0078842
0.00535309
0.00768149
0.00543338
0.00515686
0.00453382
0.00482086
0.00557744
0.00588537
0.00614131
0.0064162
0.00709608
0.00795417
0.0139375
0.0136915
0.0122037
0.00962754
0.00639179
0.007771
0.00739745
0.0062221
0.00710759
0.0051063
0.00492716
0.00482976
0.00483839
0.006892
0.00503016
0.00518725
0.00528211
0.00532995
0.00532281
0.00519006
0.0050401
0.00486702
0.00593338
0.00443942
0.00414109
0.00388759
0.00363273
0.00336741
0.00317393
0.00307082
0.0030495
0.00308369
0.00317447
0.00326509
0.00335767
0.00349497
0.00366566
0.00386248
0.00401672
0.00413712
0.004257
0.00432922
0.00434452
0.00434078
0.00633814
0.00414663
0.00394263
0.00375048
0.00343907
0.00312276
0.00272669
0.00224746
0.00176619
0.00136838
0.0010654
0.000814565
0.000635316
0.00049987
0.000410467
0.000346873
0.000294907
0.000239564
0.000199632
0.000344575
0.000393559
0.00037628
0.000309787
0.000220031
0.000121595
9.88384e-05
0.000167006
0.000326837
0.000502607
0.000837797
0.00203509
0.00451821
0.00660514
0.00860906
0.00943826
0.00539109
0.00469097
0.00645794
0.00361494
0.00399161
0.00365669
0.00416539
0.00483236
0.00532528
0.00487811
0.00513565
0.00543923
0.00507294
0.00442179
0.004096
0.00473682
0.00508821
0.00608162
0.00719408
0.00740147
0.00712927
0.0092588
0.00690047
0.00906235
0.00625177
0.00674443
0.00703065
0.00753324
0.00528559
0.00478456
0.00546373
0.00438257
0.00538866
0.00438493
0.00586748
0.00454112
0.00465651
0.00473153
0.00618486
0.00475771
0.00467883
0.00455684
0.00439264
0.0042039
0.00397868
0.00368334
0.00343515
0.00388697
0.0029847
0.00281581
0.0027383
0.0027568
0.00281389
0.00290306
0.00298244
0.00311392
0.00327795
0.00346785
0.00363531
0.00383535
0.00395307
0.00402179
0.00410263
0.00412848
0.00412791
0.00407305
0.00560419
0.00379561
0.00356483
0.00329345
0.00293313
0.00256651
0.00210952
0.00164621
0.00128623
0.000995542
0.000769771
0.000601677
0.000476976
0.000393504
0.000333459
0.000283067
0.000232573
0.00019476
0.000378219
0.000386443
0.000305671
0.000223867
0.000180525
9.80902e-05
6.27825e-05
8.44691e-05
0.00019207
0.000322762
0.000449752
0.000856583
0.00200828
0.00349168
0.00517341
0.00426186
0.00535785
0.00436828
0.00336823
0.00310205
0.00235936
0.00227731
0.00260284
0.00296228
0.00363227
0.00429478
0.0047769
0.00484074
0.00395503
0.00354258
0.00317551
0.00341843
0.00392241
0.00491204
0.00676165
0.00798516
0.0087119
0.00800267
0.00769601
0.00759163
0.00637992
0.00767272
0.00576349
0.00601522
0.00524131
0.00413822
0.00390145
0.00379821
0.00384244
0.00478723
0.00403416
0.00411906
0.00420786
0.00428772
0.00431244
0.0042896
0.00420071
0.00406664
0.00389475
0.00369566
0.00347723
0.00321552
0.00297917
0.00279708
0.00259257
0.00246707
0.00241767
0.00244613
0.00252299
0.00264206
0.00274976
0.00286926
0.00302175
0.00324317
0.00344508
0.00359942
0.0037573
0.00386267
0.00391466
0.003919
0.00389791
0.00384299
0.00377846
0.00360151
0.00339621
0.00310947
0.00276721
0.00238342
0.00197692
0.00154052
0.00120425
0.000934775
0.000726195
0.00056765
0.000455271
0.000376823
0.000319483
0.000271233
0.000226055
0.000189104
0.000398914
0.000338436
0.000245717
0.000220553
0.000124716
5.01868e-05
3.4109e-05
5.82554e-05
0.000122853
0.000224187
0.000296894
0.000412782
0.00083686
0.00164781
0.00251622
0.00257011
0.00237416
0.00204906
0.00215204
0.00164545
0.00135404
0.00140919
0.00167383
0.00212944
0.00272951
0.00327454
0.0036769
0.00404699
0.00352878
0.00293685
0.00208236
0.00257925
0.00301828
0.00396031
0.00558009
0.00687897
0.00789286
0.00804597
0.00706708
0.00619691
0.00556834
0.00513105
0.0048032
0.00426611
0.00376134
0.00338335
0.00319416
0.00351799
0.00325416
0.00342455
0.00347254
0.00356872
0.00367635
0.0037625
0.00378142
0.00375976
0.00366213
0.0035302
0.00388874
0.00316883
0.00297994
0.00319549
0.00255851
0.00239704
0.00222813
0.00213537
0.002114
0.00217076
0.00225998
0.00237679
0.00248963
0.00262703
0.00280198
0.00299992
0.00320923
0.00341318
0.00353858
0.00364344
0.00373159
0.00375469
0.00375016
0.00369478
0.00357752
0.00341876
0.00321638
0.00290766
0.00259687
0.00221664
0.00183258
0.00144026
0.0011209
0.000876931
0.000681821
0.000536201
0.000433051
0.000359971
0.000305472
0.000260671
0.000218958
0.000183532
0.000390379
0.000208027
0.000184148
0.000116203
6.99297e-05
1.74174e-05
1.59862e-05
4.03179e-05
9.00851e-05
0.000165725
0.00022189
0.000258062
0.000385857
0.00064973
0.00107132
0.00117377
0.00106606
0.000940735
0.000869372
0.000721598
0.000705179
0.000786578
0.000939456
0.001145
0.00150019
0.00217835
0.00238369
0.00297811
0.00252789
0.00179432
0.00176877
0.00180186
0.00236452
0.00323144
0.00447814
0.00569595
0.00645343
0.00727354
0.00579498
0.00512003
0.0045813
0.00422044
0.00380797
0.00334173
0.00317051
0.00266106
0.00252993
0.00259648
0.00266703
0.00282366
0.0028759
0.00298073
0.00309767
0.00319629
0.00321564
0.00319783
0.00310899
0.00298738
0.00286296
0.00267385
0.00252113
0.00235259
0.00215666
0.0020252
0.00190144
0.00184022
0.00183798
0.00190072
0.00199865
0.00213107
0.00225836
0.00237906
0.00255679
0.00277303
0.00296931
0.00316756
0.00333365
0.00345054
0.00351892
0.00353115
0.00353895
0.00348038
0.00339425
0.00323212
0.0029911
0.00273565
0.00240259
0.00206159
0.00169272
0.00133929
0.0010445
0.000820884
0.000638107
0.000507581
0.000411581
0.000342649
0.000291115
0.00025091
0.000211151
0.000178343
0.000356076
0.000175401
9.15852e-05
6.51652e-05
3.42081e-05
1.14683e-05
8.70029e-06
2.85277e-05
7.10624e-05
0.000129695
0.00017717
0.000191337
0.000223537
0.000299173
0.0003856
0.000405492
0.000381244
0.000377901
0.000383843
0.000376858
0.000404099
0.000484063
0.000556383
0.000652895
0.00088941
0.00126297
0.00168015
0.00163421
0.00152888
0.00114066
0.000998411
0.00114874
0.00176298
0.00261316
0.00361264
0.00457803
0.00524475
0.00508051
0.00457567
0.00416749
0.00372036
0.0032777
0.00287969
0.00251082
0.00224094
0.0020256
0.0019524
0.00203638
0.00212269
0.00226294
0.00231584
0.00242607
0.00254457
0.00264377
0.002669
0.00266093
0.00258405
0.00247432
0.00236173
0.00221665
0.00210951
0.00195832
0.00179999
0.00169194
0.00160305
0.00156884
0.00158856
0.00166155
0.00176105
0.0018849
0.0024456
0.00215865
0.00232919
0.00252177
0.00273974
0.00293552
0.00307765
0.00322964
0.00332462
0.00336539
0.00336513
0.00331958
0.00319459
0.00300182
0.00281471
0.00253822
0.00223618
0.00189673
0.00156656
0.00123773
0.000974794
0.000764474
0.000597875
0.000478504
0.000390005
0.000325436
0.000279341
0.00024039
0.000203035
0.000172595
0.000187835
6.02939e-05
3.15857e-05
1.77951e-05
1.07573e-05
5.52298e-06
5.45886e-06
2.00645e-05
5.53744e-05
0.000101826
0.000143137
0.000156814
0.000158488
0.000170887
0.000192842
0.000195155
0.000194449
0.000200577
0.000210526
0.000222357
0.000249142
0.000314586
0.000515459
0.00045805
0.000804775
0.000650625
0.000780441
0.000882251
0.000897855
0.000596815
0.000583094
0.000846471
0.00123293
0.00206911
0.00291937
0.0036658
0.0040568
0.00387507
0.00357456
0.00321039
0.00290879
0.00242674
0.00213174
0.00182528
0.0016218
0.00149868
0.00147056
0.00155704
0.0016461
0.00176434
0.00182624
0.00193167
0.00204341
0.00213812
0.00216961
0.00241999
0.00210838
0.00201569
0.00192181
0.00180855
0.00171831
0.00159895
0.00148396
0.00140188
0.00134289
0.00132949
0.00135989
0.00143671
0.00154321
0.00166877
0.00180943
0.00193332
0.0021107
0.00230303
0.00249128
0.00270309
0.00286903
0.00299478
0.00307386
0.00313328
0.00314896
0.00308709
0.00296996
0.00281968
0.00261245
0.00234761
0.00206884
0.00174533
0.00144136
0.00114405
0.000907626
0.000709103
0.000561754
0.00045076
0.000368361
0.000309549
0.000267126
0.000229411
0.00019517
0.00016646
9.03841e-05
1.25983e-05
5.36319e-06
4.09534e-06
3.55324e-06
2.86851e-06
3.62643e-06
1.35012e-05
4.04307e-05
8.33871e-05
0.000117522
0.00013114
0.00012769
0.000123872
0.000122018
0.000118481
0.000117535
0.000121126
0.000127605
0.00013707
0.000150186
0.000208443
0.000259971
0.000302164
0.000321115
0.000306134
0.000341471
0.00038777
0.000380559
0.000324173
0.000353908
0.00063059
0.00100173
0.00163065
0.00230836
0.00280795
0.00297278
0.00281429
0.00257287
0.00227261
0.001968
0.00173246
0.00161195
0.00126713
0.0011336
0.00107534
0.00108223
0.00116494
0.00124948
0.00135012
0.00141313
0.00150943
0.00160825
0.00169138
0.0017254
0.00176249
0.00168693
0.001613
0.00154181
0.00146113
0.00138377
0.00129613
0.00120851
0.00114731
0.00111227
0.00111774
0.00115924
0.00123931
0.00133755
0.00146531
0.00159998
0.00173222
0.0018932
0.00208537
0.00228039
0.00246234
0.00263252
0.00277794
0.00287057
0.00291763
0.0029274
0.00287925
0.00277125
0.00260519
0.00240735
0.00217615
0.00189084
0.00160756
0.00131615
0.00105802
0.000840828
0.000659034
0.00052584
0.000422903
0.000346862
0.000295044
0.000253995
0.000219489
0.000186936
0.000160135
1.68071e-06
2.12194e-06
1.93057e-06
1.41771e-06
1.41932e-06
1.52615e-06
2.09571e-06
7.68854e-06
2.50132e-05
5.62195e-05
9.68003e-05
0.000124978
0.000128242
0.000118652
0.000105397
8.98267e-05
7.45929e-05
6.80596e-05
7.14185e-05
9.51105e-05
0.000124929
0.00013788
0.000123563
0.000109079
9.53672e-05
8.77912e-05
9.17405e-05
0.00010577
0.000114615
0.00013427
0.000213859
0.000405092
0.000755463
0.00116761
0.00140052
0.00154753
0.00161054
0.00150911
0.00133433
0.00120256
0.00104677
0.000931874
0.000758633
0.000639849
0.000572251
0.000566652
0.00060012
0.000677727
0.000752614
0.00083869
0.000894715
0.000970924
0.00104836
0.00111199
0.00114629
0.00116301
0.00112507
0.00107708
0.00103705
0.000979444
0.000936228
0.000898424
0.000842266
0.000807242
0.000800493
0.000824324
0.00087474
0.000955656
0.00105361
0.00117511
0.00129472
0.00143261
0.00158905
0.00176039
0.00193634
0.00212089
0.00227974
0.00240569
0.0024954
0.00254499
0.00256011
0.00251115
0.0024189
0.00228745
0.00211338
0.00188953
0.00165353
0.00138511
0.00114482
0.00092463
0.000736507
0.000585638
0.000471163
0.000379875
0.000318373
0.000270512
0.000234663
0.000203208
0.000173791
0.000151139
4.83811e-07
7.2054e-07
8.36789e-07
7.80313e-07
8.55258e-07
9.95729e-07
1.31088e-06
2.71635e-06
8.53356e-06
2.16287e-05
4.00865e-05
5.84961e-05
6.81592e-05
6.90673e-05
6.5028e-05
6.00695e-05
5.63041e-05
5.44337e-05
5.27668e-05
4.74894e-05
3.80455e-05
2.98891e-05
2.45575e-05
2.19598e-05
2.09157e-05
2.02032e-05
2.12323e-05
2.46055e-05
3.42793e-05
5.86597e-05
0.000112674
0.000202067
0.000320895
0.000472464
0.000552561
0.000614071
0.000608314
0.00055586
0.000467843
0.000409813
0.000364801
0.000297256
0.000233132
0.000205765
0.000206383
0.000235471
0.000266062
0.000279929
0.000321717
0.000382283
0.000431716
0.000490419
0.000545793
0.000589137
0.000617704
0.000625912
0.000610727
0.00058664
0.00056929
0.000539998
0.000521063
0.000502467
0.000482717
0.000477865
0.000493624
0.000527466
0.00058315
0.000656581
0.000743025
0.000849457
0.00095662
0.00108733
0.00122362
0.0013733
0.00153091
0.00169055
0.00182849
0.00194427
0.00203107
0.00208794
0.00209978
0.00205621
0.00197869
0.00187113
0.00173255
0.00154879
0.00134211
0.00113104
0.000927089
0.000757131
0.000609657
0.00048943
0.000400312
0.000328822
0.000278323
0.000238966
0.000207481
0.000181574
0.000156671
0.000136238
8.53231e-08
2.1749e-07
3.79442e-07
5.48202e-07
6.25633e-07
7.12897e-07
8.6159e-07
1.12581e-06
1.99528e-06
4.41119e-06
8.60825e-06
1.47966e-05
2.14241e-05
2.54648e-05
2.61992e-05
2.44876e-05
2.18768e-05
1.93637e-05
1.72767e-05
1.58818e-05
1.53164e-05
1.5334e-05
1.5507e-05
1.5502e-05
1.49565e-05
1.38833e-05
1.27042e-05
1.33274e-05
1.81741e-05
3.04874e-05
4.89474e-05
6.73254e-05
0.00011129
0.000142968
0.000148228
0.000142458
0.000131682
0.000113652
9.43917e-05
8.36048e-05
7.87683e-05
6.72284e-05
5.73049e-05
5.58645e-05
6.14421e-05
7.31678e-05
8.64997e-05
0.000108427
0.000139774
0.000165101
0.000173626
0.000199638
0.000234475
0.00026161
0.000284881
0.00029224
0.000289981
0.000282247
0.000276871
0.000265609
0.000263203
0.000262663
0.000265709
0.000274294
0.000294102
0.000328257
0.000375586
0.000435625
0.000506454
0.000596569
0.000689351
0.000801012
0.000920725
0.00104548
0.00118163
0.00131462
0.00143224
0.00153283
0.00161512
0.0016705
0.00167854
0.00164488
0.00157809
0.00149473
0.00138734
0.00123953
0.00106658
0.000899968
0.000744213
0.000607357
0.000493888
0.000404958
0.000337449
0.000279712
0.000239516
0.000209025
0.000182369
0.000159338
0.000138564
0.000121917
2.20983e-08
8.42517e-08
1.82389e-07
2.98343e-07
4.1893e-07
4.92982e-07
5.58158e-07
6.89283e-07
8.8062e-07
1.20461e-06
1.91533e-06
3.45027e-06
5.99825e-06
8.97354e-06
1.14164e-05
1.2632e-05
1.27993e-05
1.25397e-05
1.23064e-05
1.23088e-05
1.2559e-05
1.29967e-05
1.3443e-05
1.36557e-05
1.33879e-05
1.24919e-05
1.12033e-05
1.02367e-05
1.0423e-05
1.15257e-05
1.26644e-05
2.46891e-05
3.13094e-05
3.16877e-05
2.88083e-05
2.59637e-05
2.30464e-05
1.98052e-05
1.70714e-05
1.55108e-05
1.47375e-05
1.30736e-05
1.21351e-05
1.30631e-05
1.58206e-05
2.07779e-05
2.74458e-05
3.66465e-05
4.5771e-05
5.50592e-05
6.89664e-05
8.38973e-05
9.38061e-05
9.62886e-05
0.000102286
0.000108779
0.00011257
0.000116618
0.000122781
0.000126397
0.000131812
0.000136138
0.000142557
0.000153586
0.000172208
0.000198985
0.000234934
0.000279977
0.000338022
0.000406792
0.00048174
0.000571992
0.000671625
0.000778478
0.000889594
0.000998883
0.00109648
0.00118263
0.00125331
0.00130503
0.00130635
0.00128312
0.00123501
0.00116462
0.0010787
0.000964378
0.000834563
0.000701403
0.000582091
0.000478899
0.000394968
0.000328389
0.000276424
0.000234659
0.000203813
0.00017801
0.000157046
0.000138715
0.0001211
0.000106868
7.4659e-09
3.92377e-08
9.05147e-08
1.59482e-07
2.25877e-07
2.88169e-07
3.33545e-07
3.94358e-07
4.95772e-07
6.28204e-07
8.29408e-07
1.22488e-06
1.88428e-06
2.79963e-06
4.04742e-06
5.10192e-06
5.80203e-06
6.23704e-06
6.5623e-06
6.92784e-06
7.40967e-06
8.02151e-06
8.6688e-06
9.13551e-06
9.27214e-06
8.83007e-06
7.84034e-06
6.55399e-06
5.25832e-06
4.14478e-06
4.65762e-06
5.39796e-06
5.40732e-06
4.95355e-06
4.29491e-06
3.70597e-06
3.19e-06
2.6347e-06
2.2036e-06
1.95708e-06
1.82937e-06
1.72296e-06
1.88755e-06
2.53336e-06
3.65282e-06
5.31957e-06
7.50568e-06
1.03586e-05
1.38782e-05
1.81133e-05
2.22332e-05
2.63124e-05
3.13436e-05
3.74723e-05
4.22171e-05
4.42426e-05
4.31725e-05
4.55824e-05
4.9267e-05
5.43903e-05
6.11443e-05
6.76067e-05
7.4631e-05
8.44717e-05
9.90678e-05
0.00011804
0.000143315
0.00017759
0.000219508
0.000269306
0.000326329
0.000396487
0.00047699
0.000563341
0.000651974
0.000741363
0.000820007
0.000891198
0.000947426
0.000984692
0.00099091
0.000975861
0.000941739
0.000889571
0.000819435
0.000733309
0.00063559
0.000536782
0.000445728
0.000369233
0.000309967
0.000262248
0.000223668
0.000192917
0.000169933
0.000150175
0.00013334
0.000118338
0.000104003
9.15048e-05
6.02874e-10
2.2186e-08
4.74409e-08
8.28035e-08
1.22338e-07
1.60508e-07
1.88806e-07
2.12455e-07
2.68367e-07
3.38003e-07
4.32143e-07
5.82749e-07
8.3561e-07
1.17954e-06
1.57367e-06
1.95432e-06
2.30182e-06
2.65508e-06
3.04088e-06
3.47241e-06
3.90834e-06
4.35307e-06
4.75121e-06
5.05996e-06
5.21167e-06
5.14167e-06
4.76905e-06
4.184e-06
3.52492e-06
2.91807e-06
2.43108e-06
2.07137e-06
1.80877e-06
1.60547e-06
1.43325e-06
1.269e-06
1.10617e-06
9.48073e-07
7.93223e-07
6.50893e-07
5.3019e-07
4.34432e-07
3.66877e-07
3.28227e-07
3.69615e-07
8.79713e-07
1.52502e-06
2.35349e-06
3.38027e-06
4.66215e-06
6.10864e-06
7.7961e-06
9.46735e-06
1.08301e-05
1.26514e-05
1.4951e-05
1.69028e-05
1.78001e-05
1.86614e-05
2.17949e-05
2.528e-05
3.13138e-05
3.77386e-05
4.54265e-05
5.58898e-05
6.89945e-05
8.70533e-05
0.000110778
0.000138817
0.00017333
0.00021605
0.000265545
0.000327977
0.000394613
0.000465551
0.000534392
0.000596463
0.000651812
0.000695619
0.000722749
0.000729819
0.000720627
0.000697363
0.000659866
0.000608819
0.000543118
0.000471516
0.000399549
0.000332298
0.000279519
0.000238302
0.000205482
0.000178231
0.000156312
0.000139166
0.000124277
0.000110782
9.85906e-05
8.7068e-05
7.73638e-05
0
1.04105e-08
2.49756e-08
4.28404e-08
6.63545e-08
8.48276e-08
1.05341e-07
1.23906e-07
1.48704e-07
1.82305e-07
2.28947e-07
2.97662e-07
3.9667e-07
5.37962e-07
7.14137e-07
9.12691e-07
1.12195e-06
1.33903e-06
1.58206e-06
1.85505e-06
2.11606e-06
2.28232e-06
2.64729e-06
2.82418e-06
2.95932e-06
2.98309e-06
2.8916e-06
2.71841e-06
2.51507e-06
2.30193e-06
2.09877e-06
1.91456e-06
1.74523e-06
1.58265e-06
1.41995e-06
1.25499e-06
1.08886e-06
9.25747e-07
7.68672e-07
6.24622e-07
4.97553e-07
3.89034e-07
3.01504e-07
2.3376e-07
1.86262e-07
1.58658e-07
1.47592e-07
1.5248e-07
3.52247e-07
6.74268e-07
1.05371e-06
1.50394e-06
2.01002e-06
2.61528e-06
3.20438e-06
3.76926e-06
4.67886e-06
5.79784e-06
7.06566e-06
7.96525e-06
1.0255e-05
1.31251e-05
1.81243e-05
2.37386e-05
3.10745e-05
4.03561e-05
5.22992e-05
6.7722e-05
8.59254e-05
0.000110164
0.000138486
0.000170751
0.000216982
0.000268208
0.000320302
0.000371432
0.000417993
0.00045885
0.000492792
0.000512593
0.00052011
0.0005145
0.000498755
0.000472121
0.000436386
0.000389666
0.000339258
0.000288025
0.000240269
0.000207332
0.000180197
0.000157916
0.000138959
0.000123663
0.000111286
0.000100458
9.06933e-05
8.12313e-05
7.20387e-05
6.40286e-05
0
1.07615e-09
1.34255e-08
2.37118e-08
3.27997e-08
4.6041e-08
5.88301e-08
6.77365e-08
8.08873e-08
1.03643e-07
1.29348e-07
1.60754e-07
2.03236e-07
2.60987e-07
3.38517e-07
4.32906e-07
5.42839e-07
6.70886e-07
8.20782e-07
1.00795e-06
1.24249e-06
1.47909e-06
1.66157e-06
1.75939e-06
1.73301e-06
1.73593e-06
1.75548e-06
1.68985e-06
1.60174e-06
1.52329e-06
1.44088e-06
1.34676e-06
1.24448e-06
1.13805e-06
1.0269e-06
9.15212e-07
8.04395e-07
6.98728e-07
5.9852e-07
5.03631e-07
4.15324e-07
3.35251e-07
2.64661e-07
2.04971e-07
1.56084e-07
1.18554e-07
9.1817e-08
7.51151e-08
6.97631e-08
7.0782e-08
7.74694e-08
8.81186e-08
1.04216e-07
1.24468e-07
2.3596e-07
4.65016e-07
7.54084e-07
1.2134e-06
1.93425e-06
2.82517e-06
3.78637e-06
5.59454e-06
8.06444e-06
1.21855e-05
1.70889e-05
2.33871e-05
3.10742e-05
4.06573e-05
5.30195e-05
6.78539e-05
8.53995e-05
0.000104845
0.000138262
0.000174378
0.000210893
0.000246163
0.000279051
0.000308416
0.000333616
0.000348972
0.000355223
0.000353144
0.000343347
0.000325724
0.000301287
0.000269294
0.000234408
0.000198863
0.000169634
0.000149762
0.00013289
0.000118718
0.000106778
9.65976e-05
8.79291e-05
7.9906e-05
7.22823e-05
6.46396e-05
5.71389e-05
5.09989e-05
0
0
1.55373e-09
1.19098e-08
2.07688e-08
2.40173e-08
2.94338e-08
3.72931e-08
4.61128e-08
5.70045e-08
6.98638e-08
8.99399e-08
1.14065e-07
1.42007e-07
1.75545e-07
2.19154e-07
2.73686e-07
3.41672e-07
4.27408e-07
5.37252e-07
6.76249e-07
8.4316e-07
1.01229e-06
1.14868e-06
1.23385e-06
1.26029e-06
1.23422e-06
1.17237e-06
1.08987e-06
9.83939e-07
8.78062e-07
8.0735e-07
7.42803e-07
6.71601e-07
6.0109e-07
5.39898e-07
4.9183e-07
4.47398e-07
3.99398e-07
3.49097e-07
2.98477e-07
2.50391e-07
2.06337e-07
1.67195e-07
1.32216e-07
1.01942e-07
7.69782e-08
5.7761e-08
4.49658e-08
3.74592e-08
3.4297e-08
3.40488e-08
3.65116e-08
4.22364e-08
4.95067e-08
6.18663e-08
8.68274e-08
1.20624e-07
1.92681e-07
6.99029e-07
1.37923e-06
2.2646e-06
3.78125e-06
5.94457e-06
9.23897e-06
1.32816e-05
1.82192e-05
2.41356e-05
3.17465e-05
4.04552e-05
5.05808e-05
6.27903e-05
8.34316e-05
0.000106897
0.000131012
0.000154186
0.000175943
0.000196924
0.000213978
0.000225182
0.000230523
0.000230312
0.000224649
0.00021362
0.000197866
0.000177393
0.000155087
0.000132497
0.000118222
0.000106472
9.62379e-05
8.7275e-05
7.93805e-05
7.25098e-05
6.67404e-05
6.13944e-05
5.61687e-05
5.08013e-05
4.53299e-05
4.04721e-05
0
0
0
1.03629e-09
7.68864e-09
1.41361e-08
1.88165e-08
2.02599e-08
2.3453e-08
3.04213e-08
4.0815e-08
5.10539e-08
6.16437e-08
7.68075e-08
9.68351e-08
1.19873e-07
1.49696e-07
1.86683e-07
2.33907e-07
2.94572e-07
3.72807e-07
4.66902e-07
5.74015e-07
6.84786e-07
7.80431e-07
8.46912e-07
8.7674e-07
8.68836e-07
8.30118e-07
7.72455e-07
7.02963e-07
6.31117e-07
5.59752e-07
4.93966e-07
4.34288e-07
3.78269e-07
3.28025e-07
2.94189e-07
2.61855e-07
2.29045e-07
2.01914e-07
1.81638e-07
1.59102e-07
1.34397e-07
1.10175e-07
8.75836e-08
6.7703e-08
5.14002e-08
3.85767e-08
2.91335e-08
2.28809e-08
1.92028e-08
1.80099e-08
1.81143e-08
1.92109e-08
2.25114e-08
2.82074e-08
4.20585e-08
6.15011e-08
8.66728e-08
4.17897e-07
9.66165e-07
1.73889e-06
2.96724e-06
4.74955e-06
7.23858e-06
1.03717e-05
1.39542e-05
1.82348e-05
2.33018e-05
2.91698e-05
3.61732e-05
4.61089e-05
6.05098e-05
7.52956e-05
8.99899e-05
0.000104696
0.0001178
0.000128429
0.00013601
0.000140151
0.000140705
0.000137679
0.000131168
0.000121631
0.000109326
9.58193e-05
8.65166e-05
7.98383e-05
7.37132e-05
6.82077e-05
6.32092e-05
5.85098e-05
5.4244e-05
5.02747e-05
4.64654e-05
4.25826e-05
3.85153e-05
3.43963e-05
3.07602e-05
0
0
0
0
5.14344e-10
1.90645e-09
7.3856e-09
1.26721e-08
1.5958e-08
1.70684e-08
2.07964e-08
2.70506e-08
3.57128e-08
4.51463e-08
5.4566e-08
6.55216e-08
8.04532e-08
1.0235e-07
1.30346e-07
1.65601e-07
2.10831e-07
2.65842e-07
3.30096e-07
3.98733e-07
4.70628e-07
5.34022e-07
5.8145e-07
6.09416e-07
6.15094e-07
6.00466e-07
5.70076e-07
5.30327e-07
4.85543e-07
4.39694e-07
3.94339e-07
3.51714e-07
3.1144e-07
2.74311e-07
2.4023e-07
2.09469e-07
1.80174e-07
1.56039e-07
1.34461e-07
1.13742e-07
9.65222e-08
8.15848e-08
6.66879e-08
5.20603e-08
3.92034e-08
2.87073e-08
2.09073e-08
1.58265e-08
1.28274e-08
1.12156e-08
1.02982e-08
1.02087e-08
1.13914e-08
1.44038e-08
2.2238e-08
3.39784e-08
6.41241e-08
3.9373e-07
8.28063e-07
1.43477e-06
2.36706e-06
3.68069e-06
5.51124e-06
7.66372e-06
1.00525e-05
1.28999e-05
1.61616e-05
1.99088e-05
2.39426e-05
3.00856e-05
3.89482e-05
4.79351e-05
5.66222e-05
6.43485e-05
7.06617e-05
7.52353e-05
7.79452e-05
7.85815e-05
7.7337e-05
7.42198e-05
6.91233e-05
6.23239e-05
5.88974e-05
5.57635e-05
5.2598e-05
4.95626e-05
4.67123e-05
4.40655e-05
4.11852e-05
3.85886e-05
3.61687e-05
3.3712e-05
3.11187e-05
2.83356e-05
2.54654e-05
2.29434e-05
0
0
0
0
0
9.30042e-11
4.04948e-10
1.33005e-09
6.27076e-09
1.08855e-08
1.39848e-08
1.57228e-08
1.88148e-08
2.37294e-08
3.04544e-08
3.87258e-08
4.80197e-08
5.90864e-08
7.29497e-08
9.12788e-08
1.16201e-07
1.49479e-07
1.89638e-07
2.34226e-07
2.81415e-07
3.27847e-07
3.71276e-07
4.06098e-07
4.297e-07
4.41661e-07
4.41124e-07
4.31127e-07
4.14178e-07
3.93005e-07
3.68347e-07
3.40946e-07
3.11828e-07
2.81989e-07
2.522e-07
2.23265e-07
1.96021e-07
1.70618e-07
1.46799e-07
1.24948e-07
1.04311e-07
8.63633e-08
7.02314e-08
5.57378e-08
4.37167e-08
3.34623e-08
2.44605e-08
1.74958e-08
1.26537e-08
9.61736e-09
7.83301e-09
6.8194e-09
6.33666e-09
6.26166e-09
7.80897e-09
1.2286e-08
1.93709e-08
1.10064e-07
3.61578e-07
6.82239e-07
1.1021e-06
1.75058e-06
2.60038e-06
3.85218e-06
5.17871e-06
6.76929e-06
8.43861e-06
1.04233e-05
1.25045e-05
1.49736e-05
1.76785e-05
2.12306e-05
2.59276e-05
3.0157e-05
3.37542e-05
3.65206e-05
3.85447e-05
3.94511e-05
3.92287e-05
3.77473e-05
3.78534e-05
3.73907e-05
3.65192e-05
3.54004e-05
3.4166e-05
3.28968e-05
3.16219e-05
3.02913e-05
2.88213e-05
2.73556e-05
2.58123e-05
2.41568e-05
2.23586e-05
2.03973e-05
1.83615e-05
1.65524e-05
0
0
0
0
0
0
0
9.87029e-11
1.48668e-10
3.335e-10
5.10582e-09
8.20455e-09
1.23864e-08
1.45731e-08
1.68491e-08
2.05452e-08
2.58355e-08
3.25353e-08
4.19528e-08
5.39543e-08
6.85232e-08
8.64537e-08
1.07519e-07
1.33304e-07
1.63461e-07
1.96678e-07
2.29595e-07
2.58584e-07
2.84321e-07
3.04561e-07
3.17837e-07
3.24759e-07
3.26392e-07
3.22855e-07
3.15205e-07
3.04246e-07
2.89498e-07
2.71562e-07
2.5161e-07
2.29942e-07
2.06576e-07
1.82936e-07
1.59712e-07
1.37857e-07
1.17353e-07
9.83521e-08
8.09044e-08
6.50783e-08
5.12387e-08
3.92038e-08
2.89719e-08
2.10088e-08
1.50641e-08
1.07207e-08
7.88809e-09
6.14926e-09
5.01498e-09
4.17845e-09
3.73715e-09
4.31891e-09
6.72825e-09
1.11741e-08
1.01626e-07
2.71883e-07
4.92664e-07
7.55677e-07
1.15811e-06
1.67013e-06
2.42241e-06
3.25116e-06
4.17633e-06
5.18504e-06
6.28875e-06
7.58846e-06
8.92665e-06
1.03868e-05
1.18429e-05
1.33918e-05
1.50959e-05
1.67043e-05
1.81515e-05
1.94413e-05
2.04206e-05
2.116e-05
2.16184e-05
2.18189e-05
2.17776e-05
2.15617e-05
2.12375e-05
2.08597e-05
2.03885e-05
1.97877e-05
1.90639e-05
1.82591e-05
1.73829e-05
1.63835e-05
1.52551e-05
1.39965e-05
1.2674e-05
1.14903e-05
0
0
0
0
0
0
0
0
0
1.48688e-12
2.85596e-12
3.01065e-10
3.5596e-09
5.38519e-09
9.18452e-09
1.36856e-08
1.56091e-08
1.83684e-08
2.25668e-08
2.85521e-08
3.72427e-08
4.88226e-08
6.29184e-08
7.98412e-08
9.85775e-08
1.18644e-07
1.38258e-07
1.58122e-07
1.77229e-07
1.8835e-07
1.99671e-07
2.14579e-07
2.30161e-07
2.41191e-07
2.45833e-07
2.46735e-07
2.436e-07
2.37131e-07
2.27658e-07
2.14818e-07
1.99518e-07
1.81717e-07
1.62538e-07
1.42929e-07
1.23027e-07
1.04e-07
8.65234e-08
7.08386e-08
5.6888e-08
4.446e-08
3.38992e-08
2.49905e-08
1.78187e-08
1.23715e-08
8.67558e-09
6.3599e-09
4.87782e-09
3.83468e-09
2.99911e-09
2.36829e-09
2.33944e-09
3.60992e-09
6.45819e-09
5.85875e-08
1.61652e-07
3.00285e-07
4.50257e-07
6.72815e-07
9.71306e-07
1.36039e-06
1.8717e-06
2.38787e-06
2.99073e-06
3.6222e-06
4.32124e-06
5.0619e-06
5.86574e-06
6.79935e-06
7.69104e-06
8.57894e-06
9.43313e-06
1.02004e-05
1.09131e-05
1.16482e-05
1.22548e-05
1.27076e-05
1.30093e-05
1.31838e-05
1.32512e-05
1.32292e-05
1.31149e-05
1.28906e-05
1.25637e-05
1.2146e-05
1.16301e-05
1.1007e-05
1.0282e-05
9.46269e-06
8.59573e-06
7.81668e-06
0
0
0
0
0
0
0
0
0
0
0
0
1.63313e-12
1.41314e-10
1.87973e-09
3.01297e-09
3.72034e-09
8.84881e-09
1.48201e-08
1.66297e-08
1.83495e-08
2.32409e-08
3.26358e-08
4.37366e-08
5.58571e-08
6.99805e-08
8.45498e-08
9.95984e-08
1.14011e-07
1.27675e-07
1.40017e-07
1.44073e-07
1.44254e-07
1.43084e-07
1.41191e-07
1.44091e-07
1.54657e-07
1.69495e-07
1.82822e-07
1.84436e-07
1.79048e-07
1.68958e-07
1.56178e-07
1.40878e-07
1.24419e-07
1.07162e-07
9.05117e-08
7.45369e-08
5.99489e-08
4.72429e-08
3.64231e-08
2.7445e-08
2.00741e-08
1.42558e-08
9.85375e-09
6.79912e-09
4.85535e-09
3.68179e-09
2.87801e-09
2.17055e-09
1.54223e-09
1.27815e-09
1.87619e-09
3.63244e-09
1.25947e-08
6.84364e-08
1.45216e-07
2.28887e-07
3.42592e-07
5.06985e-07
7.03099e-07
9.84245e-07
1.28938e-06
1.61557e-06
1.98459e-06
2.36345e-06
2.8171e-06
3.28535e-06
3.77182e-06
4.26226e-06
4.78407e-06
5.35756e-06
5.90889e-06
6.39195e-06
6.81947e-06
7.186e-06
7.48469e-06
7.70762e-06
7.86223e-06
7.94666e-06
7.95757e-06
7.89089e-06
7.75461e-06
7.54929e-06
7.27077e-06
6.91558e-06
6.48768e-06
5.99266e-06
5.46381e-06
4.98804e-06
0
0
0
0
0
0
0
0
0
0
0
0
0
0
2.82331e-13
9.95659e-12
3.53436e-10
1.22363e-09
1.10202e-09
1.32547e-09
8.15538e-09
1.41588e-08
1.57575e-08
1.75007e-08
2.33268e-08
3.4074e-08
4.61716e-08
5.76903e-08
6.8442e-08
7.96182e-08
8.9865e-08
9.96012e-08
1.08783e-07
1.11884e-07
1.1261e-07
1.12166e-07
1.10746e-07
1.07937e-07
1.04907e-07
1.01773e-07
1.04633e-07
1.19085e-07
1.33701e-07
1.32621e-07
1.22671e-07
1.09466e-07
9.49886e-08
8.01849e-08
6.58582e-08
5.26617e-08
4.08318e-08
3.06627e-08
2.24111e-08
1.59198e-08
1.11221e-08
7.54537e-09
5.15055e-09
3.64864e-09
2.72432e-09
2.08332e-09
1.52692e-09
1.00328e-09
7.03357e-10
9.81265e-10
2.09962e-09
2.53913e-09
6.61475e-09
4.4835e-08
9.11342e-08
1.47783e-07
2.32324e-07
3.33535e-07
4.74497e-07
6.49137e-07
8.30571e-07
1.04169e-06
1.27049e-06
1.52026e-06
1.79731e-06
2.08857e-06
2.41233e-06
2.74157e-06
3.05904e-06
3.36411e-06
3.64366e-06
3.90987e-06
4.15552e-06
4.37388e-06
4.56269e-06
4.69986e-06
4.77913e-06
4.79958e-06
4.76369e-06
4.67284e-06
4.52874e-06
4.33026e-06
4.07984e-06
3.7847e-06
3.46418e-06
3.1708e-06
0
0
0
0
0
0
0
0
0
0
0
0
0
0
0
0
1.46225e-15
1.90031e-12
3.64485e-11
2.09867e-10
1.14553e-15
6.54187e-11
1.86345e-09
8.28191e-09
1.36271e-08
1.52336e-08
1.63961e-08
1.94038e-08
2.67775e-08
3.79695e-08
4.9799e-08
5.92075e-08
6.79639e-08
7.54301e-08
8.2683e-08
8.44202e-08
8.55216e-08
8.64937e-08
8.6955e-08
8.64328e-08
8.53393e-08
8.33796e-08
8.01775e-08
7.68923e-08
8.06902e-08
9.26926e-08
9.58811e-08
8.59241e-08
7.35488e-08
6.09238e-08
4.8713e-08
3.77918e-08
2.82759e-08
2.03377e-08
1.3965e-08
9.292e-09
5.99982e-09
3.97743e-09
2.72746e-09
2.00707e-09
1.51421e-09
1.07479e-09
6.63697e-10
3.90773e-10
5.33969e-10
1.28662e-09
1.54657e-09
1.14005e-09
1.44634e-09
1.7198e-08
4.63633e-08
8.78147e-08
1.40405e-07
2.1336e-07
3.07828e-07
4.13352e-07
5.30441e-07
6.67846e-07
8.11236e-07
9.78777e-07
1.1575e-06
1.33957e-06
1.53752e-06
1.73558e-06
1.92661e-06
2.11402e-06
2.28588e-06
2.43287e-06
2.5507e-06
2.64111e-06
2.69753e-06
2.72425e-06
2.71629e-06
2.67344e-06
2.5973e-06
2.48607e-06
2.35193e-06
2.19196e-06
2.01417e-06
1.8506e-06
0
0
0
0
0
0
0
0
0
0
0
0
0
0
0
0
0
0
1.07634e-15
2.72344e-13
1.18574e-12
0
5.68524e-16
4.23359e-12
9.25428e-11
2.07561e-09
7.32273e-09
1.148e-08
1.36884e-08
1.37283e-08
1.37699e-08
1.43093e-08
1.91972e-08
2.59623e-08
3.61452e-08
4.83615e-08
5.65226e-08
6.10062e-08
6.36094e-08
6.52366e-08
6.71377e-08
6.83887e-08
6.95357e-08
6.87937e-08
6.7162e-08
6.41898e-08
6.03842e-08
5.86503e-08
6.42349e-08
6.59282e-08
5.75472e-08
4.70794e-08
3.70442e-08
2.78975e-08
2.02162e-08
1.39539e-08
9.12496e-09
5.62902e-09
3.43331e-09
2.13932e-09
1.50973e-09
1.11858e-09
7.83563e-10
4.62802e-10
2.31184e-10
3.0168e-10
8.11209e-10
9.96538e-10
5.60183e-10
6.68342e-10
1.19668e-09
1.5932e-09
1.9701e-08
4.68835e-08
8.39236e-08
1.34118e-07
1.94972e-07
2.61705e-07
3.42104e-07
4.27338e-07
5.22458e-07
6.31186e-07
7.39929e-07
8.50587e-07
9.62368e-07
1.07004e-06
1.16721e-06
1.252e-06
1.33367e-06
1.3987e-06
1.44865e-06
1.47791e-06
1.48737e-06
1.47803e-06
1.44782e-06
1.39689e-06
1.32608e-06
1.23719e-06
1.13786e-06
1.04553e-06
0
0
0
0
0
0
0
0
0
0
0
0
0
0
0
0
0
0
0
0
0
3.22761e-14
0
0
1.85491e-16
1.02256e-15
4.68592e-12
7.03237e-11
7.14678e-10
3.54037e-09
6.80123e-09
8.68172e-09
9.66144e-09
8.98527e-09
8.00352e-09
6.99176e-09
5.75815e-09
9.70202e-09
1.87152e-08
2.99064e-08
4.23259e-08
4.85011e-08
5.20854e-08
5.37625e-08
5.54805e-08
5.63413e-08
5.56474e-08
5.34748e-08
5.03544e-08
4.61227e-08
4.18562e-08
4.2639e-08
4.26767e-08
3.655e-08
2.85951e-08
2.12369e-08
1.49481e-08
9.90143e-09
6.15993e-09
3.60401e-09
2.03867e-09
1.25589e-09
8.53031e-10
5.96366e-10
3.52571e-10
1.53536e-10
1.61855e-10
5.29714e-10
6.71466e-10
3.16678e-10
2.99263e-10
6.03813e-10
8.69741e-10
9.28584e-10
4.02026e-09
2.24173e-08
4.85719e-08
8.08537e-08
1.19198e-07
1.62703e-07
2.12367e-07
2.65415e-07
3.24039e-07
3.82676e-07
4.39916e-07
5.00543e-07
5.60507e-07
6.12864e-07
6.5727e-07
6.93882e-07
7.22568e-07
7.40757e-07
7.48485e-07
7.44214e-07
7.27293e-07
6.99359e-07
6.66257e-07
6.23919e-07
5.7621e-07
5.31084e-07
0
0
0
0
0
0
0
0
0
0
0
0
0
0
0
0
0
0
0
0
0
0
0
0
0
0
0
2.51375e-16
9.61181e-16
5.10326e-13
5.78681e-12
5.85418e-11
3.95066e-10
1.39179e-09
2.67874e-09
3.57317e-09
3.5806e-09
3.05344e-09
2.13899e-09
1.79222e-09
2.87384e-09
5.63713e-09
1.55302e-08
2.7629e-08
3.85145e-08
4.27103e-08
4.39746e-08
4.49158e-08
4.48438e-08
4.37723e-08
4.10725e-08
3.77733e-08
3.36408e-08
2.93028e-08
2.62675e-08
2.49758e-08
2.17651e-08
1.62937e-08
1.13052e-08
7.29229e-09
4.2925e-09
2.34253e-09
1.27485e-09
7.59954e-10
5.05478e-10
3.04624e-10
1.30915e-10
7.64145e-11
2.79e-10
4.84401e-10
2.183e-10
1.33927e-10
2.85739e-10
4.99392e-10
4.99794e-10
5.57464e-10
7.7196e-10
5.01676e-09
2.05268e-08
4.01749e-08
6.24125e-08
8.80282e-08
1.15715e-07
1.44036e-07
1.7489e-07
2.04489e-07
2.32867e-07
2.59716e-07
2.82541e-07
3.0048e-07
3.15266e-07
3.27618e-07
3.35435e-07
3.36314e-07
3.30189e-07
3.18063e-07
3.0087e-07
2.7977e-07
2.56378e-07
2.34649e-07
0
0
0
0
0
0
0
0
0
0
0
0
0
0
0
0
0
0
0
0
0
0
0
0
0
0
0
0
0
0
0
4.01115e-16
9.1703e-16
1.7012e-15
1.52264e-12
5.18253e-12
2.87771e-11
1.58949e-10
4.68167e-10
6.39312e-10
9.51697e-11
5.48214e-11
9.8844e-10
2.12708e-09
3.28863e-09
1.00514e-08
2.00885e-08
3.07762e-08
3.44797e-08
3.5291e-08
3.51477e-08
3.42714e-08
3.27996e-08
3.00943e-08
2.68347e-08
2.34386e-08
1.97242e-08
1.61008e-08
1.34349e-08
1.13606e-08
8.49602e-09
5.39066e-09
3.10487e-09
1.62246e-09
8.24749e-10
4.81723e-10
3.04903e-10
1.535e-10
5.16458e-11
8.29235e-11
3.17091e-10
2.10156e-10
6.45134e-11
1.1069e-10
2.94401e-10
3.06125e-10
2.86268e-10
3.50243e-10
5.36373e-10
6.45229e-10
8.21225e-10
7.02017e-09
1.81322e-08
3.06804e-08
4.35589e-08
5.64522e-08
6.94617e-08
8.17684e-08
9.25665e-08
1.02466e-07
1.0977e-07
1.1502e-07
1.17322e-07
1.17157e-07
1.13813e-07
1.0783e-07
1.00637e-07
9.25762e-08
8.38688e-08
7.51231e-08
0
0
0
0
0
0
0
0
0
0
0
0
0
0
0
0
0
0
0
0
0
0
0
0
0
0
0
0
0
0
0
0
0
0
0
4.84145e-17
3.89744e-16
7.47341e-16
1.21296e-15
7.29021e-13
5.28747e-12
1.81206e-11
1.24963e-13
2.06476e-13
2.80827e-13
6.41892e-10
1.77371e-09
3.03897e-09
6.64478e-09
1.4265e-08
2.27672e-08
2.65156e-08
2.70332e-08
2.59364e-08
2.47394e-08
2.29466e-08
2.08581e-08
1.81389e-08
1.52379e-08
1.25009e-08
9.77711e-09
7.2568e-09
5.33813e-09
3.78956e-09
2.24561e-09
1.16211e-09
5.91182e-10
3.33415e-10
1.90691e-10
8.50463e-11
2.34706e-11
1.3971e-10
2.12073e-10
6.1315e-11
3.69821e-11
1.35831e-10
2.09109e-10
1.72886e-10
1.66517e-10
2.46832e-10
3.3337e-10
3.68273e-10
4.91122e-10
7.4483e-10
1.22047e-09
1.93074e-09
2.82623e-09
3.92786e-09
5.18209e-09
8.05129e-09
1.06914e-08
1.24125e-08
1.32022e-08
1.32436e-08
1.53011e-08
1.74498e-08
1.97671e-08
2.22332e-08
2.48205e-08
2.71569e-08
0
0
0
0
0
0
0
0
0
0
0
0
0
0
0
0
0
0
0
0
0
0
0
0
0
0
0
0
0
0
0
0
0
0
0
0
0
0
0
0
1.78983e-16
3.75121e-16
4.45221e-16
0
0
7.83046e-14
1.48538e-13
2.08951e-13
3.78303e-10
1.38564e-09
2.45105e-09
3.51184e-09
8.27546e-09
1.31453e-08
1.79057e-08
1.88818e-08
1.82665e-08
1.67166e-08
1.50579e-08
1.32344e-08
1.12649e-08
9.24602e-09
7.1802e-09
5.38531e-09
3.80343e-09
2.43385e-09
1.50414e-09
8.42272e-10
4.34391e-10
2.49099e-10
1.40693e-10
4.9621e-11
1.40147e-11
1.16843e-10
1.2114e-10
1.69412e-11
3.703e-11
1.34379e-10
1.19206e-10
9.03106e-11
1.09219e-10
1.78755e-10
1.76138e-10
2.12311e-10
3.26523e-10
6.06875e-10
1.09323e-09
1.75564e-09
2.55485e-09
3.48712e-09
4.52569e-09
5.66381e-09
6.92362e-09
8.25953e-09
9.67602e-09
1.12471e-08
1.29929e-08
1.50104e-08
1.71323e-08
1.91224e-08
0
0
0
0
0
0
0
0
0
0
0
0
0
0
0
0
0
0
0
0
0
0
0
0
0
0
0
0
0
0
0
0
0
0
0
0
0
0
0
0
0
0
0
2.12586e-17
6.56929e-17
0
0
0
4.85864e-14
1.02679e-13
1.46644e-13
1.7991e-13
7.2857e-10
1.50694e-09
2.26484e-09
2.75297e-09
5.33179e-09
7.84998e-09
1.01194e-08
1.11427e-08
1.04369e-08
9.22709e-09
7.72325e-09
6.37147e-09
5.01348e-09
3.78313e-09
2.63521e-09
1.77646e-09
1.07032e-09
5.78205e-10
3.14601e-10
1.88566e-10
1.10849e-10
3.46436e-11
1.04555e-11
9.59938e-11
4.90381e-11
8.29743e-12
5.96116e-11
8.79746e-11
5.98801e-11
4.98351e-11
9.0543e-11
9.21168e-11
9.61466e-11
1.44886e-10
3.18326e-10
6.56396e-10
1.16728e-09
1.81651e-09
2.58127e-09
3.43917e-09
4.36889e-09
5.3777e-09
6.48643e-09
7.69141e-09
9.00587e-09
1.04422e-08
1.19722e-08
1.34161e-08
0
0
0
0
0
0
0
0
0
0
0
0
0
0
0
0
0
0
0
0
0
0
0
0
0
0
0
0
0
0
0
0
0
0
0
0
0
0
0
0
0
0
0
0
0
0
0
0
0
0
0
1.48292e-14
5.47369e-14
8.53636e-14
1.07752e-13
1.22371e-13
4.30397e-10
9.57095e-10
1.41954e-09
1.81482e-09
2.06599e-09
3.36471e-09
4.42444e-09
5.25237e-09
5.04699e-09
4.25139e-09
3.33748e-09
2.53427e-09
1.82254e-09
1.21116e-09
7.66629e-10
4.5421e-10
2.31145e-10
1.37181e-10
8.64183e-11
2.34101e-11
9.08316e-12
8.76885e-11
1.58899e-11
9.98899e-12
5.83326e-11
4.38585e-11
2.38313e-11
4.32271e-11
5.1023e-11
4.25227e-11
7.16626e-11
1.93924e-10
4.58642e-10
8.58465e-10
1.37679e-09
1.99215e-09
2.70504e-09
3.50133e-09
4.37822e-09
5.33262e-09
6.36687e-09
7.48851e-09
8.73379e-09
9.92536e-09
0
0
0
0
0
0
0
0
0
0
0
0
0
0
0
0
0
0
0
0
0
0
0
0
0
0
0
0
0
0
0
0
0
0
0
0
0
0
0
0
0
0
0
0
0
0
0
0
0
0
0
0
0
0
0
6.00407e-15
2.93829e-14
4.64029e-14
5.78334e-14
6.42787e-14
6.65906e-14
2.94546e-10
6.22933e-10
8.8228e-10
1.02604e-09
1.32473e-09
1.98051e-09
2.3865e-09
2.16029e-09
1.69745e-09
1.22754e-09
8.38887e-10
5.31403e-10
3.2501e-10
1.95611e-10
1.01973e-10
6.11236e-11
1.36974e-11
1.12277e-11
5.33233e-11
6.1695e-12
1.67629e-11
4.1468e-11
1.84094e-11
1.96607e-11
2.46661e-11
1.89955e-11
4.05689e-11
1.46154e-10
3.67399e-10
6.98317e-10
1.13074e-09
1.65044e-09
2.24322e-09
2.90185e-09
3.63143e-09
4.45664e-09
5.38384e-09
6.41366e-09
7.42226e-09
0
0
0
0
0
0
0
0
0
0
0
0
0
0
0
0
0
0
0
0
0
0
0
0
0
0
0
0
0
0
0
0
0
0
0
0
0
0
0
0
0
0
0
0
0
0
0
0
0
0
0
0
0
0
0
0
0
0
0
0
2.70821e-15
1.43378e-14
2.23429e-14
2.70144e-14
2.87567e-14
1.24627e-11
2.68213e-10
4.52121e-10
5.25547e-10
8.07418e-10
1.10371e-09
1.09647e-09
8.49022e-10
5.7599e-10
3.73777e-10
2.27468e-10
1.35009e-10
8.49986e-11
4.2521e-11
7.17183e-12
1.75664e-11
2.82896e-11
1.60989e-12
2.4291e-11
1.65734e-11
6.09212e-12
1.37089e-11
8.29219e-12
3.63453e-11
1.57807e-10
3.52031e-10
6.29079e-10
9.99724e-10
1.4447e-09
1.95857e-09
2.54412e-09
3.20072e-09
3.94026e-09
4.76323e-09
5.5924e-09
0
0
0
0
0
0
0
0
0
0
0
0
0
0
0
0
0
0
0
0
0
0
0
0
0
0
0
0
0
0
0
0
0
0
0
0
0
0
0
0
0
0
0
0
0
0
0
0
0
0
0
0
0
0
0
0
0
0
0
0
0
0
0
0
0
2.09774e-15
8.00757e-15
1.15873e-14
1.28101e-14
4.85507e-11
2.01689e-10
2.95776e-10
3.89912e-10
5.67063e-10
5.46742e-10
4.09841e-10
2.54598e-10
1.55741e-10
8.90767e-11
4.73754e-11
3.20001e-11
1.40005e-11
2.91927e-11
3.20952e-12
8.9187e-12
2.07902e-11
2.80195e-12
5.31411e-12
5.57443e-12
5.11146e-11
1.728e-10
3.852e-10
6.74788e-10
1.00703e-09
1.39099e-09
1.85382e-09
2.39926e-09
3.05296e-09
3.80705e-09
4.58468e-09
0
0
0
0
0
0
0
0
0
0
0
0
0
0
0
0
0
0
0
0
0
0
0
0
0
0
0
0
0
0
0
0
0
0
0
0
0
0
0
0
0
0
0
0
0
0
0
0
0
0
0
0
0
0
0
0
0
0
0
0
0
0
0
0
0
0
0
0
0
1.55695e-15
4.80678e-15
6.2822e-15
6.33248e-15
1.0175e-10
1.60729e-10
2.05583e-10
2.91332e-10
2.52066e-10
1.77423e-10
9.81175e-11
5.49411e-11
2.51391e-11
1.01484e-11
2.80154e-11
1.71589e-11
3.40658e-12
1.40874e-11
1.4885e-12
1.09027e-12
1.75731e-11
1.24558e-10
2.94252e-10
5.12936e-10
7.89565e-10
1.15503e-09
1.59965e-09
2.11062e-09
2.72299e-09
3.49597e-09
4.30112e-09
0
0
0
0
0
0
0
0
0
0
0
0
0
0
0
0
0
0
0
0
0
0
0
0
0
0
0
0
0
0
0
0
0
0
0
0
0
0
0
0
0
0
0
0
0
0
0
0
0
0
0
0
0
0
0
0
0
0
0
0
0
0
0
0
0
0
0
0
0
0
0
0
1.06903e-16
2.23167e-15
3.30114e-15
3.20616e-15
5.04099e-11
8.09389e-11
9.82634e-11
1.34937e-10
9.77624e-11
6.64387e-11
3.73162e-11
1.58151e-11
1.69807e-12
8.61126e-12
6.16534e-12
7.64896e-12
2.13712e-12
2.07632e-11
1.31607e-10
2.84022e-10
4.79368e-10
7.71008e-10
1.19395e-09
1.76951e-09
2.34169e-09
2.86763e-09
3.3366e-09
3.75629e-09
0
0
0
0
0
0
0
0
0
0
0
0
0
0
0
0
0
0
0
0
0
0
0
0
0
0
0
0
0
0
0
0
0
0
0
0
0
0
0
0
0
0
0
0
0
0
0
0
0
0
0
0
0
0
0
0
0
0
0
0
0
0
0
0
0
0
0
0
0
0
0
0
0
0
0
0
1.03365e-15
1.64352e-15
1.41068e-15
1.85514e-11
3.25229e-11
3.63384e-11
5.20769e-11
4.01593e-11
1.00597e-11
1.64778e-12
9.42556e-13
2.52896e-12
5.41388e-12
5.93737e-11
2.05792e-10
4.63768e-10
6.97872e-10
6.40741e-10
5.54141e-10
7.09318e-10
1.05414e-09
1.41701e-09
1.67474e-09
1.88768e-09
0
0
0
0
0
0
0
0
0
0
0
0
0
0
0
0
0
0
0
0
0
0
0
0
0
0
0
0
0
0
0
0
0
0
0
0
0
0
0
0
0
0
0
0
0
0
0
0
0
0
0
0
0
0
0
0
0
0
0
0
0
0
0
0
0
0
0
0
0
0
0
0
0
0
0
0
0
0
0
3.34722e-16
6.36057e-16
4.31497e-16
3.43954e-12
7.97655e-12
7.49914e-12
4.26475e-12
5.32814e-12
1.3483e-12
5.83755e-11
1.84022e-10
3.53192e-10
1.57123e-10
2.33662e-10
2.79513e-10
2.53604e-10
2.64056e-10
2.62841e-10
2.94724e-10
3.30293e-10
3.6717e-10
0
0
0
0
0
0
0
0
0
0
0
0
0
0
0
0
0
0
0
0
0
0
0
0
0
0
0
0
0
0
0
0
0
0
0
0
0
0
0
0
0
0
0
0
0
0
0
0
0
0
0
0
0
0
0
0
0
0
0
0
0
0
0
0
0
0
0
0
0
0
0
0
0
0
0
0
0
0
0
0
0
0
3.81298e-17
1.18851e-16
4.73883e-17
1.59108e-14
6.20147e-13
1.78489e-13
2.74272e-11
1.06617e-10
1.7841e-10
4.13442e-11
5.37517e-11
6.08227e-11
7.78698e-11
9.70504e-11
1.18428e-10
1.95893e-10
2.5207e-10
2.58968e-10
0
0
0
0
0
0
0
0
0
0
0
0
0
0
0
0
0
0
0
0
0
0
0
0
0
0
0
0
0
0
0
0
0
0
0
0
0
0
0
0
0
0
0
0
0
0
0
0
0
0
0
0
0
0
0
0
0
0
0
0
0
0
0
0
0
0
0
0
0
0
0
0
0
0
0
0
0
0
0
0
0
0
0
0
0
0
7.39923e-20
3.89751e-17
5.25795e-16
2.193e-12
2.70715e-12
7.46287e-12
2.3244e-11
3.72823e-11
2.49979e-11
3.6635e-11
5.06842e-11
5.11372e-11
6.8522e-11
8.14669e-11
0
0
0
0
0
0
0
0
0
0
0
0
0
0
0
0
0
0
0
0
0
0
0
0
0
0
0
0
0
0
0
0
0
0
0
0
0
0
0
0
0
0
0
0
0
0
0
0
0
0
0
0
0
0
0
0
0
0
0
0
0
0
0
0
0
0
0
0
0
0
0
0
0
0
0
0
0
0
0
0
0
0
0
0
0
0
0
0
0
2.48705e-17
1.78153e-16
2.10875e-16
6.14901e-17
9.54243e-13
2.68176e-12
6.13604e-12
1.72114e-11
2.608e-11
3.5523e-11
2.74646e-11
0
0
0
0
0
0
0
0
0
0
0
0
0
0
0
0
0
0
0
0
0
0
0
0
0
0
0
0
0
0
0
0
0
0
0
0
0
0
0
0
0
0
0
0
0
0
0
0
0
0
0
0
0
0
0
0
0
0
0
0
0
0
0
0
0
0
0
0
0
0
0
0
0
0
0
0
0
0
0
0
0
0
0
0
0
0
0
0
0
0
0
0
0
1.10333e-17
1.14741e-16
2.52386e-16
1.68757e-16
5.97398e-17
3.949e-13
1.69033e-12
0
0
0
0
0
0
0
0
0
0
0
0
0
0
0
0
0
0
0
0
0
0
0
0
0
0
0
0
0
0
0
0
0
0
0
0
0
0
0
0
0
0
0
0
0
0
0
0
0
0
0
0
0
0
0
0
0
0
0
0
0
0
0
0
0
0
0
0
0
0
0
0
0
0
0
0
0
0
0
0
0
0
0
0
0
0
0
0
0
0
0
0
0
0
0
0
0
0
0
0
0
0
0
0
0
0
0
0
0
0
0
0
0
0
0
0
0
0
0
0
0
0
0
0
0
0
0
0
0
0
0
0
0
0
0
0
0
0
0
0
0
0
0
0
0
0
0
0
0
0
0
0
0
0
0
0
0
0
0
0
0
0
0
0
0
0
0
0
0
0
0
0
0
0
0
0
0
0
0
0
0
0
0
0
0
0
0
0
0
0
0
0
0
0
0
0
0
0
0
0
0
0
0
0
0
0
0
0
0
0
0
0
0
0
0
0
0
0
0
0
0
0
0
0
0
0
0
0
0
0
0
0
0
0
0
0
0
0
0
0
0
0
0
0
0
0
0
0
0
0
0
0
0
0
0
0
0
0
0
0
0
0
0
0
0
0
0
0
0
0
0
0
0
0
0
0
0
0
0
0
0
0
0
0
0
0
0
0
0
0
0
0
0
0
0
0
0
0
0
0
0
0
0
0
0
0
0
0
0
0
0
0
0
0
0
0
0
0
0
0
0
0
0
0
0
0
0
0
0
0
0
0
0
0
0
0
0
0
0
0
0
0
0
0
0
0
0
0
0
0
0
0
0
0
0
0
0
0
0
0
0
0
0
0
0
0
0
0
0
0
0
0
0
0
0
0
0
0
0
0
0
0
0
0
0
0
0
0
0
0
0
0
0
0
0
0
0
0
0
0
0
0
0
0
0
0
0
0
0
0
0
0
0
0
0
0
0
0
0
0
0
0
0
0
0
0
0
0
0
0
0
0
0
0
0
0
0
0
0
0
0
0
0
0
0
0
0
0
0
0
0
0
0
0
0
0
0
0
0
0
0
0
0
0
0
0
0
0
0
0
0
0
0
0
0
0
0
0
0
0
0
0
0
0
0
0
0
0
0
0
0
0
0
0
0
0
0
0
0
0
0
0
0
0
0
0
0
0
0
0
0
0
0
0
0
0
0
0
0
0
0
0
0
0
0
0
0
0
0
0
0
0
0
0
0
0
0
0
0
0
0
0
0
0
0
0
0
0
0
0
0
0
0
0
0
0
0
0
0
0
0
0
0
0
0
0
0
0
0
0
0
0
0
0
0
0
0
0
0
0
0
0
0
0
0
0
0
0
0
0
0
0
0
0
0
0
0
0
0
0
0
0
0
0
0
0
0
0
0
0
0
0
0
0
0
0
0
0
0
0
0
0
0
0
0
0
0
0
0
0
0
0
0
0
0
0
0
0
0
0
0
0
0
0
0
0
0
0
0
0
0
0
0
0
0
0
0
0
0
0
0
0
0
0
0
0
0
0
0
0
0
0
0
0
0
0
0
0
0
0
0
0
0
0
0
0
0
0
0
0
0
0
0
0
0
0
0
0
0
0
0
0
0
0
0
0
0
0
0
0
0
0
0
0
0
0
0
0
0
0
0
0
0
0
0
0
0
0
0
0
0
0
0
0
0
0
0
0
0
0
0
0
0
0
0
0
0
0
0
0
0
0
0
0
0
0
0
0
0
0
0
0
0
0
0
0
0
0
0
0
0
0
0
0
0
0
0
0
0
0
0
0
0
0
0
0
0
0
0
0
0
0
0
0
0
0
0
0
0
0
0
0
0
0
0
0
0
0
0
0
0
0
0
0
0
0
0
0
0
0
0
0
0
0
0
0
0
0
0
0
0
0
0
0
0
0
0
0
0
0
0
0
0
0
0
0
0
0
0
0
0
0
0
0
0
0
0
0
0
0
0
0
0
0
0
0
0
0
0
0
0
0
0
0
0
0
0
0
0
0
0
0
0
0
0
0
0
0
0
0
0
0
0
0
0
0
0
0
0
0
0
0
0
0
0
0
0
0
0
0
0
0
0
0
0
0
0
0
0
0
0
0
0
0
0
0
0
0
0
0
0
0
0
0
0
0
0
0
0
0
0
0
0
0
0
0
0
0
0
0
0
0
0
0
0
0
0
0
0
0
0
0
0
0
0
0
0
0
0
0
0
0
0
0
0
0
0
0
0
0
0
0
0
0
0
0
0
0
0
0
0
0
0
0
0
0
0
0
0
0
0
0
0
0
0
0
0
0
0
0
0
0
0
0
0
0
0
0
0
0
0
0
0
0
0
0
0
0
0
0
0
0
0
0
0
0
0
0
0
0
0
0
0
0
0
0
0
0
0
0
0
0
0
0
0
0
0
0
0
0
0
0
0
0
0
0
0
0
0
0
0
0
0
0
0
0
0
0
0
0
0
0
0
0
0
0
0
0
0
0
0
0
0
0
0
0
0
0
0
0
0
0
0
0
0
0
0
0
0
0
0
0
0
0
0
0
0
0
0
0
0
0
0
0
0
0
0
0
0
0
0
0
0
0
0
0
0
0
0
0
0
0
0
0
0
0
0
0
0
0
0
0
0
0
0
0
0
0
0
0
0
0
0
0
0
0
0
0
0
0
0
0
0
0
0
0
0
0
0
0
0
0
0
0
0
0
0
0
0
0
0
0
0
0
0
0
0
0
0
0
0
0
0
0
0
0
0
0
0
0
0
0
0
0
0
0
0
0
0
0
0
0
0
0
0
0
0
0
0
0
0
0
0
0
0
0
0
0
0
0
0
0
0
0
0
0
0
0
0
0
0
0
0
0
0
0
0
0
0
0
0
0
0
0
0
0
0
0
0
0
0
0
0
0
0
0
0
0
0
0
0
0
0
0
0
0
0
0
0
0
0
0
0
0
0
0
0
0
0
0
0
0
0
0
0
0
0
0
0
0
0
0
0
0
0
0
0
0
0
0
0
0
0
0
0
0
0
0
0
0
0
0
0
0
0
0
0
0
0
0
0
0
0
0
0
0
0
0
0
0
0
0
0
0
0
0
0
0
0
0
0
0
0
0
0
0
0
0
0
0
0
0
0
0
0
0
0
0
0
0
0
0
0
0
0
0
0
0
0
0
0
0
0
0
0
0
0
0
0
0
)
;

boundaryField
{
    AXIS
    {
        type            empty;
    }
    OUTLET
    {
        type            calculated;
        value           nonuniform List<scalar> 
80
(
0.000297647
0.000297172
0.00029613
0.000294499
0.000292501
0.000290204
0.000287636
0.000284836
0.00028179
0.000278432
0.00027482
0.000270896
0.000266801
0.000262784
0.000258382
0.00025285
0.000245798
0.000238164
0.000230088
0.000221665
0.000212348
0.000204053
0.000199632
0.00019476
0.000189104
0.000183532
0.000178343
0.000172595
0.00016646
0.000160135
0.000151139
0.000136238
0.000121917
0.000106868
9.15048e-05
7.73638e-05
6.40286e-05
5.09989e-05
4.04721e-05
3.07602e-05
2.29434e-05
1.65524e-05
1.14903e-05
7.81668e-06
4.98804e-06
3.1708e-06
1.8506e-06
1.04553e-06
5.31084e-07
2.34649e-07
7.51231e-08
2.71569e-08
1.91224e-08
1.34161e-08
9.92536e-09
7.42226e-09
5.5924e-09
4.58468e-09
4.30112e-09
3.75629e-09
1.88768e-09
3.6717e-10
2.58968e-10
8.14669e-11
2.74646e-11
1.69033e-12
0
0
0
0
0
0
0
0
0
0
0
0
0
0
)
;
    }
    COFLOW
    {
        type            calculated;
        value           uniform 0;
    }
    PILOT
    {
        type            calculated;
        value           uniform 0.000100871;
    }
    FUEL
    {
        type            calculated;
        value           uniform 1.82053e-12;
    }
    WALL
    {
        type            calculated;
        value           uniform 0;
    }
    front
    {
        type            wedge;
    }
    back
    {
        type            wedge;
    }
}


// ************************************************************************* //
