/*--------------------------------*- C++ -*----------------------------------*\
  =========                 |
  \\      /  F ield         | OpenFOAM: The Open Source CFD Toolbox
   \\    /   O peration     | Website:  https://openfoam.org
    \\  /    A nd           | Version:  6
     \\/     M anipulation  |
\*---------------------------------------------------------------------------*/
FoamFile
{
    version     2.0;
    format      ascii;
    class       volScalarField;
    location    "0.1";
    object      C2H5OH;
}
// * * * * * * * * * * * * * * * * * * * * * * * * * * * * * * * * * * * * * //

dimensions      [0 0 0 0 0 0 0];

internalField   nonuniform List<scalar> 
8000
(
0.0136258
0.0165736
0.0209918
0.0379932
0.0511701
0.0465952
0.0310622
0.0234423
0.0197206
0.0175119
0.0164567
0.0165094
0.0176813
0.0174818
0.0183799
0.0190082
0.00925643
0.035104
0.0122528
0.0119809
0.00939423
0.00676433
0.00652964
0.00902427
0.0122964
0.0205165
0.0255766
0.0245417
0.0253973
0.132757
0.0433826
0.00926436
0.00559781
0.00397666
0.00342245
0.00323904
0.00319624
0.00338073
0.00441217
0.00559226
0.00370172
0.00247136
0.00207979
0.00222875
0.00283352
0.00411311
0.00701038
0.0136326
0.0315692
0.104559
0.0742126
0.0652247
0.0634442
0.0646738
0.066739
0.0692036
0.0708052
0.0703199
0.0673232
0.0623504
0.050908
0.0437073
0.0302205
0.0126031
0.00737874
0.00126884
0.00373032
0.00227373
0.0020705
0.00195547
0.00537926
0.00161432
0.00163798
0.00217703
0.00224058
0.00174933
0.00174497
0.00182308
0.0019638
0.00201342
0.00186634
0.00183353
0.00166279
0.00205976
0.0016719
0.00129863
0.00103423
0.000846136
0.00252416
0.000503671
0.000356449
0.000256653
0.00019667
0.000154837
9.53196e-05
7.22318e-05
6.00732e-05
5.18765e-05
4.74638e-05
3.25684e-05
0.0135672
0.016202
0.0202069
0.0397748
0.0590681
0.0461223
0.0295157
0.022449
0.0193622
0.0175312
0.0166225
0.0169061
0.0184316
0.0144601
0.0160473
0.0184812
0.0148027
0.0125983
0.0122385
0.0114976
0.00949773
0.0069704
0.00673714
0.0093528
0.0129074
0.0225877
0.0262342
0.0245343
0.0230458
0.0301012
0.0125358
0.00763974
0.00514631
0.00395761
0.00367591
0.0036093
0.0035658
0.00370853
0.00486141
0.0125626
0.00457625
0.0027469
0.00226887
0.00241866
0.00304705
0.00441454
0.00736702
0.0137717
0.0301766
0.0428349
0.0559135
0.0609935
0.0638952
0.0653573
0.0671305
0.0691703
0.0703014
0.0694216
0.066269
0.0613924
0.0501195
0.0430657
0.0296166
0.0126309
0.00373577
0.00125089
0.00369587
0.00226304
0.00206273
0.00194103
0.00185247
0.00160181
0.00163601
0.00216167
0.00222767
0.00174708
0.00173771
0.00181772
0.00195589
0.00201614
0.00186128
0.0018329
0.00165742
0.00205241
0.00167424
0.00129562
0.00103182
0.000844532
0.000709886
0.000502212
0.000355948
0.000256216
0.000196406
0.000154864
9.51088e-05
7.21053e-05
5.99883e-05
5.18116e-05
4.75009e-05
3.25226e-05
0.0137948
0.0151972
0.00893496
0.00994188
0.0482783
0.0347399
0.0253426
0.0091514
0.0101388
0.0180394
0.0137524
0.017442
0.0190487
0.0155107
0.0167741
0.0175697
0.0179915
0.0174063
0.012644
0.00427072
0.010949
0.00759818
0.00721382
0.0100216
0.0140625
0.0292282
0.0290069
0.0245625
0.0196277
0.0153117
0.00975634
0.00643479
0.00479282
0.0040779
0.00436121
0.00475263
0.00455499
0.00456625
0.00468978
0.00487486
0.00368576
0.00290791
0.00261927
0.00279946
0.00350483
0.00508013
0.0082068
0.0150912
0.0294845
0.0406692
0.0487753
0.0629528
0.0664966
0.066896
0.0676741
0.0688366
0.0691639
0.0676311
0.0642073
0.057415
0.0485242
0.041726
0.0283288
0.0112163
0.00385876
0.00121307
0.00236832
0.00223871
0.00204668
0.00191202
0.00179959
0.00157913
0.00589294
0.00212737
0.00220018
0.00574543
0.00172177
0.00180617
0.0019388
0.00527517
0.0018499
0.0018317
0.00164504
0.00203787
0.00464816
0.00128888
0.00102679
0.000841114
0.000691915
0.000499473
0.000354863
0.000255258
0.00149457
0.0014739
9.46419e-05
7.18301e-05
5.98012e-05
5.16684e-05
0.00198062
3.24207e-05
0.0142159
0.0143659
0.0258872
0.0342346
0.0323888
0.0270124
0.0216013
0.0189508
0.0174606
0.0166096
0.0163109
0.0168796
0.0183137
0.00969599
0.0288751
0.0177405
0.0186467
0.0184064
0.0129526
0.0124468
0.00954434
0.0071511
0.00768602
0.0100004
0.0152651
0.0591104
0.0338098
0.0244773
0.017787
0.0122439
0.00851417
0.00598353
0.00480919
0.00435065
0.00520092
0.0116031
0.00605447
0.0075978
0.00553434
0.00501666
0.00411798
0.00357594
0.00321688
0.00334315
0.00417393
0.00636687
0.00995881
0.017226
0.0303818
0.0388907
0.0497882
0.0656542
0.0870002
0.0682418
0.0675935
0.0678168
0.0674273
0.0652427
0.0614445
0.0514674
0.0464042
0.0350095
0.0264611
0.00942291
0.00407313
0.00116635
0.00230956
0.00219901
0.00202617
0.0018717
0.00565959
0.00220786
0.00221901
0.00207433
0.00215965
0.00167666
0.00169768
0.00178918
0.00191419
0.00194911
0.00183193
0.00183039
0.00162481
0.0020196
0.00162353
0.00127827
0.00101924
0.000836075
0.000678191
0.000495723
0.00035323
0.000253831
0.000192363
0.000148172
9.39049e-05
7.14164e-05
5.9518e-05
5.14498e-05
4.55964e-05
3.2257e-05
0.0143193
0.0128974
0.0587817
0.0421738
0.0271063
0.0221587
0.0191817
0.0175662
0.0164203
0.0159675
0.0146215
0.0158794
0.0161017
0.0164726
0.0185276
0.018666
0.0186452
0.0178758
0.0139842
0.0115053
0.00821284
0.00705206
0.00873909
0.0114588
0.0167408
0.0297325
0.0284882
0.0227602
0.0165329
0.0116114
0.00831449
0.00625393
0.00528151
0.00477702
0.00494263
0.00519445
0.00513578
0.00539858
0.0058706
0.0143072
0.00511573
0.0046227
0.00404204
0.00401121
0.00505481
0.00787452
0.0126155
0.0201203
0.0322217
0.0432562
0.0504139
0.0643124
0.0693098
0.0666356
0.0661929
0.0659665
0.0652254
0.0624854
0.0559416
0.0484618
0.043953
0.0325576
0.0241278
0.00591656
0.00265115
0.00389428
0.00224008
0.00213993
0.00526483
0.00182439
0.00170632
0.00212503
0.00208457
0.00200788
0.00210834
0.00161929
0.00166776
0.00176718
0.00188242
0.00189534
0.00180963
0.00557436
0.00159608
0.00563738
0.00158589
0.00126473
0.00100922
0.000829505
0.000664279
0.000491045
0.000351065
0.000251969
0.000189329
0.000142954
9.29692e-05
7.08725e-05
5.91401e-05
5.11585e-05
4.40192e-05
3.20531e-05
0.0144163
0.0123805
0.0409461
0.0266433
0.0206083
0.0190111
0.0180578
0.0097032
0.0162153
0.015805
0.0161081
0.0166691
0.0172754
0.0174485
0.0185394
0.0169631
0.0170065
0.0167947
0.0155497
0.0104766
0.00761747
0.0076297
0.0117521
0.0189907
0.0183496
0.0267777
0.0259947
0.0224722
0.0176054
0.0120243
0.00906811
0.00722658
0.00604773
0.00569167
0.00549055
0.00538034
0.00537455
0.00564655
0.00610387
0.00617759
0.00557689
0.00581635
0.0110286
0.00486123
0.00626085
0.0100723
0.0173732
0.0231892
0.0335232
0.0713658
0.0500533
0.0624567
0.0843858
0.0649028
0.0640723
0.063486
0.0625698
0.0591083
0.0491978
0.0450978
0.0413036
0.0297308
0.0213747
0.00550178
0.00264033
0.00370469
0.00216254
0.00205924
0.00192856
0.00177224
0.00165007
0.00202896
0.00196612
0.00193622
0.00204878
0.00156696
0.00163184
0.00174074
0.0018459
0.00185296
0.00178382
0.00562832
0.00223078
0.00190885
0.00155526
0.00124851
0.000996914
0.00082185
0.000650972
0.000485556
0.000348376
0.000249707
0.000186414
0.00156787
9.18642e-05
7.03034e-05
5.8663e-05
5.08043e-05
4.27252e-05
3.18148e-05
0.0139084
0.0127522
0.0201681
0.00936421
0.0177046
0.0181375
0.0107725
0.0136133
0.0146494
0.0164811
0.0166446
0.0173365
0.0159977
0.0182812
0.0186219
0.0188076
0.018659
0.0161284
0.0126599
0.00944127
0.00376281
0.00847077
0.00971197
0.0128929
0.0187403
0.0501312
0.0486219
0.0226955
0.0425227
0.0143488
0.0107004
0.00879363
0.0077814
0.00703026
0.00664875
0.0063548
0.00642336
0.00629927
0.0066399
0.00738608
0.0134656
0.00577911
0.00516684
0.00555008
0.00716667
0.0123752
0.0534373
0.0270125
0.0332618
0.0395366
0.0472748
0.0545153
0.0821067
0.0622831
0.0612324
0.0602187
0.0590821
0.0750513
0.0455798
0.0415425
0.0385151
0.0266076
0.0114469
0.00710495
0.00510241
0.00228873
0.00207552
0.00196921
0.00185799
0.00171915
0.00159707
0.00192795
0.00186303
0.00185983
0.00198267
0.00213555
0.0015917
0.00171021
0.00180663
0.00558046
0.00175489
0.00173156
0.00214003
0.00183029
0.00152908
0.00122972
0.000982302
0.00261837
0.000638656
0.000479892
0.000345188
0.000247092
0.0001835
0.000134063
9.05806e-05
6.96219e-05
5.80967e-05
5.03962e-05
4.16385e-05
3.15438e-05
0.0150617
0.0132113
0.0106922
0.0163815
0.0171095
0.0177467
0.0132438
0.0177528
0.0168704
0.0171211
0.0163862
0.0163357
0.0188864
0.01569
0.0185659
0.0183875
0.0171843
0.0141217
0.0107991
0.00829266
0.00733196
0.0081208
0.0107611
0.0225664
0.0218058
0.0274479
0.0256488
0.0230143
0.019975
0.0154896
0.0336054
0.0111338
0.0103102
0.0094131
0.00882285
0.015115
0.00797057
0.00782658
0.00807633
0.0079134
0.00687819
0.00581132
0.00553398
0.00632805
0.00796787
0.012337
0.019216
0.0233457
0.0320721
0.037135
0.044392
0.0489993
0.0784903
0.0565265
0.055502
0.0544994
0.053304
0.0466845
0.0417494
0.0333902
0.0302472
0.0364548
0.0176312
0.00399858
0.00110075
0.00217676
0.00198424
0.00187287
0.00179113
0.00592608
0.00585293
0.00182418
0.00176153
0.00177878
0.00551426
0.00203048
0.00220223
0.00167505
0.001767
0.00564335
0.00172368
0.00168034
0.00204309
0.00175866
0.00394781
0.00120873
0.000965441
0.000796806
0.000626716
0.000473628
0.000341706
0.00024412
0.000180581
0.000130017
8.91573e-05
6.88328e-05
5.74375e-05
4.99188e-05
4.06988e-05
3.12392e-05
0.0141697
0.0155723
0.0111742
0.0102021
0.0166369
0.0166579
0.0170019
0.0167026
0.0169203
0.0177821
0.0165241
0.0166932
0.0138527
0.0179798
0.0155147
0.0160277
0.0153712
0.0131333
0.0111436
0.00777268
0.00696093
0.00785629
0.00923965
0.0130149
0.0471907
0.0546306
0.0260477
0.0244373
0.0471702
0.017414
0.0152268
0.0145035
0.0151231
0.0142195
0.0121683
0.0110631
0.0243325
0.00997705
0.0102739
0.0234167
0.0077303
0.00678939
0.00670412
0.00743279
0.00887139
0.0123754
0.0173819
0.0227796
0.0311745
0.0353561
0.0390564
0.0452109
0.0479228
0.0493074
0.0729669
0.0475988
0.0467488
0.0428326
0.0380956
0.0295929
0.0411428
0.0232822
0.0051482
0.00567
0.00361109
0.00207087
0.00189123
0.00177126
0.00573342
0.00156774
0.00197198
0.00171201
0.00166131
0.00169417
0.00181459
0.00192945
0.0021058
0.00163197
0.00577307
0.00171464
0.00589906
0.00590778
0.00194814
0.00168961
0.00386769
0.00118358
0.000946568
0.000779356
0.000614545
0.00046676
0.000337869
0.000240836
0.000176453
0.000126433
8.76043e-05
6.7932e-05
5.67134e-05
4.93763e-05
3.98594e-05
3.08996e-05
0.013451
0.0147654
0.0159127
0.0113301
0.0157168
0.0157282
0.0143168
0.0165698
0.0163791
0.0172175
0.0201389
0.0168338
0.0154763
0.00974998
0.0177283
0.0167953
0.0152996
0.0127583
0.00634176
0.00306412
0.00363768
0.00776996
0.00884868
0.0123251
0.0199272
0.0509215
0.0254948
0.0241987
0.022032
0.01925
0.018347
0.0186329
0.0254484
0.0496389
0.0418466
0.0171041
0.0152445
0.0139798
0.0130935
0.0112707
0.0091328
0.00810704
0.00810559
0.00890964
0.0110624
0.0134963
0.0173572
0.0226947
0.0308462
0.0339644
0.0365757
0.0387173
0.0433942
0.0452099
0.0445101
0.0437986
0.0673712
0.0601352
0.0299365
0.0254793
0.0214382
0.00786367
0.00337042
0.0010917
0.0045561
0.00513435
0.001795
0.0016709
0.00594
0.00202675
0.00178866
0.0015997
0.0015694
0.00160859
0.00171349
0.00183351
0.00571588
0.00586207
0.00167133
0.00165527
0.0016252
0.00222127
0.00185957
0.00162197
0.00139927
0.00112718
0.000925892
0.000761105
0.000602053
0.000459367
0.000333688
0.000237381
0.000172341
0.00012305
8.61841e-05
6.69225e-05
5.59498e-05
4.87575e-05
3.91023e-05
3.05222e-05
0.013387
0.0133772
0.0131298
0.0132122
0.015486
0.0156897
0.0163099
0.0158191
0.0163909
0.0169423
0.0172337
0.0162203
0.00343799
0.00288828
0.0153774
0.0156965
0.0129111
0.01143
0.00913631
0.0079293
0.00737387
0.00798227
0.00937558
0.0121204
0.0174322
0.0250091
0.0255678
0.0242984
0.0236911
0.0220912
0.0214682
0.0229075
0.025937
0.025297
0.0237883
0.0501998
0.0230237
0.0476474
0.0182079
0.0401134
0.0123422
0.0103267
0.0102788
0.0119061
0.0132802
0.0150774
0.0175526
0.0224506
0.0584272
0.0327312
0.0340721
0.0353891
0.0363302
0.0413113
0.0648923
0.0400117
0.0590772
0.0307487
0.0257862
0.0212504
0.00993779
0.0123716
0.00239207
0.00351821
0.00203034
0.00183235
0.00170044
0.00156809
0.0020882
0.00543738
0.00162648
0.00149941
0.00148123
0.00152751
0.00161762
0.00173993
0.00190042
0.00213327
0.00161458
0.00586116
0.00222252
0.00207048
0.00177199
0.00155907
0.00133724
0.00109737
0.000903503
0.000742001
0.00058903
0.00183384
0.000329107
0.000233858
0.000168231
0.000119861
8.48318e-05
6.58324e-05
5.50892e-05
4.80681e-05
3.80759e-05
3.01106e-05
0.0135341
0.0140841
0.0141193
0.0144606
0.0170291
0.0159781
0.0174302
0.0165094
0.0168059
0.0167758
0.0167967
0.0213729
0.0158629
0.00647348
0.015181
0.0154888
0.0135238
0.0102158
0.00895975
0.00488355
0.0075695
0.00802815
0.0169485
0.012519
0.0166499
0.0485762
0.0534209
0.0247052
0.026819
0.0521575
0.0263612
0.0262206
0.0267346
0.0261435
0.0253598
0.0283026
0.026035
0.0279752
0.0479449
0.0198778
0.0160706
0.0138876
0.0136989
0.0154154
0.0168809
0.0167888
0.0186832
0.0212477
0.0256397
0.0310391
0.0584159
0.0591238
0.0598588
0.0336102
0.0330272
0.0319269
0.0301462
0.0262047
0.0215407
0.00975771
0.00470157
0.00685233
0.00102557
0.00209705
0.00188976
0.00169778
0.00593911
0.00580291
0.0018345
0.00165562
0.00149119
0.00140155
0.00139446
0.0014459
0.00153258
0.00164704
0.00179592
0.00199385
0.00222182
0.00215529
0.00208482
0.00194131
0.00168605
0.00149576
0.00128355
0.00106621
0.000879754
0.000722342
0.000575972
0.000438866
0.000324332
0.00164706
0.000164137
0.000116845
8.34281e-05
6.4646e-05
5.41547e-05
4.731e-05
3.72689e-05
2.96581e-05
0.0138212
0.0148146
0.015644
0.017115
0.0182044
0.0161936
0.0179451
0.0164378
0.0181949
0.0184337
0.021116
0.0231076
0.0172663
0.0175626
0.0160143
0.0156767
0.0129418
0.00946182
0.00795403
0.00744911
0.00766876
0.00895102
0.0251433
0.0128952
0.0161421
0.0436276
0.0236867
0.0234171
0.0569363
0.029124
0.055942
0.0305255
0.0325634
0.0322608
0.0294857
0.029201
0.0309178
0.0307951
0.0257288
0.0233438
0.0496268
0.046133
0.0174148
0.0194552
0.051116
0.0173217
0.0184503
0.0490841
0.019899
0.0279731
0.0528359
0.028082
0.0285204
0.029425
0.0502047
0.0457154
0.0255598
0.0355324
0.0100834
0.00631411
0.00289352
0.00462472
0.0050021
0.00195326
0.00548803
0.00156651
0.00587558
0.00177082
0.00162706
0.00149123
0.00137178
0.00130846
0.00131097
0.00136461
0.00145004
0.00156162
0.00169645
0.0018697
0.00581908
0.00201154
0.00195484
0.00533186
0.00160464
0.00143291
0.00123228
0.00103583
0.000855546
0.000702172
0.000562952
0.000425599
0.00170448
0.000224658
0.000160018
0.000113988
8.19261e-05
6.33607e-05
5.31622e-05
4.60949e-05
3.64711e-05
2.9193e-05
0.013747
0.0149387
0.0166296
0.0169247
0.0147325
0.0175908
0.0163314
0.0148139
0.013433
0.0061052
0.0214272
0.00610438
0.0188723
0.00144424
0.00400965
0.0161197
0.0125844
0.00321135
0.0019267
0.00607773
0.00722747
0.0152032
0.0137001
0.0129861
0.0149263
0.0175627
0.0198808
0.0208629
0.023844
0.0256088
0.0272929
0.0299315
0.0331137
0.0585332
0.0326969
0.0324266
0.032777
0.03293
0.0556043
0.0241899
0.022687
0.0203916
0.0200574
0.022102
0.0526709
0.0167477
0.015428
0.0145452
0.0160478
0.0169986
0.0152408
0.0146042
0.017367
0.0427513
0.0415979
0.0230334
0.0209357
0.0168252
0.00663892
0.00309145
0.000929355
0.000908836
0.00452485
0.00181043
0.00161231
0.00196997
0.00177155
0.00156661
0.00146513
0.00135333
0.00126806
0.00122574
0.00123541
0.00128881
0.00136999
0.0014789
0.00160174
0.00175257
0.00195038
0.00188534
0.00184144
0.00172787
0.00152985
0.00390399
0.00115596
0.0031502
0.00271697
0.00068113
0.00054936
0.000411994
0.000309172
0.000218701
0.000155798
0.000111377
8.03514e-05
6.19889e-05
5.20893e-05
4.48759e-05
3.56664e-05
2.87474e-05
0.0135585
0.0149882
0.0189457
0.0157736
0.00253171
0.0132814
0.0119514
0.0147275
0.00468495
0.0187689
0.00413785
0.0045408
0.0182946
0.00124551
0.00228035
0.0156488
0.0119627
0.00175698
0.00724157
0.00787807
0.00734972
0.00881737
0.0226713
0.0109606
0.0137493
0.0157034
0.044238
0.0181768
0.0189898
0.0220245
0.0250423
0.025635
0.0542977
0.0297718
0.0569744
0.0338177
0.0344365
0.0631119
0.0572909
0.0244316
0.0231235
0.0227705
0.0225315
0.0228448
0.0193785
0.0144485
0.0126671
0.011537
0.0111026
0.0359345
0.0101058
0.0112185
0.0110516
0.0112171
0.0107025
0.0152308
0.00944945
0.00708177
0.00333226
0.00464052
0.00326858
0.00196004
0.00182825
0.00166477
0.00207607
0.00172513
0.00154244
0.00139587
0.00410865
0.00123991
0.00114887
0.00111832
0.00113527
0.00121718
0.00129641
0.0013978
0.00151665
0.00164159
0.00534788
0.00176888
0.00173187
0.00162668
0.00145697
0.00130665
0.00110464
0.000969968
0.000807687
0.000661895
0.000535246
0.000398413
0.0017605
0.000213134
0.000151606
0.000108786
7.90196e-05
6.07833e-05
5.09263e-05
4.36239e-05
3.48552e-05
2.82621e-05
3.53102e-05
0.00300142
0.0155672
0.00504253
0.00159258
0.00331732
0.00951302
0.00195
0.00219222
0.0115906
0.0122996
0.0018677
0.0153445
0.0172218
0.016978
0.00396007
0.00983433
0.00738586
0.00618581
0.00606468
0.00816452
0.0113839
0.00796239
0.02173
0.0308716
0.039585
0.0391241
0.0142012
0.0146707
0.0178541
0.0482914
0.0503828
0.021628
0.0217442
0.024415
0.0597326
0.0602681
0.0321029
0.0279605
0.0532941
0.0237729
0.0243076
0.0543917
0.020311
0.0453544
0.0116938
0.0324374
0.00843758
0.00842312
0.0163345
0.00849418
0.00860198
0.00820457
0.00837121
0.00768413
0.00714892
0.0046874
0.00586404
0.00461779
0.00313277
0.00457577
0.00503107
0.00163859
0.00216528
0.00174512
0.0014813
0.0013265
0.00122844
0.00115689
0.00109151
0.00104622
0.00103068
0.00105068
0.00110724
0.0036529
0.00130631
0.00141923
0.00417829
0.00165363
0.00472397
0.00160921
0.00152397
0.00137299
0.00123433
0.00104775
0.00298545
0.000775596
0.000638665
0.000518689
0.0018695
0.000284524
0.000206454
0.00014692
0.000105636
7.73633e-05
5.97456e-05
4.94125e-05
4.20964e-05
3.38529e-05
2.76709e-05
4.99808e-05
0.000125523
0.00553897
0.0166934
0.0132643
0.00800145
0.0055952
0.00621544
0.00687455
0.00740044
0.00184656
0.00172218
0.00167692
0.0143415
0.00163823
0.0106219
0.00778528
0.00213946
0.00472392
0.00527204
0.00501124
0.00538981
0.0059022
0.00775195
0.0297164
0.031643
0.0314986
0.0112136
0.0315027
0.0125882
0.0136662
0.0144598
0.0147708
0.0161824
0.018
0.0203944
0.0207376
0.0212103
0.052713
0.0236168
0.0531557
0.0569462
0.0541042
0.0166571
0.0117226
0.00878846
0.00546373
0.0046853
0.0047822
0.00476826
0.0028474
0.00653628
0.00631308
0.00633409
0.00199679
0.00170308
0.00482121
0.00491324
0.00194499
0.00489132
0.00528683
0.00586054
0.00203664
0.0017514
0.00146088
0.00125757
0.00111598
0.00104857
0.00101287
0.000979533
0.000950305
0.000942037
0.00096628
0.00101982
0.00109239
0.0012101
0.00130692
0.00139555
0.0014964
0.0014976
0.00148635
0.00141374
0.00128547
0.00112829
0.000988366
0.00086994
0.000738016
0.00061
0.000495289
0.00036359
0.000267896
0.000196433
0.000141333
0.000101884
7.54091e-05
5.84932e-05
4.75326e-05
4.05934e-05
3.2647e-05
2.691e-05
0.00011422
9.37291e-05
0.000985852
0.00521674
0.00568625
0.00235762
0.00144572
0.00191059
0.00292404
0.00419303
0.00542736
0.00806988
0.00971561
0.00179719
0.00165539
0.00198988
0.00673563
0.00558021
0.00923726
0.00492264
0.00947945
0.00435335
0.00486357
0.00642077
0.0222571
0.00805785
0.00770652
0.00786147
0.022624
0.00876546
0.0304468
0.0328856
0.0110393
0.0134875
0.0392925
0.012822
0.0139249
0.0155798
0.0182015
0.0494068
0.0194512
0.0192985
0.016454
0.0418655
0.00890698
0.00511308
0.00427696
0.00324999
0.00233956
0.00202821
0.00208402
0.00453615
0.00214551
0.00468005
0.00205863
0.00438497
0.004378
0.00482733
0.00171415
0.00159671
0.00147953
0.00190243
0.00164115
0.00144719
0.00412711
0.00106418
0.000968066
0.000917541
0.00308088
0.00300994
0.000862505
0.000860173
0.00088396
0.000938373
0.00100721
0.00109166
0.00120528
0.00127987
0.00135653
0.00136917
0.00136367
0.00131064
0.00368566
0.00105162
0.00092904
0.000822571
0.00070077
0.000580417
0.00047016
0.00194577
0.000252919
0.000186641
0.000135772
9.80968e-05
7.3371e-05
5.71004e-05
4.62327e-05
3.91172e-05
3.14826e-05
2.60677e-05
0.000128819
0.000122982
0.000528407
0.000995371
0.000951578
0.000374438
0.000187454
9.52123e-05
0.000381009
0.00134243
0.00339663
0.00577289
0.00770176
0.00953546
0.00285988
0.00760598
0.006236
0.0078876
0.0047426
0.00392834
0.00368903
0.0113518
0.0130438
0.0147236
0.017248
0.00579072
0.00543085
0.00523944
0.00480197
0.00546274
0.0183195
0.00571986
0.00652162
0.0272337
0.00749526
0.00799934
0.0312669
0.0109114
0.0122189
0.0136505
0.0143374
0.0428344
0.0114258
0.00873956
0.00985498
0.00897381
0.00587011
0.00169734
0.00168465
0.00172078
0.00180838
0.00517039
0.00508906
0.00185269
0.00180828
0.00177377
0.00172754
0.00160582
0.00148988
0.00197731
0.00174865
0.00463681
0.00135595
0.00407578
0.00104365
0.000921118
0.000848201
0.000812946
0.000799803
0.000793873
0.00267995
0.000788794
0.000814112
0.00086334
0.000926474
0.00101203
0.00108439
0.00115316
0.00123963
0.00396627
0.00125725
0.00121955
0.00109501
0.00098643
0.000873312
0.000774647
0.00066792
0.00055063
0.000442438
0.000324337
0.000238589
0.000177109
0.000129646
9.43577e-05
7.13303e-05
5.55229e-05
4.5128e-05
3.75942e-05
3.03379e-05
2.51689e-05
0.000130435
0.000139714
0.00041294
0.000747055
0.000855234
0.000945817
0.00088957
0.000524728
0.000174639
0.000144277
0.00105051
0.00619895
0.00587145
0.00744147
0.00796175
0.00719404
0.00629207
0.00488288
0.00396417
0.00320195
0.0028195
0.0122606
0.00279195
0.00341685
0.00386756
0.00399517
0.004196
0.0122282
0.00276743
0.0105958
0.00276588
0.00276909
0.0104763
0.00397407
0.014907
0.00522039
0.006507
0.00735955
0.00861048
0.0100116
0.0102511
0.00940678
0.00658555
0.00930061
0.00378407
0.00204662
0.00214532
0.00192086
0.00191227
0.00198364
0.00587857
0.00594165
0.00591461
0.00159261
0.00591265
0.00152641
0.00218488
0.00573091
0.0017693
0.0015978
0.00142746
0.0012664
0.00112488
0.0010161
0.000897591
0.000799209
0.000742318
0.000717951
0.0007103
0.000709916
0.000711822
0.000719017
0.000743992
0.000794679
0.000855307
0.000934914
0.00326965
0.00105694
0.00110877
0.00113269
0.00113455
0.00110448
0.00333548
0.0009186
0.00082366
0.000727403
0.000633384
0.000522275
0.000414343
0.000302933
0.000224472
0.000168568
0.000123476
9.04504e-05
6.92172e-05
5.37915e-05
4.41417e-05
3.67984e-05
2.91384e-05
2.42175e-05
0.000130747
0.000133906
0.000257009
0.000558196
0.000784102
0.000834216
0.000989888
0.00111895
0.000658398
0.000192602
0.000410108
0.00135113
0.00377147
0.00603555
0.00655344
0.00716082
0.00647521
0.0107615
0.0037313
0.00267047
0.00207752
0.00173815
0.00178457
0.00217194
0.00253773
0.0126417
0.00241554
0.00184954
0.00147679
0.00144961
0.00137407
0.00147555
0.0016876
0.00194883
0.00240172
0.00339255
0.00447414
0.0187283
0.00613781
0.00682877
0.00712238
0.00566117
0.00951796
0.00349882
0.00198935
0.00187858
0.00432935
0.00147592
0.00146802
0.00153041
0.00165412
0.00172725
0.00178403
0.00184196
0.0018202
0.00176344
0.00168212
0.00156751
0.0014433
0.00129694
0.00116978
0.00105666
0.000955244
0.000868177
0.00304629
0.000693067
0.000641747
0.000626537
0.000626686
0.000634994
0.000643162
0.000654713
0.000680473
0.000727022
0.000787818
0.000863976
0.000922289
0.000973871
0.00101887
0.00103732
0.00104511
0.00102603
0.000947824
0.000859917
0.000773464
0.000687529
0.00059414
0.00222665
0.000389225
0.000283574
0.000210437
0.000158603
0.000116743
8.65189e-05
6.64306e-05
5.19862e-05
4.30484e-05
3.60007e-05
2.81099e-05
2.31759e-05
0.000130935
0.000131025
0.000159062
0.00028636
0.000376157
0.000356081
0.000486124
0.000903334
0.00110646
0.000536299
0.000200513
0.000654484
0.00206152
0.0156812
0.0053851
0.013176
0.0122829
0.00402869
0.0110437
0.00202549
0.0106112
0.00116471
0.00113101
0.00141717
0.0126702
0.0126339
0.00151662
0.0058904
0.000874928
0.000799876
0.000867878
0.00113758
0.00409809
0.00136402
0.00168535
0.00233367
0.0112436
0.00402177
0.00467787
0.0168068
0.00507864
0.0095789
0.00323332
0.00189138
0.00165835
0.00140739
0.00121884
0.00113904
0.00114179
0.00119978
0.00426092
0.00133328
0.00138223
0.0045819
0.00464164
0.00140668
0.00133817
0.00125445
0.00396136
0.00107743
0.000981207
0.000889187
0.000810088
0.000738108
0.000660866
0.000591428
0.000552483
0.000544955
0.000549655
0.000563423
0.00228203
0.00058845
0.000617318
0.000666536
0.000723383
0.000796088
0.000850414
0.000894423
0.000933532
0.000952505
0.00328971
0.00326708
0.000878373
0.00080274
0.000724966
0.000643455
0.000557858
0.000460066
0.000361349
0.000265347
0.000196972
0.000149221
0.000110154
8.26898e-05
6.35736e-05
5.04763e-05
4.18135e-05
3.50552e-05
2.75993e-05
2.23232e-05
0.000131003
0.000127479
0.000124404
0.000146189
0.000153465
0.000136473
0.000203952
0.00049432
0.000977049
0.000921179
0.000327386
0.00012607
0.000835016
0.00211234
0.00329144
0.00423709
0.00365116
0.00255445
0.00185231
0.00129707
0.000908086
0.000653145
0.00480032
0.000869405
0.00111439
0.00521487
0.00130655
0.00261705
0.000735779
0.000549076
0.000436973
0.000529492
0.000676705
0.00092793
0.00140812
0.00191028
0.00226576
0.00342675
0.00386301
0.00388449
0.00344744
0.00171432
0.00179881
0.00155237
0.00123103
0.00324394
0.000952587
0.00090869
0.000922714
0.000973664
0.00358858
0.00106261
0.00110424
0.00114366
0.00114927
0.00113434
0.00109146
0.00103686
0.000981887
0.00347376
0.000819417
0.00073753
0.000674079
0.000615585
0.000549278
0.000496692
0.000468788
0.000466765
0.000476536
0.000493949
0.000512329
0.000528186
0.000556895
0.000604563
0.000663772
0.00073037
0.000779178
0.000825027
0.000861002
0.000877032
0.000889676
0.00311439
0.000816642
0.000744875
0.000679113
0.000597686
0.000520144
0.00042801
0.000334145
0.0002472
0.000184568
0.000140034
0.000104111
7.88971e-05
6.0636e-05
4.88545e-05
4.06076e-05
3.4044e-05
2.69874e-05
2.21576e-05
0.000130765
0.000121468
0.00010863
9.48762e-05
7.65983e-05
5.78122e-05
9.13586e-05
0.0002667
0.000669076
0.000981092
0.000607716
0.000199754
0.000253561
0.000802805
0.00155132
0.00209686
0.0116097
0.00756785
0.00105721
0.00408119
0.000413643
0.00031167
0.00036142
0.0004996
0.000655901
0.000913727
0.00126586
0.000466973
0.000945052
0.000156966
0.00011907
0.000210356
0.000963381
0.000410903
0.000846514
0.00150208
0.00191363
0.00622052
0.00192237
0.00649787
0.00156983
0.00151436
0.00141582
0.00333635
0.00094176
0.000817459
0.00260739
0.000715033
0.00270475
0.000802937
0.00310504
0.000868639
0.000905355
0.000940921
0.00346201
0.000932706
0.000900116
0.000854653
0.000802283
0.000743013
0.000668345
0.000600432
0.000550097
0.00296852
0.000453429
0.00041482
0.000394966
0.00039889
0.00041271
0.000430396
0.000448638
0.000469737
0.000499869
0.000547569
0.000602724
0.000668032
0.000715637
0.000755971
0.000791847
0.000809615
0.000822702
0.000816553
0.00278258
0.000695444
0.000631475
0.000557327
0.000480458
0.000396054
0.000309753
0.000229342
0.000172401
0.000130843
9.82119e-05
7.49483e-05
5.81382e-05
4.70826e-05
3.93996e-05
3.29666e-05
2.65328e-05
2.19197e-05
0.000129809
0.000111339
8.32182e-05
5.96696e-05
3.575e-05
2.27975e-05
4.84383e-05
0.000172619
0.000473699
0.000836756
0.00078985
0.000346075
0.000146503
0.000332168
0.000690071
0.00400415
0.00086876
0.000611471
0.00302709
0.000283921
0.000146945
9.32528e-05
0.00011563
0.000560485
0.000183259
0.000102519
9.94668e-05
0.000207602
0.000746449
8.52949e-05
4.53963e-05
5.82633e-05
0.000100744
0.000208849
0.000561539
0.00219799
0.0014361
0.0016281
0.00165085
0.00407979
0.00134043
0.00318963
0.00101319
0.00274061
0.00259904
0.000590927
0.000547493
0.000539184
0.000577167
0.00275049
0.000669033
0.000690483
0.000724862
0.000760361
0.000767858
0.000753627
0.000725895
0.000687863
0.000641154
0.000591637
0.00053613
0.000483377
0.000442022
0.00041153
0.000370019
0.000342745
0.000331046
0.000337794
0.000353456
0.000373983
0.000394455
0.000415207
0.000444909
0.000492292
0.000546793
0.000604696
0.000654096
0.000697027
0.000729383
0.000745525
0.000755922
0.000749638
0.000703862
0.000643491
0.00058796
0.000515862
0.00044475
0.00036418
0.000286287
0.000212771
0.000160913
0.000122314
9.26254e-05
7.08709e-05
5.56816e-05
4.5376e-05
3.80509e-05
3.18277e-05
2.60739e-05
2.15721e-05
0.000125864
9.2318e-05
5.07885e-05
2.67557e-05
1.17466e-05
8.93904e-06
3.27412e-05
0.000136824
0.00037854
0.000701554
0.000808735
0.000512087
0.000190785
0.000130055
0.000260408
0.000423909
0.000339054
0.000239298
0.00015254
4.68699e-05
2.20998e-05
2.00133e-05
1.72554e-05
1.53855e-05
7.462e-06
4.14193e-06
1.14274e-05
0.000131444
0.000675454
4.16275e-05
0.000384533
6.77488e-06
2.23736e-05
9.21469e-05
0.00032164
0.00148931
0.00109006
0.00341823
0.00125663
0.00111642
0.00100046
0.000843828
0.000689473
0.000570538
0.000469176
0.000399365
0.000377621
0.0026011
0.000425554
0.000485369
0.000497847
0.000522875
0.000557625
0.00059065
0.000597163
0.000590045
0.000570096
0.000541588
0.00339817
0.000462777
0.000424596
0.00325772
0.000353205
0.000328617
0.00029867
0.000280273
0.000275057
0.000285139
0.000302665
0.000323321
0.000344035
0.000365216
0.000396508
0.000440368
0.000491636
0.000548945
0.000594735
0.000635579
0.000670001
0.000688519
0.000700525
0.000693138
0.000647796
0.000595204
0.000542606
0.000475041
0.000410162
0.000335214
0.000261982
0.000196982
0.00014944
0.00011426
8.70666e-05
6.70892e-05
5.31036e-05
4.36563e-05
3.66346e-05
3.08695e-05
2.54925e-05
2.12159e-05
0.000116833
5.82932e-05
1.89892e-05
6.86816e-06
3.31745e-06
5.51429e-06
2.66091e-05
0.000118233
0.000329623
0.000610439
0.000760202
0.00060123
0.000299103
0.000127599
0.000100142
9.41924e-05
7.53998e-05
5.5845e-05
3.90459e-05
2.83704e-05
2.50255e-05
2.05003e-05
1.62822e-05
1.19106e-05
1.44054e-05
1.34691e-05
0.000454057
2.43019e-05
0.000523447
0.000371971
4.56375e-07
5.35154e-07
9.24848e-07
3.21808e-05
0.000160848
0.00043241
0.000776165
0.0025009
0.000870546
0.000794795
0.000671931
0.000519234
0.000422779
0.000348132
0.00286273
0.000253347
0.000246782
0.0002748
0.000301777
0.000345683
0.000357123
0.000382457
0.000415068
0.000445483
0.000452838
0.000449746
0.000437873
0.000418069
0.000392389
0.0003581
0.000332341
0.000307916
0.000278929
0.000259958
0.000239718
0.000228341
0.000227754
0.000238892
0.00025631
0.000277356
0.000301343
0.000319982
0.000350319
0.000392943
0.000441108
0.000493379
0.0005399
0.000580113
0.000611502
0.000628652
0.000641241
0.000632627
0.000597503
0.000548671
0.000496391
0.000438689
0.000375484
0.000307188
0.000239524
0.000182012
0.000138571
0.000106652
8.14652e-05
6.35497e-05
5.06801e-05
4.17931e-05
3.51264e-05
2.99471e-05
2.48061e-05
2.08764e-05
9.79165e-05
2.18302e-05
4.04675e-06
2.10729e-06
2.28968e-06
5.26567e-06
2.27244e-05
0.000100606
0.000289641
0.000543465
0.000700635
0.000625028
0.000391796
0.000205658
0.000112613
7.98582e-05
6.213e-05
5.17785e-05
4.40576e-05
3.84132e-05
3.05353e-05
2.16895e-05
1.65644e-05
1.14853e-05
1.77393e-05
2.25812e-05
1.12867e-05
0.0005949
8.56353e-06
4.11951e-06
1.69401e-06
2.97064e-06
7.09821e-07
5.83499e-06
8.20018e-05
0.000268744
0.00051177
0.00058492
0.000559415
0.000467196
0.00032941
0.000268251
0.000225711
0.000186095
0.000159925
0.000142936
0.000147864
0.00017638
0.000202231
0.000237113
0.00024639
0.00027047
0.000299731
0.00032689
0.000335604
0.000334598
0.000328774
0.000315479
0.000295828
0.000273456
0.000258358
0.000238239
0.000217053
0.0002033
0.000190207
0.000184448
0.000187156
0.000199367
0.000216381
0.000236478
0.0025033
0.000280375
0.000309537
0.000348329
0.000394576
0.000443687
0.000485669
0.000525946
0.000557825
0.000577488
0.000588708
0.000580826
0.000545888
0.00050116
0.000457506
0.000401752
0.000345031
0.000279686
0.000219187
0.000167375
0.000128513
9.92564e-05
7.62814e-05
5.99152e-05
4.82262e-05
3.98727e-05
3.39484e-05
2.88914e-05
2.41157e-05
2.04396e-05
1.63812e-05
3.95811e-06
2.18766e-06
2.53923e-06
3.12869e-06
5.52277e-06
1.81781e-05
7.94355e-05
0.000244303
0.000477547
0.000639462
0.000615939
0.000450761
0.00028585
0.000184464
0.000136985
0.000109722
8.96394e-05
7.29871e-05
5.79995e-05
4.09713e-05
2.26899e-05
0.000518932
2.2765e-05
0.000880093
2.44563e-05
2.14168e-05
1.81992e-05
0.000771027
6.95414e-06
2.85297e-06
1.0785e-06
2.844e-06
2.85886e-07
3.21315e-05
0.000137848
0.000286058
0.000288949
0.00025548
0.000183783
0.00285538
0.000114136
8.99844e-05
6.98893e-05
6.063e-05
6.16311e-05
7.3654e-05
9.99505e-05
0.000123724
0.000148464
0.000160386
0.000182769
0.000209006
0.000232585
0.000242342
0.00388789
0.000241726
0.000232479
0.000219078
0.000205303
0.000195061
0.00018071
0.000166971
0.000157561
0.00014976
0.000147831
0.000152429
0.000164943
0.000181585
0.00020153
0.000224852
0.000243983
0.000272404
0.000309732
0.000351009
0.000397298
0.000439438
0.000475428
0.000503462
0.000523905
0.000535356
0.000526101
0.00049621
0.00046032
0.000418244
0.000367451
0.000314963
0.000254867
0.000200115
0.000153525
0.000119118
9.18774e-05
7.1507e-05
5.65589e-05
4.56972e-05
3.81115e-05
3.2627e-05
2.77653e-05
2.34205e-05
1.99268e-05
1.04239e-06
1.8796e-06
4.00854e-06
4.28534e-06
4.2575e-06
5.44785e-06
1.3443e-05
5.68639e-05
0.000191572
0.000406305
0.000575709
0.000590768
0.000482075
0.000351435
0.000256815
0.000202611
0.000165617
0.000134543
0.00010665
8.04341e-05
5.41341e-05
3.49732e-05
3.13423e-05
2.83277e-05
2.58565e-05
2.37714e-05
2.15626e-05
1.73509e-05
1.26481e-05
7.99401e-06
3.72056e-06
0.000491971
4.57861e-06
2.76411e-06
3.00362e-06
4.19858e-05
0.0015375
0.000107829
7.07495e-05
4.30474e-05
1.89808e-05
1.87418e-05
0.00405257
4.50119e-06
4.95836e-06
1.02083e-05
2.18317e-05
4.27271e-05
6.26589e-05
8.25783e-05
9.54805e-05
0.000115824
0.000138508
0.000158649
0.000168829
0.000176709
0.000172974
0.000167375
0.000159247
0.000151583
0.000144041
0.000134901
0.000126304
0.000120266
0.000116336
0.000117295
0.000123557
0.000135817
0.000151554
0.000171278
0.000192061
0.000212399
0.000238852
0.000273743
0.000313497
0.000354525
0.000394104
0.000429774
0.000457347
0.000475957
0.000485855
0.000478052
0.000451884
0.000418471
0.000381298
0.000336357
0.000285559
0.000232092
0.000181834
0.000140799
0.000110104
8.51356e-05
6.68133e-05
5.31443e-05
4.31198e-05
3.64621e-05
3.1177e-05
2.67533e-05
2.26338e-05
1.9334e-05
3.47178e-06
5.16138e-06
4.96689e-06
4.04681e-06
3.47673e-06
3.85578e-06
8.09165e-06
3.26725e-05
0.000121665
0.000290515
0.000464826
0.000534144
0.000499976
0.000427529
0.000359034
0.000304364
0.000255027
0.000206713
0.000160932
0.000120901
8.80994e-05
6.48773e-05
5.1341e-05
4.34549e-05
3.89371e-05
3.46451e-05
2.73973e-05
2.07137e-05
1.57751e-05
1.15645e-05
9.16217e-06
8.51342e-06
7.32089e-06
1.0696e-05
0.00170502
9.14285e-06
1.77433e-06
3.28777e-06
1.55002e-05
1.9074e-05
2.16522e-05
1.65973e-05
1.57881e-05
1.24304e-05
8.3306e-06
6.03873e-06
2.91464e-06
2.76227e-07
3.55755e-06
1.36491e-05
2.35766e-05
3.86467e-05
5.56038e-05
7.09975e-05
8.13399e-05
8.84358e-05
8.97533e-05
8.88475e-05
8.74039e-05
8.42868e-05
8.26118e-05
8.05896e-05
7.68441e-05
7.45541e-05
7.46607e-05
7.8257e-05
8.65002e-05
9.85163e-05
0.000112855
0.000130276
0.000147817
0.000168632
0.000193131
0.000223903
0.000258144
0.000295185
0.000330754
0.000360943
0.000385497
0.000402334
0.000411012
0.000403827
0.000384457
0.000359211
0.000327646
0.000288074
0.000245194
0.000197995
0.00015586
0.00012194
9.57555e-05
7.51113e-05
5.98119e-05
4.77897e-05
3.96907e-05
3.35834e-05
2.90408e-05
2.50171e-05
2.12935e-05
1.85407e-05
1.40129e-06
2.23331e-06
2.59126e-06
2.81183e-06
2.99366e-06
3.38528e-06
4.82142e-06
1.15134e-05
3.99647e-05
0.000113908
0.000226187
0.000335237
0.000388626
0.000389403
0.000362593
0.000322038
0.000273406
0.000222344
0.000175929
0.000139477
0.000115707
0.00010453
0.000101142
9.98753e-05
9.58265e-05
8.64109e-05
6.94262e-05
4.92846e-05
3.10014e-05
1.74663e-05
1.17439e-05
1.04872e-05
7.78185e-06
1.46978e-05
2.22564e-05
2.1086e-05
1.77155e-05
1.70174e-05
2.07989e-05
2.11787e-05
1.82264e-05
1.3066e-05
9.03623e-06
7.42498e-06
5.16798e-06
2.29059e-06
2.41899e-06
5.26616e-06
3.71805e-06
3.75206e-06
1.38019e-06
2.01705e-07
2.28769e-06
8.04106e-06
1.47404e-05
2.02049e-05
2.41243e-05
2.68306e-05
2.95426e-05
3.08626e-05
3.2763e-05
3.39701e-05
3.44087e-05
3.61838e-05
4.00951e-05
4.55346e-05
5.31374e-05
6.28307e-05
7.42963e-05
8.84254e-05
0.000103108
0.000121279
0.000142536
0.000168207
0.000197212
0.000227715
0.000256528
0.000282003
0.000303035
0.000318165
0.00032473
0.000319049
0.000305102
0.000286556
0.000263063
0.000231721
0.000195159
0.000158435
0.000124546
9.81072e-05
7.82858e-05
6.24259e-05
5.06057e-05
4.13241e-05
3.47857e-05
2.98639e-05
2.58963e-05
2.2621e-05
1.95154e-05
1.69887e-05
3.24697e-07
7.45342e-07
1.22773e-06
1.80501e-06
2.35193e-06
2.81356e-06
3.3824e-06
4.62381e-06
8.81551e-06
2.07464e-05
4.40889e-05
8.48995e-05
0.000139779
0.000186635
0.000210656
0.00020966
0.000192908
0.000171569
0.000153912
0.000143806
0.000141051
0.000142873
0.000145693
0.00014633
0.000141064
0.000127579
0.000104612
7.62187e-05
4.83291e-05
2.65552e-05
1.35407e-05
7.79775e-06
1.19461e-05
1.47978e-05
1.45584e-05
1.30096e-05
1.15254e-05
9.90367e-06
8.35704e-06
7.32708e-06
6.40197e-06
5.15672e-06
4.00683e-06
3.13633e-06
2.43255e-06
2.08553e-06
2.8399e-06
2.73623e-06
1.17601e-06
1.35538e-06
3.16321e-06
2.70245e-06
2.112e-06
2.24549e-06
2.79668e-07
1.05857e-07
5.35016e-07
1.84479e-06
3.8668e-06
5.84055e-06
8.46043e-06
1.12647e-05
1.41393e-05
1.7168e-05
2.08423e-05
2.56609e-05
3.16369e-05
3.89527e-05
4.76396e-05
5.87592e-05
7.05595e-05
8.51417e-05
0.000103456
0.000124348
0.000148044
0.000172514
0.000195589
0.000216506
0.000234296
0.000247001
0.000251692
0.000247787
0.000237393
0.000223616
0.000206333
0.000181488
0.000152112
0.00012373
9.80386e-05
7.75364e-05
6.27207e-05
5.11478e-05
4.23301e-05
3.51646e-05
3.00081e-05
2.6205e-05
2.29563e-05
2.00299e-05
1.7505e-05
1.54823e-05
8.95339e-08
3.06403e-07
6.32343e-07
1.01576e-06
1.48715e-06
1.93857e-06
2.40109e-06
2.94471e-06
3.82615e-06
5.43522e-06
8.92315e-06
1.72986e-05
3.36624e-05
5.72526e-05
8.21055e-05
9.99216e-05
0.000108184
0.000110379
0.000110925
0.000112749
0.000116961
0.000123349
0.000130291
0.000135139
0.000134375
0.000124879
0.000105791
8.05008e-05
5.46391e-05
3.33584e-05
1.90093e-05
1.24929e-05
9.4719e-06
7.72765e-06
6.56105e-06
5.74323e-06
5.04034e-06
4.45753e-06
3.91203e-06
3.38996e-06
2.90227e-06
2.40727e-06
1.99395e-06
1.74177e-06
1.60579e-06
1.49601e-06
1.27448e-06
1.0475e-06
1.25361e-06
1.7094e-06
1.11465e-06
5.26424e-07
7.88722e-07
1.69888e-06
1.35455e-06
8.30439e-07
8.07413e-07
4.63907e-07
3.12212e-08
1.96408e-07
1.16591e-06
2.79524e-06
4.82801e-06
7.18439e-06
1.01682e-05
1.38126e-05
1.81439e-05
2.33896e-05
3.0135e-05
3.81139e-05
4.70789e-05
5.81835e-05
7.31114e-05
9.01433e-05
0.000108828
0.000128104
0.000146403
0.000163068
0.000177214
0.000187914
0.000190674
0.000188206
0.000181165
0.000170478
0.000156732
0.000137901
0.000116241
9.45277e-05
7.52031e-05
5.99883e-05
4.94683e-05
4.11636e-05
3.46274e-05
2.95008e-05
2.56096e-05
2.2442e-05
1.99158e-05
1.76378e-05
1.54963e-05
1.38273e-05
3.50954e-08
1.48022e-07
3.33912e-07
5.89577e-07
8.45186e-07
1.14462e-06
1.46555e-06
1.8142e-06
2.26131e-06
2.87441e-06
3.89299e-06
5.92228e-06
9.67062e-06
1.55777e-05
2.47175e-05
3.38888e-05
4.14226e-05
4.74389e-05
5.31024e-05
5.95893e-05
6.73061e-05
7.61185e-05
8.51863e-05
9.25259e-05
9.58332e-05
9.24434e-05
8.19744e-05
6.67206e-05
5.03088e-05
3.6121e-05
2.58809e-05
1.9329e-05
1.53567e-05
1.29268e-05
1.13989e-05
1.00955e-05
8.86996e-06
7.73161e-06
6.48795e-06
5.17672e-06
3.95025e-06
2.9355e-06
2.10091e-06
1.48875e-06
1.12703e-06
9.5921e-07
8.80213e-07
7.98695e-07
6.62362e-07
5.11771e-07
5.28831e-07
7.93546e-07
7.56206e-07
3.3783e-07
2.22792e-07
4.38085e-07
7.31783e-07
4.51753e-07
3.03016e-07
2.35715e-07
1.40076e-08
2.44612e-07
1.11593e-06
2.5289e-06
4.49161e-06
6.93794e-06
9.90579e-06
1.38412e-05
1.85382e-05
2.40623e-05
3.05276e-05
3.87812e-05
5.04441e-05
6.36746e-05
7.79751e-05
9.2985e-05
0.000106928
0.000119825
0.000130386
0.000138004
0.000140604
0.000139206
0.00013448
0.000126794
0.000115946
0.000102139
8.62586e-05
7.04898e-05
5.62143e-05
4.55497e-05
3.84013e-05
3.26117e-05
2.78869e-05
2.42368e-05
2.14377e-05
1.90708e-05
1.70596e-05
1.52498e-05
1.35089e-05
1.20255e-05
1.12611e-10
8.99325e-08
1.85057e-07
3.29851e-07
4.96504e-07
6.78402e-07
8.51302e-07
1.04619e-06
1.30315e-06
1.62483e-06
2.08298e-06
2.86535e-06
4.20804e-06
6.17662e-06
8.6929e-06
1.14732e-05
1.44075e-05
1.77987e-05
2.20231e-05
2.73819e-05
3.36485e-05
4.03975e-05
4.66792e-05
5.19214e-05
5.53475e-05
5.60266e-05
5.31714e-05
4.76136e-05
4.08426e-05
3.43318e-05
2.89697e-05
2.49597e-05
2.20153e-05
1.97201e-05
1.775e-05
1.58168e-05
1.38357e-05
1.18488e-05
9.81019e-06
7.83122e-06
6.0392e-06
4.5007e-06
3.21048e-06
2.17946e-06
1.42637e-06
9.62563e-07
7.00744e-07
5.63288e-07
4.76568e-07
3.96049e-07
3.00345e-07
2.13525e-07
2.10869e-07
3.30239e-07
3.6375e-07
1.603e-07
7.78217e-08
2.01408e-07
2.85221e-07
1.40881e-07
1.66295e-07
8.09544e-09
8.89394e-08
6.40014e-07
1.69346e-06
3.16738e-06
5.22463e-06
7.87267e-06
1.09738e-05
1.46657e-05
1.94574e-05
2.50168e-05
3.37293e-05
4.34961e-05
5.43973e-05
6.54136e-05
7.57254e-05
8.51727e-05
9.28899e-05
9.81869e-05
0.000100351
9.96974e-05
9.66377e-05
9.12169e-05
8.34544e-05
7.33627e-05
6.22251e-05
5.10876e-05
4.07577e-05
3.38946e-05
2.91884e-05
2.54008e-05
2.22393e-05
1.97102e-05
1.76879e-05
1.59017e-05
1.42719e-05
1.28357e-05
1.1524e-05
1.04286e-05
9.54784e-10
4.66333e-08
1.04789e-07
1.77302e-07
2.88033e-07
3.7799e-07
4.99079e-07
6.28953e-07
7.64255e-07
9.20495e-07
1.15041e-06
1.50073e-06
2.02629e-06
2.79314e-06
3.80098e-06
5.02525e-06
6.46473e-06
8.14834e-06
1.02618e-05
1.29949e-05
1.60959e-05
1.92095e-05
2.4168e-05
2.74893e-05
3.03469e-05
3.19201e-05
3.20227e-05
3.09346e-05
2.92383e-05
2.7248e-05
2.52394e-05
2.33501e-05
2.1571e-05
1.98258e-05
1.80374e-05
1.61697e-05
1.42235e-05
1.22489e-05
1.02847e-05
8.41442e-06
6.70362e-06
5.18954e-06
3.88943e-06
2.80948e-06
1.95428e-06
1.31372e-06
8.667e-07
5.76207e-07
4.10063e-07
3.12019e-07
2.39581e-07
1.72367e-07
1.07921e-07
6.59602e-08
8.79699e-08
1.66738e-07
1.2323e-07
2.74251e-08
5.5379e-08
1.39588e-07
7.0651e-08
8.6999e-08
4.63721e-09
6.44814e-08
4.78756e-07
1.3072e-06
2.558e-06
4.19418e-06
6.15131e-06
8.81759e-06
1.18679e-05
1.54205e-05
2.15747e-05
2.88199e-05
3.64848e-05
4.41822e-05
5.14553e-05
5.80171e-05
6.34909e-05
6.71984e-05
6.90105e-05
6.87532e-05
6.67715e-05
6.30164e-05
5.77096e-05
5.08617e-05
4.33194e-05
3.57043e-05
2.8666e-05
2.498e-05
2.19936e-05
1.94961e-05
1.73488e-05
1.56172e-05
1.42335e-05
1.30144e-05
1.18868e-05
1.07789e-05
9.74203e-06
8.85816e-06
0
9.0208e-11
6.6767e-08
1.05201e-07
1.51117e-07
2.13587e-07
2.90361e-07
3.53806e-07
4.36485e-07
5.4859e-07
6.77357e-07
8.36346e-07
1.05754e-06
1.37265e-06
1.80395e-06
2.34463e-06
3.01707e-06
3.85749e-06
4.93995e-06
6.4297e-06
8.5199e-06
1.10156e-05
1.34624e-05
1.53303e-05
1.60738e-05
1.72008e-05
1.82687e-05
1.82966e-05
1.79218e-05
1.75579e-05
1.70317e-05
1.62688e-05
1.5359e-05
1.43337e-05
1.31745e-05
1.1949e-05
1.069e-05
9.43772e-06
8.19413e-06
6.984e-06
5.82224e-06
4.73902e-06
3.75395e-06
2.88575e-06
2.14612e-06
1.54095e-06
1.07148e-06
7.29287e-07
4.9673e-07
3.46417e-07
2.48161e-07
1.75346e-07
1.13611e-07
5.86492e-08
2.17654e-08
2.42024e-08
8.22396e-08
7.39222e-08
9.40314e-09
2.78799e-08
7.40266e-08
3.5845e-08
5.45862e-08
2.3598e-09
6.45263e-08
4.20344e-07
1.08972e-06
2.02649e-06
3.34473e-06
4.96543e-06
6.82455e-06
8.87093e-06
1.32241e-05
1.81121e-05
2.32061e-05
2.83117e-05
3.31302e-05
3.7526e-05
4.14215e-05
4.41016e-05
4.5468e-05
4.55346e-05
4.43829e-05
4.19996e-05
3.85041e-05
3.39613e-05
2.89283e-05
2.38152e-05
1.99439e-05
1.79469e-05
1.62253e-05
1.47573e-05
1.34794e-05
1.23618e-05
1.14135e-05
1.05236e-05
9.66284e-06
8.80031e-06
7.9578e-06
7.30553e-06
0
1.03021e-09
2.22472e-09
5.94529e-08
1.04298e-07
1.17507e-07
1.52116e-07
1.94812e-07
2.58411e-07
3.16321e-07
3.79934e-07
4.84648e-07
6.09382e-07
7.61135e-07
9.47204e-07
1.19114e-06
1.50568e-06
1.92147e-06
2.47701e-06
3.24729e-06
4.3094e-06
5.72723e-06
7.37532e-06
8.99162e-06
1.03563e-05
1.13126e-05
1.17783e-05
1.1815e-05
1.14616e-05
1.07595e-05
1.00585e-05
9.54771e-06
9.04593e-06
8.42578e-06
7.73023e-06
7.09256e-06
6.61299e-06
6.13496e-06
5.56343e-06
4.93602e-06
4.27518e-06
3.6277e-06
3.02461e-06
2.46543e-06
1.95339e-06
1.49726e-06
1.10896e-06
7.95131e-07
5.57662e-07
3.89984e-07
2.78038e-07
2.02123e-07
1.44327e-07
9.38212e-08
4.76405e-08
1.56305e-08
1.85087e-08
6.573e-08
4.39269e-08
2.64899e-09
2.54445e-08
4.60215e-08
2.19486e-08
3.77423e-08
1.69795e-09
6.55243e-08
3.50179e-07
8.71968e-07
1.61673e-06
2.54761e-06
3.61491e-06
4.93896e-06
7.47735e-06
1.05215e-05
1.37268e-05
1.69158e-05
1.99635e-05
2.30322e-05
2.55846e-05
2.73873e-05
2.83899e-05
2.85772e-05
2.79607e-05
2.65478e-05
2.4415e-05
2.16473e-05
1.85919e-05
1.54861e-05
1.40178e-05
1.28954e-05
1.1881e-05
1.09818e-05
1.01773e-05
9.44183e-06
8.84248e-06
8.28147e-06
7.72263e-06
7.14994e-06
6.57797e-06
6.07765e-06
0
0
1.89646e-09
6.54005e-10
4.1368e-08
8.12386e-08
9.8648e-08
1.10135e-07
1.37672e-07
1.7098e-07
2.29187e-07
2.84663e-07
3.3937e-07
4.21552e-07
5.31722e-07
6.60434e-07
8.29902e-07
1.04911e-06
1.34043e-06
1.73347e-06
2.27475e-06
2.9854e-06
3.88275e-06
4.92696e-06
5.98475e-06
6.93195e-06
7.63769e-06
8.04585e-06
8.12708e-06
7.95665e-06
7.5797e-06
7.09501e-06
6.53889e-06
5.97639e-06
5.41094e-06
4.84192e-06
4.34773e-06
3.99327e-06
3.63516e-06
3.24393e-06
2.90213e-06
2.65343e-06
2.35379e-06
2.01176e-06
1.66571e-06
1.33328e-06
1.03506e-06
7.82548e-07
5.74229e-07
4.11978e-07
2.94778e-07
2.14741e-07
1.58537e-07
1.13595e-07
7.2672e-08
3.50774e-08
1.09174e-08
2.03534e-08
6.15236e-08
2.74902e-08
1.32827e-09
2.75479e-08
3.30199e-08
1.67335e-08
2.72699e-08
1.31704e-09
5.22158e-08
2.67803e-07
6.38879e-07
1.13505e-06
1.76944e-06
2.54571e-06
3.66795e-06
5.4296e-06
7.29861e-06
9.24055e-06
1.12806e-05
1.31389e-05
1.46998e-05
1.58633e-05
1.65704e-05
1.67854e-05
1.65001e-05
1.57199e-05
1.45047e-05
1.2923e-05
1.11609e-05
1.01827e-05
9.63576e-06
9.1097e-06
8.61068e-06
8.14711e-06
7.72472e-06
7.30925e-06
6.90998e-06
6.51501e-06
6.11228e-06
5.6944e-06
5.27658e-06
4.91171e-06
0
0
0
2.77232e-09
1.01038e-11
1.07082e-08
4.23144e-08
7.92923e-08
9.05579e-08
1.00023e-07
1.24328e-07
1.53099e-07
2.00886e-07
2.53144e-07
3.07217e-07
3.68054e-07
4.5465e-07
5.82062e-07
7.48564e-07
9.65462e-07
1.25955e-06
1.64352e-06
2.13141e-06
2.70257e-06
3.36273e-06
4.04084e-06
4.66941e-06
5.18514e-06
5.53846e-06
5.69642e-06
5.67777e-06
5.51577e-06
5.26208e-06
4.95282e-06
4.60586e-06
4.2526e-06
3.89267e-06
3.53837e-06
3.19107e-06
2.85028e-06
2.51506e-06
2.2342e-06
1.96405e-06
1.69105e-06
1.44974e-06
1.2449e-06
1.0289e-06
8.10261e-07
6.12729e-07
4.46166e-07
3.18801e-07
2.30287e-07
1.69489e-07
1.25955e-07
9.05939e-08
5.75112e-08
2.66923e-08
8.35687e-09
2.09944e-08
5.42962e-08
1.86008e-08
1.35227e-09
2.66439e-08
2.67064e-08
1.32952e-08
2.29631e-08
9.52986e-10
2.84694e-08
1.62773e-07
4.06576e-07
7.45352e-07
1.15702e-06
1.61951e-06
2.29629e-06
3.35161e-06
4.52002e-06
5.67154e-06
6.73968e-06
7.65936e-06
8.35721e-06
8.80581e-06
8.97926e-06
8.91932e-06
8.60941e-06
8.02398e-06
7.20837e-06
6.98108e-06
6.80125e-06
6.59071e-06
6.36497e-06
6.12788e-06
5.88071e-06
5.66159e-06
5.42055e-06
5.19482e-06
4.96649e-06
4.72452e-06
4.46671e-06
4.20507e-06
3.97383e-06
0
0
0
0
3.41818e-09
2.79238e-09
1.42342e-10
1.12202e-08
3.93131e-08
7.35144e-08
8.19282e-08
9.17853e-08
1.13592e-07
1.36922e-07
1.71033e-07
2.20697e-07
2.74726e-07
3.41035e-07
4.25009e-07
5.34507e-07
6.91788e-07
9.11485e-07
1.19237e-06
1.52521e-06
1.91165e-06
2.3356e-06
2.78538e-06
3.20633e-06
3.56606e-06
3.8438e-06
4.01927e-06
4.10379e-06
4.10481e-06
4.04828e-06
3.93946e-06
3.78209e-06
3.58606e-06
3.35688e-06
3.10923e-06
2.84644e-06
2.5791e-06
2.31435e-06
2.04802e-06
1.78427e-06
1.52821e-06
1.29306e-06
1.06918e-06
8.60581e-07
6.83116e-07
5.28547e-07
3.88114e-07
2.76537e-07
1.9538e-07
1.40373e-07
1.0408e-07
7.54213e-08
4.81149e-08
2.22413e-08
7.13904e-09
1.89375e-08
4.69198e-08
1.61962e-08
1.22349e-09
2.17547e-08
2.33326e-08
1.05014e-08
2.00921e-08
1.05016e-09
8.59182e-09
7.89688e-08
2.26472e-07
4.31582e-07
6.77136e-07
9.75777e-07
1.31604e-06
1.75693e-06
2.34719e-06
2.91258e-06
3.41014e-06
3.8341e-06
4.19096e-06
4.40085e-06
4.44491e-06
4.32324e-06
4.46425e-06
4.54959e-06
4.5837e-06
4.57741e-06
4.5412e-06
4.48196e-06
4.40174e-06
4.31029e-06
4.21668e-06
4.10134e-06
3.97007e-06
3.82777e-06
3.67298e-06
3.50553e-06
3.33484e-06
3.18327e-06
0
0
0
0
0
3.58847e-09
5.84169e-09
6.08993e-10
2.30873e-10
7.27988e-09
3.40273e-08
5.76642e-08
7.58534e-08
8.46541e-08
1.02104e-07
1.23615e-07
1.50718e-07
1.87456e-07
2.44046e-07
3.17335e-07
4.07032e-07
5.243e-07
6.68703e-07
8.48624e-07
1.076e-06
1.34516e-06
1.63672e-06
1.92098e-06
2.20059e-06
2.45586e-06
2.66785e-06
2.83607e-06
2.96144e-06
3.03851e-06
3.07501e-06
3.07504e-06
3.03665e-06
2.95805e-06
2.84329e-06
2.69846e-06
2.51766e-06
2.30948e-06
2.08927e-06
1.86282e-06
1.63621e-06
1.41147e-06
1.19051e-06
9.80922e-07
7.87949e-07
6.12638e-07
4.58916e-07
3.35626e-07
2.41916e-07
1.7084e-07
1.22467e-07
8.97239e-08
6.40793e-08
4.13754e-08
1.97984e-08
6.26885e-09
1.47958e-08
4.02293e-08
1.7152e-08
9.26031e-10
1.43488e-08
2.14683e-08
9.05652e-09
1.29858e-08
4.54117e-09
1.04117e-09
2.69498e-08
1.05691e-07
2.31716e-07
3.94884e-07
5.8536e-07
7.93422e-07
1.01122e-06
1.24709e-06
1.50866e-06
1.76703e-06
2.01247e-06
2.23958e-06
2.44012e-06
2.61305e-06
2.75604e-06
2.86805e-06
2.95146e-06
3.00913e-06
3.04572e-06
3.06708e-06
3.06629e-06
3.05272e-06
3.02562e-06
2.9801e-06
2.92567e-06
2.85922e-06
2.78239e-06
2.69601e-06
2.60609e-06
2.5245e-06
0
0
0
0
0
0
0
4.69219e-09
7.45642e-09
8.56135e-11
2.65733e-10
6.99494e-09
2.55447e-08
4.02119e-08
6.50059e-08
7.86158e-08
9.21422e-08
1.13058e-07
1.39556e-07
1.74192e-07
2.22734e-07
2.91388e-07
3.84316e-07
4.98679e-07
6.31298e-07
7.8559e-07
9.47646e-07
1.11995e-06
1.29871e-06
1.44957e-06
1.60718e-06
1.78788e-06
1.96249e-06
2.10547e-06
2.21245e-06
2.2941e-06
2.344e-06
2.36614e-06
2.35854e-06
2.31238e-06
2.23303e-06
2.11982e-06
1.97221e-06
1.80441e-06
1.61261e-06
1.41357e-06
1.21557e-06
1.02583e-06
8.47314e-07
6.78607e-07
5.28266e-07
3.96092e-07
2.86176e-07
2.00425e-07
1.40495e-07
1.01803e-07
7.53013e-08
5.49615e-08
3.5983e-08
1.75089e-08
5.53889e-09
1.0379e-08
3.27631e-08
1.94118e-08
8.71606e-10
7.12853e-09
1.89617e-08
9.05343e-09
6.59521e-09
9.69121e-09
3.06429e-10
5.93231e-09
4.37101e-08
1.19043e-07
2.22559e-07
3.46077e-07
4.90507e-07
6.48718e-07
8.1262e-07
9.77544e-07
1.13842e-06
1.29188e-06
1.44274e-06
1.59875e-06
1.74139e-06
1.8651e-06
1.96887e-06
2.05302e-06
2.11816e-06
2.16559e-06
2.19706e-06
2.21842e-06
2.22703e-06
2.22236e-06
2.20662e-06
2.18112e-06
2.14799e-06
2.1084e-06
2.06629e-06
2.02691e-06
0
0
0
0
0
0
0
0
0
6.30273e-09
6.57412e-09
3.22188e-11
1.90405e-10
6.07676e-09
1.66704e-08
2.55537e-08
3.45125e-08
6.35685e-08
8.67829e-08
1.01072e-07
1.21184e-07
1.58759e-07
2.14289e-07
2.76819e-07
3.5125e-07
4.47887e-07
5.57818e-07
6.76296e-07
7.96733e-07
9.18251e-07
1.04136e-06
1.1184e-06
1.17569e-06
1.22278e-06
1.26765e-06
1.35131e-06
1.48243e-06
1.64054e-06
1.77747e-06
1.837e-06
1.84768e-06
1.81336e-06
1.74791e-06
1.64368e-06
1.51414e-06
1.36062e-06
1.19601e-06
1.02368e-06
8.52453e-07
6.93551e-07
5.50302e-07
4.25665e-07
3.1766e-07
2.29427e-07
1.60596e-07
1.11485e-07
7.9303e-08
5.89764e-08
4.40458e-08
2.95891e-08
1.52874e-08
5.09213e-09
7.05972e-09
2.48673e-08
1.98723e-08
1.39816e-09
2.52575e-09
1.4942e-08
9.25699e-09
3.8219e-09
8.15017e-09
1.23527e-09
7.69555e-10
1.62862e-08
6.01853e-08
1.29162e-07
2.17158e-07
3.17325e-07
4.24128e-07
5.33349e-07
6.51411e-07
7.72713e-07
8.91377e-07
1.00447e-06
1.11085e-06
1.20775e-06
1.2941e-06
1.36892e-06
1.43224e-06
1.48449e-06
1.52677e-06
1.56153e-06
1.58777e-06
1.6058e-06
1.61686e-06
1.62189e-06
1.62221e-06
1.61854e-06
1.61343e-06
1.60728e-06
0
0
0
0
0
0
0
0
0
0
4.61991e-09
7.46519e-09
6.37592e-09
1.15754e-10
5.00073e-11
2.88045e-09
8.44467e-09
1.44705e-08
1.79519e-08
2.45834e-08
6.43963e-08
8.99356e-08
1.04585e-07
1.26228e-07
1.75983e-07
2.50743e-07
3.18711e-07
3.89785e-07
4.63208e-07
5.46586e-07
6.35421e-07
7.25278e-07
8.15113e-07
8.70661e-07
9.13879e-07
9.50646e-07
9.85065e-07
1.00925e-06
1.03332e-06
1.05568e-06
1.12691e-06
1.27595e-06
1.41547e-06
1.43334e-06
1.37909e-06
1.28429e-06
1.1636e-06
1.02444e-06
8.78274e-07
7.30266e-07
5.87592e-07
4.55984e-07
3.43407e-07
2.50338e-07
1.78667e-07
1.23206e-07
8.50641e-08
6.04953e-08
4.48359e-08
3.33767e-08
2.27886e-08
1.20954e-08
4.16549e-09
5.13497e-09
1.89609e-08
1.80563e-08
1.93427e-09
7.87921e-10
1.05191e-08
8.47528e-09
2.99027e-09
4.56097e-09
3.22754e-09
9.73289e-11
5.61813e-09
3.09868e-08
7.71536e-08
1.38305e-07
2.10202e-07
2.89335e-07
3.72503e-07
4.56842e-07
5.40267e-07
6.21197e-07
6.98525e-07
7.74711e-07
8.48338e-07
9.16595e-07
9.7775e-07
1.0319e-06
1.07936e-06
1.12102e-06
1.15673e-06
1.18715e-06
1.21333e-06
1.23592e-06
1.25562e-06
1.27303e-06
1.28936e-06
1.30192e-06
0
0
0
0
0
0
0
0
0
0
0
0
4.82183e-09
7.40432e-09
7.63294e-09
9.24856e-10
5.66024e-13
5.47247e-10
6.43226e-09
9.75203e-09
1.01364e-08
1.61512e-08
3.4533e-08
7.12087e-08
9.59697e-08
1.11423e-07
1.27591e-07
1.67864e-07
2.29221e-07
3.10271e-07
3.79684e-07
4.40116e-07
5.01458e-07
5.5982e-07
6.20707e-07
6.60102e-07
6.9749e-07
7.34667e-07
7.70075e-07
8.02031e-07
8.30357e-07
8.55705e-07
8.70176e-07
8.79517e-07
9.47634e-07
1.05899e-06
1.09116e-06
1.01595e-06
9.0682e-07
7.83982e-07
6.52913e-07
5.28201e-07
4.10144e-07
3.05345e-07
2.16188e-07
1.47765e-07
9.75015e-08
6.57711e-08
4.55801e-08
3.36206e-08
2.50984e-08
1.71254e-08
9.21172e-09
3.20317e-09
3.92025e-09
1.46685e-08
1.52906e-08
2.17709e-09
2.90055e-10
7.04737e-09
7.22858e-09
2.59202e-09
2.52354e-09
3.97294e-09
6.81938e-11
1.66731e-09
1.54051e-08
4.57201e-08
8.90887e-08
1.4108e-07
1.98445e-07
2.58373e-07
3.20141e-07
3.82557e-07
4.44027e-07
5.03696e-07
5.60575e-07
6.13959e-07
6.63657e-07
7.09643e-07
7.52343e-07
7.92037e-07
8.28879e-07
8.63302e-07
8.95835e-07
9.26893e-07
9.58479e-07
9.89912e-07
1.02089e-06
1.0469e-06
0
0
0
0
0
0
0
0
0
0
0
0
0
0
4.86532e-09
6.96037e-09
8.49642e-09
3.05337e-09
3.58818e-12
2.0313e-10
2.39938e-09
8.67189e-09
1.11982e-08
1.47561e-08
2.15003e-08
4.25622e-08
7.42942e-08
9.53478e-08
1.11402e-07
1.19783e-07
1.29645e-07
1.56418e-07
2.04438e-07
2.66574e-07
3.45584e-07
4.25827e-07
4.71509e-07
5.07472e-07
5.38577e-07
5.68198e-07
6.04818e-07
6.40546e-07
6.77297e-07
7.04362e-07
7.22374e-07
7.28535e-07
7.22747e-07
7.28822e-07
7.82597e-07
7.94116e-07
7.14886e-07
6.08939e-07
4.99265e-07
3.90977e-07
2.94593e-07
2.10558e-07
1.42235e-07
9.02028e-08
5.63194e-08
3.57075e-08
2.5487e-08
1.89242e-08
1.30417e-08
7.13012e-09
2.52956e-09
2.93116e-09
1.09153e-08
1.23802e-08
2.01799e-09
1.47869e-10
5.13808e-09
6.08761e-09
2.31337e-09
1.33415e-09
3.50537e-09
2.98985e-10
3.38377e-10
7.06245e-09
2.57452e-08
5.49458e-08
9.18024e-08
1.33739e-07
1.78332e-07
2.24169e-07
2.69944e-07
3.15207e-07
3.59233e-07
4.0163e-07
4.43733e-07
4.84531e-07
5.24276e-07
5.62778e-07
6.00169e-07
6.36906e-07
6.73113e-07
7.09254e-07
7.45549e-07
7.82269e-07
8.19359e-07
8.51324e-07
0
0
0
0
0
0
0
0
0
0
0
0
0
0
0
0
5.04457e-09
6.2241e-09
8.13929e-09
5.04301e-09
1.15399e-10
1.03657e-10
1.66722e-09
8.44237e-09
1.15689e-08
1.45262e-08
1.91833e-08
2.58022e-08
3.61148e-08
6.39015e-08
8.21567e-08
9.40083e-08
1.0259e-07
1.06452e-07
1.0729e-07
1.09336e-07
1.20012e-07
1.72473e-07
2.44703e-07
3.34382e-07
4.1569e-07
4.55346e-07
4.92191e-07
5.21693e-07
5.54689e-07
5.82344e-07
6.01187e-07
6.0521e-07
5.98937e-07
5.77034e-07
5.48038e-07
5.54252e-07
5.44681e-07
4.75938e-07
3.86642e-07
2.98361e-07
2.1801e-07
1.496e-07
9.63192e-08
5.80188e-08
3.36469e-08
2.11308e-08
1.45208e-08
1.01615e-08
5.82387e-09
2.08381e-09
1.86663e-09
8.00523e-09
9.76562e-09
2.05206e-09
5.28472e-11
3.4014e-09
5.26946e-09
2.32129e-09
9.02886e-10
2.46725e-09
8.5671e-10
1.84821e-11
2.29935e-09
1.23512e-08
3.12765e-08
5.69879e-08
8.70664e-08
1.19751e-07
1.53952e-07
1.89095e-07
2.24438e-07
2.59435e-07
2.94158e-07
3.28639e-07
3.62902e-07
3.9716e-07
4.31723e-07
4.66683e-07
5.02307e-07
5.38776e-07
5.77071e-07
6.16694e-07
6.57143e-07
6.92599e-07
0
0
0
0
0
0
0
0
0
0
0
0
0
0
0
0
0
0
0
5.64165e-09
7.80179e-09
6.30897e-09
6.38082e-10
5.79228e-11
1.25705e-09
4.19237e-09
1.12263e-08
1.42008e-08
1.74341e-08
2.11496e-08
2.69799e-08
3.29548e-08
4.11341e-08
5.59652e-08
6.94248e-08
7.66236e-08
7.99125e-08
8.14129e-08
8.22214e-08
8.51954e-08
9.83704e-08
1.47677e-07
2.30042e-07
3.30666e-07
3.99511e-07
4.35939e-07
4.59123e-07
4.79732e-07
4.92827e-07
4.98092e-07
4.89132e-07
4.69379e-07
4.37623e-07
3.9766e-07
3.64169e-07
3.4091e-07
2.96922e-07
2.29243e-07
1.64857e-07
1.10222e-07
6.70696e-08
3.78345e-08
2.11286e-08
1.28609e-08
8.6653e-09
5.21097e-09
2.08144e-09
9.60534e-10
4.40355e-09
7.81344e-09
2.39768e-09
4.13397e-11
1.76418e-09
4.36304e-09
2.46273e-09
7.83847e-10
1.3479e-09
1.74871e-09
4.4788e-11
3.46729e-10
4.65859e-09
1.537e-08
3.19669e-08
5.3227e-08
7.80569e-08
1.04955e-07
1.33076e-07
1.61749e-07
1.90692e-07
2.19908e-07
2.49761e-07
2.80418e-07
3.11874e-07
3.44298e-07
3.77923e-07
4.13087e-07
4.4996e-07
4.88625e-07
5.28604e-07
5.64257e-07
0
0
0
0
0
0
0
0
0
0
0
0
0
0
0
0
0
0
0
0
0
5.18838e-09
7.44073e-09
8.15087e-09
2.00126e-09
1.75402e-11
6.82098e-10
2.78093e-09
5.71399e-09
1.26656e-08
1.53588e-08
1.84789e-08
2.16664e-08
2.52124e-08
2.98237e-08
3.51961e-08
4.07609e-08
4.81304e-08
5.84262e-08
6.56849e-08
6.65434e-08
7.16852e-08
8.23143e-08
9.37242e-08
1.15251e-07
1.88509e-07
2.76559e-07
3.53441e-07
3.79622e-07
3.94066e-07
3.99819e-07
3.99754e-07
3.91679e-07
3.74133e-07
3.46418e-07
3.14632e-07
2.75676e-07
2.33244e-07
1.97734e-07
1.6482e-07
1.24288e-07
8.15475e-08
4.85524e-08
2.61932e-08
1.36946e-08
8.18572e-09
5.25564e-09
2.62715e-09
7.72569e-10
1.24677e-09
5.3879e-09
3.19643e-09
1.51758e-10
5.1274e-10
3.2771e-09
2.65585e-09
9.94942e-10
6.66723e-10
1.71442e-09
4.10778e-10
3.74832e-12
1.08402e-09
6.04553e-09
1.63557e-08
3.1167e-08
4.95161e-08
7.03059e-08
9.3147e-08
1.17447e-07
1.42957e-07
1.69254e-07
1.96436e-07
2.24608e-07
2.53855e-07
2.84426e-07
3.1665e-07
3.50937e-07
3.87454e-07
4.2552e-07
4.59829e-07
0
0
0
0
0
0
0
0
0
0
0
0
0
0
0
0
0
0
0
0
0
0
0
4.57795e-09
6.8225e-09
7.89099e-09
4.87234e-09
8.59941e-10
1.45702e-10
1.11952e-09
3.05689e-09
5.66175e-09
8.46242e-09
1.48434e-08
1.76926e-08
1.99382e-08
2.34453e-08
2.71147e-08
3.1535e-08
3.75416e-08
4.43391e-08
5.22247e-08
6.16222e-08
6.7796e-08
7.27241e-08
8.09509e-08
9.13713e-08
1.05633e-07
1.58801e-07
2.2606e-07
2.95435e-07
3.14985e-07
3.21723e-07
3.16281e-07
3.06242e-07
2.89866e-07
2.68953e-07
2.42524e-07
2.10762e-07
1.78738e-07
1.449e-07
1.1107e-07
8.28311e-08
5.82744e-08
3.52055e-08
1.87811e-08
9.83081e-09
5.67083e-09
3.30045e-09
1.45897e-09
3.30953e-10
2.39291e-09
3.6444e-09
7.12898e-10
3.95562e-11
1.59072e-09
2.57638e-09
1.33456e-09
4.78198e-10
9.8392e-10
1.11131e-09
2.24918e-11
1.84564e-10
2.54659e-09
8.76591e-09
1.87206e-08
3.19294e-08
4.8092e-08
6.64526e-08
8.66779e-08
1.08586e-07
1.31905e-07
1.56651e-07
1.82862e-07
2.10713e-07
2.40285e-07
2.71857e-07
3.05605e-07
3.41068e-07
3.73321e-07
0
0
0
0
0
0
0
0
0
0
0
0
0
0
0
0
0
0
0
0
0
0
0
0
0
3.8428e-09
5.48277e-09
7.17255e-09
7.72895e-09
5.15966e-09
1.85863e-09
4.51539e-10
7.20084e-10
2.04098e-09
3.94195e-09
6.23167e-09
9.20088e-09
1.31989e-08
1.91407e-08
2.22754e-08
2.60961e-08
3.10894e-08
3.71654e-08
4.49864e-08
5.26332e-08
6.22653e-08
6.92643e-08
7.29448e-08
7.91422e-08
8.71699e-08
9.60944e-08
1.18828e-07
1.64899e-07
2.08827e-07
2.44742e-07
2.43205e-07
2.36449e-07
2.21177e-07
2.0223e-07
1.80639e-07
1.56485e-07
1.31886e-07
1.05797e-07
8.1622e-08
5.95669e-08
3.92559e-08
2.42597e-08
1.36648e-08
7.23282e-09
4.24847e-09
2.44024e-09
8.55459e-10
2.00531e-10
2.04698e-09
2.08385e-09
5.99769e-11
3.02561e-10
1.96632e-09
1.44311e-09
5.52867e-10
4.83138e-10
1.16609e-09
2.30975e-10
6.25821e-12
9.635e-10
5.0586e-09
1.27633e-08
2.36163e-08
3.70713e-08
5.23968e-08
6.94295e-08
8.79384e-08
1.07985e-07
1.29287e-07
1.52491e-07
1.77937e-07
2.05684e-07
2.35762e-07
2.67735e-07
2.97239e-07
0
0
0
0
0
0
0
0
0
0
0
0
0
0
0
0
0
0
0
0
0
0
0
0
0
0
0
0
3.52798e-09
5.01712e-09
6.60076e-09
7.42303e-09
7.50715e-09
5.14558e-09
2.64925e-09
1.21737e-09
1.13396e-09
2.36418e-09
4.56937e-09
7.40578e-09
1.12542e-08
1.67163e-08
2.30207e-08
2.64754e-08
3.2295e-08
3.88417e-08
4.64506e-08
5.37575e-08
6.18976e-08
6.84111e-08
7.10402e-08
7.34525e-08
7.81433e-08
8.23125e-08
8.73061e-08
9.95864e-08
1.25012e-07
1.45401e-07
1.61256e-07
1.60626e-07
1.47861e-07
1.32107e-07
1.12945e-07
9.36631e-08
7.46368e-08
5.75426e-08
4.12232e-08
2.85054e-08
1.7678e-08
9.67323e-09
5.25809e-09
3.22241e-09
1.93002e-09
6.02136e-10
1.60528e-10
1.70956e-09
8.18359e-10
5.15738e-12
8.96417e-10
1.33522e-09
6.57077e-10
2.65626e-10
7.70679e-10
4.05222e-10
2.41377e-15
4.19955e-10
3.09753e-09
8.94434e-09
1.79266e-08
2.95451e-08
4.31855e-08
5.8403e-08
7.49732e-08
9.27277e-08
1.11775e-07
1.32329e-07
1.54596e-07
1.78667e-07
2.0467e-07
2.29897e-07
0
0
0
0
0
0
0
0
0
0
0
0
0
0
0
0
0
0
0
0
0
0
0
0
0
0
0
0
0
0
0
2.93771e-09
3.30034e-09
4.69417e-09
6.16757e-09
7.13543e-09
7.43815e-09
6.26673e-09
3.65893e-09
2.048e-09
2.1776e-09
4.1856e-09
7.45479e-09
1.1481e-08
1.62335e-08
2.4311e-08
2.76907e-08
3.34173e-08
3.95995e-08
4.62917e-08
5.2467e-08
5.82483e-08
6.37114e-08
6.65022e-08
6.6827e-08
6.67097e-08
6.73574e-08
6.8226e-08
6.7694e-08
6.71325e-08
7.32783e-08
8.17806e-08
8.71105e-08
8.82402e-08
7.77484e-08
6.55191e-08
5.21873e-08
3.96212e-08
2.87445e-08
1.95702e-08
1.26475e-08
7.68882e-09
3.96601e-09
2.3515e-09
1.50984e-09
4.10714e-10
1.49333e-10
1.58448e-09
2.42505e-10
1.00687e-10
9.73846e-10
6.41338e-10
1.69116e-10
4.24229e-10
3.84076e-10
1.70658e-13
2.89878e-10
2.3694e-09
7.172e-09
1.45903e-08
2.42546e-08
3.5759e-08
4.89803e-08
6.38081e-08
8.00418e-08
9.76236e-08
1.16655e-07
1.37383e-07
1.59715e-07
1.81066e-07
0
0
0
0
0
0
0
0
0
0
0
0
0
0
0
0
0
0
0
0
0
0
0
0
0
0
0
0
0
0
0
0
0
0
0
2.47954e-09
2.47159e-09
3.80761e-09
5.71126e-09
7.08088e-09
7.409e-09
5.38745e-09
3.19098e-09
3.0026e-09
4.79368e-09
8.35145e-09
1.23836e-08
1.73788e-08
2.49186e-08
2.85566e-08
3.26849e-08
3.77298e-08
4.31627e-08
4.79689e-08
5.18103e-08
5.50111e-08
5.78512e-08
5.88014e-08
5.72863e-08
5.45151e-08
5.13368e-08
4.84561e-08
4.58011e-08
4.22535e-08
3.94122e-08
4.2258e-08
4.37374e-08
4.27694e-08
3.53158e-08
2.77059e-08
1.99897e-08
1.37028e-08
8.83526e-09
5.49744e-09
3.38471e-09
1.78556e-09
1.07158e-09
2.42415e-10
1.96072e-10
9.65135e-10
8.42639e-11
2.65491e-10
7.12691e-10
2.36625e-10
2.07568e-10
2.17145e-10
9.16456e-14
2.94168e-10
2.21075e-09
6.39251e-09
1.27281e-08
2.10504e-08
3.10613e-08
4.24866e-08
5.51761e-08
6.9186e-08
8.48697e-08
1.02656e-07
1.22374e-07
1.41696e-07
0
0
0
0
0
0
0
0
0
0
0
0
0
0
0
0
0
0
0
0
0
0
0
0
0
0
0
0
0
0
0
0
0
0
0
0
0
0
0
1.78694e-09
2.30659e-09
4.51152e-09
6.7132e-09
7.50181e-09
5.97875e-09
3.98708e-09
3.95882e-09
5.45387e-09
8.9119e-09
1.25686e-08
1.72956e-08
2.31519e-08
2.76439e-08
2.96315e-08
3.32289e-08
3.67494e-08
4.04259e-08
4.34472e-08
4.50731e-08
4.58392e-08
4.58718e-08
4.54046e-08
4.33949e-08
3.95346e-08
3.4541e-08
2.98362e-08
2.66059e-08
2.33669e-08
2.10848e-08
2.25165e-08
2.25314e-08
1.87129e-08
1.43444e-08
9.66481e-09
6.27362e-09
3.87441e-09
2.33277e-09
1.4984e-09
7.57802e-10
1.2844e-10
3.16041e-10
5.12816e-10
1.19504e-11
4.30033e-10
2.70683e-10
4.66144e-11
1.57115e-10
5.42611e-13
4.90723e-10
2.81898e-09
6.58894e-09
1.2017e-08
1.93102e-08
2.80871e-08
3.82597e-08
4.98472e-08
6.28299e-08
7.74753e-08
9.38083e-08
1.10265e-07
0
0
0
0
0
0
0
0
0
0
0
0
0
0
0
0
0
0
0
0
0
0
0
0
0
0
0
0
0
0
0
0
0
0
0
0
0
0
0
0
0
0
0
1.70487e-09
4.09381e-09
6.66124e-09
7.6225e-09
6.44569e-09
4.78494e-09
4.7858e-09
5.62622e-09
8.28485e-09
1.14146e-08
1.44632e-08
1.85445e-08
2.24722e-08
2.6737e-08
2.84211e-08
2.88453e-08
3.12209e-08
3.27263e-08
3.40778e-08
3.47473e-08
3.36224e-08
3.18311e-08
2.98231e-08
2.77472e-08
2.4372e-08
1.96994e-08
1.60657e-08
1.40558e-08
1.20495e-08
1.26165e-08
1.23139e-08
9.6603e-09
7.09912e-09
4.37001e-09
2.67347e-09
1.54921e-09
8.34148e-10
5.73532e-10
2.53825e-10
5.33041e-10
5.43845e-11
1.57059e-10
3.77854e-10
2.55119e-11
5.72897e-11
4.06313e-11
9.12768e-10
3.30054e-09
7.51717e-09
1.33057e-08
1.99791e-08
2.77288e-08
3.70893e-08
4.81495e-08
6.14411e-08
7.68109e-08
9.26909e-08
0
0
0
0
0
0
0
0
0
0
0
0
0
0
0
0
0
0
0
0
0
0
0
0
0
0
0
0
0
0
0
0
0
0
0
0
0
0
0
0
0
0
0
0
0
0
1.3432e-09
3.71943e-09
6.44312e-09
7.7057e-09
7.66759e-09
5.84608e-09
5.52084e-09
6.01454e-09
6.70781e-09
8.80503e-09
1.12883e-08
1.36231e-08
1.60045e-08
1.88981e-08
2.11046e-08
2.44952e-08
2.48724e-08
2.37866e-08
2.38409e-08
2.35213e-08
2.3048e-08
2.15108e-08
1.92445e-08
1.75069e-08
1.60415e-08
1.27831e-08
9.49868e-09
8.33429e-09
6.93075e-09
7.10647e-09
6.53432e-09
4.56969e-09
3.13684e-09
1.7208e-09
9.63863e-10
4.46498e-10
1.82335e-10
5.11565e-10
3.17601e-10
6.14871e-11
2.62087e-10
1.82038e-11
2.75783e-12
3.18116e-10
2.43798e-09
5.85006e-09
1.02866e-08
1.59561e-08
2.34708e-08
3.26725e-08
4.32711e-08
5.60407e-08
7.22112e-08
8.90652e-08
0
0
0
0
0
0
0
0
0
0
0
0
0
0
0
0
0
0
0
0
0
0
0
0
0
0
0
0
0
0
0
0
0
0
0
0
0
0
0
0
0
0
0
0
0
0
0
0
0
7.8769e-10
2.55649e-09
5.29561e-09
7.2652e-09
8.04185e-09
7.99938e-09
6.65753e-09
6.52669e-09
7.02223e-09
7.49007e-09
7.90034e-09
9.40693e-09
1.12659e-08
1.28677e-08
1.41212e-08
1.60589e-08
1.71135e-08
1.93403e-08
1.76612e-08
1.60794e-08
1.5054e-08
1.39819e-08
1.21448e-08
1.05551e-08
1.00069e-08
7.94057e-09
5.38538e-09
4.57558e-09
3.66924e-09
3.71946e-09
3.17943e-09
1.83915e-09
1.2043e-09
6.74118e-10
2.85527e-10
3.10221e-11
1.59478e-10
1.15856e-10
1.46017e-10
3.8743e-11
4.04334e-10
2.62643e-09
5.74332e-09
9.81185e-09
1.59408e-08
2.49581e-08
3.72417e-08
4.9581e-08
6.09598e-08
7.12203e-08
8.03693e-08
0
0
0
0
0
0
0
0
0
0
0
0
0
0
0
0
0
0
0
0
0
0
0
0
0
0
0
0
0
0
0
0
0
0
0
0
0
0
0
0
0
0
0
0
0
0
0
0
0
0
0
0
3.80472e-10
7.34815e-10
2.40838e-09
4.84617e-09
6.90953e-09
8.09588e-09
8.60302e-09
8.64412e-09
7.66466e-09
7.80401e-09
8.20667e-09
8.39414e-09
8.28133e-09
9.02242e-09
1.02934e-08
1.10119e-08
1.17701e-08
1.26661e-08
1.38239e-08
1.12078e-08
1.01054e-08
8.83767e-09
7.4087e-09
6.03131e-09
5.77448e-09
4.5314e-09
2.63346e-09
2.05494e-09
1.62983e-09
1.51748e-09
1.3391e-09
8.11401e-10
1.90412e-10
3.11816e-11
1.78865e-11
4.86701e-11
1.06288e-10
1.18485e-09
4.20696e-09
9.7128e-09
1.48634e-08
1.38509e-08
1.21442e-08
1.5736e-08
2.36331e-08
3.20362e-08
3.81512e-08
4.31431e-08
0
0
0
0
0
0
0
0
0
0
0
0
0
0
0
0
0
0
0
0
0
0
0
0
0
0
0
0
0
0
0
0
0
0
0
0
0
0
0
0
0
0
0
0
0
0
0
0
0
0
0
0
0
0
0
0
0
1.16663e-10
7.91765e-10
2.51213e-09
4.9511e-09
7.19969e-09
8.60464e-09
9.34013e-09
9.57626e-09
8.6689e-09
8.67085e-09
8.38929e-09
7.58507e-09
7.65928e-09
8.39005e-09
8.41189e-09
8.40239e-09
1.06628e-08
8.27506e-09
6.65155e-09
5.25833e-09
3.988e-09
2.88216e-09
2.60576e-09
2.14095e-09
9.46385e-10
6.03631e-10
4.81884e-10
3.33208e-10
1.29949e-10
1.24002e-10
2.77375e-11
1.21273e-09
3.85886e-09
7.55776e-09
3.45144e-09
5.26073e-09
6.45592e-09
5.95904e-09
6.20642e-09
6.16482e-09
6.90636e-09
7.73588e-09
8.59641e-09
0
0
0
0
0
0
0
0
0
0
0
0
0
0
0
0
0
0
0
0
0
0
0
0
0
0
0
0
0
0
0
0
0
0
0
0
0
0
0
0
0
0
0
0
0
0
0
0
0
0
0
0
0
0
0
0
0
0
0
0
0
0
4.02381e-12
6.50758e-10
2.87292e-09
6.21054e-09
8.72243e-09
9.8295e-09
1.01678e-08
9.10703e-09
8.3844e-09
7.15491e-09
5.92242e-09
6.48937e-09
6.34742e-09
5.8732e-09
8.09286e-09
5.76582e-09
3.97988e-09
2.62926e-09
1.54907e-09
9.64643e-10
6.13474e-10
5.71277e-10
1.4019e-10
1.4838e-11
5.28717e-11
8.59033e-12
1.18676e-09
3.16874e-09
4.47697e-09
1.02081e-09
1.30954e-09
1.45423e-09
1.84399e-09
2.28785e-09
2.7775e-09
4.58357e-09
5.91939e-09
6.09463e-09
0
0
0
0
0
0
0
0
0
0
0
0
0
0
0
0
0
0
0
0
0
0
0
0
0
0
0
0
0
0
0
0
0
0
0
0
0
0
0
0
0
0
0
0
0
0
0
0
0
0
0
0
0
0
0
0
0
0
0
0
0
0
0
0
0
0
0
4.84667e-10
3.45542e-09
7.66683e-09
9.75091e-09
1.03005e-08
1.02673e-08
8.3359e-09
6.61858e-09
4.90073e-09
4.74283e-09
4.48128e-09
3.65442e-09
3.78596e-09
3.46672e-09
1.92828e-09
8.67859e-10
3.38447e-10
4.71722e-11
3.95148e-12
7.02202e-13
1.97574e-10
1.94184e-09
4.09342e-10
1.92733e-10
3.68422e-10
9.51542e-10
1.14833e-09
6.49127e-10
9.07467e-10
1.23896e-09
1.22974e-09
1.63353e-09
1.93324e-09
0
0
0
0
0
0
0
0
0
0
0
0
0
0
0
0
0
0
0
0
0
0
0
0
0
0
0
0
0
0
0
0
0
0
0
0
0
0
0
0
0
0
0
0
0
0
0
0
0
0
0
0
0
0
0
0
0
0
0
0
0
0
0
0
0
0
0
0
0
0
0
2.03513e-09
6.89081e-09
9.73621e-09
1.02064e-08
1.01166e-08
8.21716e-09
5.88739e-09
3.89009e-09
2.70579e-09
2.30365e-09
1.56511e-09
9.37964e-10
1.37589e-09
3.80982e-10
4.68648e-11
2.12953e-10
1.26666e-10
5.68624e-10
8.9446e-10
1.61437e-09
1.1261e-09
2.38089e-10
1.74377e-10
2.04382e-10
3.11178e-10
8.47305e-10
9.33692e-10
1.07439e-09
7.364e-10
0
0
0
0
0
0
0
0
0
0
0
0
0
0
0
0
0
0
0
0
0
0
0
0
0
0
0
0
0
0
0
0
0
0
0
0
0
0
0
0
0
0
0
0
0
0
0
0
0
0
0
0
0
0
0
0
0
0
0
0
0
0
0
0
0
0
0
0
0
0
0
0
0
0
1.11847e-09
6.56736e-09
9.61593e-09
9.71198e-09
9.27096e-09
7.79622e-09
4.6678e-09
2.08833e-09
8.34196e-10
6.52629e-11
5.10858e-14
2.29082e-13
8.94726e-11
8.22857e-14
1.18257e-10
2.05087e-10
2.01057e-10
1.43665e-10
5.55558e-10
7.94935e-10
1.35801e-09
1.71111e-09
8.29934e-10
2.37482e-10
1.35766e-10
2.15677e-10
0
0
0
0
0
0
0
0
0
0
0
0
0
0
0
0
0
0
0
0
0
0
0
0
0
0
0
0
0
0
0
0
0
0
0
0
0
0
0
0
0
0
0
0
0
0
0
0
0
0
0
0
0
0
0
0
0
0
0
0
0
0
0
0
0
0
0
0
0
0
0
0
0
0
0
0
0
8.7801e-10
6.63109e-09
8.2776e-09
7.261e-09
5.94772e-09
5.21121e-09
2.3312e-09
6.68548e-12
4.9867e-10
1.24624e-11
2.76027e-11
4.4359e-11
7.37166e-12
9.07158e-11
6.25215e-16
7.9556e-11
1.95866e-10
2.03779e-10
1.78425e-10
1.2714e-10
3.48964e-10
6.27121e-10
7.1569e-10
0
0
0
0
0
0
0
0
0
0
0
0
0
0
0
0
0
0
0
0
0
0
0
0
0
0
0
0
0
0
0
0
0
0
0
0
0
0
0
0
0
0
0
0
0
0
0
0
0
0
0
0
0
0
0
0
0
0
0
0
0
0
0
0
0
0
0
0
0
0
0
0
0
0
0
0
0
0
0
0
0
5.45875e-09
2.15544e-09
1.22971e-09
3.11467e-42
3.15858e-42
3.31825e-42
5.87959e-12
2.73367e-10
4.97713e-10
1.14049e-11
2.33203e-11
4.03813e-11
3.17197e-13
1.08286e-11
5.99386e-11
6.86563e-42
8.93189e-14
2.07823e-11
7.49028e-11
0
0
0
0
0
0
0
0
0
0
0
0
0
0
0
0
0
0
0
0
0
0
0
0
0
0
0
0
0
0
0
0
0
0
0
0
0
0
0
0
0
0
0
0
0
0
0
0
0
0
0
0
0
0
0
0
0
0
0
0
0
0
0
0
0
0
0
0
0
0
0
0
0
0
0
0
0
0
0
0
0
0
0
0
0
2.45824e-10
3.23278e-10
1.26439e-12
3.11448e-42
3.14985e-42
3.26549e-42
2.36126e-11
3.70206e-11
3.28703e-10
4.98365e-10
3.20897e-10
1.16491e-11
1.68013e-11
2.17826e-11
2.57607e-11
0
0
0
0
0
0
0
0
0
0
0
0
0
0
0
0
0
0
0
0
0
0
0
0
0
0
0
0
0
0
0
0
0
0
0
0
0
0
0
0
0
0
0
0
0
0
0
0
0
0
0
0
0
0
0
0
0
0
0
0
0
0
0
0
0
0
0
0
0
0
0
0
0
0
0
0
0
0
0
0
0
0
0
0
0
0
0
0
0
1.15686e-10
3.53434e-10
2.15565e-10
1.20694e-13
3.11362e-42
3.12459e-42
3.15104e-42
3.18482e-42
3.19195e-12
1.35042e-10
3.29456e-10
0
0
0
0
0
0
0
0
0
0
0
0
0
0
0
0
0
0
0
0
0
0
0
0
0
0
0
0
0
0
0
0
0
0
0
0
0
0
0
0
0
0
0
0
0
0
0
0
0
0
0
0
0
0
0
0
0
0
0
0
0
0
0
0
0
0
0
0
0
0
0
0
0
0
0
0
0
0
0
0
0
0
0
0
0
0
0
0
0
0
0
0
0
0
0
4.38907e-12
8.24503e-11
4.1799e-11
1.26342e-14
5.57713e-11
0
0
0
0
0
0
0
0
0
0
0
0
0
0
0
0
0
0
0
0
0
0
0
0
0
0
0
0
0
0
0
0
0
0
0
0
0
0
0
0
0
0
0
0
0
0
0
0
0
0
0
0
0
0
0
0
0
0
0
0
0
0
0
0
0
0
0
0
0
0
0
0
0
0
0
0
0
0
0
0
0
0
0
0
0
0
0
0
0
0
0
0
0
0
0
0
0
0
0
0
0
0
0
0
0
0
0
0
0
0
0
0
0
0
0
0
0
0
0
0
0
0
0
0
0
0
0
0
0
0
0
0
0
0
0
0
0
0
0
0
0
0
0
0
0
0
0
0
0
0
0
0
0
0
0
0
0
0
0
0
0
0
0
0
0
0
0
0
0
0
0
0
0
0
0
0
0
0
0
0
0
0
0
0
0
0
0
0
0
0
0
0
0
0
0
0
0
0
0
0
0
0
0
0
0
0
0
0
0
0
0
0
0
0
0
0
0
0
0
0
0
0
0
0
0
0
0
0
0
0
0
0
0
0
0
0
0
0
0
0
0
0
0
0
0
0
0
0
0
0
0
0
0
0
0
0
0
0
0
0
0
0
0
0
0
0
0
0
0
0
0
0
0
0
0
0
0
0
0
0
0
0
0
0
0
0
0
0
0
0
0
0
0
0
0
0
0
0
0
0
0
0
0
0
0
0
0
0
0
0
0
0
0
0
0
0
0
0
0
0
0
0
0
0
0
0
0
0
0
0
0
0
0
0
0
0
0
0
0
0
0
0
0
0
0
0
0
0
0
0
0
0
0
0
0
0
0
0
0
0
0
0
0
0
0
0
0
0
0
0
0
0
0
0
0
0
0
0
0
0
0
0
0
0
0
0
0
0
0
0
0
0
0
0
0
0
0
0
0
0
0
0
0
0
0
0
0
0
0
0
0
0
0
0
0
0
0
0
0
0
0
0
0
0
0
0
0
0
0
0
0
0
0
0
0
0
0
0
0
0
0
0
0
0
0
0
0
0
0
0
0
0
0
0
0
0
0
0
0
0
0
0
0
0
0
0
0
0
0
0
0
0
0
0
0
0
0
0
0
0
0
0
0
0
0
0
0
0
0
0
0
0
0
0
0
0
0
0
0
0
0
0
0
0
0
0
0
0
0
0
0
0
0
0
0
0
0
0
0
0
0
0
0
0
0
0
0
0
0
0
0
0
0
0
0
0
0
0
0
0
0
0
0
0
0
0
0
0
0
0
0
0
0
0
0
0
0
0
0
0
0
0
0
0
0
0
0
0
0
0
0
0
0
0
0
0
0
0
0
0
0
0
0
0
0
0
0
0
0
0
0
0
0
0
0
0
0
0
0
0
0
0
0
0
0
0
0
0
0
0
0
0
0
0
0
0
0
0
0
0
0
0
0
0
0
0
0
0
0
0
0
0
0
0
0
0
0
0
0
0
0
0
0
0
0
0
0
0
0
0
0
0
0
0
0
0
0
0
0
0
0
0
0
0
0
0
0
0
0
0
0
0
0
0
0
0
0
0
0
0
0
0
0
0
0
0
0
0
0
0
0
0
0
0
0
0
0
0
0
0
0
0
0
0
0
0
0
0
0
0
0
0
0
0
0
0
0
0
0
0
0
0
0
0
0
0
0
0
0
0
0
0
0
0
0
0
0
0
0
0
0
0
0
0
0
0
0
0
0
0
0
0
0
0
0
0
0
0
0
0
0
0
0
0
0
0
0
0
0
0
0
0
0
0
0
0
0
0
0
0
0
0
0
0
0
0
0
0
0
0
0
0
0
0
0
0
0
0
0
0
0
0
0
0
0
0
0
0
0
0
0
0
0
0
0
0
0
0
0
0
0
0
0
0
0
0
0
0
0
0
0
0
0
0
0
0
0
0
0
0
0
0
0
0
0
0
0
0
0
0
0
0
0
0
0
0
0
0
0
0
0
0
0
0
0
0
0
0
0
0
0
0
0
0
0
0
0
0
0
0
0
0
0
0
0
0
0
0
0
0
0
0
0
0
0
0
0
0
0
0
)
;

boundaryField
{
    AXIS
    {
        type            empty;
    }
    OUTLET
    {
        type            calculated;
        value           nonuniform List<scalar> 
80
(
3.25684e-05
3.25226e-05
3.24207e-05
3.2257e-05
3.20531e-05
3.18148e-05
3.15438e-05
3.12392e-05
3.08996e-05
3.05222e-05
3.01106e-05
2.96581e-05
2.9193e-05
2.87474e-05
2.82621e-05
2.76709e-05
2.691e-05
2.60677e-05
2.51689e-05
2.42175e-05
2.31759e-05
2.23232e-05
2.21576e-05
2.19197e-05
2.15721e-05
2.12159e-05
2.08764e-05
2.04396e-05
1.99268e-05
1.9334e-05
1.85407e-05
1.69887e-05
1.54823e-05
1.38273e-05
1.20255e-05
1.04286e-05
8.85816e-06
7.30553e-06
6.07765e-06
4.91171e-06
3.97383e-06
3.18327e-06
2.5245e-06
2.02691e-06
1.60728e-06
1.30192e-06
1.0469e-06
8.51324e-07
6.92599e-07
5.64257e-07
4.59829e-07
3.73321e-07
2.97239e-07
2.29897e-07
1.81066e-07
1.41696e-07
1.10265e-07
9.26909e-08
8.90652e-08
8.03693e-08
4.31431e-08
8.59641e-09
6.09463e-09
1.93324e-09
7.364e-10
2.15677e-10
7.1569e-10
7.49028e-11
2.57607e-11
3.29456e-10
5.57713e-11
0
0
0
0
0
0
0
0
0
)
;
    }
    COFLOW
    {
        type            calculated;
        value           uniform 0;
    }
    PILOT
    {
        type            calculated;
        value           uniform 3.41788e-06;
    }
    FUEL
    {
        type            calculated;
        value           uniform 0.012997;
    }
    WALL
    {
        type            calculated;
        value           uniform 0;
    }
    front
    {
        type            wedge;
    }
    back
    {
        type            wedge;
    }
}


// ************************************************************************* //
