/*--------------------------------*- C++ -*----------------------------------*\
  =========                 |
  \\      /  F ield         | OpenFOAM: The Open Source CFD Toolbox
   \\    /   O peration     | Website:  https://openfoam.org
    \\  /    A nd           | Version:  6
     \\/     M anipulation  |
\*---------------------------------------------------------------------------*/
FoamFile
{
    version     2.0;
    format      ascii;
    class       volScalarField;
    location    "0.1";
    object      C2H5;
}
// * * * * * * * * * * * * * * * * * * * * * * * * * * * * * * * * * * * * * //

dimensions      [0 0 0 0 0 0 0];

internalField   nonuniform List<scalar> 
8000
(
2.26748e-08
6.38951e-07
1.807e-06
3.22551e-06
3.75003e-06
3.50156e-06
2.59259e-06
1.62108e-06
8.31627e-07
3.1566e-07
9.58661e-08
5.99022e-08
1.53574e-07
9.01353e-07
8.65039e-07
9.21258e-07
1.82568e-06
4.31131e-06
1.90124e-06
2.17445e-06
2.20847e-06
1.74581e-06
1.39267e-06
1.89926e-06
2.21916e-06
2.61842e-06
2.79997e-06
2.63944e-06
2.57337e-06
1.20633e-05
4.39987e-06
1.66556e-06
1.33871e-06
1.0535e-06
9.44913e-07
9.22468e-07
9.24244e-07
9.44669e-07
1.09468e-06
1.26346e-06
9.54297e-07
7.11692e-07
6.23818e-07
6.70665e-07
8.22061e-07
1.05131e-06
1.29853e-06
1.6314e-06
2.15114e-06
1.34724e-05
4.14541e-06
3.52156e-06
3.06306e-06
3.05415e-06
3.06412e-06
3.09362e-06
3.11444e-06
3.0941e-06
3.03159e-06
2.93949e-06
2.23311e-06
2.08741e-06
1.22147e-06
1.38092e-06
9.4047e-07
1.62195e-07
6.72096e-07
4.39554e-07
4.49716e-07
4.52091e-07
7.7656e-07
4.49451e-07
4.51071e-07
9.27848e-07
9.26208e-07
4.49752e-07
4.49546e-07
4.5107e-07
4.51709e-07
4.52847e-07
4.56477e-07
4.57551e-07
4.55439e-07
9.27901e-07
8.81967e-07
7.98753e-07
6.78237e-07
6.07112e-07
1.45146e-06
4.11612e-07
3.15477e-07
2.50552e-07
2.12177e-07
1.81505e-07
1.23945e-07
9.80702e-08
8.31462e-08
7.27102e-08
6.66799e-08
4.66379e-08
2.09639e-08
6.995e-07
1.87436e-06
3.2859e-06
4.17074e-06
3.48013e-06
2.48837e-06
1.55953e-06
7.81912e-07
2.79321e-07
8.23044e-08
7.09496e-08
2.60004e-07
1.60075e-06
1.60292e-06
1.20136e-06
1.74643e-06
1.91052e-06
1.99314e-06
2.01815e-06
2.09639e-06
1.70069e-06
1.41443e-06
1.95721e-06
2.25993e-06
2.75053e-06
2.80753e-06
2.64383e-06
2.4552e-06
2.79275e-06
1.70741e-06
1.50424e-06
1.266e-06
1.04978e-06
9.86693e-07
9.78902e-07
9.79159e-07
9.96182e-07
1.17562e-06
4.48856e-06
1.11497e-06
7.64536e-07
6.61037e-07
7.07245e-07
8.56753e-07
1.08726e-06
1.32201e-06
1.63847e-06
2.14452e-06
2.33208e-06
3.00633e-06
3.05445e-06
3.06578e-06
3.0639e-06
3.06951e-06
3.09022e-06
3.10077e-06
3.07415e-06
3.00926e-06
2.92383e-06
2.22599e-06
2.06973e-06
1.19888e-06
1.45369e-06
6.64033e-07
1.61125e-07
6.70947e-07
4.39262e-07
4.49346e-07
4.51876e-07
4.53151e-07
4.48325e-07
4.50601e-07
9.26309e-07
9.24922e-07
4.49441e-07
4.49173e-07
4.50765e-07
4.51651e-07
4.52458e-07
4.56168e-07
4.57293e-07
4.5486e-07
9.27123e-07
8.8202e-07
7.97485e-07
6.76887e-07
6.06147e-07
5.46842e-07
4.10427e-07
3.15046e-07
2.50113e-07
2.11844e-07
1.81445e-07
1.23707e-07
9.79313e-08
8.30428e-08
7.26269e-08
6.67286e-08
4.65769e-08
3.1429e-08
9.88419e-07
4.7582e-06
4.04262e-06
3.45642e-06
2.87881e-06
2.0225e-06
4.314e-06
4.3429e-06
2.97063e-07
2.4249e-06
7.9617e-08
3.92901e-07
2.14442e-06
2.20703e-06
1.96687e-06
1.48263e-06
1.83307e-06
1.88114e-06
4.09808e-06
1.89917e-06
1.6348e-06
1.4753e-06
2.07166e-06
2.32938e-06
3.09045e-06
2.94588e-06
2.65327e-06
2.30732e-06
1.91533e-06
1.58042e-06
1.38632e-06
1.2104e-06
1.07343e-06
1.10599e-06
1.15936e-06
1.13219e-06
1.1266e-06
1.13468e-06
1.15e-06
9.37858e-07
7.80146e-07
7.22906e-07
7.76367e-07
9.26526e-07
1.16314e-06
1.37401e-06
1.73313e-06
2.13478e-06
2.32651e-06
2.33957e-06
3.07177e-06
3.1045e-06
3.08679e-06
3.07416e-06
3.07619e-06
3.07141e-06
3.03361e-06
2.96552e-06
2.59322e-06
2.20959e-06
2.02627e-06
1.14968e-06
1.25281e-06
6.64489e-07
1.58873e-07
4.33349e-07
4.38705e-07
4.48421e-07
4.5127e-07
4.51975e-07
4.46172e-07
1.62659e-06
9.22935e-07
9.22144e-07
1.22547e-06
4.48366e-07
4.50087e-07
4.51391e-07
6.76262e-07
4.55496e-07
4.56729e-07
4.53557e-07
9.25507e-07
1.59775e-06
7.94656e-07
6.74028e-07
6.04109e-07
5.3329e-07
4.08201e-07
3.14112e-07
2.49152e-07
2.53283e-06
2.7393e-06
1.2318e-07
9.76293e-08
8.28155e-08
7.24432e-08
4.39813e-06
4.64411e-08
6.66125e-08
1.36856e-06
2.45512e-06
3.04032e-06
2.76617e-06
2.22605e-06
1.50413e-06
8.9871e-07
3.8645e-07
1.01876e-07
2.51123e-08
3.38582e-08
2.09401e-07
1.17992e-05
4.47963e-06
2.26206e-06
1.24763e-06
1.46105e-06
2.11692e-06
2.0288e-06
1.96405e-06
1.54527e-06
1.55343e-06
2.05159e-06
2.39301e-06
4.04985e-06
3.22753e-06
2.66264e-06
2.21837e-06
1.81679e-06
1.53183e-06
1.34372e-06
1.20759e-06
1.11918e-06
1.2655e-06
4.32664e-06
1.38296e-06
4.46576e-06
1.25433e-06
1.14739e-06
9.85254e-07
8.78949e-07
8.2288e-07
8.68345e-07
1.00107e-06
1.21007e-06
1.50917e-06
1.82442e-06
2.12262e-06
2.1471e-06
2.32021e-06
3.09502e-06
4.33084e-06
3.09808e-06
3.05839e-06
3.04335e-06
3.02786e-06
2.98245e-06
2.91421e-06
2.24328e-06
2.1807e-06
1.43121e-06
1.07635e-06
1.01913e-06
6.59874e-07
1.5713e-07
4.31789e-07
4.38183e-07
4.46911e-07
4.49413e-07
1.13945e-06
9.25101e-07
9.25554e-07
9.17749e-07
9.18039e-07
4.46682e-07
4.47163e-07
4.49077e-07
4.50944e-07
4.52624e-07
4.5449e-07
4.55878e-07
4.51498e-07
9.23282e-07
8.70989e-07
7.90206e-07
6.69737e-07
6.0112e-07
5.23087e-07
4.05139e-07
3.12709e-07
2.47717e-07
2.07237e-07
1.74365e-07
1.2235e-07
9.71765e-08
8.2472e-08
7.21635e-08
6.42283e-08
4.62223e-08
5.06604e-08
1.91998e-06
4.21663e-06
3.49118e-06
2.47451e-06
1.74409e-06
1.03917e-06
4.7938e-07
1.54103e-07
2.5919e-08
1.37743e-06
1.29568e-06
1.43999e-06
1.97353e-06
2.15938e-06
1.57805e-06
9.30609e-07
1.27605e-06
2.13761e-06
2.19872e-06
1.87137e-06
1.46989e-06
1.74391e-06
2.23492e-06
2.52631e-06
3.07806e-06
2.93198e-06
2.61687e-06
2.13982e-06
1.83728e-06
1.55506e-06
1.37844e-06
1.26064e-06
1.166e-06
1.1868e-06
1.21869e-06
1.20185e-06
1.22856e-06
1.27854e-06
5.1024e-06
1.11993e-06
1.02461e-06
9.5068e-07
9.49973e-07
1.12657e-06
1.32955e-06
1.54314e-06
1.81814e-06
2.10324e-06
2.27488e-06
2.29257e-06
3.04221e-06
3.52108e-06
3.04002e-06
3.00911e-06
2.99231e-06
2.97989e-06
2.92979e-06
2.57287e-06
2.22078e-06
2.12983e-06
1.34048e-06
9.76441e-07
8.36817e-07
4.15126e-07
6.58384e-07
4.30996e-07
4.37683e-07
6.75282e-07
4.47041e-07
4.4789e-07
9.17234e-07
9.15192e-07
9.11195e-07
9.12763e-07
4.4292e-07
4.45539e-07
4.47703e-07
4.49569e-07
4.51855e-07
4.53173e-07
1.02043e-06
4.48615e-07
1.7676e-06
8.60771e-07
7.84485e-07
6.64049e-07
5.97286e-07
5.12299e-07
4.01324e-07
3.10857e-07
2.45842e-07
2.03808e-07
1.69039e-07
1.21299e-07
9.65755e-08
8.20149e-08
7.17919e-08
6.22107e-08
4.59506e-08
2.3736e-08
9.05964e-06
3.61491e-06
2.72739e-06
1.85647e-06
1.25393e-06
6.305e-07
3.32982e-06
5.46519e-08
8.37856e-09
4.61944e-09
1.17663e-08
5.23441e-08
1.22548e-06
1.45129e-06
5.00148e-06
6.79604e-06
6.2531e-06
8.64846e-06
2.18205e-06
1.70307e-06
1.49682e-06
4.69497e-06
3.71958e-06
2.56963e-06
2.9223e-06
2.78933e-06
2.61548e-06
2.26805e-06
1.88981e-06
1.63459e-06
1.48003e-06
1.29056e-06
1.26223e-06
1.21961e-06
1.19431e-06
1.18742e-06
1.21724e-06
1.26811e-06
1.20824e-06
1.12344e-06
1.15419e-06
3.1246e-06
1.08356e-06
1.1962e-06
1.50634e-06
1.81197e-06
1.88156e-06
2.06641e-06
3.90768e-06
2.25163e-06
2.96843e-06
4.16161e-06
2.9793e-06
2.94566e-06
2.93186e-06
2.93429e-06
2.89142e-06
2.22685e-06
2.18121e-06
2.03774e-06
1.22005e-06
8.58077e-07
8.28833e-07
4.17861e-07
6.52185e-07
4.30899e-07
4.36079e-07
4.43657e-07
4.44216e-07
4.44573e-07
9.07877e-07
9.04535e-07
9.01933e-07
9.06413e-07
4.38588e-07
4.42518e-07
4.45936e-07
4.47893e-07
4.50126e-07
4.51559e-07
1.09722e-06
9.29277e-07
9.06046e-07
8.51846e-07
7.77597e-07
6.57014e-07
5.92384e-07
5.02056e-07
3.96847e-07
3.0857e-07
2.43562e-07
2.00583e-07
3.00343e-06
1.2006e-07
9.58629e-08
8.14405e-08
7.13371e-08
6.05557e-08
4.56346e-08
6.73374e-09
1.56167e-06
2.37472e-06
5.11384e-06
1.24474e-06
7.97231e-07
3.98253e-06
3.95329e-06
1.8269e-06
9.53901e-09
9.04459e-09
3.3825e-08
1.85445e-06
6.34317e-07
8.06251e-07
7.6921e-07
1.14519e-06
1.66092e-06
2.11905e-06
2.08508e-06
7.82887e-06
1.64447e-06
2.03065e-06
2.31677e-06
2.56359e-06
4.09864e-06
4.12567e-06
2.61747e-06
4.22807e-06
2.03512e-06
1.75957e-06
1.5408e-06
1.46686e-06
1.34487e-06
1.27365e-06
1.22258e-06
1.276e-06
1.20778e-06
1.24571e-06
1.33071e-06
3.22688e-06
1.16301e-06
1.1075e-06
1.11594e-06
1.28989e-06
1.53393e-06
4.06077e-06
1.9563e-06
2.00997e-06
2.00614e-06
2.1848e-06
2.39549e-06
4.09787e-06
2.90457e-06
2.87805e-06
2.8743e-06
2.89236e-06
4.02102e-06
2.19273e-06
2.11587e-06
1.873e-06
1.07386e-06
1.33904e-06
9.04791e-07
1.40833e-07
4.17983e-07
4.29704e-07
4.3468e-07
4.40251e-07
4.40795e-07
4.39262e-07
8.95578e-07
8.90478e-07
8.90403e-07
8.99165e-07
9.03118e-07
4.38663e-07
4.4391e-07
4.46038e-07
1.02451e-06
4.49555e-07
4.50279e-07
9.20811e-07
8.91883e-07
8.4359e-07
7.69612e-07
6.48712e-07
1.39528e-06
4.90528e-07
3.903e-07
3.05864e-07
2.40919e-07
1.97321e-07
1.59712e-07
1.18626e-07
9.50133e-08
8.07575e-08
7.08062e-08
5.91633e-08
4.52768e-08
7.46005e-07
4.58164e-06
5.48054e-06
1.21968e-06
6.82936e-07
3.60882e-07
3.78995e-06
1.00462e-07
1.88066e-08
1.378e-08
1.23097e-06
2.01928e-06
4.08265e-07
3.59742e-06
6.77698e-07
8.82226e-07
1.4196e-06
1.93776e-06
2.13378e-06
1.88379e-06
1.46357e-06
4.52241e-06
2.22908e-06
3.8893e-06
2.78943e-06
2.88e-06
2.75687e-06
2.61413e-06
2.4159e-06
2.08606e-06
4.22798e-06
1.72763e-06
1.59963e-06
1.48792e-06
1.40436e-06
3.51564e-06
1.36616e-06
1.35158e-06
1.30592e-06
1.29966e-06
1.20544e-06
1.17448e-06
1.16999e-06
1.20352e-06
1.35509e-06
1.52914e-06
1.75801e-06
1.80647e-06
1.9424e-06
1.92568e-06
2.11851e-06
2.16143e-06
4.04118e-06
2.55326e-06
2.54175e-06
2.54609e-06
2.56003e-06
2.21604e-06
2.13824e-06
1.48896e-06
1.22013e-06
1.67466e-06
6.97311e-07
6.2799e-07
1.48298e-07
4.15711e-07
4.27573e-07
4.32304e-07
4.35834e-07
1.47575e-06
1.75227e-06
8.80086e-07
8.75463e-07
8.76233e-07
1.75024e-06
8.93884e-07
9.02013e-07
4.4154e-07
4.43928e-07
1.11111e-06
4.47296e-07
4.47706e-07
9.11464e-07
8.78489e-07
1.52673e-06
7.60687e-07
6.39218e-07
5.71748e-07
4.78076e-07
3.83154e-07
3.02024e-07
2.37943e-07
1.93992e-07
1.54792e-07
1.17042e-07
9.40324e-08
7.99627e-08
7.01917e-08
5.79599e-08
4.48768e-08
5.5444e-10
4.38519e-07
4.40751e-06
3.79009e-06
2.70427e-07
1.01349e-07
6.56282e-08
2.28444e-08
1.80725e-08
4.33906e-08
1.80924e-06
3.35797e-06
5.89042e-06
1.22686e-06
5.73331e-06
6.06172e-06
9.03801e-06
2.18489e-06
1.07728e-05
1.67001e-06
1.4012e-06
1.68529e-06
2.04861e-06
2.30965e-06
4.10584e-06
4.00129e-06
2.73613e-06
2.64085e-06
4.13669e-06
2.22294e-06
2.02901e-06
1.93778e-06
1.89363e-06
1.80975e-06
1.70626e-06
1.56561e-06
3.85372e-06
1.46499e-06
1.47787e-06
3.77496e-06
1.2805e-06
1.20055e-06
1.21438e-06
1.298e-06
1.41005e-06
1.51997e-06
1.74829e-06
1.75885e-06
1.87497e-06
1.85567e-06
1.8606e-06
2.10359e-06
2.15701e-06
2.19286e-06
3.99298e-06
2.20804e-06
2.22531e-06
2.16387e-06
2.03793e-06
1.33901e-06
1.96032e-06
1.74313e-06
8.18932e-07
1.40524e-07
6.22658e-07
4.15005e-07
4.25009e-07
4.26824e-07
1.19875e-06
4.28464e-07
8.81095e-07
8.62962e-07
8.58915e-07
8.60075e-07
8.72928e-07
8.8255e-07
8.92553e-07
4.37773e-07
1.24359e-06
4.43058e-07
1.41658e-06
1.60305e-06
8.99716e-07
8.65204e-07
1.52146e-06
7.50007e-07
6.2859e-07
5.57345e-07
4.65517e-07
3.75982e-07
2.97448e-07
2.34675e-07
1.89354e-07
1.50505e-07
1.15319e-07
9.29202e-08
7.9076e-08
6.95279e-08
5.68932e-08
4.44331e-08
4.73443e-11
1.17356e-07
3.38097e-07
3.02383e-06
6.42855e-08
1.88597e-08
1.34458e-06
1.70012e-08
1.15117e-06
2.34388e-06
3.20716e-07
5.30961e-06
2.10426e-06
9.48031e-06
1.87899e-06
1.9035e-06
2.19046e-06
2.2452e-06
9.86463e-06
6.35388e-06
3.7001e-06
1.74109e-06
2.00352e-06
2.24211e-06
2.58359e-06
4.03074e-06
2.70139e-06
2.61641e-06
2.51475e-06
2.34333e-06
2.27939e-06
2.23534e-06
2.47947e-06
4.27356e-06
4.33321e-06
1.99886e-06
1.83854e-06
1.70756e-06
1.64502e-06
1.57977e-06
1.39532e-06
1.32337e-06
1.33374e-06
1.39581e-06
1.47518e-06
1.58355e-06
1.71412e-06
1.7096e-06
1.8133e-06
1.79396e-06
1.79314e-06
1.80095e-06
2.10727e-06
2.15617e-06
2.16669e-06
2.175e-06
4.01568e-06
4.14503e-06
1.38767e-06
1.16253e-06
9.01527e-07
9.50801e-07
5.99362e-07
1.44228e-07
3.38481e-07
6.15538e-07
4.19598e-07
4.21128e-07
1.5509e-06
8.66617e-07
8.57031e-07
8.44264e-07
8.37621e-07
8.42314e-07
8.5461e-07
8.68763e-07
1.80165e-06
1.68854e-06
4.38568e-07
4.39821e-07
4.40094e-07
9.08936e-07
8.84368e-07
8.51294e-07
8.0359e-07
6.89515e-07
6.16949e-07
5.43002e-07
4.52868e-07
3.68311e-07
2.92438e-07
2.31413e-07
1.84751e-07
1.46423e-07
1.13328e-07
9.16796e-08
7.81153e-08
6.87729e-08
5.59404e-08
4.39424e-08
3.15546e-12
9.57236e-07
1.95327e-06
1.67531e-06
1.51756e-08
1.05308e-08
2.03589e-08
1.17864e-06
1.68922e-06
2.67434e-06
4.87451e-06
8.94178e-06
7.72326e-06
5.78831e-06
2.20089e-06
2.22137e-06
1.2398e-05
2.1034e-06
1.65991e-06
1.50299e-06
1.57095e-06
1.82662e-06
2.06053e-06
2.20392e-06
2.40449e-06
2.74426e-06
2.66266e-06
2.58734e-06
2.53102e-06
2.45843e-06
2.41561e-06
2.41416e-06
2.50336e-06
2.44933e-06
2.37621e-06
4.2592e-06
2.26665e-06
4.30963e-06
2.01041e-06
4.30929e-06
1.57334e-06
1.522e-06
1.51462e-06
1.49895e-06
1.5781e-06
1.64189e-06
1.67741e-06
1.66049e-06
3.89192e-06
1.73918e-06
1.73136e-06
1.72958e-06
1.7263e-06
2.12068e-06
4.01672e-06
2.1096e-06
4.23602e-06
1.40456e-06
1.20582e-06
9.73603e-07
1.31817e-06
4.46131e-07
3.81192e-07
5.99028e-07
3.97002e-07
4.09308e-07
4.13363e-07
4.12076e-07
8.47645e-07
1.75947e-06
8.34277e-07
8.18982e-07
8.14405e-07
8.211e-07
8.36141e-07
8.51993e-07
8.68859e-07
8.828e-07
4.33748e-07
1.67943e-06
9.0001e-07
8.9613e-07
8.68452e-07
8.34702e-07
7.84966e-07
6.77289e-07
6.04548e-07
5.28325e-07
4.40942e-07
1.87083e-06
2.87105e-07
2.27944e-07
1.8031e-07
1.42497e-07
1.11238e-07
9.03702e-08
7.70396e-08
6.79333e-08
5.46578e-08
4.34215e-08
1.25224e-07
8.92639e-07
1.32637e-06
1.43666e-06
3.86024e-08
1.39945e-06
1.27813e-07
2.2636e-06
3.13012e-06
3.90894e-06
6.03625e-06
1.84533e-06
2.16522e-06
4.2508e-06
2.13216e-06
2.29678e-06
2.30574e-06
1.96296e-06
1.53757e-06
4.19817e-06
1.68003e-06
1.84915e-06
3.6157e-06
2.2009e-06
2.34794e-06
4.04419e-06
3.9666e-06
2.55259e-06
2.62385e-06
4.02997e-06
2.56307e-06
2.52902e-06
2.49714e-06
2.45357e-06
2.39915e-06
2.54189e-06
2.40415e-06
2.43703e-06
4.25893e-06
1.99726e-06
1.82498e-06
1.67084e-06
1.63456e-06
1.69182e-06
1.72349e-06
1.67916e-06
1.58674e-06
1.60931e-06
1.61644e-06
1.68229e-06
3.98921e-06
4.01201e-06
4.03186e-06
1.62021e-06
1.55329e-06
1.48136e-06
1.36692e-06
1.21348e-06
1.00817e-06
1.38266e-06
8.04064e-07
1.62818e-07
1.37448e-07
3.82761e-07
3.97119e-07
4.03137e-07
1.59464e-06
1.76687e-06
8.20897e-07
8.18798e-07
8.07507e-07
7.93123e-07
7.90499e-07
7.99117e-07
8.1452e-07
8.34516e-07
8.52766e-07
8.69554e-07
8.84887e-07
8.85712e-07
8.87355e-07
8.82951e-07
8.52369e-07
8.17763e-07
7.64473e-07
6.64218e-07
5.91478e-07
5.13537e-07
4.29285e-07
3.47463e-07
2.81958e-07
2.61216e-06
1.76109e-07
1.3868e-07
1.09133e-07
8.89887e-08
7.58653e-08
6.70148e-08
5.35885e-08
4.28591e-08
1.3193e-07
6.34845e-10
7.0253e-09
7.69934e-08
2.59021e-07
2.43386e-06
5.76356e-07
4.21468e-06
1.17153e-06
1.52558e-06
1.81092e-06
2.30487e-06
2.25218e-06
2.23923e-06
2.17821e-06
2.34149e-06
2.28749e-06
1.84413e-06
1.43696e-06
1.54817e-06
1.77354e-06
2.0091e-06
3.97758e-06
2.19131e-06
2.29536e-06
4.08215e-06
2.55387e-06
2.49536e-06
3.93617e-06
2.68079e-06
3.96976e-06
2.71223e-06
2.80148e-06
2.75006e-06
2.5698e-06
2.51995e-06
2.58938e-06
2.53965e-06
2.29423e-06
2.11984e-06
4.17787e-06
4.18378e-06
1.8162e-06
1.7362e-06
4.00914e-06
1.64897e-06
1.54023e-06
4.05768e-06
1.51051e-06
1.60375e-06
4.05996e-06
1.52555e-06
1.48706e-06
1.45451e-06
3.98972e-06
3.12824e-06
1.17145e-06
1.77529e-06
1.50082e-06
8.94453e-07
5.70185e-07
1.77022e-07
3.65434e-07
3.84657e-07
9.93478e-07
3.95044e-07
1.749e-06
7.83047e-07
7.92158e-07
7.88798e-07
7.78056e-07
7.66315e-07
7.65405e-07
7.76413e-07
7.92834e-07
8.14148e-07
8.34192e-07
8.53114e-07
1.7792e-06
8.72246e-07
8.74163e-07
1.71978e-06
8.3519e-07
8.00314e-07
7.4409e-07
6.49483e-07
5.78019e-07
4.99035e-07
4.17716e-07
3.3623e-07
2.27741e-06
2.17632e-07
1.71849e-07
1.35006e-07
1.06918e-07
8.74993e-08
7.46212e-08
6.54998e-08
5.25333e-08
4.2274e-08
1.21592e-09
6.65361e-07
9.91843e-08
3.26853e-06
7.06743e-06
1.50232e-06
1.63856e-06
8.69553e-06
1.03898e-05
9.85372e-06
2.52273e-06
1.02816e-05
2.34146e-06
2.10973e-06
8.68805e-06
2.39376e-06
2.21387e-06
7.43431e-06
3.11826e-06
4.36419e-06
1.76452e-06
3.56791e-06
2.30958e-06
2.22605e-06
2.21596e-06
2.28984e-06
2.35575e-06
2.40131e-06
2.39779e-06
2.48038e-06
2.47748e-06
2.64691e-06
2.7421e-06
3.9636e-06
2.63611e-06
2.5847e-06
2.54828e-06
2.50633e-06
4.04752e-06
2.09977e-06
2.02175e-06
1.86013e-06
1.78284e-06
1.77569e-06
3.9655e-06
1.60817e-06
1.55081e-06
1.51825e-06
1.39094e-06
1.43236e-06
1.41544e-06
1.42549e-06
1.29196e-06
3.04698e-06
2.98463e-06
1.086e-06
9.73274e-07
2.19914e-06
9.2469e-07
6.01487e-07
1.25529e-07
1.28778e-07
4.76337e-07
3.84786e-07
3.89241e-07
7.48286e-07
7.54214e-07
7.49511e-07
7.58214e-07
7.5676e-07
7.47031e-07
7.3692e-07
7.37763e-07
7.513e-07
7.70945e-07
7.92702e-07
8.14764e-07
8.34525e-07
8.57052e-07
8.56263e-07
8.57696e-07
8.50072e-07
8.15703e-07
1.54933e-06
6.76954e-07
1.38992e-06
1.47569e-06
4.84185e-07
4.06578e-07
3.25084e-07
2.66924e-07
2.11301e-07
1.67507e-07
1.31662e-07
1.04621e-07
8.59067e-08
7.33278e-08
6.39767e-08
5.1471e-08
4.16962e-08
2.13735e-06
9.4111e-07
7.64268e-07
1.08811e-05
3.31033e-06
2.14086e-06
1.14675e-05
2.32877e-06
8.72007e-06
2.48154e-06
8.29138e-06
8.8442e-06
2.35098e-06
2.47595e-06
5.57216e-06
2.37196e-06
2.05217e-06
4.14199e-06
1.44089e-06
4.64013e-06
1.859e-06
1.97461e-06
3.94524e-06
2.02541e-06
2.12584e-06
2.11095e-06
4.05165e-06
2.2259e-06
2.20225e-06
2.28129e-06
2.37968e-06
2.35644e-06
3.99541e-06
2.47893e-06
3.97559e-06
2.51801e-06
2.48965e-06
3.94858e-06
3.97189e-06
2.06e-06
1.98777e-06
1.90588e-06
1.8168e-06
1.73093e-06
1.58014e-06
1.50421e-06
1.44638e-06
1.42703e-06
1.49275e-06
3.12962e-06
1.78292e-06
1.43272e-06
1.48031e-06
1.53562e-06
1.55763e-06
2.4781e-06
1.36481e-06
1.09306e-06
6.31222e-07
1.90362e-07
5.57518e-07
3.5982e-07
3.7186e-07
3.81043e-07
7.26924e-07
7.18248e-07
7.17257e-07
7.14632e-07
1.64234e-06
7.23357e-07
6.67168e-07
6.60682e-07
6.63859e-07
7.24869e-07
7.47393e-07
7.70697e-07
7.92716e-07
8.14322e-07
1.73627e-06
8.38621e-07
8.40759e-07
8.31673e-07
7.96116e-07
7.61183e-07
6.5706e-07
6.1398e-07
5.42554e-07
4.65849e-07
3.95876e-07
3.14566e-07
2.47987e-06
2.05485e-07
1.62839e-07
1.28317e-07
1.02291e-07
8.42235e-08
7.19278e-08
6.24218e-08
5.04043e-08
4.10673e-08
1.48457e-06
8.20711e-06
3.15945e-06
1.07275e-05
1.89684e-06
8.11241e-06
1.8098e-06
4.44973e-06
5.13526e-06
1.92426e-06
1.98196e-06
4.2871e-06
2.15032e-06
2.22923e-06
2.29752e-06
8.21636e-06
1.79246e-06
1.44547e-06
1.35296e-06
1.575e-06
3.18723e-06
3.29272e-06
1.82547e-06
3.94963e-06
4.04979e-06
4.13014e-06
4.15389e-06
1.91793e-06
1.89622e-06
2.06555e-06
4.06919e-06
4.03532e-06
2.0999e-06
2.07017e-06
2.14825e-06
3.95954e-06
3.95533e-06
2.3423e-06
2.18722e-06
3.9467e-06
1.93344e-06
1.84879e-06
3.91113e-06
1.6017e-06
4.07079e-06
1.38338e-06
3.92831e-06
1.34899e-06
1.55087e-06
2.80616e-06
1.729e-06
1.56538e-06
1.40511e-06
1.37778e-06
1.25364e-06
1.13256e-06
8.02943e-07
3.80061e-07
2.02927e-07
5.5462e-07
5.75055e-07
8.30295e-07
3.69375e-07
7.04811e-07
6.96109e-07
6.77973e-07
6.70904e-07
6.70331e-07
6.35987e-07
6.3731e-07
6.31444e-07
6.26244e-07
6.3133e-07
6.48193e-07
1.41511e-06
7.42917e-07
7.67053e-07
1.61132e-06
8.13387e-07
1.6576e-06
8.18472e-07
8.06362e-07
7.72562e-07
7.33254e-07
6.31927e-07
1.46302e-06
5.19279e-07
4.43467e-07
3.80809e-07
2.28425e-06
2.4632e-07
1.98803e-07
1.57398e-07
1.24274e-07
9.94372e-08
8.20153e-08
7.01128e-08
6.0563e-08
4.90945e-08
4.02901e-08
8.70609e-08
2.55341e-06
4.4049e-06
3.08489e-06
2.06724e-06
1.754e-06
1.23005e-06
1.35591e-06
1.39497e-06
1.45541e-06
2.50113e-06
2.56644e-06
2.36461e-06
2.0756e-06
3.62306e-06
1.84421e-06
1.52582e-06
2.83311e-06
3.69412e-06
1.52567e-06
1.56148e-06
1.63763e-06
1.60415e-06
1.72508e-06
4.03832e-06
4.06191e-06
4.06397e-06
1.79068e-06
4.07217e-06
1.70359e-06
1.70183e-06
1.76396e-06
1.75971e-06
1.82914e-06
1.90873e-06
1.90153e-06
1.89836e-06
1.89932e-06
3.94469e-06
1.91865e-06
3.90219e-06
3.8772e-06
3.93001e-06
1.58702e-06
1.38293e-06
1.27712e-06
1.72017e-06
1.74689e-06
1.49293e-06
1.12334e-06
5.53295e-07
4.47281e-07
4.17353e-07
4.15774e-07
3.95245e-07
3.38592e-07
2.18976e-07
3.99617e-07
3.58171e-07
7.50145e-07
1.04196e-06
1.61483e-06
6.63582e-07
6.71368e-07
6.55554e-07
6.27045e-07
5.78299e-07
5.77871e-07
5.86829e-07
5.94145e-07
5.89539e-07
5.8612e-07
5.92099e-07
6.10634e-07
6.3661e-07
7.08177e-07
7.34344e-07
7.5276e-07
7.77111e-07
7.83011e-07
7.88048e-07
7.77199e-07
7.43796e-07
6.5574e-07
6.01649e-07
5.59933e-07
4.93472e-07
4.19483e-07
3.58872e-07
2.85472e-07
2.33662e-07
1.89033e-07
1.51074e-07
1.19501e-07
9.61671e-08
7.93901e-08
6.7844e-08
5.86515e-08
4.7561e-08
3.92885e-08
1.73849e-07
2.33268e-07
2.32547e-06
2.86023e-06
1.88035e-06
9.33168e-07
5.47683e-07
6.91133e-07
8.71199e-07
1.11578e-06
3.94152e-06
1.68191e-06
1.78859e-06
2.22791e-06
2.79088e-06
2.81406e-06
1.45028e-06
1.39155e-06
4.57604e-06
1.5533e-06
3.93648e-06
1.48675e-06
1.53844e-06
1.55879e-06
3.95598e-06
1.58278e-06
1.52932e-06
1.50531e-06
3.91865e-06
1.46988e-06
4.06426e-06
4.13703e-06
1.49002e-06
1.5944e-06
4.21459e-06
1.54374e-06
1.6376e-06
1.73989e-06
1.81064e-06
3.9651e-06
1.68356e-06
1.60176e-06
1.5787e-06
4.1742e-06
1.28658e-06
1.7021e-06
1.61869e-06
9.17774e-07
5.43029e-07
4.19757e-07
4.07362e-07
3.38768e-07
3.86589e-07
3.65342e-07
3.73568e-07
4.30043e-07
4.60716e-07
6.95395e-07
3.62541e-07
3.58279e-07
3.51686e-07
6.24881e-07
6.20002e-07
6.2683e-07
1.8052e-06
5.38139e-07
5.24731e-07
5.28264e-07
1.66639e-06
1.60631e-06
5.48497e-07
5.45924e-07
5.53989e-07
5.72939e-07
5.98167e-07
6.29739e-07
6.97728e-07
7.16877e-07
7.40647e-07
7.49827e-07
7.54917e-07
7.46921e-07
1.44073e-06
6.2337e-07
5.71706e-07
5.25049e-07
4.67943e-07
3.97191e-07
3.37404e-07
2.59398e-06
2.20059e-07
1.8039e-07
1.44717e-07
1.14964e-07
9.28837e-08
7.67104e-08
6.53561e-08
5.67392e-08
4.60633e-08
3.81858e-08
1.93622e-07
2.04691e-07
7.72266e-07
1.3242e-06
7.91786e-07
2.66953e-07
1.6847e-07
1.9458e-07
3.06331e-07
6.51963e-07
1.23525e-06
1.61398e-06
1.73222e-06
1.88049e-06
2.59805e-06
1.63998e-06
1.53757e-06
4.65933e-06
1.48844e-06
1.38462e-06
1.37537e-06
4.07495e-06
4.10613e-06
3.72976e-06
3.76723e-06
1.37823e-06
1.32454e-06
1.27942e-06
1.20154e-06
1.21883e-06
3.70597e-06
1.2017e-06
1.25111e-06
4.00941e-06
1.32809e-06
1.38091e-06
4.06236e-06
1.48315e-06
1.50052e-06
1.555e-06
1.56603e-06
4.12385e-06
1.36589e-06
1.26023e-06
3.32161e-06
1.61471e-06
1.07294e-06
4.29415e-07
4.19212e-07
4.12125e-07
4.05803e-07
7.1287e-07
6.98716e-07
3.83079e-07
3.77547e-07
3.70064e-07
3.644e-07
3.60761e-07
3.54029e-07
6.15041e-07
5.91958e-07
2.03633e-06
5.67878e-07
1.93103e-06
5.16056e-07
4.8197e-07
4.67405e-07
4.72529e-07
4.85975e-07
4.99406e-07
1.66422e-06
5.0263e-07
5.10113e-07
5.33461e-07
5.61034e-07
5.94177e-07
6.189e-07
6.35867e-07
7.01652e-07
1.55415e-06
7.19498e-07
7.1352e-07
6.34851e-07
5.91127e-07
5.40776e-07
4.92443e-07
4.38047e-07
3.75017e-07
3.17679e-07
2.54533e-07
2.07571e-07
1.72083e-07
1.37993e-07
1.10272e-07
8.95238e-08
7.38597e-08
6.30051e-08
5.47405e-08
4.45533e-08
3.7025e-08
1.95353e-07
2.103e-07
5.76108e-07
8.73346e-07
8.0154e-07
8.09911e-07
7.08106e-07
4.03561e-07
2.22586e-07
4.54616e-07
7.60351e-07
3.98492e-06
1.67393e-06
4.30911e-06
1.83856e-06
1.76284e-06
1.68899e-06
1.47313e-06
1.36618e-06
1.25951e-06
1.19812e-06
5.20511e-06
1.14658e-06
1.21313e-06
1.17403e-06
1.17954e-06
1.18022e-06
3.69024e-06
1.06112e-06
3.35019e-06
1.05261e-06
1.06576e-06
3.18648e-06
1.08202e-06
3.58693e-06
1.23499e-06
1.33013e-06
1.38122e-06
1.46902e-06
1.38226e-06
1.33383e-06
1.26919e-06
1.44502e-06
3.28802e-06
1.49325e-06
5.72711e-07
8.22156e-07
7.85048e-07
7.75383e-07
7.70363e-07
1.64458e-06
1.60209e-06
1.54582e-06
3.77705e-07
1.63236e-06
3.62367e-07
6.46832e-07
1.889e-06
5.96149e-07
5.67826e-07
5.39717e-07
4.96971e-07
4.83315e-07
4.81463e-07
4.53047e-07
4.24552e-07
4.10332e-07
4.17512e-07
4.32242e-07
4.47877e-07
4.57534e-07
4.64118e-07
4.69601e-07
4.91589e-07
5.21105e-07
5.59365e-07
1.5211e-06
5.99463e-07
6.19451e-07
6.32558e-07
6.37608e-07
6.33536e-07
1.50631e-06
5.56967e-07
5.0699e-07
4.62815e-07
4.11412e-07
3.50656e-07
2.9935e-07
2.39986e-07
1.95926e-07
1.63484e-07
1.31363e-07
1.04998e-07
8.60574e-08
7.08718e-08
6.07348e-08
5.27133e-08
4.29553e-08
3.57835e-08
1.95481e-07
2.01625e-07
3.69264e-07
7.15369e-07
9.01397e-07
9.49724e-07
1.05172e-06
9.93044e-07
5.306e-07
3.2034e-07
9.2797e-07
9.22755e-07
1.43169e-06
1.75962e-06
1.78416e-06
1.87493e-06
1.77405e-06
4.04643e-06
1.36092e-06
1.16297e-06
1.0313e-06
9.29031e-07
9.24382e-07
9.88128e-07
1.05091e-06
4.00487e-06
1.05659e-06
9.62137e-07
8.79888e-07
8.7571e-07
8.9734e-07
9.82729e-07
1.03791e-06
1.08802e-06
1.1744e-06
1.13433e-06
1.23064e-06
3.90733e-06
1.30884e-06
1.32002e-06
1.39938e-06
1.38643e-06
3.17517e-06
1.47735e-06
6.06596e-07
7.76029e-07
1.55012e-06
6.96726e-07
6.94459e-07
7.02358e-07
7.14761e-07
7.00524e-07
6.84817e-07
6.73051e-07
6.45653e-07
6.15689e-07
5.93811e-07
5.69671e-07
5.44459e-07
4.89582e-07
4.58746e-07
4.3793e-07
4.22293e-07
4.15183e-07
2.43905e-06
3.64962e-07
3.58791e-07
3.68072e-07
3.81908e-07
3.96756e-07
4.07895e-07
4.14651e-07
4.24951e-07
4.52721e-07
4.8104e-07
5.20199e-07
5.45619e-07
5.62563e-07
5.8146e-07
5.93214e-07
6.02111e-07
5.99535e-07
5.64879e-07
5.20451e-07
4.75544e-07
4.27683e-07
3.85012e-07
2.43848e-06
2.7978e-07
2.25739e-07
1.85373e-07
1.53881e-07
1.24422e-07
1.00028e-07
8.20023e-08
6.78926e-08
5.83855e-08
5.0744e-08
4.13078e-08
3.4417e-08
1.96211e-07
1.97959e-07
2.37868e-07
4.08485e-07
5.19152e-07
4.9697e-07
6.47718e-07
1.01037e-06
9.68606e-07
4.72258e-07
4.20295e-07
7.31184e-07
1.08344e-06
5.39781e-06
1.66131e-06
3.64658e-06
3.59152e-06
1.38465e-06
4.36226e-06
1.00009e-06
5.25326e-06
7.6973e-07
7.55124e-07
8.17465e-07
5.30919e-06
5.28565e-06
9.51574e-07
3.1951e-06
8.12891e-07
8.00014e-07
8.71778e-07
1.10021e-06
2.4477e-06
1.17933e-06
1.24173e-06
1.36955e-06
3.414e-06
1.22626e-06
1.24704e-06
3.46123e-06
1.41523e-06
2.92666e-06
1.39255e-06
8.81628e-07
7.10096e-07
6.68218e-07
5.89035e-07
5.64522e-07
5.68913e-07
5.84417e-07
1.79168e-06
6.16984e-07
6.06052e-07
1.97106e-06
2.01793e-06
5.50528e-07
5.0303e-07
4.80503e-07
2.20922e-06
4.32143e-07
3.97276e-07
3.7486e-07
3.58275e-07
3.4943e-07
3.33375e-07
3.13019e-07
3.09359e-07
3.19691e-07
3.35123e-07
3.53809e-07
2.16001e-06
3.74757e-07
3.84697e-07
4.0909e-07
4.42178e-07
4.79289e-07
5.03536e-07
5.25897e-07
5.4539e-07
5.55908e-07
1.62056e-06
1.62281e-06
5.27576e-07
4.84307e-07
4.43641e-07
3.97004e-07
3.56528e-07
3.09257e-07
2.60817e-07
2.11946e-07
1.75022e-07
1.4511e-07
1.17654e-07
9.51204e-08
7.79939e-08
6.5148e-08
5.59729e-08
4.85567e-08
3.97698e-08
3.32339e-08
1.97198e-07
1.94202e-07
1.90367e-07
2.2243e-07
2.34416e-07
2.14603e-07
3.17802e-07
6.72694e-07
1.02546e-06
7.55492e-07
3.64034e-07
5.46122e-09
7.53106e-07
1.04954e-06
1.26403e-06
1.37653e-06
1.25272e-06
1.05227e-06
9.10104e-07
7.74313e-07
6.50645e-07
5.70579e-07
3.10516e-06
6.6311e-07
7.6963e-07
2.87697e-06
1.02884e-06
1.8402e-06
9.018e-07
7.68798e-07
6.19634e-07
6.62427e-07
7.76345e-07
9.76405e-07
1.30227e-06
1.51531e-06
1.58918e-06
1.33007e-06
1.36457e-06
1.40698e-06
1.48134e-06
1.05963e-06
8.29253e-07
6.66617e-07
5.60912e-07
1.58417e-06
4.81175e-07
4.62152e-07
4.73951e-07
4.97645e-07
1.92544e-06
4.94568e-07
4.90221e-07
4.93404e-07
4.77251e-07
4.54208e-07
4.34375e-07
4.11277e-07
3.92911e-07
2.72257e-06
3.33205e-07
3.14298e-07
3.00881e-07
2.9392e-07
2.82176e-07
2.71687e-07
2.70199e-07
2.8192e-07
2.97171e-07
3.11712e-07
3.25008e-07
3.33758e-07
3.47882e-07
3.72988e-07
4.00975e-07
4.39477e-07
4.64571e-07
4.85755e-07
5.05753e-07
5.17435e-07
5.30155e-07
1.742e-06
4.89632e-07
4.50937e-07
4.10002e-07
3.70033e-07
3.30193e-07
2.87355e-07
2.44885e-07
1.99064e-07
1.64729e-07
1.36787e-07
1.1096e-07
9.03452e-08
7.40317e-08
6.23363e-08
5.36552e-08
4.63763e-08
3.81633e-08
3.22421e-08
1.97855e-07
1.86687e-07
1.69572e-07
1.50798e-07
1.26946e-07
1.03267e-07
1.6961e-07
4.40421e-07
8.48138e-07
9.14256e-07
4.81516e-07
3.0635e-07
3.77993e-07
6.64263e-07
8.24479e-07
9.09443e-07
4.67062e-06
3.86211e-06
6.61062e-07
2.83509e-06
4.35605e-07
4.0359e-07
4.47423e-07
5.4306e-07
6.53508e-07
9.53818e-07
7.05628e-07
6.12062e-07
5.71701e-07
2.89158e-07
2.37226e-07
3.47918e-07
5.87762e-07
5.3507e-07
8.56439e-07
1.26797e-06
1.49067e-06
2.56553e-06
1.35827e-06
2.21503e-06
9.7159e-07
7.70141e-07
6.09872e-07
1.50165e-06
4.39838e-07
3.96469e-07
2.08627e-06
3.57572e-07
2.20057e-06
4.02755e-07
2.29111e-06
3.99536e-07
4.00896e-07
4.06531e-07
2.50611e-06
3.78497e-07
3.58629e-07
3.37785e-07
3.19339e-07
3.00203e-07
2.76434e-07
2.62743e-07
2.54152e-07
3.44589e-06
2.39461e-07
2.3462e-07
2.35144e-07
2.45962e-07
2.615e-07
2.76948e-07
2.91674e-07
3.0053e-07
3.1276e-07
3.36412e-07
3.67087e-07
3.97727e-07
4.23333e-07
4.49089e-07
4.67054e-07
4.77343e-07
4.88128e-07
4.89452e-07
1.98115e-06
4.12521e-07
3.80556e-07
3.39571e-07
3.07499e-07
2.66443e-07
2.29227e-07
1.87775e-07
1.54752e-07
1.28942e-07
1.04723e-07
8.56407e-08
7.04709e-08
5.9485e-08
5.13601e-08
4.42538e-08
3.67733e-08
3.11811e-08
1.97354e-07
1.73088e-07
1.34487e-07
1.02564e-07
6.86746e-08
5.11601e-08
1.15485e-07
3.56108e-07
7.25061e-07
9.10981e-07
6.46587e-07
2.95159e-07
2.64719e-07
4.13765e-07
5.38979e-07
2.41885e-06
5.38757e-07
4.56253e-07
2.22266e-06
3.43494e-07
2.67001e-07
2.18867e-07
2.55932e-07
2.45289e-07
3.4661e-07
1.80017e-07
1.62868e-07
3.21019e-07
4.6055e-07
1.85749e-07
1.11837e-07
1.35129e-07
2.10838e-07
3.44696e-07
6.27009e-07
1.11511e-06
1.03354e-06
1.09523e-06
9.85252e-07
1.47263e-06
6.93306e-07
1.39117e-06
4.41725e-07
1.97706e-06
2.29128e-06
2.77363e-07
2.65835e-07
2.67849e-07
2.84203e-07
2.6626e-06
3.08262e-07
3.0604e-07
3.12885e-07
3.20486e-07
3.15833e-07
3.02459e-07
2.87404e-07
2.72525e-07
2.58221e-07
2.45168e-07
2.31116e-07
2.20753e-07
2.14222e-07
2.12687e-07
2.04833e-07
2.01929e-07
2.0482e-07
2.16546e-07
2.31487e-07
2.45806e-07
2.58582e-07
2.69411e-07
2.84253e-07
3.04677e-07
3.30386e-07
3.63301e-07
3.84824e-07
4.06824e-07
4.27024e-07
4.39264e-07
4.50135e-07
4.49989e-07
4.14071e-07
3.80065e-07
3.51258e-07
3.14438e-07
2.84094e-07
2.49046e-07
2.13885e-07
1.76103e-07
1.45736e-07
1.21024e-07
9.8693e-08
8.08787e-08
6.69655e-08
5.67674e-08
4.89927e-08
4.21313e-08
3.54577e-08
3.00459e-08
1.92491e-07
1.4705e-07
9.02595e-08
5.55459e-08
2.93843e-08
2.73118e-08
1.05647e-07
3.61728e-07
6.93518e-07
8.81528e-07
7.38453e-07
3.85681e-07
1.97417e-07
2.05911e-07
3.08526e-07
4.56241e-07
3.84452e-07
3.02005e-07
2.11082e-07
8.69205e-08
7.29946e-08
6.39901e-08
5.08357e-08
4.2152e-08
1.22992e-08
7.2643e-09
2.27827e-08
2.22158e-07
4.11947e-07
9.78002e-08
2.2325e-07
1.96337e-08
5.89464e-08
1.87599e-07
4.23687e-07
7.33982e-07
7.73974e-07
1.29362e-06
6.97436e-07
5.72697e-07
4.8171e-07
3.85483e-07
2.94308e-07
2.48212e-07
2.14333e-07
1.90112e-07
1.87092e-07
3.30923e-06
2.11298e-07
2.32896e-07
2.29047e-07
2.32529e-07
2.408e-07
2.49395e-07
2.47051e-07
2.40089e-07
2.31071e-07
2.21375e-07
3.92825e-06
2.01394e-07
1.93719e-07
4.14919e-06
1.79816e-07
1.78157e-07
1.73982e-07
1.7339e-07
1.77804e-07
1.88775e-07
2.03775e-07
2.19198e-07
2.3215e-07
2.41411e-07
2.55409e-07
2.77216e-07
3.00176e-07
3.26157e-07
3.50863e-07
3.71966e-07
3.87905e-07
3.98285e-07
4.06654e-07
4.0467e-07
3.78788e-07
3.4835e-07
3.21215e-07
2.92122e-07
2.62721e-07
2.31954e-07
1.99345e-07
1.64636e-07
1.37048e-07
1.13591e-07
9.30207e-08
7.6432e-08
6.34781e-08
5.40673e-08
4.66566e-08
4.02469e-08
3.4071e-08
2.8951e-08
1.80541e-07
1.00245e-07
4.24479e-08
1.93731e-08
1.15435e-08
2.34809e-08
1.16473e-07
4.02025e-07
7.23483e-07
8.70458e-07
7.72108e-07
4.7763e-07
2.24819e-07
1.43674e-07
1.45344e-07
1.38007e-07
1.20764e-07
1.05512e-07
9.48047e-08
8.36748e-08
7.69463e-08
6.89309e-08
5.66488e-08
3.94739e-08
3.27133e-08
1.89056e-08
3.71794e-07
3.66366e-08
3.79535e-07
2.76886e-07
1.12567e-09
1.41235e-09
2.35783e-09
7.35136e-08
2.4898e-07
4.09599e-07
5.38954e-07
1.00572e-06
4.68942e-07
4.02084e-07
3.21414e-07
2.29015e-07
1.82519e-07
1.55285e-07
3.79852e-06
1.26254e-07
1.27908e-07
1.43555e-07
1.54693e-07
1.70481e-07
1.70012e-07
1.76194e-07
1.8518e-07
1.93679e-07
1.938e-07
1.90694e-07
1.86267e-07
1.8036e-07
1.73331e-07
1.64959e-07
1.60828e-07
1.57726e-07
1.51231e-07
1.49201e-07
1.46982e-07
1.48067e-07
1.5397e-07
1.65191e-07
1.79036e-07
1.92712e-07
2.0816e-07
2.17454e-07
2.31474e-07
2.50014e-07
2.73028e-07
2.97115e-07
3.17257e-07
3.36622e-07
3.53841e-07
3.64908e-07
3.7126e-07
3.68408e-07
3.45312e-07
3.18496e-07
2.97654e-07
2.69034e-07
2.44804e-07
2.14185e-07
1.85724e-07
1.54251e-07
1.28433e-07
1.06469e-07
8.7359e-08
7.21251e-08
6.02046e-08
5.13295e-08
4.42822e-08
3.84961e-08
3.26243e-08
2.79432e-08
1.54919e-07
4.71261e-08
1.30666e-08
8.6272e-09
1.11493e-08
2.9648e-08
1.29434e-07
4.36888e-07
7.69241e-07
8.82238e-07
7.85563e-07
5.39376e-07
2.88996e-07
1.56406e-07
1.08106e-07
9.08821e-08
7.93437e-08
7.29943e-08
6.90608e-08
6.46968e-08
6.2047e-08
5.93753e-08
5.35195e-08
4.09927e-08
3.06041e-08
2.62183e-08
7.48161e-09
8.54487e-07
1.07746e-08
9.20224e-09
6.10569e-09
1.06034e-08
1.90278e-09
1.44476e-08
1.16476e-07
2.43451e-07
3.49857e-07
3.36142e-07
2.98783e-07
2.30325e-07
1.47785e-07
1.18498e-07
1.01704e-07
8.7759e-08
7.98974e-08
7.57184e-08
8.1262e-08
9.69302e-08
1.08866e-07
1.23127e-07
1.238e-07
1.31129e-07
1.40378e-07
1.49115e-07
1.51133e-07
1.4986e-07
1.48238e-07
1.45189e-07
1.39809e-07
1.34545e-07
1.32853e-07
1.2966e-07
1.25062e-07
1.24057e-07
1.23549e-07
1.26133e-07
1.32339e-07
1.43381e-07
1.56685e-07
1.70348e-07
3.86031e-06
1.94591e-07
2.09276e-07
2.2784e-07
2.47257e-07
2.69756e-07
2.9091e-07
3.06023e-07
3.1968e-07
3.28368e-07
3.34535e-07
3.2993e-07
3.12915e-07
2.94545e-07
2.7262e-07
2.49611e-07
2.26649e-07
1.98656e-07
1.71954e-07
1.44367e-07
1.20193e-07
9.97943e-08
8.20585e-08
6.78815e-08
5.69397e-08
4.86174e-08
4.22807e-08
3.66756e-08
3.12153e-08
2.68751e-08
3.18363e-08
1.32332e-08
1.10353e-08
1.48645e-08
1.99599e-08
3.80994e-08
1.25879e-07
4.31953e-07
8.01835e-07
9.06978e-07
7.99442e-07
5.84167e-07
3.56031e-07
2.0729e-07
1.34768e-07
1.0363e-07
8.62328e-08
7.45788e-08
6.5879e-08
5.87319e-08
5.24609e-08
4.77883e-08
9.14103e-07
4.34122e-08
1.58773e-06
3.30772e-08
2.44451e-08
2.06137e-08
1.39779e-06
1.38282e-08
1.09938e-08
3.89815e-09
9.41372e-09
9.17415e-11
3.73293e-08
1.17811e-07
1.9197e-07
1.61333e-07
1.31416e-07
8.67221e-08
3.9375e-06
5.30212e-08
4.2516e-08
3.49062e-08
3.21346e-08
3.48035e-08
4.31695e-08
5.8343e-08
7.07548e-08
8.1703e-08
8.55269e-08
9.40008e-08
1.03902e-07
1.12538e-07
1.15922e-07
5.10105e-06
1.16283e-07
1.14263e-07
1.10946e-07
1.08536e-07
1.07641e-07
1.0551e-07
1.0269e-07
1.02327e-07
1.03107e-07
1.06802e-07
1.13508e-07
1.24227e-07
1.36382e-07
1.49482e-07
1.64232e-07
1.74848e-07
1.88307e-07
2.06086e-07
2.259e-07
2.44873e-07
2.63325e-07
2.79492e-07
2.93093e-07
3.00055e-07
3.04171e-07
3.0072e-07
2.86016e-07
2.68594e-07
2.5174e-07
2.31417e-07
2.09206e-07
1.8406e-07
1.59511e-07
1.34573e-07
1.12365e-07
9.31943e-08
7.69671e-08
6.39302e-08
5.37343e-08
4.6085e-08
4.02326e-08
3.48349e-08
2.98755e-08
2.5763e-08
5.58291e-09
1.25802e-08
2.85928e-08
3.15299e-08
3.20786e-08
4.25582e-08
1.05555e-07
3.73703e-07
7.93745e-07
9.41113e-07
8.29151e-07
6.28859e-07
4.23052e-07
2.75748e-07
1.90598e-07
1.46879e-07
1.1853e-07
9.62929e-08
7.80141e-08
6.27158e-08
4.90686e-08
4.21885e-08
4.20419e-08
4.1563e-08
3.98255e-08
3.73021e-08
3.45304e-08
2.71143e-08
1.9777e-08
1.52228e-08
1.03239e-08
8.70654e-07
7.81388e-09
2.87589e-09
2.43917e-09
3.4289e-08
2.16183e-06
6.03876e-08
3.6367e-08
2.04739e-08
8.45907e-09
8.7147e-09
5.7321e-06
2.03654e-09
2.49396e-09
5.88006e-09
1.34381e-08
2.64148e-08
3.78983e-08
4.83154e-08
5.41814e-08
6.34517e-08
7.35157e-08
8.21831e-08
8.65841e-08
8.98345e-08
8.92877e-08
8.82873e-08
8.65146e-08
8.57623e-08
8.503e-08
8.43241e-08
8.32704e-08
8.36583e-08
8.54015e-08
8.96326e-08
9.66948e-08
1.06984e-07
1.18163e-07
1.31222e-07
1.44327e-07
1.56391e-07
1.70195e-07
1.86335e-07
2.04494e-07
2.23516e-07
2.4021e-07
2.5404e-07
2.65424e-07
2.73078e-07
2.76977e-07
2.72675e-07
2.5983e-07
2.47163e-07
2.33261e-07
2.13707e-07
1.94227e-07
1.69851e-07
1.48069e-07
1.25229e-07
1.05114e-07
8.69912e-08
7.20983e-08
5.99932e-08
5.05367e-08
4.37473e-08
3.81086e-08
3.31864e-08
2.84853e-08
2.46255e-08
3.44878e-08
3.75674e-08
3.74477e-08
3.20444e-08
2.84305e-08
3.23313e-08
6.88525e-08
2.50841e-07
6.69579e-07
9.50899e-07
9.14629e-07
7.45205e-07
5.66712e-07
4.27899e-07
3.31376e-07
2.64674e-07
2.09518e-07
1.61402e-07
1.21767e-07
9.24023e-08
7.14586e-08
5.73728e-08
4.81472e-08
4.23746e-08
3.82585e-08
3.40594e-08
2.81445e-08
2.39812e-08
2.08665e-08
1.86846e-08
1.68705e-08
1.17685e-08
7.9343e-09
1.01175e-08
3.13997e-06
4.69275e-09
5.84382e-10
1.31652e-09
6.02541e-09
6.74901e-09
8.5828e-09
6.44511e-09
7.14924e-09
6.1962e-09
4.05494e-09
2.52249e-09
1.52552e-09
1.139e-11
2.13433e-09
8.55517e-09
1.45027e-08
2.3182e-08
3.25695e-08
4.08491e-08
4.64975e-08
5.04409e-08
5.21048e-08
5.28944e-08
5.3636e-08
5.3984e-08
5.5298e-08
5.70293e-08
5.73964e-08
5.87098e-08
6.1623e-08
6.65949e-08
7.33095e-08
8.24124e-08
9.28628e-08
1.05157e-07
1.16952e-07
1.30136e-07
1.43036e-07
1.58449e-07
1.74843e-07
1.90928e-07
2.06359e-07
2.19128e-07
2.29617e-07
2.36452e-07
2.39114e-07
2.35554e-07
2.26109e-07
2.15591e-07
2.03869e-07
1.88897e-07
1.70252e-07
1.4997e-07
1.301e-07
1.11205e-07
9.33338e-08
7.74786e-08
6.47672e-08
5.39547e-08
4.61156e-08
3.98884e-08
3.50068e-08
3.0521e-08
2.62857e-08
2.31059e-08
8.97095e-09
1.36263e-08
1.76827e-08
2.11594e-08
2.38236e-08
2.79607e-08
4.10653e-08
9.97364e-08
3.06756e-07
6.62637e-07
9.10524e-07
9.41779e-07
8.39083e-07
7.05009e-07
5.73424e-07
4.51749e-07
3.43173e-07
2.55626e-07
1.9408e-07
1.5524e-07
1.34253e-07
1.28125e-07
1.29201e-07
1.28562e-07
1.18966e-07
9.94621e-08
7.16522e-08
4.55139e-08
2.72532e-08
1.79835e-08
1.80508e-08
1.86946e-08
1.15846e-08
1.01187e-08
1.20019e-08
1.06701e-08
8.56133e-09
8.5907e-09
9.71872e-09
9.04044e-09
8.04612e-09
6.59216e-09
5.12832e-09
4.65548e-09
3.41773e-09
5.33483e-10
3.84475e-10
4.1073e-09
2.14549e-09
1.66836e-09
7.25699e-10
7.82424e-12
1.34419e-09
5.06306e-09
9.42982e-09
1.31362e-08
1.61601e-08
1.86668e-08
2.14152e-08
2.36706e-08
2.6574e-08
2.93174e-08
3.16336e-08
3.43071e-08
3.79732e-08
4.27933e-08
4.90249e-08
5.68335e-08
6.58546e-08
7.65399e-08
8.7158e-08
9.95044e-08
1.1187e-07
1.25339e-07
1.39767e-07
1.53926e-07
1.67065e-07
1.78241e-07
1.87292e-07
1.92926e-07
1.95139e-07
1.92771e-07
1.8644e-07
1.79041e-07
1.70372e-07
1.58062e-07
1.41824e-07
1.24515e-07
1.08432e-07
9.28447e-08
7.81493e-08
6.54727e-08
5.51727e-08
4.65642e-08
4.01195e-08
3.50235e-08
3.07304e-08
2.7083e-08
2.35844e-08
2.07022e-08
1.4373e-09
3.89225e-09
7.23749e-09
1.17982e-08
1.67654e-08
2.12678e-08
2.67542e-08
3.84903e-08
7.61277e-08
1.7292e-07
3.31184e-07
5.39205e-07
7.20645e-07
7.81311e-07
7.21378e-07
5.97499e-07
4.72487e-07
3.81321e-07
3.30691e-07
3.12701e-07
3.15547e-07
3.24879e-07
3.25926e-07
3.08417e-07
2.67821e-07
2.10353e-07
1.4666e-07
9.08911e-08
5.04825e-08
2.6712e-08
1.63601e-08
1.34965e-08
1.50238e-08
1.48124e-08
1.34579e-08
1.17652e-08
1.04557e-08
9.35843e-09
8.32731e-09
7.44014e-09
6.41271e-09
5.20334e-09
4.01532e-09
2.83411e-09
1.68275e-09
1.08094e-09
1.78159e-09
2.10286e-09
2.92618e-10
2.84272e-10
2.78962e-09
1.86072e-09
8.29987e-10
1.20362e-09
1.22335e-10
3.71879e-12
3.47966e-10
1.50373e-09
3.48761e-09
5.81808e-09
8.72593e-09
1.17479e-08
1.48565e-08
1.80784e-08
2.18091e-08
2.63205e-08
3.16966e-08
3.81189e-08
4.55105e-08
5.43487e-08
6.35593e-08
7.452e-08
8.56729e-08
9.72975e-08
1.09651e-07
1.22e-07
1.33174e-07
1.42998e-07
1.50756e-07
1.55825e-07
1.5766e-07
1.56177e-07
1.52217e-07
1.46479e-07
1.40151e-07
1.2926e-07
1.15826e-07
1.01823e-07
8.85778e-08
7.61257e-08
6.43333e-08
5.44984e-08
4.64725e-08
3.96206e-08
3.44071e-08
3.04114e-08
2.69091e-08
2.36796e-08
2.08299e-08
1.85176e-08
3.68485e-10
1.42712e-09
3.26906e-09
5.75992e-09
9.15449e-09
1.28581e-08
1.68922e-08
2.18215e-08
3.00029e-08
4.46041e-08
7.36426e-08
1.37536e-07
2.41717e-07
3.53289e-07
4.33263e-07
4.61722e-07
4.5341e-07
4.34159e-07
4.19809e-07
4.13522e-07
4.13971e-07
4.14555e-07
4.071e-07
3.82297e-07
3.3381e-07
2.66253e-07
1.92095e-07
1.25509e-07
7.49912e-08
4.18914e-08
2.30417e-08
1.49679e-08
1.14437e-08
9.51823e-09
8.27146e-09
7.39026e-09
6.60318e-09
5.9342e-09
5.27558e-09
4.60892e-09
3.96584e-09
3.31622e-09
2.75921e-09
2.37991e-09
2.09948e-09
1.77015e-09
1.18624e-09
6.42961e-10
7.44516e-10
1.37207e-09
8.7893e-10
4.17992e-11
3.31885e-10
1.72548e-09
1.22094e-09
4.7173e-10
4.51611e-10
3.74214e-10
2.99177e-13
1.79279e-10
1.27283e-09
3.15166e-09
5.51639e-09
8.23161e-09
1.15025e-08
1.53108e-08
1.96697e-08
2.47208e-08
3.07525e-08
3.76985e-08
4.52983e-08
5.42889e-08
6.35747e-08
7.36005e-08
8.41091e-08
9.44595e-08
1.04016e-07
1.12355e-07
1.1903e-07
1.2401e-07
1.25401e-07
1.24512e-07
1.21749e-07
1.17656e-07
1.11892e-07
1.03201e-07
9.24952e-08
8.14312e-08
7.0893e-08
6.10124e-08
5.2039e-08
4.45568e-08
3.83508e-08
3.32808e-08
2.92873e-08
2.59436e-08
2.31729e-08
2.06225e-08
1.81923e-08
1.63027e-08
1.1272e-10
6.38664e-10
1.57213e-09
3.00191e-09
4.62278e-09
6.66839e-09
9.13323e-09
1.19806e-08
1.57133e-08
2.10043e-08
2.96504e-08
4.4731e-08
7.06751e-08
1.08036e-07
1.58357e-07
2.00733e-07
2.27817e-07
2.43001e-07
2.53086e-07
2.62468e-07
2.73355e-07
2.86039e-07
2.96637e-07
2.96391e-07
2.75622e-07
2.35781e-07
1.85141e-07
1.34664e-07
9.25513e-08
6.2023e-08
4.25013e-08
3.10465e-08
2.45537e-08
2.0771e-08
1.84918e-08
1.64648e-08
1.44748e-08
1.25992e-08
1.04786e-08
8.22249e-09
6.14982e-09
4.4932e-09
3.16457e-09
2.21432e-09
1.66422e-09
1.39551e-09
1.2315e-09
1.02957e-09
6.97323e-10
3.65784e-10
3.26617e-10
6.45947e-10
7.27479e-10
2.07154e-10
6.23253e-12
3.34231e-10
8.50703e-10
3.97312e-10
1.63027e-10
2.0984e-10
9.31562e-14
2.75558e-10
1.34524e-09
3.06614e-09
5.39422e-09
8.21696e-09
1.15154e-08
1.55771e-08
2.01963e-08
2.54717e-08
3.13841e-08
3.84761e-08
4.60263e-08
5.42243e-08
6.2721e-08
7.12227e-08
7.90045e-08
8.59576e-08
9.151e-08
9.55478e-08
9.71647e-08
9.68231e-08
9.49802e-08
9.18081e-08
8.70467e-08
8.02603e-08
7.20557e-08
6.34822e-08
5.53515e-08
4.78298e-08
4.13196e-08
3.58595e-08
3.12308e-08
2.74892e-08
2.45201e-08
2.19446e-08
1.97175e-08
1.77084e-08
1.57576e-08
1.40774e-08
4.01128e-14
3.74152e-10
8.16027e-10
1.52421e-09
2.44575e-09
3.57574e-09
4.77076e-09
6.24791e-09
8.17371e-09
1.06988e-08
1.43034e-08
2.02973e-08
2.93174e-08
4.16843e-08
5.61749e-08
7.03827e-08
8.27639e-08
9.54428e-08
1.09717e-07
1.2675e-07
1.45182e-07
1.62493e-07
1.74377e-07
1.80253e-07
1.78466e-07
1.66331e-07
1.4587e-07
1.21599e-07
9.81985e-08
7.87241e-08
6.42577e-08
5.42146e-08
4.72032e-08
4.18774e-08
3.73406e-08
3.28388e-08
2.82274e-08
2.36801e-08
1.91046e-08
1.47977e-08
1.10466e-08
7.96688e-09
5.4966e-09
3.60552e-09
2.28471e-09
1.50399e-09
1.07698e-09
8.51106e-10
6.97607e-10
5.42185e-10
3.44154e-10
1.7215e-10
1.44759e-10
2.97582e-10
3.90885e-10
1.36321e-10
2.63411e-12
2.06923e-10
3.528e-10
9.66523e-11
1.41453e-10
1.85236e-12
1.02083e-10
8.02695e-10
2.12627e-09
3.94617e-09
6.38072e-09
9.36824e-09
1.27407e-08
1.65804e-08
2.12322e-08
2.64017e-08
3.23309e-08
3.86687e-08
4.53949e-08
5.20331e-08
5.81526e-08
6.3677e-08
6.81695e-08
7.13527e-08
7.29159e-08
7.29899e-08
7.18234e-08
6.94248e-08
6.57077e-08
6.05505e-08
5.45377e-08
4.82122e-08
4.2104e-08
3.671e-08
3.21529e-08
2.83636e-08
2.50956e-08
2.24277e-08
2.02595e-08
1.83131e-08
1.65112e-08
1.49017e-08
1.34115e-08
1.21497e-08
0
1.69317e-10
4.31639e-10
7.77671e-10
1.31802e-09
1.83761e-09
2.54517e-09
3.44243e-09
4.37997e-09
5.55675e-09
7.215e-09
9.73709e-09
1.34759e-08
1.83395e-08
2.43225e-08
3.10517e-08
3.80874e-08
4.53805e-08
5.29456e-08
6.15699e-08
7.06377e-08
7.76917e-08
9.26664e-08
1.0107e-07
1.06543e-07
1.06556e-07
1.01839e-07
9.35773e-08
8.44933e-08
7.5824e-08
6.80731e-08
6.13904e-08
5.54542e-08
4.98402e-08
4.42823e-08
3.86961e-08
3.31103e-08
2.76619e-08
2.24832e-08
1.77756e-08
1.3678e-08
1.02339e-08
7.41002e-09
5.1707e-09
3.47471e-09
2.25791e-09
1.44387e-09
9.33181e-10
6.50073e-10
4.85538e-10
3.63447e-10
2.47113e-10
1.31461e-10
5.80784e-11
8.0454e-11
1.92077e-10
1.47568e-10
7.87595e-12
4.62103e-11
1.90874e-10
5.88814e-11
7.77347e-11
1.35145e-12
7.78185e-11
6.17098e-10
1.67803e-09
3.24552e-09
5.24015e-09
7.55756e-09
1.05115e-08
1.37691e-08
1.73873e-08
2.17999e-08
2.67293e-08
3.175e-08
3.66787e-08
4.12982e-08
4.5422e-08
4.88757e-08
5.13385e-08
5.27458e-08
5.30096e-08
5.23042e-08
5.05847e-08
4.79147e-08
4.42513e-08
4.00189e-08
3.55267e-08
3.11806e-08
2.76926e-08
2.46724e-08
2.20904e-08
1.98251e-08
1.79547e-08
1.64223e-08
1.50461e-08
1.37602e-08
1.24923e-08
1.1311e-08
1.03e-08
0
2.02303e-13
2.28103e-10
4.3769e-10
6.248e-10
9.80987e-10
1.38558e-09
1.78101e-09
2.31457e-09
3.05672e-09
3.92547e-09
5.02418e-09
6.55829e-09
8.66723e-09
1.12936e-08
1.43925e-08
1.79512e-08
2.20677e-08
2.68358e-08
3.26834e-08
3.95903e-08
4.67213e-08
5.26278e-08
5.63893e-08
5.67068e-08
5.77983e-08
5.93889e-08
5.77662e-08
5.50527e-08
5.24118e-08
4.95035e-08
4.61441e-08
4.25062e-08
3.8612e-08
3.45458e-08
3.04621e-08
2.64309e-08
2.26049e-08
1.90413e-08
1.57196e-08
1.26974e-08
1.00097e-08
7.68742e-09
5.72944e-09
4.13071e-09
2.87623e-09
1.93972e-09
1.28183e-09
8.48749e-10
5.76645e-10
4.03144e-10
2.78538e-10
1.76683e-10
8.90418e-11
3.07978e-11
3.08332e-11
1.09651e-10
9.84827e-11
4.68692e-12
2.952e-11
1.05009e-10
2.99657e-11
5.47714e-11
8.76152e-14
8.1351e-11
5.50658e-10
1.42518e-09
2.631e-09
4.27322e-09
6.23015e-09
8.41e-09
1.07549e-08
1.41063e-08
1.76761e-08
2.12552e-08
2.47687e-08
2.80532e-08
3.10162e-08
3.3637e-08
3.55471e-08
3.66959e-08
3.70717e-08
3.67211e-08
3.56196e-08
3.38104e-08
3.13018e-08
2.83801e-08
2.52694e-08
2.25662e-08
2.04465e-08
1.85772e-08
1.69611e-08
1.55402e-08
1.42849e-08
1.32221e-08
1.22185e-08
1.12419e-08
1.02559e-08
9.28015e-09
8.51548e-09
0
0
5.27375e-12
2.16961e-10
4.11512e-10
5.06031e-10
6.61239e-10
9.43696e-10
1.2883e-09
1.63131e-09
2.05676e-09
2.70784e-09
3.53987e-09
4.51436e-09
5.71925e-09
7.17991e-09
8.93101e-09
1.10766e-08
1.37586e-08
1.71637e-08
2.14584e-08
2.6313e-08
3.11354e-08
3.50067e-08
3.74284e-08
3.82871e-08
3.77352e-08
3.61701e-08
3.39853e-08
3.10693e-08
2.80057e-08
2.59176e-08
2.40349e-08
2.18977e-08
1.97161e-08
1.77966e-08
1.62541e-08
1.47827e-08
1.31195e-08
1.13585e-08
9.60622e-09
7.9473e-09
6.44364e-09
5.12247e-09
3.9584e-09
2.95459e-09
2.12967e-09
1.48636e-09
1.01515e-09
6.91458e-10
4.80633e-10
3.40837e-10
2.37645e-10
1.50937e-10
7.46978e-11
2.37995e-11
2.73616e-11
9.45333e-11
6.18019e-11
1.1949e-12
3.3492e-11
6.48692e-11
1.7158e-11
4.15491e-11
3.00282e-15
8.51018e-11
4.67683e-10
1.16172e-09
2.13731e-09
3.34234e-09
4.69721e-09
6.31112e-09
8.53476e-09
1.0953e-08
1.34071e-08
1.57839e-08
1.80268e-08
2.02591e-08
2.21312e-08
2.35283e-08
2.44237e-08
2.48041e-08
2.46776e-08
2.4041e-08
2.29228e-08
2.13589e-08
1.95521e-08
1.7633e-08
1.62141e-08
1.49671e-08
1.38311e-08
1.28185e-08
1.19068e-08
1.10661e-08
1.03687e-08
9.71024e-09
9.05321e-09
8.37619e-09
7.69484e-09
7.09489e-09
0
0
0
1.02323e-12
1.3995e-10
2.84538e-10
4.25636e-10
4.98585e-10
6.19326e-10
8.55246e-10
1.16728e-09
1.49239e-09
1.85407e-09
2.35902e-09
3.04045e-09
3.8616e-09
4.82854e-09
5.97833e-09
7.43609e-09
9.30129e-09
1.16929e-08
1.45592e-08
1.7704e-08
2.07479e-08
2.33029e-08
2.50089e-08
2.57055e-08
2.53365e-08
2.41853e-08
2.25139e-08
2.05608e-08
1.85446e-08
1.65728e-08
1.47521e-08
1.31067e-08
1.15693e-08
1.01633e-08
9.21208e-09
8.28704e-09
7.30951e-09
6.47578e-09
5.8237e-09
5.08468e-09
4.26936e-09
3.46346e-09
2.71692e-09
2.05966e-09
1.51999e-09
1.09207e-09
7.65317e-10
5.34713e-10
3.80158e-10
2.7423e-10
1.91827e-10
1.1978e-10
5.63299e-11
1.70494e-11
3.0874e-11
9.07219e-11
3.96245e-11
3.92035e-13
3.87923e-11
4.57797e-11
1.30537e-11
3.16039e-11
3.24459e-14
6.92585e-11
3.64385e-10
8.68649e-10
1.53885e-09
2.38446e-09
3.39386e-09
4.61706e-09
6.16252e-09
7.73504e-09
9.32766e-09
1.09806e-08
1.2476e-08
1.37442e-08
1.47407e-08
1.5431e-08
1.57885e-08
1.58074e-08
1.54869e-08
1.48607e-08
1.39625e-08
1.29055e-08
1.20883e-08
1.14286e-08
1.07954e-08
1.01965e-08
9.6411e-09
9.13401e-09
8.6377e-09
8.16349e-09
7.69613e-09
7.21643e-09
6.71413e-09
6.20579e-09
5.75856e-09
0
0
0
0
3.68756e-14
2.28178e-11
1.5995e-10
2.88837e-10
4.11025e-10
4.72345e-10
5.74341e-10
7.76293e-10
1.04408e-09
1.34855e-09
1.66379e-09
2.0496e-09
2.56526e-09
3.23657e-09
4.09985e-09
5.18881e-09
6.57043e-09
8.22439e-09
1.01256e-08
1.21443e-08
1.41086e-08
1.57833e-08
1.69538e-08
1.75677e-08
1.755e-08
1.70169e-08
1.6084e-08
1.49364e-08
1.36764e-08
1.2408e-08
1.11814e-08
1.00358e-08
8.96572e-09
7.98865e-09
7.08759e-09
6.26784e-09
5.47514e-09
4.8006e-09
4.18385e-09
3.56363e-09
3.03003e-09
2.56108e-09
2.0857e-09
1.61531e-09
1.19804e-09
8.55714e-10
5.97271e-10
4.21932e-10
3.04505e-10
2.21302e-10
1.55467e-10
9.63452e-11
4.36106e-11
1.32899e-11
3.24581e-11
8.17046e-11
2.72499e-11
3.96699e-13
3.86895e-11
3.73011e-11
1.06763e-11
2.72127e-11
2.90641e-17
3.7993e-11
2.25171e-10
5.63585e-10
1.02956e-09
1.59125e-09
2.21686e-09
2.97971e-09
3.98144e-09
5.06162e-09
6.10615e-09
7.07191e-09
7.91813e-09
8.59257e-09
9.07969e-09
9.36429e-09
9.48974e-09
9.4401e-09
9.18361e-09
8.74461e-09
8.50982e-09
8.25833e-09
7.97678e-09
7.68358e-09
7.38329e-09
7.07693e-09
6.79789e-09
6.4991e-09
6.21879e-09
5.93522e-09
5.63354e-09
5.30978e-09
4.9777e-09
4.68237e-09
0
0
0
0
0
6.25588e-15
1.24389e-13
2.0878e-11
1.58741e-10
2.75843e-10
3.80659e-10
4.44911e-10
5.31852e-10
6.91293e-10
9.12176e-10
1.1775e-09
1.48946e-09
1.84782e-09
2.27509e-09
2.84178e-09
3.59609e-09
4.58563e-09
5.77765e-09
7.1043e-09
8.486e-09
9.79074e-09
1.09e-08
1.17485e-08
1.22757e-08
1.24811e-08
1.23744e-08
1.20143e-08
1.14851e-08
1.08596e-08
1.01506e-08
9.39955e-09
8.61476e-09
7.83041e-09
7.04612e-09
6.29565e-09
5.59207e-09
4.93368e-09
4.30898e-09
3.7232e-09
3.15541e-09
2.64479e-09
2.16369e-09
1.72073e-09
1.35105e-09
1.02948e-09
7.44456e-10
5.20779e-10
3.61065e-10
2.54088e-10
1.83723e-10
1.30642e-10
8.1538e-11
3.67901e-11
1.15065e-11
2.97429e-11
7.17813e-11
2.39376e-11
3.26295e-13
3.19509e-11
3.36965e-11
9.2952e-12
2.36055e-11
5.66998e-13
1.09476e-11
1.106e-10
3.18359e-10
6.04754e-10
9.4519e-10
1.35728e-09
1.82001e-09
2.3508e-09
2.96543e-09
3.5506e-09
4.07397e-09
4.54393e-09
4.97275e-09
5.28164e-09
5.45777e-09
5.50024e-09
5.63421e-09
5.70068e-09
5.70637e-09
5.66625e-09
5.59433e-09
5.49942e-09
5.38414e-09
5.25711e-09
5.12524e-09
4.97149e-09
4.79961e-09
4.615e-09
4.4136e-09
4.1942e-09
3.96798e-09
3.76617e-09
0
0
0
0
0
0
0
6.57819e-15
6.74092e-14
1.04145e-11
1.38347e-10
2.08637e-10
3.42598e-10
4.2056e-10
4.90794e-10
6.01639e-10
7.82583e-10
1.01152e-09
1.30092e-09
1.66214e-09
2.10093e-09
2.63125e-09
3.26288e-09
4.03539e-09
4.91647e-09
5.86353e-09
6.78695e-09
7.57708e-09
8.22732e-09
8.70711e-09
8.98826e-09
9.08907e-09
9.05049e-09
8.88914e-09
8.62757e-09
8.28895e-09
7.87408e-09
7.37788e-09
6.83887e-09
6.25436e-09
5.64563e-09
5.03836e-09
4.43972e-09
3.87786e-09
3.34909e-09
2.85394e-09
2.3853e-09
1.94829e-09
1.54829e-09
1.19136e-09
8.82014e-10
6.38032e-10
4.53054e-10
3.15194e-10
2.21922e-10
1.59542e-10
1.11644e-10
7.02402e-11
3.29864e-11
1.02181e-11
2.35421e-11
6.24494e-11
2.58233e-11
2.93675e-13
2.08747e-11
3.2443e-11
9.79731e-12
1.42668e-11
5.71613e-12
7.35999e-13
3.76833e-11
1.49496e-10
3.26947e-10
5.55131e-10
8.19544e-10
1.1055e-09
1.40046e-09
1.7159e-09
2.05916e-09
2.38942e-09
2.69461e-09
2.96988e-09
3.20496e-09
3.40028e-09
3.55434e-09
3.66765e-09
3.74546e-09
3.79288e-09
3.8168e-09
3.82514e-09
3.80899e-09
3.77689e-09
3.72803e-09
3.65833e-09
3.57831e-09
3.48266e-09
3.37253e-09
3.24857e-09
3.11846e-09
3.00061e-09
0
0
0
0
0
0
0
0
0
9.89242e-17
2.40996e-16
9.53708e-12
9.64385e-11
1.36491e-10
2.52712e-10
4.01747e-10
4.68554e-10
5.54113e-10
6.81702e-10
8.65625e-10
1.14142e-09
1.49279e-09
1.90539e-09
2.40337e-09
2.94929e-09
3.52221e-09
4.09044e-09
4.66277e-09
5.20649e-09
5.46254e-09
5.70056e-09
6.03566e-09
6.41603e-09
6.70252e-09
6.77602e-09
6.75138e-09
6.6247e-09
6.40969e-09
6.12256e-09
5.76e-09
5.34356e-09
4.8756e-09
4.37506e-09
3.86235e-09
3.35181e-09
2.86471e-09
2.41622e-09
2.00856e-09
1.64034e-09
1.30249e-09
1.00433e-09
7.45568e-10
5.33527e-10
3.69573e-10
2.56342e-10
1.831e-10
1.33472e-10
9.57315e-11
6.15218e-11
2.9343e-11
9.04125e-12
1.66511e-11
5.15481e-11
2.98166e-11
7.04458e-13
1.0058e-11
2.92807e-11
1.19807e-11
6.66763e-12
1.2807e-11
2.36421e-14
8.00432e-12
6.19777e-11
1.68554e-10
3.13082e-10
4.83713e-10
6.8235e-10
8.98146e-10
1.11859e-09
1.33606e-09
1.543e-09
1.73483e-09
1.91994e-09
2.10984e-09
2.27869e-09
2.42076e-09
2.53618e-09
2.62674e-09
2.69408e-09
2.74029e-09
2.76746e-09
2.78149e-09
2.77969e-09
2.76165e-09
2.72939e-09
2.6839e-09
2.62747e-09
2.56142e-09
2.49095e-09
2.42596e-09
0
0
0
0
0
0
0
0
0
0
0
0
1.38396e-16
4.18015e-12
5.19018e-11
7.87135e-11
9.96449e-11
2.61221e-10
4.51424e-10
5.10529e-10
5.53067e-10
6.81299e-10
9.58343e-10
1.31123e-09
1.68723e-09
2.09516e-09
2.5079e-09
2.93461e-09
3.33942e-09
3.71732e-09
4.04893e-09
4.13834e-09
4.10884e-09
4.04085e-09
3.94911e-09
3.93689e-09
4.16804e-09
4.53131e-09
4.90125e-09
4.95047e-09
4.78376e-09
4.49895e-09
4.14491e-09
3.73753e-09
3.30945e-09
2.86428e-09
2.43265e-09
2.0215e-09
1.64566e-09
1.31528e-09
1.02958e-09
7.88546e-10
5.82539e-10
4.17074e-10
2.89438e-10
1.99232e-10
1.4032e-10
1.03312e-10
7.61309e-11
5.04392e-11
2.56361e-11
8.39e-12
1.14208e-11
3.92512e-11
3.08809e-11
1.91032e-12
3.38123e-12
2.30388e-11
1.35876e-11
4.11511e-12
1.05935e-11
1.55761e-12
8.31835e-13
2.30383e-11
8.51762e-11
1.81628e-10
3.03347e-10
4.40528e-10
5.84845e-10
7.30237e-10
8.86868e-10
1.04573e-09
1.19833e-09
1.34076e-09
1.47182e-09
1.58852e-09
1.68999e-09
1.77592e-09
1.84682e-09
1.90348e-09
1.94729e-09
1.98095e-09
2.00362e-09
2.01559e-09
2.01806e-09
2.01189e-09
1.99852e-09
1.97884e-09
1.95649e-09
1.93486e-09
0
0
0
0
0
0
0
0
0
0
0
0
0
0
2.4087e-17
7.87804e-16
1.06092e-11
3.32051e-11
2.80122e-11
4.38561e-11
2.50188e-10
4.32709e-10
4.76762e-10
5.18923e-10
6.65084e-10
9.59145e-10
1.34037e-09
1.70383e-09
2.03224e-09
2.34911e-09
2.62623e-09
2.88723e-09
3.13142e-09
3.18901e-09
3.17331e-09
3.12376e-09
3.04633e-09
2.9442e-09
2.83856e-09
2.73269e-09
2.74171e-09
3.10294e-09
3.50463e-09
3.51006e-09
3.24111e-09
2.88882e-09
2.50772e-09
2.12316e-09
1.75518e-09
1.41308e-09
1.10598e-09
8.40842e-10
6.23084e-10
4.4835e-10
3.16278e-10
2.16236e-10
1.4822e-10
1.04634e-10
7.69804e-11
5.68053e-11
3.8436e-11
2.01553e-11
6.85513e-12
8.329e-12
3.02828e-11
2.84038e-11
2.9657e-12
1.05195e-12
1.61089e-11
1.28393e-11
3.82337e-12
5.89994e-12
4.52139e-12
5.2303e-15
7.91001e-12
4.39982e-11
1.08821e-10
1.93185e-10
2.91408e-10
3.98712e-10
5.10414e-10
6.22553e-10
7.31738e-10
8.35671e-10
9.33204e-10
1.02865e-09
1.12026e-09
1.20407e-09
1.27776e-09
1.34166e-09
1.39619e-09
1.44239e-09
1.48023e-09
1.51046e-09
1.53441e-09
1.55283e-09
1.56645e-09
1.57605e-09
1.58353e-09
1.58772e-09
0
0
0
0
0
0
0
0
0
0
0
0
0
0
0
0
1.2357e-19
1.56604e-16
1.06183e-12
5.88192e-12
1.62112e-19
6.29446e-13
5.84955e-11
2.53086e-10
4.14393e-10
4.54601e-10
4.7526e-10
5.36468e-10
7.26284e-10
1.02797e-09
1.3939e-09
1.69133e-09
1.96674e-09
2.19248e-09
2.3955e-09
2.41929e-09
2.41493e-09
2.39907e-09
2.37388e-09
2.3314e-09
2.276e-09
2.20143e-09
2.10841e-09
2.01617e-09
2.06423e-09
2.391e-09
2.51951e-09
2.25817e-09
1.93405e-09
1.60361e-09
1.28676e-09
1.00534e-09
7.5795e-10
5.50152e-10
3.82353e-10
2.57013e-10
1.67258e-10
1.11678e-10
7.68437e-11
5.63422e-11
4.18056e-11
2.83552e-11
1.51375e-11
5.22549e-12
6.32817e-12
2.34272e-11
2.41294e-11
3.39216e-12
4.46057e-13
1.07226e-11
1.09114e-11
3.67019e-12
3.37409e-12
5.68475e-12
3.70414e-14
2.32228e-12
2.19342e-11
6.46924e-11
1.2508e-10
1.96679e-10
2.7484e-10
3.55141e-10
4.37344e-10
5.19957e-10
6.00479e-10
6.77618e-10
7.50312e-10
8.17556e-10
8.79029e-10
9.34817e-10
9.85377e-10
1.03123e-09
1.0726e-09
1.11006e-09
1.14428e-09
1.17571e-09
1.20739e-09
1.23813e-09
1.26758e-09
1.2917e-09
0
0
0
0
0
0
0
0
0
0
0
0
0
0
0
0
0
0
8.95224e-20
2.30227e-17
9.43236e-17
0
8.83149e-20
9.06014e-19
1.01993e-12
6.40192e-11
2.23436e-10
3.48795e-10
4.07096e-10
3.94183e-10
3.75193e-10
3.669e-10
4.78824e-10
6.46312e-10
9.14849e-10
1.27052e-09
1.55151e-09
1.71008e-09
1.80551e-09
1.85249e-09
1.8685e-09
1.85457e-09
1.83859e-09
1.80168e-09
1.74385e-09
1.66086e-09
1.56413e-09
1.50354e-09
1.64385e-09
1.71182e-09
1.50505e-09
1.2335e-09
9.71739e-10
7.34748e-10
5.36161e-10
3.73122e-10
2.46072e-10
1.53074e-10
9.39677e-11
5.88805e-11
4.16625e-11
3.07592e-11
2.11001e-11
1.14842e-11
4.05437e-12
4.67028e-12
1.72865e-11
1.94529e-11
3.14295e-12
2.28043e-13
7.84575e-12
9.19409e-12
3.43281e-12
1.85003e-12
5.04894e-12
4.09596e-13
4.52813e-13
1.01196e-11
3.66551e-11
7.7628e-11
1.2876e-10
1.86368e-10
2.47042e-10
3.08855e-10
3.70037e-10
4.29884e-10
4.87132e-10
5.41189e-10
5.94851e-10
6.46213e-10
6.95675e-10
7.42784e-10
7.87639e-10
8.30837e-10
8.72592e-10
9.13564e-10
9.5397e-10
9.94148e-10
1.03411e-09
1.06813e-09
0
0
0
0
0
0
0
0
0
0
0
0
0
0
0
0
0
0
0
0
0
2.69674e-18
0
0
2.92969e-20
1.50028e-19
1.05613e-18
7.77549e-13
2.72893e-11
1.04876e-10
2.05843e-10
2.61942e-10
2.84383e-10
2.49632e-10
2.01447e-10
1.46728e-10
9.64162e-11
1.63554e-10
4.05606e-10
7.11919e-10
1.09035e-09
1.31796e-09
1.45035e-09
1.49897e-09
1.5006e-09
1.47488e-09
1.43482e-09
1.37077e-09
1.28561e-09
1.18192e-09
1.07558e-09
1.08215e-09
1.09286e-09
9.5027e-10
7.45273e-10
5.548e-10
3.9193e-10
2.61265e-10
1.6396e-10
9.65379e-11
5.48602e-11
3.39413e-11
2.30914e-11
1.60434e-11
9.15846e-12
3.26766e-12
2.91863e-12
1.24714e-11
1.51535e-11
3.16901e-12
8.11425e-14
5.18766e-12
7.97847e-12
3.48369e-12
1.33493e-12
3.60838e-12
1.24287e-12
1.15245e-14
3.29495e-12
1.77103e-11
4.45844e-11
8.06997e-11
1.22365e-10
1.67181e-10
2.13749e-10
2.61151e-10
3.0844e-10
3.54807e-10
4.00309e-10
4.44993e-10
4.88862e-10
5.32189e-10
5.75267e-10
6.18123e-10
6.60967e-10
7.0419e-10
7.49604e-10
7.96125e-10
8.43221e-10
8.84151e-10
0
0
0
0
0
0
0
0
0
0
0
0
0
0
0
0
0
0
0
0
0
0
0
0
0
0
0
3.96085e-20
1.44536e-19
3.6875e-19
1.3747e-18
6.93055e-13
1.46807e-11
4.24468e-11
7.93741e-11
1.07266e-10
1.07084e-10
8.46308e-11
3.6999e-11
1.82516e-23
3.87329e-23
5.30233e-11
3.17489e-10
6.49666e-10
1.00453e-09
1.16118e-09
1.21389e-09
1.20886e-09
1.16586e-09
1.11354e-09
1.04006e-09
9.53047e-10
8.52158e-10
7.46556e-10
6.63806e-10
6.33768e-10
5.59511e-10
4.21898e-10
2.93859e-10
1.90171e-10
1.12619e-10
6.20089e-11
3.38544e-11
2.02254e-11
1.34637e-11
8.0291e-12
3.19084e-12
1.4686e-12
6.72405e-12
1.19136e-11
3.64851e-12
6.27572e-14
2.67034e-12
6.57968e-12
3.69332e-12
1.16824e-12
1.99451e-12
2.56743e-12
6.17287e-14
4.96445e-13
6.69977e-12
2.19198e-11
4.54267e-11
7.53916e-11
1.10036e-10
1.47195e-10
1.85656e-10
2.24332e-10
2.62997e-10
3.01736e-10
3.41097e-10
3.81042e-10
4.21577e-10
4.62947e-10
5.05405e-10
5.49342e-10
5.94939e-10
6.42306e-10
6.90916e-10
7.33923e-10
0
0
0
0
0
0
0
0
0
0
0
0
0
0
0
0
0
0
0
0
0
0
0
0
0
0
0
0
0
0
0
6.30165e-20
1.3968e-19
2.41357e-19
5.78338e-19
2.56352e-14
3.59213e-13
5.88922e-12
1.4334e-11
1.883e-11
2.81799e-12
9.92604e-25
1.15557e-24
1.88172e-23
7.94096e-12
1.71209e-10
4.4443e-10
7.68237e-10
9.15741e-10
9.58992e-10
9.44742e-10
8.89978e-10
8.2611e-10
7.53445e-10
6.70859e-10
5.8568e-10
4.96179e-10
4.07918e-10
3.37544e-10
2.87787e-10
2.18286e-10
1.39244e-10
8.06154e-11
4.23684e-11
2.16383e-11
1.26705e-11
8.00535e-12
3.96415e-12
1.15877e-12
1.86472e-12
8.04793e-12
4.77528e-12
2.26736e-13
7.65711e-13
4.89026e-12
3.9543e-12
1.47752e-12
9.86451e-13
2.5241e-12
6.01752e-13
5.44401e-15
1.56898e-12
8.70809e-12
2.34517e-11
4.44256e-11
6.99165e-11
9.87273e-11
1.30523e-10
1.64163e-10
1.99075e-10
2.34615e-10
2.71078e-10
3.08308e-10
3.46487e-10
3.86151e-10
4.2775e-10
4.71814e-10
5.18192e-10
5.66078e-10
6.08944e-10
0
0
0
0
0
0
0
0
0
0
0
0
0
0
0
0
0
0
0
0
0
0
0
0
0
0
0
0
0
0
0
0
0
0
0
7.55713e-21
6.09491e-20
1.12461e-19
1.70793e-19
3.24753e-19
6.22455e-14
6.494e-13
3.07399e-25
5.09448e-25
7.01394e-25
8.66399e-25
1.04322e-23
9.49494e-13
8.36191e-11
2.92042e-10
5.33861e-10
6.81929e-10
7.18081e-10
6.96695e-10
6.49512e-10
5.84497e-10
5.17723e-10
4.48855e-10
3.77407e-10
3.10107e-10
2.44668e-10
1.83282e-10
1.34236e-10
9.60726e-11
5.76434e-11
3.00419e-11
1.536e-11
8.6707e-12
4.95746e-12
2.164e-12
4.87276e-13
3.50859e-12
5.33903e-12
1.04446e-12
5.80265e-14
2.33638e-12
3.7869e-12
1.96075e-12
7.01976e-13
1.44232e-12
1.6258e-12
3.27885e-14
2.68048e-13
3.68471e-12
1.26243e-11
2.68383e-11
4.55523e-11
6.82985e-11
9.39532e-11
1.21731e-10
1.51268e-10
1.82906e-10
2.16872e-10
2.52728e-10
2.90354e-10
3.2973e-10
3.71536e-10
4.15798e-10
4.61671e-10
5.03114e-10
0
0
0
0
0
0
0
0
0
0
0
0
0
0
0
0
0
0
0
0
0
0
0
0
0
0
0
0
0
0
0
0
0
0
0
0
0
0
0
0
2.78338e-20
5.66063e-20
6.20446e-20
0
0
1.92623e-25
3.66352e-25
5.1991e-25
6.59013e-25
3.98508e-24
1.71073e-23
1.7333e-11
1.39949e-10
2.762e-10
4.18664e-10
4.77699e-10
4.75817e-10
4.41009e-10
3.92913e-10
3.35783e-10
2.79142e-10
2.27165e-10
1.76952e-10
1.33248e-10
9.51394e-11
6.15388e-11
3.79937e-11
2.14774e-11
1.11798e-11
6.43172e-12
3.62734e-12
1.2529e-12
2.90925e-13
2.95271e-12
2.99809e-12
8.62969e-14
4.35615e-13
2.83661e-12
2.086e-12
8.0006e-13
6.99459e-13
1.68906e-12
3.34201e-13
9.04226e-15
1.39096e-12
7.28376e-12
1.83244e-11
3.38162e-11
5.2904e-11
7.45158e-11
9.83774e-11
1.24122e-10
1.51883e-10
1.81106e-10
2.12168e-10
2.459e-10
2.83158e-10
3.24005e-10
3.67252e-10
4.06613e-10
0
0
0
0
0
0
0
0
0
0
0
0
0
0
0
0
0
0
0
0
0
0
0
0
0
0
0
0
0
0
0
0
0
0
0
0
0
0
0
0
0
0
0
3.28754e-21
1.01868e-20
0
0
0
1.19519e-25
2.52816e-25
3.64565e-25
4.64764e-25
5.46368e-25
5.78226e-24
1.34212e-23
1.00196e-11
7.61787e-11
1.49847e-10
2.19886e-10
2.66495e-10
2.61917e-10
2.37583e-10
2.00661e-10
1.61512e-10
1.24042e-10
9.26967e-11
6.4918e-11
4.40821e-11
2.69043e-11
1.45636e-11
7.9836e-12
4.83601e-12
2.84463e-12
8.7384e-13
2.30119e-13
2.43216e-12
1.15852e-12
7.28813e-15
1.26747e-12
1.8902e-12
9.32112e-13
3.77577e-13
1.09743e-12
5.77756e-13
2.08447e-18
5.99286e-13
4.41803e-12
1.27488e-11
2.55444e-11
4.20179e-11
6.128e-11
8.27165e-11
1.05929e-10
1.30638e-10
1.56985e-10
1.85218e-10
2.15672e-10
2.48443e-10
2.83346e-10
3.16244e-10
0
0
0
0
0
0
0
0
0
0
0
0
0
0
0
0
0
0
0
0
0
0
0
0
0
0
0
0
0
0
0
0
0
0
0
0
0
0
0
0
0
0
0
0
0
0
0
0
0
0
0
3.64786e-26
1.34648e-25
2.10846e-25
2.69571e-25
3.22417e-25
3.65795e-25
1.05603e-24
5.6621e-24
8.95268e-24
9.74708e-12
4.8493e-11
8.37033e-11
1.14566e-10
1.22232e-10
1.07175e-10
8.55903e-11
6.34163e-11
4.46035e-11
2.97121e-11
1.89367e-11
1.1375e-11
5.813e-12
3.4722e-12
2.20782e-12
5.91254e-13
2.12128e-13
2.22708e-12
3.38691e-13
1.39982e-13
1.35284e-12
8.91392e-13
2.35338e-13
5.91232e-13
5.36313e-13
2.38265e-16
4.0633e-13
3.32582e-12
1.00734e-11
2.0508e-11
3.40922e-11
5.02515e-11
6.88599e-11
8.95695e-11
1.1216e-10
1.36581e-10
1.6291e-10
1.91369e-10
2.21885e-10
2.50918e-10
0
0
0
0
0
0
0
0
0
0
0
0
0
0
0
0
0
0
0
0
0
0
0
0
0
0
0
0
0
0
0
0
0
0
0
0
0
0
0
0
0
0
0
0
0
0
0
0
0
0
0
0
0
0
0
1.47695e-26
7.22795e-26
1.14147e-25
1.43841e-25
1.63761e-25
1.89132e-25
2.16168e-25
5.57048e-25
2.94579e-24
5.19875e-13
1.13103e-11
3.45355e-11
5.12495e-11
5.23059e-11
4.28655e-11
3.08214e-11
2.05541e-11
1.30083e-11
8.01569e-12
4.89152e-12
2.56223e-12
1.54489e-12
3.4601e-13
2.76133e-13
1.34318e-12
1.16192e-13
3.64211e-13
9.73677e-13
3.22994e-13
2.83176e-13
2.96627e-13
1.25107e-16
4.03362e-13
3.03821e-12
8.80469e-12
1.75611e-11
2.90876e-11
4.29662e-11
5.8823e-11
7.64163e-11
9.58234e-11
1.17638e-10
1.42104e-10
1.69159e-10
1.95627e-10
0
0
0
0
0
0
0
0
0
0
0
0
0
0
0
0
0
0
0
0
0
0
0
0
0
0
0
0
0
0
0
0
0
0
0
0
0
0
0
0
0
0
0
0
0
0
0
0
0
0
0
0
0
0
0
0
0
0
0
0
6.66198e-27
3.52699e-26
5.49617e-26
6.77878e-26
7.6834e-26
1.07179e-25
1.59194e-25
1.29654e-24
4.3829e-13
1.03402e-11
2.17112e-11
2.5922e-11
2.1219e-11
1.44337e-11
9.15272e-12
5.56879e-12
3.3309e-12
2.12528e-12
1.06885e-12
1.81083e-13
4.40645e-13
7.07041e-13
1.62945e-14
5.81985e-13
3.64292e-13
6.24808e-14
2.10305e-13
7.25916e-16
6.57761e-13
3.78506e-12
8.86149e-12
1.62018e-11
2.61014e-11
3.80519e-11
5.19295e-11
6.77486e-11
8.55027e-11
1.05521e-10
1.27813e-10
1.50268e-10
0
0
0
0
0
0
0
0
0
0
0
0
0
0
0
0
0
0
0
0
0
0
0
0
0
0
0
0
0
0
0
0
0
0
0
0
0
0
0
0
0
0
0
0
0
0
0
0
0
0
0
0
0
0
0
0
0
0
0
0
0
0
0
0
0
5.16026e-27
1.9698e-26
2.91867e-26
3.75002e-26
8.34798e-26
3.50554e-25
1.16676e-24
3.69646e-12
1.07112e-11
1.27563e-11
1.01931e-11
6.36531e-12
3.8173e-12
2.18437e-12
1.1704e-12
7.99984e-13
3.52258e-13
7.32474e-13
7.39518e-14
2.11777e-13
5.04141e-13
3.37996e-14
7.54179e-14
5.33174e-14
1.1953e-12
4.3226e-12
9.84728e-12
1.74576e-11
2.62752e-11
3.65499e-11
4.90037e-11
6.37758e-11
8.15529e-11
1.02129e-10
1.2338e-10
0
0
0
0
0
0
0
0
0
0
0
0
0
0
0
0
0
0
0
0
0
0
0
0
0
0
0
0
0
0
0
0
0
0
0
0
0
0
0
0
0
0
0
0
0
0
0
0
0
0
0
0
0
0
0
0
0
0
0
0
0
0
0
0
0
0
0
0
0
3.82998e-27
1.18243e-26
1.79304e-26
5.41317e-26
1.54041e-25
7.23123e-25
1.65697e-12
5.41194e-12
5.83293e-12
4.39361e-12
2.45218e-12
1.35037e-12
6.17227e-13
2.50847e-13
6.99059e-13
4.31196e-13
8.20435e-14
3.45655e-13
2.38089e-14
3.57284e-15
4.08885e-13
3.11498e-12
7.4432e-12
1.30509e-11
2.02163e-11
2.97759e-11
4.15093e-11
5.50795e-11
7.14764e-11
9.23533e-11
1.14166e-10
0
0
0
0
0
0
0
0
0
0
0
0
0
0
0
0
0
0
0
0
0
0
0
0
0
0
0
0
0
0
0
0
0
0
0
0
0
0
0
0
0
0
0
0
0
0
0
0
0
0
0
0
0
0
0
0
0
0
0
0
0
0
0
0
0
0
0
0
0
0
0
0
2.62973e-28
5.48972e-27
9.20308e-27
4.09549e-26
1.36572e-25
4.91134e-25
5.69232e-13
2.41385e-12
2.2138e-12
1.62984e-12
9.32339e-13
3.89441e-13
4.16293e-14
2.12258e-13
1.5299e-13
1.89919e-13
4.93852e-14
5.08127e-13
3.26741e-12
7.07974e-12
1.19712e-11
1.93153e-11
3.00524e-11
4.47501e-11
5.94692e-11
7.31936e-11
8.5625e-11
9.69513e-11
0
0
0
0
0
0
0
0
0
0
0
0
0
0
0
0
0
0
0
0
0
0
0
0
0
0
0
0
0
0
0
0
0
0
0
0
0
0
0
0
0
0
0
0
0
0
0
0
0
0
0
0
0
0
0
0
0
0
0
0
0
0
0
0
0
0
0
0
0
0
0
0
0
0
0
0
2.5427e-27
4.71972e-27
2.83221e-26
1.17106e-25
3.18459e-25
1.30279e-13
8.54518e-13
8.61474e-13
2.41809e-13
4.08639e-14
2.31476e-14
6.15574e-14
1.32094e-13
1.4535e-12
5.05641e-12
1.13892e-11
1.70698e-11
1.56619e-11
1.35739e-11
1.74006e-11
2.59029e-11
3.49221e-11
4.14465e-11
4.68962e-11
0
0
0
0
0
0
0
0
0
0
0
0
0
0
0
0
0
0
0
0
0
0
0
0
0
0
0
0
0
0
0
0
0
0
0
0
0
0
0
0
0
0
0
0
0
0
0
0
0
0
0
0
0
0
0
0
0
0
0
0
0
0
0
0
0
0
0
0
0
0
0
0
0
0
0
0
0
0
0
8.23389e-28
1.82517e-27
8.52873e-27
6.73734e-26
1.02607e-25
6.01075e-15
5.67474e-14
1.0488e-13
3.12132e-14
1.41253e-12
4.46372e-12
8.46262e-12
3.74815e-12
5.58159e-12
6.68439e-12
6.07339e-12
6.33432e-12
6.301e-12
7.08517e-12
7.97617e-12
8.89452e-12
0
0
0
0
0
0
0
0
0
0
0
0
0
0
0
0
0
0
0
0
0
0
0
0
0
0
0
0
0
0
0
0
0
0
0
0
0
0
0
0
0
0
0
0
0
0
0
0
0
0
0
0
0
0
0
0
0
0
0
0
0
0
0
0
0
0
0
0
0
0
0
0
0
0
0
0
0
0
0
0
0
0
9.37962e-29
2.92363e-28
6.65072e-28
6.34643e-28
9.03738e-27
4.70166e-27
1.48803e-13
1.72996e-12
3.71124e-12
9.44122e-13
1.26724e-12
1.43405e-12
1.83015e-12
2.28746e-12
2.80856e-12
4.67018e-12
6.03131e-12
6.21171e-12
0
0
0
0
0
0
0
0
0
0
0
0
0
0
0
0
0
0
0
0
0
0
0
0
0
0
0
0
0
0
0
0
0
0
0
0
0
0
0
0
0
0
0
0
0
0
0
0
0
0
0
0
0
0
0
0
0
0
0
0
0
0
0
0
0
0
0
0
0
0
0
0
0
0
0
0
0
0
0
0
0
0
0
0
0
0
1.82015e-31
7.60528e-26
8.91119e-26
7.63049e-27
7.39708e-27
2.11196e-15
2.1493e-13
6.264e-13
5.21788e-13
8.3422e-13
1.19121e-12
1.20746e-12
1.60943e-12
1.90829e-12
0
0
0
0
0
0
0
0
0
0
0
0
0
0
0
0
0
0
0
0
0
0
0
0
0
0
0
0
0
0
0
0
0
0
0
0
0
0
0
0
0
0
0
0
0
0
0
0
0
0
0
0
0
0
0
0
0
0
0
0
0
0
0
0
0
0
0
0
0
0
0
0
0
0
0
0
0
0
0
0
0
0
0
0
0
0
0
0
0
6.11793e-29
4.38243e-28
6.93333e-27
2.3012e-27
2.46908e-27
5.90971e-27
1.26848e-25
6.05726e-14
3.34881e-13
6.15744e-13
5.51446e-13
0
0
0
0
0
0
0
0
0
0
0
0
0
0
0
0
0
0
0
0
0
0
0
0
0
0
0
0
0
0
0
0
0
0
0
0
0
0
0
0
0
0
0
0
0
0
0
0
0
0
0
0
0
0
0
0
0
0
0
0
0
0
0
0
0
0
0
0
0
0
0
0
0
0
0
0
0
0
0
0
0
0
0
0
0
0
0
0
0
0
0
0
0
2.7141e-29
2.82253e-28
4.43802e-27
5.76904e-27
2.23662e-27
1.70048e-27
3.12528e-27
0
0
0
0
0
0
0
0
0
0
0
0
0
0
0
0
0
0
0
0
0
0
0
0
0
0
0
0
0
0
0
0
0
0
0
0
0
0
0
0
0
0
0
0
0
0
0
0
0
0
0
0
0
0
0
0
0
0
0
0
0
0
0
0
0
0
0
0
0
0
0
0
0
0
0
0
0
0
0
0
0
0
0
0
0
0
0
0
0
0
0
0
0
0
0
0
0
0
0
0
0
0
0
0
0
0
0
0
0
0
0
0
0
0
0
0
0
0
0
0
0
0
0
0
0
0
0
0
0
0
0
0
0
0
0
0
0
0
0
0
0
0
0
0
0
0
0
0
0
0
0
0
0
0
0
0
0
0
0
0
0
0
0
0
0
0
0
0
0
0
0
0
0
0
0
0
0
0
0
0
0
0
0
0
0
0
0
0
0
0
0
0
0
0
0
0
0
0
0
0
0
0
0
0
0
0
0
0
0
0
0
0
0
0
0
0
0
0
0
0
0
0
0
0
0
0
0
0
0
0
0
0
0
0
0
0
0
0
0
0
0
0
0
0
0
0
0
0
0
0
0
0
0
0
0
0
0
0
0
0
0
0
0
0
0
0
0
0
0
0
0
0
0
0
0
0
0
0
0
0
0
0
0
0
0
0
0
0
0
0
0
0
0
0
0
0
0
0
0
0
0
0
0
0
0
0
0
0
0
0
0
0
0
0
0
0
0
0
0
0
0
0
0
0
0
0
0
0
0
0
0
0
0
0
0
0
0
0
0
0
0
0
0
0
0
0
0
0
0
0
0
0
0
0
0
0
0
0
0
0
0
0
0
0
0
0
0
0
0
0
0
0
0
0
0
0
0
0
0
0
0
0
0
0
0
0
0
0
0
0
0
0
0
0
0
0
0
0
0
0
0
0
0
0
0
0
0
0
0
0
0
0
0
0
0
0
0
0
0
0
0
0
0
0
0
0
0
0
0
0
0
0
0
0
0
0
0
0
0
0
0
0
0
0
0
0
0
0
0
0
0
0
0
0
0
0
0
0
0
0
0
0
0
0
0
0
0
0
0
0
0
0
0
0
0
0
0
0
0
0
0
0
0
0
0
0
0
0
0
0
0
0
0
0
0
0
0
0
0
0
0
0
0
0
0
0
0
0
0
0
0
0
0
0
0
0
0
0
0
0
0
0
0
0
0
0
0
0
0
0
0
0
0
0
0
0
0
0
0
0
0
0
0
0
0
0
0
0
0
0
0
0
0
0
0
0
0
0
0
0
0
0
0
0
0
0
0
0
0
0
0
0
0
0
0
0
0
0
0
0
0
0
0
0
0
0
0
0
0
0
0
0
0
0
0
0
0
0
0
0
0
0
0
0
0
0
0
0
0
0
0
0
0
0
0
0
0
0
0
0
0
0
0
0
0
0
0
0
0
0
0
0
0
0
0
0
0
0
0
0
0
0
0
0
0
0
0
0
0
0
0
0
0
0
0
0
0
0
0
0
0
0
0
0
0
0
0
0
0
0
0
0
0
0
0
0
0
0
0
0
0
0
0
0
0
0
0
0
0
0
0
0
0
0
0
0
0
0
0
0
0
0
0
0
0
0
0
0
0
0
0
0
0
0
0
0
0
0
0
0
0
0
0
0
0
0
0
0
0
0
0
0
0
0
0
0
0
0
0
0
0
0
0
0
0
0
0
0
0
0
0
0
0
0
0
0
0
0
0
0
0
0
0
0
0
0
0
0
0
0
0
0
0
0
0
0
0
0
0
0
0
0
0
0
0
0
0
0
0
0
0
0
0
0
0
0
0
0
0
0
0
0
0
0
0
0
0
0
0
0
0
0
0
0
0
0
0
0
0
0
0
0
0
0
0
0
0
0
0
0
0
0
0
0
0
0
0
0
0
0
0
0
0
0
0
0
0
0
0
0
0
0
0
0
0
0
0
0
0
0
0
0
0
0
0
0
0
0
0
0
0
0
0
0
0
0
0
0
0
0
0
0
0
0
0
0
0
0
0
0
0
0
0
0
0
0
0
0
0
0
0
0
0
0
0
0
0
0
0
0
0
0
0
0
0
0
0
0
0
0
0
0
0
0
0
0
0
0
0
0
0
0
0
0
0
0
0
0
0
0
0
0
0
0
0
0
0
0
0
0
0
0
0
0
0
0
0
0
0
0
0
0
0
0
0
0
0
0
0
0
0
0
0
0
0
0
0
0
0
0
0
0
0
0
0
0
0
0
0
0
0
0
0
0
0
0
0
0
0
0
0
0
0
0
0
0
0
0
0
0
0
0
0
0
0
0
0
0
0
0
0
0
0
0
0
0
0
0
0
0
0
0
0
0
0
0
0
0
0
0
0
0
0
0
0
0
0
0
0
0
0
0
0
0
0
0
0
0
0
0
0
0
0
0
0
0
0
0
0
0
0
0
0
0
0
0
0
0
0
0
0
0
0
0
0
0
0
0
0
0
0
0
0
0
0
0
0
0
0
0
0
0
0
0
0
0
0
0
0
0
0
0
0
0
0
0
0
0
0
0
0
0
0
0
0
0
0
0
0
0
0
0
0
0
0
0
0
0
0
0
0
0
0
0
0
0
0
0
0
0
0
0
0
0
0
0
0
0
0
0
0
0
0
0
0
0
0
0
0
0
0
0
0
0
0
0
0
0
0
0
0
0
0
0
0
0
0
0
0
0
0
0
0
0
0
0
0
0
0
0
0
0
0
0
0
0
0
0
0
0
0
0
0
0
0
0
0
0
0
0
0
0
0
0
0
0
0
0
0
0
0
0
0
0
0
0
0
0
0
0
0
0
0
0
0
0
0
0
0
0
0
0
0
0
0
0
0
0
0
0
0
0
0
0
0
0
0
0
0
0
0
0
0
0
0
0
0
0
0
0
0
0
0
0
0
0
0
0
0
0
0
0
0
0
0
0
0
0
0
0
0
0
0
0
0
0
0
0
0
0
0
0
0
0
0
0
0
0
0
0
0
0
0
0
0
0
0
0
0
0
0
0
0
0
0
0
0
0
0
0
0
0
0
0
0
0
0
0
0
0
0
0
0
0
0
0
0
0
0
0
0
0
0
0
0
0
0
0
0
0
0
0
0
0
0
0
0
0
0
0
0
0
0
0
0
0
0
0
0
0
0
0
0
0
0
0
0
0
0
0
)
;

boundaryField
{
    AXIS
    {
        type            empty;
    }
    OUTLET
    {
        type            calculated;
        value           nonuniform List<scalar> 
80
(
4.66379e-08
4.65769e-08
4.64411e-08
4.62223e-08
4.59506e-08
4.56346e-08
4.52768e-08
4.48768e-08
4.44331e-08
4.39424e-08
4.34215e-08
4.28591e-08
4.2274e-08
4.16962e-08
4.10673e-08
4.02901e-08
3.92885e-08
3.81858e-08
3.7025e-08
3.57835e-08
3.4417e-08
3.32339e-08
3.22421e-08
3.11811e-08
3.00459e-08
2.8951e-08
2.79432e-08
2.68751e-08
2.5763e-08
2.46255e-08
2.31059e-08
2.07022e-08
1.85176e-08
1.63027e-08
1.40774e-08
1.21497e-08
1.03e-08
8.51548e-09
7.09489e-09
5.75856e-09
4.68237e-09
3.76617e-09
3.00061e-09
2.42596e-09
1.93486e-09
1.58772e-09
1.2917e-09
1.06813e-09
8.84151e-10
7.33923e-10
6.08944e-10
5.03114e-10
4.06613e-10
3.16244e-10
2.50918e-10
1.95627e-10
1.50268e-10
1.2338e-10
1.14166e-10
9.69513e-11
4.68962e-11
8.89452e-12
6.21171e-12
1.90829e-12
5.51446e-13
3.12528e-27
0
0
0
0
0
0
0
0
0
0
0
0
0
0
)
;
    }
    COFLOW
    {
        type            calculated;
        value           uniform 0;
    }
    PILOT
    {
        type            calculated;
        value           uniform 6.67662e-09;
    }
    FUEL
    {
        type            calculated;
        value           uniform 8.90926e-18;
    }
    WALL
    {
        type            calculated;
        value           uniform 0;
    }
    front
    {
        type            wedge;
    }
    back
    {
        type            wedge;
    }
}


// ************************************************************************* //
