/*--------------------------------*- C++ -*----------------------------------*\
  =========                 |
  \\      /  F ield         | OpenFOAM: The Open Source CFD Toolbox
   \\    /   O peration     | Website:  https://openfoam.org
    \\  /    A nd           | Version:  6
     \\/     M anipulation  |
\*---------------------------------------------------------------------------*/
FoamFile
{
    version     2.0;
    format      ascii;
    class       volScalarField;
    location    "0.1";
    object      CH2CHO;
}
// * * * * * * * * * * * * * * * * * * * * * * * * * * * * * * * * * * * * * //

dimensions      [0 0 0 0 0 0 0];

internalField   nonuniform List<scalar> 
8000
(
1.74884e-09
1.29116e-07
4.21762e-07
5.79663e-07
5.15453e-07
5.82923e-07
5.40163e-07
3.59761e-07
1.67437e-07
4.47e-08
8.92926e-09
5.41366e-09
1.91937e-08
2.22802e-07
2.12949e-07
2.38104e-07
5.64478e-07
4.17223e-07
4.86779e-07
6.50004e-07
6.78236e-07
5.04792e-07
3.56659e-07
3.59081e-07
2.55806e-07
2.41211e-07
2.45789e-07
2.23921e-07
2.15281e-07
1.55541e-06
4.07196e-07
1.98421e-07
2.27164e-07
2.18527e-07
2.23112e-07
2.35763e-07
2.44099e-07
2.42912e-07
2.49401e-07
2.48892e-07
1.97871e-07
1.43673e-07
1.09189e-07
9.32006e-08
8.65377e-08
7.41092e-08
6.60901e-08
6.93189e-08
9.8524e-08
2.1522e-06
2.98121e-08
8.18172e-08
7.83988e-08
7.43307e-08
6.64478e-08
5.64229e-08
4.60667e-08
3.58948e-08
2.54584e-08
1.55171e-08
7.85703e-09
3.43918e-09
3.08908e-09
2.70916e-13
2.57181e-10
4.3517e-11
8.50856e-10
5.46129e-10
5.29282e-10
5.19764e-10
4.61985e-08
4.95194e-10
4.96835e-10
3.3488e-09
3.44561e-09
5.04267e-10
5.0391e-10
5.0971e-10
5.20499e-10
5.24847e-10
5.13868e-10
5.11825e-10
4.99265e-10
3.1275e-09
2.59165e-09
2.13948e-09
1.97692e-09
1.86824e-09
3.40961e-07
2.03571e-09
2.10453e-09
2.06165e-09
1.97312e-09
1.89929e-09
1.67116e-09
1.53831e-09
1.48461e-09
1.43836e-09
1.4074e-09
1.28135e-09
1.61768e-09
1.49585e-07
4.45642e-07
5.69045e-07
5.25491e-07
5.79059e-07
5.26181e-07
3.49885e-07
1.55539e-07
3.71047e-08
7.36795e-09
6.69662e-09
4.09381e-08
4.53899e-07
4.52796e-07
3.24601e-07
5.45522e-07
5.6525e-07
5.78837e-07
5.89493e-07
6.22267e-07
4.81995e-07
3.55423e-07
3.59282e-07
2.5436e-07
2.48392e-07
2.43474e-07
2.23902e-07
2.06106e-07
2.55263e-07
1.55114e-07
1.87571e-07
2.14168e-07
2.11109e-07
2.2018e-07
2.34043e-07
2.42604e-07
2.42076e-07
2.54196e-07
1.01759e-06
2.13796e-07
1.46101e-07
1.0996e-07
9.38893e-08
8.64573e-08
7.40773e-08
6.57818e-08
6.87996e-08
1.00729e-07
7.76311e-08
8.48666e-08
8.21448e-08
7.81897e-08
7.25331e-08
6.4638e-08
5.46327e-08
4.42445e-08
3.40928e-08
2.39152e-08
1.4404e-08
7.31116e-09
3.2009e-09
2.94692e-09
1.36305e-11
7.23281e-11
4.27371e-11
8.43343e-10
5.45279e-10
5.28598e-10
5.18446e-10
5.12231e-10
4.94252e-10
4.966e-10
3.32462e-09
3.42586e-09
5.04034e-10
5.03306e-10
5.0926e-10
5.19756e-10
5.2502e-10
5.13459e-10
5.11726e-10
4.9885e-10
3.11751e-09
2.59613e-09
2.13649e-09
1.97477e-09
1.86696e-09
1.92359e-09
2.03451e-09
2.10286e-09
2.06001e-09
1.97301e-09
1.89909e-09
1.66961e-09
1.53688e-09
1.48384e-09
1.43782e-09
1.40743e-09
1.28093e-09
2.57895e-09
2.49453e-07
7.88974e-07
8.63611e-07
5.45875e-07
5.55271e-07
4.41735e-07
6.89156e-07
8.06919e-07
4.14092e-08
3.94569e-07
7.8391e-09
7.49956e-08
5.30212e-07
5.62422e-07
5.67131e-07
4.3306e-07
5.37872e-07
4.51634e-07
1.06227e-06
4.72593e-07
4.36505e-07
3.54465e-07
3.57217e-07
2.50349e-07
2.81978e-07
2.5323e-07
2.2368e-07
1.87718e-07
1.65093e-07
1.5221e-07
1.74312e-07
1.98503e-07
2.01359e-07
2.1891e-07
2.37113e-07
2.4416e-07
2.41408e-07
2.31928e-07
2.18624e-07
1.77085e-07
1.36524e-07
1.08895e-07
9.37273e-08
8.56044e-08
7.39989e-08
6.509e-08
7.0844e-08
1.01067e-07
8.80733e-08
7.53753e-08
8.09519e-08
7.29113e-08
6.77371e-08
6.04896e-08
5.06679e-08
4.03226e-08
3.04753e-08
2.0955e-08
1.25905e-08
6.25857e-09
2.74446e-09
2.66101e-09
1.03953e-11
9.83545e-11
4.10514e-11
5.51337e-10
5.43339e-10
5.27154e-10
5.15962e-10
5.08236e-10
4.92489e-10
1.63393e-07
3.2702e-09
3.3832e-09
1.02657e-07
5.01949e-10
5.0829e-10
5.18189e-10
3.68772e-08
5.12531e-10
5.11521e-10
4.97898e-10
3.09802e-09
2.12026e-07
2.12976e-09
1.97105e-09
1.86427e-09
1.91114e-09
2.03241e-09
2.09922e-09
2.05645e-09
7.72202e-07
8.37823e-07
1.6662e-09
1.53379e-09
1.48215e-09
1.43662e-09
1.26295e-06
1.27999e-09
6.43597e-09
3.82493e-07
5.04054e-07
5.64e-07
5.41359e-07
4.71121e-07
3.32334e-07
1.87002e-07
5.98216e-08
9.27831e-09
1.91802e-09
2.83971e-09
3.00947e-08
1.99465e-06
4.1587e-07
6.03829e-07
3.50532e-07
4.1556e-07
5.8175e-07
5.18528e-07
5.36965e-07
4.12664e-07
3.49789e-07
3.13157e-07
2.44819e-07
1.31334e-07
2.89092e-07
2.23426e-07
1.81689e-07
1.5524e-07
1.47838e-07
1.6352e-07
1.85695e-07
1.91203e-07
2.17573e-07
9.94865e-07
2.49342e-07
1.15349e-06
2.24589e-07
1.99004e-07
1.65168e-07
1.32939e-07
1.07397e-07
9.15108e-08
7.45649e-08
6.5294e-08
6.64349e-08
7.17089e-08
9.78346e-08
8.81189e-08
7.40104e-08
7.47988e-08
5.76889e-10
6.07595e-08
5.43691e-08
4.4809e-08
3.4782e-08
2.57026e-08
1.72213e-08
9.77107e-09
4.97708e-09
4.62384e-09
2.28518e-09
5.91684e-12
1.52019e-10
3.90519e-11
5.4863e-10
5.39891e-10
5.25268e-10
5.1284e-10
9.01162e-08
3.39564e-09
3.41281e-09
3.18349e-09
3.31953e-09
4.97943e-10
4.99784e-10
5.06848e-10
5.16047e-10
5.19251e-10
5.11062e-10
5.11248e-10
4.96315e-10
3.07451e-09
2.52078e-09
2.11903e-09
1.9657e-09
1.86034e-09
1.90242e-09
2.02975e-09
2.09375e-09
2.05114e-09
1.9672e-09
1.86336e-09
1.6609e-09
1.52919e-09
1.47961e-09
1.43481e-09
1.39346e-09
1.27852e-09
4.58538e-09
5.72191e-07
1.64334e-07
5.75896e-07
5.30206e-07
3.90587e-07
2.22487e-07
8.08067e-08
1.57528e-08
1.89186e-09
2.29938e-07
1.55828e-07
1.7551e-07
5.71949e-07
5.69426e-07
4.52322e-07
2.42518e-07
3.58352e-07
6.4693e-07
6.41867e-07
5.39984e-07
3.80544e-07
3.49515e-07
3.02895e-07
2.484e-07
2.74398e-07
2.50923e-07
2.10088e-07
1.74612e-07
1.54785e-07
1.45425e-07
1.57088e-07
1.76555e-07
1.79737e-07
1.90329e-07
2.01142e-07
2.06529e-07
2.07341e-07
2.02656e-07
1.17337e-06
1.56943e-07
1.26403e-07
1.02025e-07
7.68002e-08
7.3105e-08
6.41751e-08
6.42284e-08
7.17256e-08
9.17288e-08
8.02825e-08
6.89303e-08
7.02139e-08
6.64213e-08
5.38319e-08
4.69316e-08
3.76414e-08
2.82942e-08
2.03933e-08
1.35042e-08
7.53128e-09
3.70285e-09
3.79119e-09
1.86908e-09
1.48624e-12
1.17352e-10
9.07086e-10
5.43506e-10
5.3455e-10
4.08967e-08
5.08965e-10
5.00644e-10
3.26512e-09
3.19957e-09
3.07181e-09
3.23741e-09
4.935e-10
4.96942e-10
5.0499e-10
5.13622e-10
5.14951e-10
5.09209e-10
7.19799e-08
4.94062e-10
2.01188e-07
2.47308e-09
2.10509e-09
1.95859e-09
1.85479e-09
1.8951e-09
2.0266e-09
2.08653e-09
2.04427e-09
1.95842e-09
1.83039e-09
1.65419e-09
1.5235e-09
1.47626e-09
1.43242e-09
1.37787e-09
1.27667e-09
1.8957e-09
1.64994e-06
5.12167e-07
5.78449e-07
4.3604e-07
2.83771e-07
1.18504e-07
6.02725e-07
4.37037e-09
5.95313e-10
3.30286e-10
8.99946e-10
4.78726e-09
3.51495e-07
4.0907e-07
7.63656e-07
1.04833e-06
9.75985e-07
1.15623e-06
6.66715e-07
4.81822e-07
3.5832e-07
9.88014e-07
3.74962e-07
2.4942e-07
2.59654e-07
2.36815e-07
2.09141e-07
1.81022e-07
1.53833e-07
1.44997e-07
1.54511e-07
1.49833e-07
1.71692e-07
1.7555e-07
1.79822e-07
1.8302e-07
1.82702e-07
1.76244e-07
1.40265e-07
1.20776e-07
1.00446e-07
5.26772e-07
7.34909e-08
6.30513e-08
6.44154e-08
6.87658e-08
7.01535e-08
8.37258e-08
2.57933e-08
6.16173e-08
6.24815e-08
1.4574e-09
4.46921e-08
3.83881e-08
2.99279e-08
2.17058e-08
1.50645e-08
9.62749e-09
5.51553e-09
2.60213e-09
2.994e-09
1.45555e-09
3.38784e-12
1.34467e-10
8.65227e-10
5.36704e-10
5.27364e-10
5.1628e-10
5.0454e-10
4.95532e-10
3.10632e-09
3.00955e-09
2.97599e-09
3.13886e-09
4.89554e-10
4.94028e-10
5.02737e-10
5.10707e-10
5.11658e-10
5.07033e-10
8.27322e-08
3.43153e-09
2.91338e-09
2.4351e-09
2.08827e-09
1.94981e-09
1.85063e-09
1.89005e-09
2.02307e-09
2.07762e-09
2.03599e-09
1.9467e-09
8.99508e-07
1.6463e-09
1.52097e-09
1.47212e-09
1.42951e-09
1.36519e-09
1.27449e-09
4.82864e-10
4.89285e-07
5.63681e-07
8.44738e-07
2.95506e-07
1.64398e-07
7.11645e-07
6.42529e-07
2.56154e-07
7.03408e-10
6.77489e-10
2.86607e-09
2.44901e-07
1.49177e-07
2.03887e-07
1.88973e-07
3.0902e-07
4.95202e-07
6.63902e-07
6.28429e-07
2.10127e-06
3.53895e-07
3.04468e-07
2.54794e-07
2.41231e-07
1.98374e-07
2.1483e-07
2.06545e-07
2.82606e-07
1.64324e-07
1.45172e-07
1.3861e-07
1.49938e-07
1.47371e-07
1.46302e-07
1.46412e-07
1.6813e-07
1.44077e-07
1.37027e-07
1.26176e-07
5.06313e-07
9.11645e-08
7.72091e-08
6.21128e-08
6.06722e-08
6.10618e-08
1.69301e-07
7.7001e-08
7.43855e-08
6.5082e-08
5.37137e-08
4.74353e-08
2.75783e-09
3.51375e-08
2.96501e-08
2.24392e-08
1.57386e-08
2.79721e-08
6.93839e-09
3.85948e-09
1.74977e-09
2.28486e-09
4.7499e-12
3.07596e-10
7.41603e-09
5.46228e-10
5.28591e-10
5.19133e-10
5.10115e-10
4.99898e-10
4.91275e-10
2.96406e-09
2.88927e-09
2.88563e-09
3.02628e-09
3.27831e-09
4.90818e-10
4.99963e-10
5.07449e-10
7.83389e-08
5.04598e-10
5.03137e-10
3.28958e-09
2.80127e-09
2.40312e-09
2.0688e-09
1.93898e-09
3.16752e-07
1.90333e-09
2.04112e-09
2.06704e-09
2.02649e-09
1.93527e-09
1.77376e-09
1.63731e-09
1.51798e-09
1.46724e-09
1.42616e-09
1.35454e-09
1.27199e-09
1.297e-07
8.00325e-07
8.6204e-07
3.0662e-07
1.40368e-07
5.48878e-08
6.19401e-07
9.9332e-09
1.45209e-09
1.06072e-09
1.50051e-07
2.68002e-07
7.4055e-08
5.45739e-07
1.5937e-07
2.2576e-07
4.08409e-07
5.96304e-07
6.66878e-07
5.52272e-07
3.75242e-07
1.0834e-06
2.91668e-07
3.46416e-07
2.51597e-07
2.47158e-07
2.3009e-07
2.03042e-07
1.84097e-07
1.62269e-07
3.74511e-07
1.40188e-07
1.36618e-07
1.33204e-07
1.27755e-07
6.06384e-07
1.38352e-07
1.34479e-07
1.14169e-07
1.04021e-07
8.94617e-08
8.47334e-08
7.3895e-08
6.02071e-08
5.7679e-08
5.63849e-08
6.09591e-08
5.57248e-08
6.38528e-08
5.43299e-08
4.40478e-08
3.56807e-08
1.2542e-08
2.52568e-08
2.09938e-08
1.58138e-08
1.10775e-08
7.40899e-09
4.7662e-09
5.17882e-09
2.98878e-09
4.06517e-09
4.99842e-09
1.88448e-10
3.95825e-11
5.38569e-10
5.19948e-10
5.09811e-10
5.04141e-10
1.55011e-07
2.07468e-07
2.84006e-09
2.76441e-09
2.77355e-09
2.21177e-07
3.1055e-09
3.38188e-09
4.96494e-10
5.04101e-10
9.11098e-08
5.01828e-10
4.9851e-10
3.12895e-09
2.7006e-09
2.42304e-07
2.04701e-09
1.92619e-09
1.86015e-09
1.92668e-09
2.05997e-09
2.06816e-09
2.01581e-09
1.92414e-09
1.76416e-09
1.62745e-09
1.51457e-09
1.46164e-09
1.422e-09
1.3452e-09
1.26921e-09
3.90195e-11
9.04289e-08
7.7722e-07
6.87762e-07
3.76808e-08
9.62026e-09
5.84071e-09
1.78567e-09
1.41266e-09
3.85396e-09
2.30142e-07
4.89396e-07
1.00736e-06
3.25641e-07
9.25286e-07
9.67297e-07
1.21972e-06
6.53552e-07
2.0124e-06
4.62529e-07
3.44094e-07
3.23705e-07
2.75884e-07
2.33887e-07
2.16373e-07
1.45812e-07
2.242e-07
2.11836e-07
2.2617e-07
1.67225e-07
1.5502e-07
1.50715e-07
1.45733e-07
1.42283e-07
1.33875e-07
1.23134e-07
5.05269e-07
1.16219e-07
1.0728e-07
4.66514e-07
8.56398e-08
7.34022e-08
6.44667e-08
5.86726e-08
5.43963e-08
5.11906e-08
5.03998e-08
4.73308e-08
5.23069e-08
4.30475e-08
3.71534e-08
2.7132e-08
2.116e-08
1.67728e-08
3.47662e-08
1.03022e-08
7.09095e-09
4.92444e-09
3.12154e-09
3.82661e-09
6.62041e-09
6.38088e-09
1.12293e-11
8.2787e-09
8.75969e-10
5.2816e-10
5.10595e-10
5.00705e-10
1.18013e-07
4.86441e-10
3.00569e-09
2.69814e-09
2.62397e-09
2.64403e-09
2.81611e-09
2.95987e-09
3.22857e-09
4.92655e-10
1.13e-07
5.00102e-10
1.35123e-07
1.67418e-07
2.97725e-09
2.60339e-09
2.48575e-07
2.02028e-09
1.91178e-09
1.86625e-09
1.95078e-09
2.07074e-09
2.07481e-09
2.00416e-09
1.90784e-09
1.74957e-09
1.61684e-09
1.51079e-09
1.45572e-09
1.41498e-09
1.33679e-09
1.26618e-09
3.31025e-12
1.33618e-08
5.80546e-08
5.75639e-07
5.60176e-09
1.41584e-09
2.37155e-07
1.30559e-09
1.39432e-07
2.95901e-07
5.23496e-08
8.16433e-07
5.89965e-07
1.61383e-06
5.27685e-07
5.54358e-07
6.39185e-07
6.22453e-07
2.18712e-06
1.86822e-06
1.20093e-06
3.08561e-07
2.5971e-07
2.22351e-07
2.23777e-07
1.73861e-07
2.18981e-07
2.07355e-07
1.86594e-07
1.72341e-07
1.67723e-07
1.62044e-07
1.81374e-07
2.67466e-07
3.56444e-07
1.40687e-07
1.29974e-07
1.19169e-07
1.1104e-07
9.82241e-08
8.34734e-08
7.26326e-08
6.38873e-08
5.67854e-08
5.33955e-08
4.74341e-08
4.27323e-08
3.84706e-08
4.06468e-08
3.22823e-08
2.73888e-08
2.29916e-08
1.48396e-08
1.17708e-08
8.99985e-09
6.83133e-09
7.21117e-08
7.34567e-08
4.25928e-09
2.75369e-09
1.63543e-09
8.34961e-12
1.13856e-10
4.29621e-11
2.52586e-08
5.2554e-08
5.01315e-10
4.91051e-10
1.84847e-07
3.09279e-09
2.78744e-09
2.54894e-09
2.48496e-09
2.51308e-09
2.66311e-09
2.84535e-09
2.30948e-07
1.98712e-07
4.95421e-10
4.9448e-10
4.92974e-10
3.41262e-09
2.85371e-09
2.50788e-09
2.23773e-09
2.05823e-09
1.89569e-09
1.86859e-09
1.9754e-09
2.08248e-09
2.08227e-09
1.98632e-09
1.89226e-09
1.73571e-09
1.60554e-09
1.50665e-09
1.44983e-09
1.40718e-09
1.32895e-09
1.26292e-09
2.22332e-13
1.69368e-07
3.28805e-07
2.17074e-07
1.11563e-09
7.60097e-10
1.56018e-09
1.58509e-07
2.11979e-07
3.70243e-07
7.40053e-07
1.16026e-06
2.06551e-06
1.65919e-06
5.87347e-07
6.25056e-07
1.834e-06
5.5914e-07
4.21807e-07
3.55176e-07
3.181e-07
2.9513e-07
2.46013e-07
2.11152e-07
2.07464e-07
2.28183e-07
2.11241e-07
2.01127e-07
1.9323e-07
1.75982e-07
1.71539e-07
1.7707e-07
1.79406e-07
1.73563e-07
1.68631e-07
2.58304e-07
1.54028e-07
2.95457e-07
1.21469e-07
3.58986e-07
8.65649e-08
7.47764e-08
6.52399e-08
5.67396e-08
5.04047e-08
4.2787e-08
3.46074e-08
3.00846e-08
9.42766e-08
2.29887e-08
1.91097e-08
1.59217e-08
1.3151e-08
7.66547e-09
8.84423e-08
4.31221e-09
6.04672e-08
4.35899e-09
3.0109e-09
1.91713e-09
1.71703e-11
9.39663e-09
1.39389e-10
8.82183e-10
5.24972e-10
5.02886e-10
4.91905e-10
4.81394e-10
3.18967e-09
2.52919e-07
2.57341e-09
2.40907e-09
2.36272e-09
2.40535e-09
2.51491e-09
2.70495e-09
2.92135e-09
3.26994e-09
4.90544e-10
1.95313e-07
3.41256e-09
3.17204e-09
2.73037e-09
2.43306e-09
2.15536e-09
2.02153e-09
1.87702e-09
1.87108e-09
1.98815e-09
5.27087e-07
2.08816e-09
1.96834e-09
1.87234e-09
1.72241e-09
1.59153e-09
1.50019e-09
1.44341e-09
1.39876e-09
1.31593e-09
1.25829e-09
2.41852e-08
1.43136e-07
2.35339e-07
2.47303e-07
3.1218e-09
1.69416e-07
1.3723e-08
3.06729e-07
4.49322e-07
5.81421e-07
9.3929e-07
4.84618e-07
5.05765e-07
1.05431e-06
5.13858e-07
6.11753e-07
6.33094e-07
5.1513e-07
3.75192e-07
1.23024e-06
3.0858e-07
2.5286e-07
3.40572e-07
2.00109e-07
1.98175e-07
1.90029e-07
1.41892e-07
1.93251e-07
1.95885e-07
1.67135e-07
1.86796e-07
1.81319e-07
1.74293e-07
1.68258e-07
1.6159e-07
1.82374e-07
1.58503e-07
1.65056e-07
2.69792e-07
1.13184e-07
9.09452e-08
7.66721e-08
6.5751e-08
5.67814e-08
4.84209e-08
3.73095e-08
2.84469e-08
2.24818e-08
1.9979e-08
1.58709e-08
1.20504e-07
1.22063e-07
1.22183e-07
7.80326e-09
6.23614e-09
5.18e-09
4.02695e-09
3.043e-09
2.06372e-09
6.97562e-12
2.08851e-12
1.28133e-08
4.18515e-11
5.33214e-10
5.09011e-10
4.89649e-10
2.20703e-07
2.60338e-07
2.82374e-09
2.60376e-09
2.41445e-09
2.27041e-09
2.24216e-09
2.29606e-09
2.40254e-09
2.55934e-09
2.79033e-09
3.03813e-09
3.40826e-09
3.30525e-09
3.19337e-09
2.97309e-09
2.60673e-09
2.35672e-09
2.09904e-09
1.98169e-09
1.85699e-09
1.87241e-09
1.9999e-09
2.1167e-09
2.08432e-09
7.65329e-07
1.84514e-09
1.71038e-09
1.57323e-09
1.49101e-09
1.43658e-09
1.38977e-09
1.30971e-09
1.25264e-09
2.54736e-08
4.23258e-11
4.7011e-10
6.70966e-09
3.5524e-08
3.69501e-07
1.23824e-07
6.38183e-07
3.15297e-07
4.19355e-07
4.71431e-07
5.52796e-07
5.10669e-07
5.01405e-07
5.08226e-07
6.02168e-07
6.11899e-07
4.79e-07
3.55958e-07
3.23332e-07
2.96414e-07
2.41762e-07
3.34047e-07
1.88283e-07
1.88113e-07
2.2633e-07
1.95737e-07
1.85761e-07
1.14785e-07
1.95291e-07
1.29701e-07
2.0436e-07
2.15203e-07
2.06829e-07
1.81718e-07
1.73363e-07
1.81094e-07
1.72519e-07
1.35247e-07
1.14648e-07
2.24621e-07
2.46788e-07
6.70095e-08
5.64478e-08
1.66369e-07
2.95299e-08
2.10521e-08
1.91628e-07
9.86092e-09
1.08049e-08
1.54265e-07
6.99805e-09
5.88062e-09
5.16692e-09
6.65867e-08
2.66038e-08
2.80313e-09
5.83765e-09
3.54435e-12
5.12963e-12
6.43304e-11
2.50342e-08
4.15219e-08
5.17116e-10
1.25355e-07
4.76549e-10
2.658e-07
2.65132e-09
2.54101e-09
2.40035e-09
2.24186e-09
2.14229e-09
2.13086e-09
2.18523e-09
2.29287e-09
2.43878e-09
2.63564e-09
2.87932e-09
2.30125e-07
3.06862e-09
2.98405e-09
2.32759e-07
2.49115e-09
2.27987e-09
2.04411e-09
1.95173e-09
1.83811e-09
1.87012e-09
2.01346e-09
2.10947e-09
6.57294e-07
1.95723e-09
1.81788e-09
1.69753e-09
1.55411e-09
1.48136e-09
1.42847e-09
1.37706e-09
1.3036e-09
1.24714e-09
5.69731e-11
1.14625e-07
6.41596e-09
4.71276e-07
9.88819e-07
4.22689e-07
4.79345e-07
1.20753e-06
1.54475e-06
1.9925e-06
5.97632e-07
2.08972e-06
5.20176e-07
8.71235e-07
2.21113e-06
5.8944e-07
5.64156e-07
2.07054e-06
1.21058e-06
1.10673e-06
2.51287e-07
3.24376e-07
2.00642e-07
1.82673e-07
1.76153e-07
1.68992e-07
1.65166e-07
1.65207e-07
1.67407e-07
1.72492e-07
1.68445e-07
1.93955e-07
2.03398e-07
1.13049e-07
1.85485e-07
1.76795e-07
1.69177e-07
1.61078e-07
1.52931e-07
1.08181e-07
9.69168e-08
7.78466e-08
6.36207e-08
5.15088e-08
1.45377e-07
2.22116e-08
1.37348e-08
8.18868e-09
5.28705e-09
3.59051e-09
2.16905e-09
1.48465e-09
2.27918e-09
2.03156e-08
2.43708e-08
2.40624e-09
1.92482e-09
1.12322e-08
5.79943e-12
6.26967e-11
3.04328e-11
3.62621e-11
6.19193e-08
5.00022e-10
4.78965e-10
2.66938e-09
2.56905e-09
2.37501e-09
2.32016e-09
2.20321e-09
2.10592e-09
2.04789e-09
2.04668e-09
2.09475e-09
2.18494e-09
2.32761e-09
2.48978e-09
2.72367e-09
2.97173e-09
2.89853e-09
2.84917e-09
2.70095e-09
2.39807e-09
2.71098e-07
2.0589e-09
2.85255e-07
3.4268e-07
1.8679e-09
2.01591e-09
2.10231e-09
2.07754e-09
1.95182e-09
1.7903e-09
1.67837e-09
1.53484e-09
1.4713e-09
1.41668e-09
1.3646e-09
1.29744e-09
1.2422e-09
3.22584e-07
8.57783e-08
1.32249e-07
1.43021e-06
1.1533e-06
5.46156e-07
1.81263e-06
6.04341e-07
2.05927e-06
5.6427e-07
2.04899e-06
2.12335e-06
5.29332e-07
1.03464e-06
1.71556e-06
5.68252e-07
5.05689e-07
1.49184e-06
3.36059e-07
9.89696e-07
2.33611e-07
1.9818e-07
3.31896e-07
1.60095e-07
1.61801e-07
1.49135e-07
2.13025e-07
1.45758e-07
1.39669e-07
1.50135e-07
1.55646e-07
1.50397e-07
1.45884e-07
1.64926e-07
1.25373e-07
1.62159e-07
1.55687e-07
8.20524e-08
1.22525e-07
1.00034e-07
8.8805e-08
7.42023e-08
5.81126e-08
4.23307e-08
2.70435e-08
1.46713e-08
7.84007e-09
4.10998e-09
1.86088e-09
3.43321e-08
1.6312e-10
2.92925e-10
1.42065e-10
7.05735e-11
1.25718e-11
9.48821e-09
6.76852e-12
1.67299e-10
6.76583e-11
3.0397e-08
8.61288e-10
5.218e-10
5.02813e-10
4.83457e-10
2.72708e-09
2.40998e-09
2.2819e-09
2.16145e-09
3.20962e-07
2.06503e-09
2.06537e-09
2.02023e-09
2.02997e-09
2.01626e-09
2.09675e-09
2.21785e-09
2.37384e-09
2.55054e-09
2.55018e-07
2.75484e-09
2.71113e-09
2.54777e-09
2.30617e-09
2.12145e-09
1.9953e-09
1.90371e-09
1.8512e-09
1.90323e-09
2.00786e-09
2.08907e-09
7.07272e-07
1.93889e-09
1.77314e-09
1.65941e-09
1.52823e-09
1.46183e-09
1.4044e-09
1.35228e-09
1.29128e-09
1.23698e-09
7.50246e-07
1.96609e-06
8.55319e-07
2.41384e-06
7.31278e-07
2.20526e-06
4.61947e-07
1.51546e-06
1.6322e-06
4.70849e-07
4.80902e-07
1.44472e-06
5.04952e-07
5.16273e-07
5.2703e-07
2.07801e-06
4.49063e-07
3.6161e-07
3.02844e-07
2.66181e-07
3.29172e-07
2.60255e-07
1.52133e-07
3.25677e-07
2.85697e-07
2.59677e-07
2.70638e-07
1.18017e-07
1.12999e-07
1.17353e-07
1.99263e-07
1.78057e-07
1.18911e-07
1.13423e-07
1.16024e-07
1.04947e-07
1.00703e-07
1.34943e-07
1.16653e-07
1.36647e-07
7.73758e-08
6.20146e-08
1.20654e-07
3.02307e-08
2.14481e-07
8.03735e-09
1.94318e-07
1.22747e-09
2.9099e-10
2.40073e-08
1.22159e-11
6.02478e-11
8.95445e-11
1.17295e-10
1.2648e-10
1.40309e-10
9.36625e-11
2.68871e-08
3.28717e-08
8.1501e-10
8.5352e-08
1.26968e-07
4.79428e-10
2.77091e-09
2.38617e-09
2.15114e-09
2.03372e-09
1.97596e-09
2.03082e-09
1.98266e-09
1.94125e-09
1.9286e-09
1.93513e-09
1.98469e-09
2.67192e-07
2.10135e-09
2.24321e-09
2.8932e-07
2.59834e-09
2.68804e-07
2.53022e-09
2.41399e-09
2.19744e-09
2.04249e-09
1.93489e-09
3.24328e-07
1.85717e-09
1.95064e-09
2.02751e-09
6.3574e-07
2.02214e-09
1.91713e-09
1.75692e-09
1.63692e-09
1.52022e-09
1.45064e-09
1.3892e-09
1.3354e-09
1.28397e-09
1.23075e-09
3.21611e-08
1.20542e-06
1.30248e-06
6.66336e-07
4.98607e-07
4.49956e-07
3.24976e-07
3.16662e-07
3.44434e-07
3.60321e-07
9.56567e-07
9.88639e-07
9.12246e-07
4.91167e-07
1.30793e-06
4.54764e-07
3.78649e-07
1.04482e-06
1.01403e-06
2.28732e-07
1.73986e-07
1.52431e-07
1.24478e-07
1.16283e-07
2.90482e-07
2.88492e-07
2.92451e-07
9.42299e-08
3.00816e-07
8.49529e-08
8.06874e-08
8.05813e-08
7.83585e-08
7.81214e-08
8.1964e-08
8.58594e-08
8.42266e-08
8.29144e-08
1.3895e-07
7.46172e-08
1.24026e-07
9.81091e-08
1.27648e-07
1.79251e-08
7.74223e-09
3.01861e-09
3.68483e-10
2.64035e-13
2.44277e-10
5.5189e-10
5.13621e-11
1.28646e-08
1.37748e-08
1.41621e-08
3.58023e-11
3.03219e-11
3.00034e-08
5.30077e-08
5.20396e-10
1.14443e-07
1.68133e-07
2.81657e-07
2.50274e-09
2.3502e-09
2.11045e-09
1.9336e-09
1.90019e-09
1.88722e-09
1.89042e-09
1.89087e-09
1.87528e-09
1.86765e-09
1.87909e-09
1.90849e-09
1.95797e-09
1.996e-09
2.09814e-09
2.20832e-09
2.36696e-09
2.37156e-09
2.36986e-09
2.26878e-09
2.09579e-09
2.01811e-09
1.89367e-09
1.82377e-09
1.85975e-09
1.981e-09
2.06628e-09
2.06949e-09
1.96398e-09
1.88557e-09
1.73579e-09
1.61061e-09
1.50595e-09
1.43537e-09
1.37122e-09
1.32357e-09
1.27274e-09
1.22314e-09
6.34241e-08
8.69304e-08
8.48615e-07
8.14163e-07
5.19978e-07
2.8247e-07
1.45186e-07
1.56551e-07
2.0966e-07
2.53656e-07
9.18046e-07
3.56192e-07
4.04412e-07
8.32288e-07
1.05618e-06
1.02214e-06
3.25611e-07
2.70014e-07
8.53149e-07
1.7057e-07
5.30344e-07
1.22853e-07
1.1057e-07
9.11022e-08
3.26649e-07
7.95187e-08
7.24125e-08
6.82243e-08
3.39109e-07
5.48201e-08
3.14852e-07
3.18016e-07
5.01007e-08
5.05734e-08
2.94882e-07
5.23945e-08
5.51584e-08
5.8993e-08
5.83627e-08
1.61286e-07
4.39758e-08
3.05896e-08
1.73461e-08
2.67107e-07
2.73745e-09
2.49543e-10
5.50305e-11
4.10904e-10
4.82193e-10
5.21084e-10
5.30018e-10
2.6417e-08
5.35807e-10
3.78302e-08
5.30144e-10
5.65203e-08
6.47766e-08
1.03372e-07
4.88127e-10
4.7363e-10
4.59775e-10
2.26583e-09
2.13329e-09
2.0562e-09
3.86641e-07
1.84918e-09
1.81253e-09
1.80354e-09
3.94121e-07
3.75907e-07
1.82677e-09
1.82922e-09
1.82182e-09
1.85274e-09
1.89376e-09
1.9498e-09
1.98408e-09
2.0627e-09
2.16579e-09
2.19542e-09
2.19686e-09
2.13269e-09
2.77365e-07
1.93019e-09
1.84897e-09
1.84327e-09
1.86787e-09
1.99647e-09
2.0918e-09
7.1129e-07
1.94534e-09
1.83339e-09
1.71685e-09
1.57129e-09
1.48728e-09
1.41393e-09
1.35249e-09
1.31395e-09
1.26143e-09
1.21427e-09
7.35023e-08
7.66466e-08
2.82234e-07
4.72184e-07
2.72012e-07
8.63128e-08
3.38327e-08
1.06146e-08
4.18911e-08
1.09505e-07
1.90201e-07
2.68776e-07
3.41615e-07
3.90587e-07
8.29762e-07
3.38346e-07
2.8255e-07
1.01378e-06
2.00811e-07
1.45662e-07
1.15396e-07
5.08751e-07
4.85496e-07
3.36898e-07
3.24873e-07
5.62524e-08
4.82516e-08
4.57415e-08
3.76725e-08
3.32971e-08
3.44675e-07
2.63939e-08
2.66339e-08
3.3161e-07
3.00987e-08
3.42133e-08
2.94157e-07
3.94257e-08
3.77914e-08
3.41121e-08
2.57407e-08
2.44589e-07
8.13819e-09
3.08392e-09
1.94373e-07
5.94837e-08
8.29402e-08
4.95393e-10
4.91849e-10
4.93375e-10
5.00327e-10
7.94739e-08
8.33198e-08
5.05109e-10
4.99916e-10
4.95916e-10
4.89908e-10
4.74914e-10
4.61198e-10
2.21802e-09
2.06968e-09
4.40042e-07
1.89577e-09
4.2454e-07
1.82408e-09
1.80274e-09
1.82445e-09
1.83632e-09
1.84373e-09
1.84776e-09
4.08718e-07
1.84962e-09
1.84371e-09
1.8296e-09
1.83745e-09
1.89164e-09
1.93291e-09
2.01011e-09
2.02426e-09
3.02285e-07
2.06549e-09
2.03034e-09
1.97008e-09
1.88429e-09
1.82362e-09
1.85178e-09
1.93614e-09
2.01067e-09
2.08212e-09
2.02891e-09
1.92036e-09
1.78055e-09
1.68092e-09
1.54278e-09
1.46975e-09
1.39197e-09
1.33443e-09
1.30413e-09
1.25101e-09
1.20295e-09
7.47907e-08
7.67464e-08
2.15139e-07
3.19421e-07
2.8808e-07
2.88e-07
2.40179e-07
1.149e-07
2.68887e-08
3.43643e-09
6.42595e-08
7.48534e-07
2.65971e-07
8.82035e-07
3.28989e-07
2.94026e-07
2.49996e-07
1.83655e-07
1.48335e-07
1.17835e-07
8.84831e-08
8.48347e-07
5.93878e-08
5.20179e-08
3.89972e-08
3.39251e-08
2.73845e-08
3.9498e-07
2.31757e-08
3.47945e-07
1.64358e-08
1.55105e-08
2.96965e-07
1.38331e-08
3.17765e-07
1.97577e-08
2.20696e-08
2.41183e-08
2.49552e-08
2.04589e-08
1.29289e-08
6.84985e-09
2.73773e-09
2.29864e-07
6.46621e-11
4.43903e-10
2.86592e-09
2.57681e-09
2.61788e-09
2.7045e-09
2.48717e-07
2.45958e-07
2.39985e-07
4.75227e-10
2.71981e-07
4.66157e-10
2.54174e-09
3.59108e-07
2.08556e-09
1.949e-09
1.84284e-09
1.80988e-09
1.78879e-09
1.77917e-09
1.80485e-09
1.82199e-09
1.88559e-09
1.90588e-09
1.90229e-09
1.88413e-09
1.86751e-09
1.85039e-09
1.8467e-09
1.84523e-09
1.83261e-09
1.8375e-09
3.37611e-07
1.9085e-09
1.95826e-09
2.0044e-09
2.01415e-09
1.98591e-09
3.27679e-07
1.8308e-09
1.84002e-09
1.84989e-09
1.97647e-09
2.0558e-09
2.04528e-09
1.97682e-09
1.88364e-09
1.75863e-09
1.64429e-09
1.52831e-09
1.45309e-09
1.36985e-09
1.32338e-09
1.29204e-09
1.24056e-09
1.19179e-09
7.49375e-08
7.65781e-08
1.35346e-07
2.65351e-07
3.31873e-07
3.47565e-07
3.80869e-07
3.42668e-07
1.4687e-07
2.32343e-08
2.00805e-10
5.6533e-08
1.43018e-07
2.16366e-07
2.34808e-07
2.13932e-07
1.82165e-07
5.58195e-07
1.14967e-07
8.70434e-08
6.30922e-08
4.69929e-08
3.70668e-08
2.95524e-08
2.33779e-08
4.81441e-07
1.54158e-08
1.25069e-08
9.64392e-09
7.82598e-09
5.99727e-09
5.18914e-09
5.86785e-09
7.36555e-09
9.78989e-09
9.60037e-09
1.22134e-08
3.20136e-07
1.31581e-08
1.02042e-08
5.28248e-09
1.99148e-09
2.30794e-07
1.72368e-11
4.11773e-10
2.50109e-09
2.77968e-07
2.10648e-09
2.1213e-09
2.20614e-09
2.38119e-09
2.43252e-09
2.41462e-09
2.40268e-09
2.28769e-09
2.15471e-09
2.06701e-09
1.95721e-09
1.85678e-09
1.7882e-09
1.72953e-09
1.71581e-09
1.76028e-09
1.7918e-09
5.85401e-07
1.91418e-09
1.91999e-09
1.94039e-09
1.96022e-09
1.96718e-09
1.95444e-09
1.9408e-09
1.9135e-09
1.85088e-09
1.84372e-09
1.82864e-09
1.82077e-09
1.85128e-09
1.88318e-09
1.90208e-09
1.91501e-09
1.90936e-09
1.84806e-09
1.82904e-09
1.84495e-09
1.93001e-09
1.98283e-09
6.414e-07
2.05291e-09
1.93828e-09
1.82697e-09
1.72698e-09
1.59711e-09
1.50128e-09
1.42265e-09
1.34609e-09
1.31196e-09
1.27738e-09
1.22786e-09
1.18038e-09
7.46677e-08
7.34439e-08
8.72796e-08
1.49259e-07
1.89779e-07
1.81346e-07
2.35742e-07
3.62225e-07
3.23854e-07
1.05246e-07
8.68754e-09
1.31241e-09
5.24911e-08
8.17277e-07
1.64783e-07
3.37934e-07
3.39138e-07
1.08136e-07
6.40645e-07
5.4774e-08
9.34799e-07
3.02318e-08
2.12111e-08
1.31059e-08
8.99195e-07
8.80025e-07
4.94365e-09
4.33637e-07
2.74871e-09
1.91001e-09
1.26611e-09
9.00907e-10
1.71586e-07
1.58471e-09
2.84656e-09
4.47876e-09
2.0942e-07
5.72851e-09
5.36458e-09
2.28256e-07
1.29236e-09
2.04234e-07
4.01335e-11
1.71142e-09
2.18661e-09
2.01297e-09
1.92704e-09
1.8712e-09
1.88308e-09
1.94415e-09
3.75062e-07
1.96487e-09
1.96597e-09
4.18138e-07
4.31132e-07
1.8644e-09
1.83426e-09
1.76455e-09
4.96274e-07
1.69237e-09
1.6974e-09
1.73008e-09
1.81418e-09
1.87331e-09
1.9119e-09
1.95466e-09
1.96741e-09
1.99697e-09
2.00972e-09
1.99491e-09
5.64881e-07
1.95178e-09
1.95105e-09
1.92545e-09
1.8659e-09
1.84179e-09
1.83169e-09
1.81469e-09
1.82298e-09
1.84016e-09
3.70182e-07
3.72183e-07
1.81929e-09
1.84252e-09
1.87648e-09
1.97155e-09
2.03348e-09
2.04462e-09
2.03239e-09
1.91207e-09
1.77547e-09
1.68769e-09
1.55442e-09
1.4772e-09
1.39362e-09
1.33345e-09
1.29772e-09
1.2626e-09
1.21267e-09
1.17589e-09
7.41426e-08
7.01217e-08
6.71204e-08
7.89443e-08
8.38367e-08
7.73675e-08
1.15808e-07
2.44778e-07
3.63455e-07
2.38315e-07
4.96291e-08
2.49061e-09
6.09143e-09
5.2919e-08
8.90095e-08
9.49011e-08
7.68941e-08
6.17377e-08
4.03521e-08
3.15389e-08
2.14303e-08
1.29371e-08
6.62365e-07
5.49865e-09
3.32243e-09
3.38757e-07
1.05226e-09
4.43231e-08
3.25614e-10
3.14056e-10
6.33459e-10
1.0765e-09
1.12028e-09
9.64903e-10
6.50016e-10
5.46057e-10
8.06021e-10
1.3629e-09
1.09763e-09
5.81995e-10
4.26604e-11
8.20474e-10
1.69889e-09
2.03215e-09
1.85695e-09
3.59004e-07
1.76916e-09
1.77665e-09
1.7924e-09
1.7855e-09
4.38808e-07
1.79612e-09
1.7923e-09
1.80087e-09
1.77191e-09
1.72377e-09
1.68906e-09
1.68613e-09
1.69087e-09
6.24125e-07
1.73301e-09
1.76421e-09
1.83736e-09
1.89309e-09
1.89708e-09
1.89895e-09
1.91768e-09
1.94293e-09
1.97753e-09
2.00973e-09
2.01919e-09
2.00301e-09
1.96836e-09
1.93777e-09
1.93049e-09
1.86832e-09
1.83874e-09
1.83573e-09
1.82753e-09
1.81981e-09
1.8118e-09
4.13478e-07
1.83867e-09
1.84983e-09
1.94332e-09
1.97545e-09
2.06669e-09
2.04382e-09
1.97519e-09
1.87276e-09
1.74201e-09
1.64326e-09
1.53294e-09
1.45025e-09
1.36393e-09
1.32055e-09
1.28183e-09
1.24827e-09
1.1976e-09
1.16764e-09
7.32894e-08
6.53843e-08
5.84674e-08
5.26508e-08
4.51347e-08
3.762e-08
6.23912e-08
1.62103e-07
3.08385e-07
3.1842e-07
1.34746e-07
2.04082e-08
1.22787e-09
8.97671e-09
2.77766e-08
3.8982e-08
8.43288e-07
7.87513e-07
2.10989e-08
6.92909e-07
6.46407e-09
3.15562e-09
1.55215e-09
8.67268e-10
5.62247e-10
1.5833e-11
3.66224e-08
6.66248e-10
5.31209e-08
8.68413e-10
7.30744e-10
1.04483e-09
5.43556e-08
1.44178e-09
1.47917e-09
9.4521e-10
4.66227e-10
1.59266e-07
5.3893e-10
2.12285e-07
8.75431e-10
1.35663e-09
1.86334e-09
3.30994e-07
1.6895e-09
1.69537e-09
5.14841e-07
1.76998e-09
5.40365e-07
1.80036e-09
5.44834e-07
1.7507e-09
1.73741e-09
1.73634e-09
5.78959e-07
1.68055e-09
1.68085e-09
1.70066e-09
1.71106e-09
1.71344e-09
1.72534e-09
1.73788e-09
1.77443e-09
8.10606e-07
1.83147e-09
1.83105e-09
1.84486e-09
1.90045e-09
1.94624e-09
1.96676e-09
1.96081e-09
1.98842e-09
1.98483e-09
1.97489e-09
1.93315e-09
1.9351e-09
1.89839e-09
1.83874e-09
1.83823e-09
1.83904e-09
1.8361e-09
1.83819e-09
4.92211e-07
1.93355e-09
1.96636e-09
2.03796e-09
2.03902e-09
2.03698e-09
1.93601e-09
1.80438e-09
1.70784e-09
1.58569e-09
1.50091e-09
1.41674e-09
1.34545e-09
1.30423e-09
1.26712e-09
1.22925e-09
1.18931e-09
1.15842e-09
7.18343e-08
5.94623e-08
4.66433e-08
3.61162e-08
2.42781e-08
1.86672e-08
4.32951e-08
1.32539e-07
2.6526e-07
3.27224e-07
2.17265e-07
6.59075e-08
9.66848e-09
3.05788e-10
4.75062e-09
5.58873e-07
1.34629e-08
9.07189e-09
5.79533e-07
1.88647e-09
5.97944e-10
2.55995e-10
1.19796e-10
9.50141e-08
2.26992e-11
1.03289e-10
2.83731e-10
9.31043e-10
6.53868e-08
6.6514e-10
4.1722e-10
4.75003e-10
6.64853e-10
9.78373e-10
1.64513e-09
6.43252e-08
1.80815e-09
1.45106e-09
1.39259e-09
2.14679e-07
1.24425e-09
3.06206e-07
1.58346e-09
4.75715e-07
5.57536e-07
1.57445e-09
1.61384e-09
1.66553e-09
1.74617e-09
6.44445e-07
1.77146e-09
1.73832e-09
1.72321e-09
1.73148e-09
1.71177e-09
1.67963e-09
1.67402e-09
1.68072e-09
1.66786e-09
1.63969e-09
1.63091e-09
1.64385e-09
1.65882e-09
1.69534e-09
1.70359e-09
1.71546e-09
1.74471e-09
1.79523e-09
1.86152e-09
1.91465e-09
1.94572e-09
1.94494e-09
1.93555e-09
1.97437e-09
1.98472e-09
1.93847e-09
1.9499e-09
1.92569e-09
1.88994e-09
1.86338e-09
1.84039e-09
1.84834e-09
1.93244e-09
1.96368e-09
2.00669e-09
2.04385e-09
2.03717e-09
1.97831e-09
1.90112e-09
1.76057e-09
1.66054e-09
1.55432e-09
1.47395e-09
1.38447e-09
1.3303e-09
1.28686e-09
1.25089e-09
1.21094e-09
1.18026e-09
1.14894e-09
6.85199e-08
5.08963e-08
3.14312e-08
1.93161e-08
1.07922e-08
1.07845e-08
4.27593e-08
1.40181e-07
2.55662e-07
3.18171e-07
2.59822e-07
1.20862e-07
3.14244e-08
6.67236e-09
4.75556e-10
1.55554e-10
4.27056e-10
1.40441e-10
6.18843e-11
1.2255e-10
5.48867e-10
5.21245e-10
3.12545e-10
1.9242e-10
3.8282e-11
1.7351e-11
6.60913e-11
7.48681e-10
8.09265e-08
4.07252e-10
8.13772e-08
7.97142e-11
2.16769e-10
5.77565e-10
1.16711e-09
5.89811e-08
1.94311e-09
1.45545e-07
1.59933e-09
1.24579e-09
1.13648e-09
1.21538e-09
1.37885e-09
1.36154e-09
1.29971e-09
1.26221e-09
1.30065e-09
7.92847e-07
1.50886e-09
1.60674e-09
1.5736e-09
1.56775e-09
1.59154e-09
1.62028e-09
1.60621e-09
1.57757e-09
1.56087e-09
1.55662e-09
8.76767e-07
1.49407e-09
1.48431e-09
9.41073e-07
1.52136e-09
1.55413e-09
1.56391e-09
1.58478e-09
1.62996e-09
1.70746e-09
1.77556e-09
1.82031e-09
1.86933e-09
1.89237e-09
1.91775e-09
1.9359e-09
1.97532e-09
1.99776e-09
1.96809e-09
1.94633e-09
1.95204e-09
1.94251e-09
1.93776e-09
1.94638e-09
1.96575e-09
2.00235e-09
2.0402e-09
2.0142e-09
2.02392e-09
1.93264e-09
1.83929e-09
1.72441e-09
1.60516e-09
1.52067e-09
1.43498e-09
1.35801e-09
1.31132e-09
1.27062e-09
1.23091e-09
1.2007e-09
1.16962e-09
1.14063e-09
6.21741e-08
3.54655e-08
1.50054e-08
7.3263e-09
4.69032e-09
1.05046e-08
5.24925e-08
1.68667e-07
2.73897e-07
3.14418e-07
2.74174e-07
1.62597e-07
6.25424e-08
2.02763e-08
7.08331e-09
4.0413e-09
3.07506e-09
2.55476e-09
2.09399e-09
2.1584e-09
1.83228e-09
1.21553e-09
7.05301e-10
3.53604e-10
2.09309e-10
6.66412e-11
1.40121e-07
1.47456e-10
1.3438e-07
1.24904e-07
5.46942e-12
6.68391e-12
9.89742e-12
2.64937e-10
7.5344e-10
1.191e-09
1.6031e-09
1.79786e-07
1.31571e-09
9.72709e-10
9.08566e-10
9.917e-10
1.02632e-09
9.60417e-10
8.69562e-07
8.73418e-10
9.29453e-10
1.08419e-09
1.18074e-09
1.2873e-09
1.26755e-09
1.29457e-09
1.34859e-09
1.40442e-09
1.40269e-09
1.3805e-09
1.36958e-09
1.36243e-09
1.34185e-09
1.31707e-09
1.32369e-09
1.354e-09
1.35308e-09
1.39513e-09
1.42275e-09
1.45912e-09
1.51191e-09
1.5893e-09
1.66875e-09
1.74058e-09
1.80156e-09
1.80829e-09
1.85038e-09
1.9128e-09
1.94136e-09
1.97361e-09
2.00094e-09
1.99328e-09
1.97457e-09
1.9507e-09
1.96007e-09
1.96225e-09
2.01072e-09
2.03458e-09
1.99973e-09
2.01696e-09
1.96013e-09
1.89298e-09
1.77533e-09
1.67439e-09
1.5634e-09
1.48936e-09
1.39801e-09
1.34039e-09
1.29192e-09
1.2507e-09
1.21243e-09
1.19013e-09
1.15871e-09
1.13155e-09
5.35044e-08
1.66599e-08
5.14483e-09
3.6632e-09
5.12453e-09
1.45239e-08
6.39687e-08
2.01011e-07
3.08777e-07
3.21669e-07
2.7898e-07
1.8765e-07
9.38278e-08
4.13868e-08
1.96562e-08
1.26647e-08
9.57329e-09
7.61519e-09
6.14448e-09
5.16623e-09
3.69025e-09
2.04467e-09
1.23845e-09
6.51919e-10
3.18546e-10
1.83744e-10
3.7178e-11
2.95789e-07
5.16611e-11
5.79866e-11
4.51479e-11
6.58128e-11
9.12699e-12
6.06738e-11
4.27399e-10
8.38811e-10
1.22308e-09
1.30594e-09
8.9607e-10
7.31751e-10
7.01527e-10
6.53995e-10
5.94487e-10
5.31862e-10
5.03963e-10
5.09489e-10
5.80485e-10
7.27364e-10
8.3597e-10
9.51504e-10
9.40022e-10
9.94798e-10
1.07233e-09
1.14105e-09
1.15635e-09
1.1448e-09
1.15035e-09
1.14535e-09
1.12917e-09
1.12554e-09
1.15352e-09
1.18695e-09
1.19601e-09
1.23801e-09
1.27889e-09
1.32902e-09
1.40149e-09
1.48414e-09
1.56336e-09
1.63248e-09
9.54051e-07
1.74326e-09
1.78324e-09
1.83539e-09
1.90916e-09
1.9468e-09
1.95571e-09
2.00121e-09
2.01679e-09
2.02524e-09
2.02393e-09
2.04148e-09
2.03383e-09
1.99577e-09
2.01018e-09
1.97076e-09
1.92388e-09
1.82437e-09
1.73148e-09
1.6158e-09
1.52868e-09
1.44758e-09
1.36798e-09
1.31798e-09
1.27354e-09
1.22913e-09
1.20442e-09
1.17822e-09
1.1491e-09
1.12227e-09
1.1077e-08
5.36367e-09
5.13793e-09
7.32748e-09
1.01196e-08
1.98199e-08
6.61638e-08
2.15687e-07
3.49298e-07
3.42237e-07
2.8468e-07
2.04064e-07
1.20796e-07
6.6052e-08
3.86158e-08
2.71961e-08
2.09472e-08
1.64384e-08
1.28173e-08
9.70842e-09
6.30519e-09
2.80726e-09
2.51118e-07
1.08691e-09
4.50926e-07
4.24691e-10
2.29737e-10
1.73395e-10
4.52066e-07
1.72687e-10
1.44328e-10
3.41468e-11
5.44954e-11
4.31131e-13
1.6011e-10
4.94826e-10
8.59839e-10
7.85113e-10
5.55319e-10
4.32227e-10
8.79691e-07
2.75188e-10
2.26735e-10
1.89242e-10
1.84333e-10
2.15282e-10
2.8895e-10
4.17388e-10
5.21544e-10
6.16747e-10
6.43707e-10
7.13133e-10
7.97345e-10
8.74241e-10
9.05594e-10
1.10697e-06
9.26216e-10
9.33227e-10
9.27572e-10
9.38276e-10
9.68641e-10
1.00585e-09
1.04044e-09
1.09179e-09
1.14574e-09
1.20576e-09
1.28291e-09
1.37085e-09
1.46459e-09
1.5409e-09
1.61094e-09
1.65172e-09
1.71856e-09
1.77908e-09
1.83006e-09
1.90788e-09
1.95322e-09
1.97319e-09
1.97389e-09
2.00626e-09
2.02709e-09
2.01607e-09
2.00508e-09
2.00346e-09
1.97404e-09
1.91706e-09
1.8743e-09
1.76297e-09
1.6759e-09
1.56917e-09
1.49539e-09
1.40602e-09
1.34807e-09
1.29642e-09
1.24948e-09
1.21592e-09
1.19224e-09
1.16699e-09
1.13872e-09
1.11298e-09
1.28452e-09
6.18245e-09
1.4882e-08
1.64312e-08
1.68334e-08
2.26681e-08
5.71687e-08
1.98166e-07
3.77243e-07
3.79634e-07
3.00784e-07
2.20726e-07
1.45563e-07
9.23797e-08
6.17346e-08
4.61987e-08
3.61386e-08
2.80723e-08
2.12637e-08
1.53134e-08
9.72031e-09
5.02741e-09
3.34875e-09
2.15064e-09
1.51941e-09
1.34587e-09
8.95486e-10
5.10687e-10
3.57291e-10
3.21309e-10
2.01045e-10
3.46842e-07
5.42346e-11
1.41719e-11
1.10861e-11
1.58739e-10
5.80702e-07
3.03236e-10
1.73136e-10
9.24012e-11
3.606e-11
3.85914e-11
1.2316e-06
8.96454e-12
1.18551e-11
3.17215e-11
8.15634e-11
1.75375e-10
2.66213e-10
3.49073e-10
3.94397e-10
4.69685e-10
5.52537e-10
6.27587e-10
6.69181e-10
6.96782e-10
7.15496e-10
7.32221e-10
7.41501e-10
7.7365e-10
8.05398e-10
8.51081e-10
8.94712e-10
9.52639e-10
1.01773e-09
1.09301e-09
1.17682e-09
1.26838e-09
1.35945e-09
1.44358e-09
1.51985e-09
1.572e-09
1.63109e-09
1.7097e-09
1.78079e-09
1.8349e-09
1.90074e-09
1.95513e-09
1.9742e-09
1.98863e-09
2.00136e-09
2.00372e-09
1.99787e-09
1.95441e-09
1.9141e-09
1.87928e-09
1.79027e-09
1.71568e-09
1.60597e-09
1.52819e-09
1.45071e-09
1.3743e-09
1.32259e-09
1.27376e-09
1.22622e-09
1.20406e-09
1.17964e-09
1.15553e-09
1.12811e-09
1.10146e-09
1.68785e-08
1.83887e-08
1.85595e-08
1.61929e-08
1.46754e-08
1.70642e-08
3.7327e-08
1.37696e-07
3.47826e-07
4.34868e-07
3.65184e-07
2.74722e-07
2.01005e-07
1.48486e-07
1.13264e-07
8.95012e-08
7.02212e-08
5.33489e-08
3.91856e-08
2.79154e-08
1.93458e-08
1.38632e-08
1.13271e-08
9.90298e-09
9.03788e-09
7.8405e-09
5.49959e-09
3.34776e-09
2.05278e-09
1.13909e-09
5.14866e-10
1.74321e-10
7.1871e-11
5.13169e-11
8.06381e-07
1.75861e-11
2.14628e-12
4.4379e-12
1.71398e-11
1.71785e-11
2.15007e-11
1.62401e-11
1.91707e-11
1.80444e-11
1.22756e-11
8.22836e-12
6.19027e-12
5.81428e-14
1.2584e-11
5.5199e-11
9.73765e-11
1.62214e-10
2.34846e-10
3.02185e-10
3.52328e-10
3.9048e-10
4.207e-10
4.47773e-10
4.76568e-10
5.12011e-10
5.61832e-10
6.2484e-10
6.81605e-10
7.48403e-10
8.26839e-10
9.12851e-10
1.00539e-09
1.10769e-09
1.20271e-09
1.29256e-09
1.36852e-09
1.44049e-09
1.51135e-09
1.58417e-09
1.65893e-09
1.7404e-09
1.80562e-09
1.84844e-09
1.87492e-09
1.89549e-09
1.91487e-09
1.90556e-09
1.89283e-09
1.87152e-09
1.83695e-09
1.76887e-09
1.70874e-09
1.60195e-09
1.5316e-09
1.45764e-09
1.38505e-09
1.33166e-09
1.28375e-09
1.23292e-09
1.2074e-09
1.18273e-09
1.16048e-09
1.13657e-09
1.10943e-09
1.09049e-09
4.13002e-09
6.3097e-09
8.31579e-09
1.01685e-08
1.16597e-08
1.39661e-08
2.10264e-08
5.3311e-08
1.69607e-07
3.55398e-07
4.53344e-07
4.31348e-07
3.60504e-07
2.89877e-07
2.27709e-07
1.73845e-07
1.28379e-07
9.3644e-08
7.0577e-08
5.70614e-08
5.07596e-08
4.99101e-08
5.13097e-08
5.10947e-08
4.63912e-08
3.74646e-08
2.56329e-08
1.5178e-08
7.89215e-09
3.42189e-09
1.29764e-09
4.93036e-10
1.51187e-10
7.93675e-11
8.37442e-11
7.15365e-11
5.61518e-11
5.77001e-11
6.77798e-11
6.24166e-11
5.91342e-11
5.71905e-11
5.36378e-11
6.1037e-11
4.90426e-11
6.12384e-12
2.92251e-12
2.08248e-11
8.48819e-12
6.72963e-12
3.55625e-12
4.60643e-14
8.98806e-12
3.69329e-11
7.33531e-11
1.08027e-10
1.42431e-10
1.77104e-10
2.17906e-10
2.62141e-10
3.19276e-10
3.8352e-10
4.51713e-10
5.2684e-10
6.10027e-10
7.02076e-10
8.05782e-10
9.11475e-10
1.01071e-09
1.1062e-09
1.18818e-09
1.27205e-09
1.34404e-09
1.42248e-09
1.49941e-09
1.578e-09
1.64173e-09
1.69052e-09
1.72617e-09
1.75716e-09
1.77112e-09
1.75793e-09
1.74097e-09
1.71814e-09
1.69336e-09
1.63636e-09
1.56487e-09
1.49557e-09
1.41657e-09
1.37042e-09
1.31773e-09
1.26492e-09
1.23058e-09
1.19999e-09
1.17517e-09
1.153e-09
1.13033e-09
1.11241e-09
1.09157e-09
1.0697e-09
6.40583e-10
1.7631e-09
3.31601e-09
5.47776e-09
7.89825e-09
1.01152e-08
1.28536e-08
1.88163e-08
3.83738e-08
9.231e-08
1.82831e-07
2.97836e-07
3.9115e-07
4.13462e-07
3.69749e-07
2.95793e-07
2.26766e-07
1.79693e-07
1.55503e-07
1.48237e-07
1.5099e-07
1.56005e-07
1.55407e-07
1.44041e-07
1.20658e-07
9.02227e-08
5.95102e-08
3.48615e-08
1.81401e-08
8.27885e-09
3.34925e-09
1.33084e-09
6.18394e-10
3.59806e-10
2.67841e-10
2.12872e-10
1.88544e-10
1.86232e-10
1.93812e-10
1.89735e-10
1.63882e-10
1.47948e-10
1.25824e-10
8.32337e-11
3.7478e-11
1.35963e-11
3.95988e-11
5.19502e-11
4.97248e-12
2.94011e-12
1.9509e-11
9.57273e-12
3.90513e-12
6.88271e-12
8.70344e-13
3.16321e-14
3.50534e-12
1.76986e-11
4.67646e-11
8.83091e-11
1.44407e-10
2.08779e-10
2.7961e-10
3.55473e-10
4.38088e-10
5.32213e-10
6.33622e-10
7.37163e-10
8.35824e-10
9.39894e-10
1.02741e-09
1.11255e-09
1.19222e-09
1.26456e-09
1.34232e-09
1.41191e-09
1.47294e-09
1.51931e-09
1.56103e-09
1.59506e-09
1.60672e-09
1.59541e-09
1.5715e-09
1.56005e-09
1.53655e-09
1.49617e-09
1.42936e-09
1.37974e-09
1.33304e-09
1.28629e-09
1.24762e-09
1.21609e-09
1.18862e-09
1.16313e-09
1.13894e-09
1.12358e-09
1.10881e-09
1.08847e-09
1.0704e-09
1.05174e-09
1.58585e-10
6.38329e-10
1.47697e-09
2.625e-09
4.20738e-09
5.96073e-09
7.86052e-09
1.01586e-08
1.40286e-08
2.10016e-08
3.47659e-08
6.68024e-08
1.22946e-07
1.87394e-07
2.34609e-07
2.50898e-07
2.45589e-07
2.34212e-07
2.2583e-07
2.21815e-07
2.21342e-07
2.1997e-07
2.12858e-07
1.95298e-07
1.64772e-07
1.25898e-07
8.67705e-08
5.43263e-08
3.12877e-08
1.68543e-08
8.82612e-09
4.80453e-09
2.94861e-09
2.11332e-09
1.78199e-09
1.56588e-09
1.40975e-09
1.32776e-09
1.21616e-09
1.02364e-09
7.96685e-10
6.3258e-10
4.77959e-10
3.31988e-10
2.17065e-10
1.27271e-10
5.82115e-11
1.68368e-11
1.99048e-11
5.65586e-11
3.08426e-11
9.69533e-13
4.98711e-12
1.85833e-11
1.06475e-11
3.88463e-12
4.36488e-12
4.92564e-12
5.08561e-15
3.69625e-12
3.00446e-11
8.16844e-11
1.50224e-10
2.26391e-10
3.08855e-10
3.97628e-10
4.90679e-10
5.86702e-10
6.89867e-10
7.89804e-10
8.7894e-10
9.66922e-10
1.04871e-09
1.12273e-09
1.19258e-09
1.25778e-09
1.31222e-09
1.35814e-09
1.39737e-09
1.4258e-09
1.43592e-09
1.43337e-09
1.42191e-09
1.40354e-09
1.3886e-09
1.35921e-09
1.32188e-09
1.27742e-09
1.24861e-09
1.22024e-09
1.19291e-09
1.16823e-09
1.14394e-09
1.12943e-09
1.11246e-09
1.09734e-09
1.08373e-09
1.06582e-09
1.0467e-09
1.03107e-09
4.71264e-11
2.83288e-10
7.03833e-10
1.35288e-09
2.09578e-09
3.03545e-09
4.17795e-09
5.47158e-09
7.13341e-09
9.49781e-09
1.33798e-08
1.95609e-08
3.01726e-08
4.59817e-08
6.89281e-08
9.00502e-08
1.05132e-07
1.14932e-07
1.2317e-07
1.32577e-07
1.43101e-07
1.52749e-07
1.58981e-07
1.57573e-07
1.43384e-07
1.19459e-07
9.12289e-08
6.47359e-08
4.36431e-08
2.88886e-08
1.96012e-08
1.42071e-08
1.12056e-08
9.49622e-09
8.50335e-09
7.6031e-09
6.69883e-09
5.84586e-09
4.85662e-09
3.78376e-09
2.79086e-09
2.00092e-09
1.35159e-09
8.52501e-10
5.22677e-10
3.24752e-10
2.05392e-10
1.22213e-10
5.9049e-11
1.88208e-11
1.31186e-11
4.43195e-11
5.0737e-11
1.10853e-11
2.3104e-13
8.90382e-12
1.74825e-11
6.98652e-12
3.02167e-12
5.32849e-12
3.03853e-15
1.04759e-11
5.52986e-11
1.24875e-10
2.05883e-10
2.90146e-10
3.75346e-10
4.66854e-10
5.61526e-10
6.54592e-10
7.42382e-10
8.35005e-10
9.14641e-10
9.86699e-10
1.0524e-09
1.11571e-09
1.16615e-09
1.20971e-09
1.24502e-09
1.26984e-09
1.28338e-09
1.28769e-09
1.28449e-09
1.27545e-09
1.25986e-09
1.24515e-09
1.22174e-09
1.19973e-09
1.17954e-09
1.15707e-09
1.14117e-09
1.1259e-09
1.10942e-09
1.09737e-09
1.08315e-09
1.06963e-09
1.05616e-09
1.0407e-09
1.0237e-09
1.00765e-09
0
1.61222e-10
3.61171e-10
6.7976e-10
1.09234e-09
1.60873e-09
2.15409e-09
2.82505e-09
3.6631e-09
4.75431e-09
6.30276e-09
8.86072e-09
1.22733e-08
1.67456e-08
2.18142e-08
2.66768e-08
3.09985e-08
3.5386e-08
4.06432e-08
4.83238e-08
5.94615e-08
7.33311e-08
8.5438e-08
9.27652e-08
9.35461e-08
8.70668e-08
7.56543e-08
6.23747e-08
4.98868e-08
3.96961e-08
3.22429e-08
2.71319e-08
2.35996e-08
2.09355e-08
1.86736e-08
1.64208e-08
1.41035e-08
1.18147e-08
9.50596e-09
7.33206e-09
5.4436e-09
3.9018e-09
2.67075e-09
1.73222e-09
1.07669e-09
6.56627e-10
4.08371e-10
2.636e-10
1.71071e-10
1.03212e-10
5.11816e-11
1.74244e-11
1.16162e-11
3.86826e-11
5.37804e-11
1.54426e-11
2.13787e-13
1.15016e-11
1.43555e-11
3.33766e-12
5.94961e-12
9.99989e-14
6.1272e-12
4.81912e-11
1.19365e-10
2.00405e-10
2.8315e-10
3.668e-10
4.50461e-10
5.34266e-10
6.22683e-10
7.08035e-10
7.84755e-10
8.54108e-10
9.23602e-10
9.82034e-10
1.03215e-09
1.07229e-09
1.10322e-09
1.12813e-09
1.14595e-09
1.15607e-09
1.16112e-09
1.16214e-09
1.15848e-09
1.14969e-09
1.13734e-09
1.12812e-09
1.11713e-09
1.10573e-09
1.09551e-09
1.08437e-09
1.0728e-09
1.06303e-09
1.05205e-09
1.0405e-09
1.02668e-09
1.01208e-09
9.97574e-10
9.84738e-10
0
7.45105e-11
1.89078e-10
3.44214e-10
5.83968e-10
8.19155e-10
1.13282e-09
1.54161e-09
1.94846e-09
2.45068e-09
3.14872e-09
4.20681e-09
5.76194e-09
7.55881e-09
9.63511e-09
1.1816e-08
1.3917e-08
1.58926e-08
1.79823e-08
2.044e-08
2.34226e-08
2.68857e-08
3.42286e-08
4.06628e-08
4.65274e-08
4.94932e-08
4.92043e-08
4.62407e-08
4.22247e-08
3.80898e-08
3.42736e-08
3.09535e-08
2.80041e-08
2.52094e-08
2.24422e-08
1.96463e-08
1.68278e-08
1.40545e-08
1.14093e-08
8.99955e-09
6.9013e-09
5.1429e-09
3.70521e-09
2.57095e-09
1.71571e-09
1.10528e-09
6.99008e-10
4.44838e-10
2.92123e-10
1.96583e-10
1.2972e-10
7.64946e-11
3.462e-11
1.11515e-11
1.7124e-11
5.0184e-11
3.55315e-11
1.44531e-12
5.70613e-12
1.60683e-11
3.83529e-12
5.55511e-12
1.12265e-13
6.64951e-12
5.05398e-11
1.21941e-10
2.01438e-10
2.79485e-10
3.54628e-10
4.32987e-10
5.10414e-10
5.86716e-10
6.57808e-10
7.2861e-10
7.93626e-10
8.50321e-10
8.99241e-10
9.39226e-10
9.68739e-10
9.97743e-10
1.02187e-09
1.0393e-09
1.05077e-09
1.05793e-09
1.06212e-09
1.06551e-09
1.06463e-09
1.06198e-09
1.05855e-09
1.05401e-09
1.04818e-09
1.0421e-09
1.03461e-09
1.02606e-09
1.0171e-09
1.00717e-09
9.95473e-10
9.81785e-10
9.68798e-10
9.57563e-10
0
4.58764e-14
1.00125e-10
1.89834e-10
2.74416e-10
4.32467e-10
6.11725e-10
7.90076e-10
1.02249e-09
1.33874e-09
1.7066e-09
2.16468e-09
2.79828e-09
3.65858e-09
4.62476e-09
5.66859e-09
6.78295e-09
7.9716e-09
9.24896e-09
1.07572e-08
1.26131e-08
1.4583e-08
1.64405e-08
1.8016e-08
1.88775e-08
2.03382e-08
2.19832e-08
2.24783e-08
2.24322e-08
2.21634e-08
2.1528e-08
2.0523e-08
1.93054e-08
1.78618e-08
1.62796e-08
1.45871e-08
1.28413e-08
1.1104e-08
9.44062e-09
7.84316e-09
6.3601e-09
5.02269e-09
3.86013e-09
2.87421e-09
2.06818e-09
1.43607e-09
9.6456e-10
6.34117e-10
4.1662e-10
2.8028e-10
1.93607e-10
1.3204e-10
8.25481e-11
4.10354e-11
1.3416e-11
1.2356e-11
4.44632e-11
3.67949e-11
1.42507e-12
6.27894e-12
1.48226e-11
3.12398e-12
5.89143e-12
1.00587e-14
9.02459e-12
5.5184e-11
1.24553e-10
1.98448e-10
2.70434e-10
3.39857e-10
4.0696e-10
4.73007e-10
5.39476e-10
6.04036e-10
6.63568e-10
7.17923e-10
7.65739e-10
8.06465e-10
8.42283e-10
8.77654e-10
9.07854e-10
9.31443e-10
9.50052e-10
9.64569e-10
9.747e-10
9.84894e-10
9.91395e-10
9.95612e-10
9.98954e-10
9.99305e-10
9.97986e-10
9.96016e-10
9.91896e-10
9.85354e-10
9.77886e-10
9.68841e-10
9.5804e-10
9.45884e-10
9.34022e-10
9.25414e-10
0
0
2.1776e-12
9.59317e-11
1.76449e-10
2.21559e-10
2.89726e-10
4.15007e-10
5.66152e-10
7.12184e-10
8.91815e-10
1.1593e-09
1.50761e-09
1.90584e-09
2.39131e-09
2.91788e-09
3.48937e-09
4.14549e-09
4.9189e-09
5.85276e-09
6.97626e-09
8.24475e-09
9.49038e-09
1.04846e-08
1.11478e-08
1.14705e-08
1.14935e-08
1.12946e-08
1.09486e-08
1.03342e-08
9.64978e-09
9.20751e-09
8.78568e-09
8.28674e-09
7.72146e-09
7.24279e-09
6.87138e-09
6.4591e-09
5.90569e-09
5.23832e-09
4.52307e-09
3.80329e-09
3.12256e-09
2.50666e-09
1.9512e-09
1.4636e-09
1.05785e-09
7.3936e-10
5.04613e-10
3.42918e-10
2.37474e-10
1.67544e-10
1.16057e-10
7.30778e-11
3.58904e-11
1.13308e-11
1.29422e-11
4.43515e-11
2.81856e-11
4.61574e-13
9.3362e-12
1.21439e-11
2.37641e-12
5.74951e-12
4.17621e-16
1.12052e-11
5.60667e-11
1.19874e-10
1.87478e-10
2.51868e-10
3.11954e-10
3.70784e-10
4.28698e-10
4.84511e-10
5.37685e-10
5.88202e-10
6.3477e-10
6.79627e-10
7.19938e-10
7.58595e-10
7.93623e-10
8.23227e-10
8.48351e-10
8.6963e-10
8.86995e-10
9.0439e-10
9.1847e-10
9.29387e-10
9.3649e-10
9.40695e-10
9.41546e-10
9.41303e-10
9.40256e-10
9.35679e-10
9.30285e-10
9.23471e-10
9.15367e-10
9.06921e-10
8.99099e-10
8.92752e-10
0
0
0
3.37077e-13
6.05645e-11
1.21886e-10
1.82148e-10
2.17635e-10
2.70004e-10
3.73013e-10
5.03104e-10
6.38734e-10
7.89495e-10
9.93449e-10
1.26548e-09
1.59559e-09
1.93584e-09
2.30364e-09
2.74751e-09
3.29067e-09
3.95548e-09
4.7164e-09
5.51747e-09
6.27515e-09
6.87598e-09
7.25232e-09
7.36936e-09
7.23421e-09
6.92731e-09
6.50571e-09
6.02465e-09
5.5318e-09
5.06211e-09
4.63015e-09
4.25022e-09
3.88816e-09
3.56536e-09
3.36328e-09
3.15052e-09
2.89471e-09
2.66974e-09
2.49115e-09
2.24008e-09
1.93224e-09
1.60256e-09
1.28064e-09
9.85917e-10
7.35798e-10
5.33416e-10
3.76084e-10
2.63657e-10
1.87781e-10
1.35405e-10
9.44873e-11
5.87971e-11
2.75244e-11
8.27983e-12
1.49225e-11
4.34952e-11
1.8653e-11
1.61717e-13
1.18889e-11
9.56074e-12
2.06812e-12
5.08274e-12
5.24543e-15
1.04652e-11
4.98056e-11
1.05769e-10
1.65136e-10
2.22179e-10
2.75796e-10
3.26529e-10
3.75051e-10
4.22072e-10
4.68738e-10
5.1518e-10
5.59063e-10
6.00938e-10
6.41898e-10
6.80295e-10
7.14784e-10
7.45521e-10
7.7262e-10
7.96528e-10
8.19485e-10
8.38993e-10
8.54419e-10
8.66027e-10
8.7379e-10
8.77272e-10
8.79077e-10
8.83404e-10
8.82276e-10
8.78605e-10
8.7349e-10
8.67794e-10
8.62204e-10
8.57497e-10
8.5391e-10
0
0
0
0
9.35075e-16
1.02311e-11
7.07821e-11
1.22899e-10
1.75625e-10
2.04859e-10
2.46385e-10
3.33086e-10
4.42533e-10
5.66376e-10
6.93915e-10
8.48547e-10
1.04906e-09
1.27167e-09
1.54735e-09
1.88511e-09
2.29643e-09
2.76449e-09
3.27365e-09
3.78745e-09
4.26708e-09
4.64908e-09
4.88294e-09
4.9662e-09
4.89548e-09
4.70646e-09
4.4381e-09
4.12937e-09
3.80906e-09
3.49634e-09
3.20668e-09
2.94133e-09
2.6999e-09
2.48247e-09
2.28418e-09
2.10276e-09
1.91825e-09
1.75628e-09
1.59508e-09
1.41596e-09
1.25059e-09
1.09539e-09
9.18476e-10
7.30357e-10
5.53568e-10
4.02548e-10
2.85148e-10
2.03557e-10
1.48095e-10
1.08186e-10
7.61991e-11
4.72611e-11
2.13582e-11
6.49005e-12
1.58032e-11
3.95237e-11
1.29497e-11
1.63592e-13
1.2008e-11
8.22376e-12
1.88592e-12
4.87952e-12
5.21326e-18
6.55914e-12
3.6659e-11
8.30295e-11
1.34538e-10
1.85204e-10
2.327e-10
2.77156e-10
3.2059e-10
3.63857e-10
4.06702e-10
4.48689e-10
4.90192e-10
5.31464e-10
5.71258e-10
6.08426e-10
6.433e-10
6.75284e-10
7.04366e-10
7.31378e-10
7.54847e-10
7.74122e-10
7.89074e-10
7.99558e-10
8.04983e-10
8.04885e-10
8.16408e-10
8.18034e-10
8.17249e-10
8.15564e-10
8.13812e-10
8.12542e-10
8.12244e-10
8.12417e-10
0
0
0
0
0
0
3.4231e-14
9.59743e-12
7.06405e-11
1.16919e-10
1.61609e-10
1.8947e-10
2.24007e-10
2.91657e-10
3.809e-10
4.85519e-10
6.07727e-10
7.39979e-10
8.81513e-10
1.06344e-09
1.29569e-09
1.58638e-09
1.92293e-09
2.28699e-09
2.64888e-09
2.97062e-09
3.22269e-09
3.39378e-09
3.47551e-09
3.47198e-09
3.39716e-09
3.26863e-09
3.10671e-09
2.93208e-09
2.74723e-09
2.56102e-09
2.37607e-09
2.19511e-09
2.01825e-09
1.85376e-09
1.69936e-09
1.55454e-09
1.41416e-09
1.27538e-09
1.1312e-09
9.90766e-10
8.46581e-10
6.99196e-10
5.69511e-10
4.47896e-10
3.32654e-10
2.37942e-10
1.68188e-10
1.20162e-10
8.78604e-11
6.30105e-11
3.95386e-11
1.78874e-11
5.59837e-12
1.44577e-11
3.47692e-11
1.119e-11
1.34076e-13
1.03087e-11
8.18918e-12
1.81892e-12
4.66859e-12
1.16227e-13
2.2062e-12
2.1095e-11
5.6778e-11
1.00291e-10
1.45279e-10
1.8897e-10
2.3083e-10
2.71518e-10
3.11805e-10
3.51415e-10
3.91102e-10
4.31395e-10
4.7155e-10
5.10047e-10
5.46381e-10
5.80338e-10
6.12206e-10
6.41732e-10
6.67761e-10
6.89635e-10
7.07136e-10
7.20131e-10
7.2835e-10
7.35397e-10
7.45702e-10
7.50446e-10
7.52989e-10
7.54857e-10
7.56946e-10
7.59724e-10
7.63556e-10
7.67214e-10
0
0
0
0
0
0
0
0
2.029e-14
5.5417e-12
6.16206e-11
8.87412e-11
1.44804e-10
1.75337e-10
2.03792e-10
2.4698e-10
3.21834e-10
4.11533e-10
5.13429e-10
6.32364e-10
7.72318e-10
9.36167e-10
1.12682e-09
1.35193e-09
1.59476e-09
1.83938e-09
2.06259e-09
2.24125e-09
2.38586e-09
2.47915e-09
2.51641e-09
2.50583e-09
2.46199e-09
2.39358e-09
2.30629e-09
2.20466e-09
2.0923e-09
1.96648e-09
1.83439e-09
1.69666e-09
1.55834e-09
1.4223e-09
1.28961e-09
1.16574e-09
1.04663e-09
9.31375e-10
8.14222e-10
6.96381e-10
5.79538e-10
4.65705e-10
3.58359e-10
2.68517e-10
1.96673e-10
1.40391e-10
1.01051e-10
7.40124e-11
5.25403e-11
3.33964e-11
1.58021e-11
4.91756e-12
1.13545e-11
3.01133e-11
1.20122e-11
1.24017e-13
7.31375e-12
8.93513e-12
2.21682e-12
3.195e-12
1.33428e-12
1.71616e-13
8.63628e-12
3.32598e-11
6.85626e-11
1.08417e-10
1.49324e-10
1.89646e-10
2.28956e-10
2.67335e-10
3.05633e-10
3.43738e-10
3.81479e-10
4.18515e-10
4.54306e-10
4.88282e-10
5.20413e-10
5.50262e-10
5.77054e-10
6.00137e-10
6.19261e-10
6.34486e-10
6.45874e-10
6.57247e-10
6.68186e-10
6.75904e-10
6.82299e-10
6.8836e-10
6.94874e-10
7.02219e-10
7.10568e-10
7.18008e-10
0
0
0
0
0
0
0
0
0
0
1.7765e-17
5.07274e-12
4.29946e-11
5.82184e-11
1.08256e-10
1.63739e-10
1.91234e-10
2.24008e-10
2.71704e-10
3.37701e-10
4.3371e-10
5.48424e-10
6.76102e-10
8.25001e-10
9.83254e-10
1.14354e-09
1.29759e-09
1.44486e-09
1.57484e-09
1.6315e-09
1.66539e-09
1.70589e-09
1.76166e-09
1.80872e-09
1.81871e-09
1.7994e-09
1.75224e-09
1.68564e-09
1.60454e-09
1.51039e-09
1.40632e-09
1.29525e-09
1.17803e-09
1.06028e-09
9.44765e-10
8.3371e-10
7.30111e-10
6.32452e-10
5.40113e-10
4.48928e-10
3.6314e-10
2.82194e-10
2.10528e-10
1.51305e-10
1.08494e-10
7.97854e-11
5.95762e-11
4.36052e-11
2.84935e-11
1.37609e-11
4.27657e-12
7.92584e-12
2.46261e-11
1.39512e-11
3.09831e-13
3.89167e-12
9.47196e-12
3.28301e-12
1.71686e-12
3.43765e-12
6.52078e-15
2.1958e-12
1.65789e-11
4.36112e-11
7.81581e-11
1.16012e-10
1.5462e-10
1.92552e-10
2.29545e-10
2.65652e-10
3.0101e-10
3.35567e-10
3.69245e-10
4.02022e-10
4.33286e-10
4.62498e-10
4.88932e-10
5.12307e-10
5.32395e-10
5.49275e-10
5.63512e-10
5.77547e-10
5.90289e-10
6.01216e-10
6.1137e-10
6.21531e-10
6.32321e-10
6.44009e-10
6.56578e-10
6.67561e-10
0
0
0
0
0
0
0
0
0
0
0
0
1.01421e-17
2.22521e-12
2.34317e-11
3.43256e-11
4.37786e-11
1.1102e-10
1.79772e-10
2.0416e-10
2.20776e-10
2.58371e-10
3.47871e-10
4.70879e-10
5.88206e-10
7.08824e-10
8.236e-10
9.36896e-10
1.03993e-09
1.1307e-09
1.20606e-09
1.22911e-09
1.22282e-09
1.20434e-09
1.17569e-09
1.14536e-09
1.15501e-09
1.19178e-09
1.25679e-09
1.27466e-09
1.23972e-09
1.16786e-09
1.07993e-09
9.82475e-10
8.81065e-10
7.7689e-10
6.75365e-10
5.77969e-10
4.86964e-10
4.04625e-10
3.30252e-10
2.64368e-10
2.04784e-10
1.53564e-10
1.11261e-10
7.96306e-11
5.8035e-11
4.4053e-11
3.33267e-11
2.25608e-11
1.16754e-11
3.87713e-12
5.33549e-12
1.84748e-11
1.45405e-11
8.71249e-13
1.43433e-12
8.69884e-12
4.5235e-12
1.26042e-12
3.30761e-12
4.98608e-13
2.6732e-13
7.35471e-12
2.67336e-11
5.52961e-11
8.90527e-11
1.24664e-10
1.60153e-10
1.94723e-10
2.28191e-10
2.60523e-10
2.91846e-10
3.22004e-10
3.50759e-10
3.779e-10
4.0299e-10
4.25784e-10
4.46159e-10
4.64243e-10
4.80595e-10
4.96437e-10
5.11239e-10
5.2515e-10
5.38831e-10
5.52807e-10
5.6754e-10
5.83204e-10
5.99649e-10
6.13956e-10
0
0
0
0
0
0
0
0
0
0
0
0
0
0
1.77302e-18
5.56976e-17
5.21215e-12
1.47986e-11
1.20935e-11
2.13866e-11
1.0597e-10
1.71824e-10
1.90247e-10
2.07221e-10
2.45272e-10
3.30368e-10
4.53612e-10
5.72818e-10
6.66221e-10
7.50784e-10
8.17302e-10
8.7521e-10
9.25366e-10
9.36629e-10
9.31601e-10
9.17111e-10
8.95944e-10
8.68983e-10
8.39925e-10
8.09199e-10
7.84258e-10
8.17582e-10
8.82914e-10
8.97005e-10
8.41062e-10
7.57287e-10
6.66014e-10
5.73587e-10
4.84872e-10
4.00546e-10
3.23247e-10
2.54456e-10
1.95891e-10
1.46883e-10
1.08428e-10
7.75353e-11
5.54946e-11
4.07678e-11
3.10865e-11
2.36688e-11
1.64598e-11
8.83818e-12
3.06459e-12
3.78633e-12
1.3947e-11
1.3207e-11
1.38402e-12
4.74737e-13
6.81801e-12
5.00212e-12
1.38692e-12
2.12904e-12
1.66062e-12
1.92477e-15
2.88954e-12
1.58669e-11
3.85819e-11
6.71687e-11
9.84462e-11
1.30315e-10
1.61611e-10
1.91812e-10
2.20615e-10
2.48051e-10
2.74251e-10
2.99185e-10
3.22632e-10
3.44431e-10
3.64635e-10
3.83428e-10
4.01273e-10
4.18638e-10
4.35453e-10
4.51986e-10
4.68675e-10
4.85899e-10
5.03956e-10
5.22968e-10
5.4269e-10
5.59825e-10
0
0
0
0
0
0
0
0
0
0
0
0
0
0
0
0
9.2584e-21
1.15402e-17
5.6539e-13
2.69486e-12
0
2.3403e-13
2.7529e-11
1.06379e-10
1.6468e-10
1.80838e-10
1.90008e-10
2.03197e-10
2.45763e-10
3.2756e-10
4.35459e-10
5.31137e-10
6.1172e-10
6.66482e-10
7.12705e-10
7.16627e-10
7.12124e-10
7.04192e-10
6.9428e-10
6.81082e-10
6.64848e-10
6.45165e-10
6.20615e-10
5.94513e-10
5.76959e-10
6.12413e-10
6.40504e-10
5.90741e-10
5.13389e-10
4.32619e-10
3.54118e-10
2.83294e-10
2.193e-10
1.64029e-10
1.17917e-10
8.23386e-11
5.5857e-11
3.89214e-11
2.7932e-11
2.13156e-11
1.64099e-11
1.15042e-11
6.32397e-12
2.2387e-12
2.77105e-12
1.04465e-11
1.09285e-11
1.55452e-12
2.06265e-13
4.87575e-12
4.72787e-12
1.51328e-12
1.36148e-12
2.3029e-12
1.50157e-14
9.37871e-13
8.77351e-12
2.54647e-11
4.83291e-11
7.44995e-11
1.02016e-10
1.2933e-10
1.55709e-10
1.80982e-10
2.05039e-10
2.27928e-10
2.49721e-10
2.70436e-10
2.90081e-10
3.08922e-10
3.27268e-10
3.45406e-10
3.63477e-10
3.81765e-10
4.0057e-10
4.20115e-10
4.40699e-10
4.6231e-10
4.84578e-10
5.0396e-10
0
0
0
0
0
0
0
0
0
0
0
0
0
0
0
0
0
0
6.9061e-21
1.72356e-18
6.89084e-18
0
0
5.68355e-20
3.79215e-13
2.98281e-11
9.50286e-11
1.40304e-10
1.60848e-10
1.56719e-10
1.49597e-10
1.40843e-10
1.57544e-10
1.85678e-10
2.51932e-10
3.4683e-10
4.38565e-10
5.05803e-10
5.35445e-10
5.49123e-10
5.51047e-10
5.43732e-10
5.36084e-10
5.24421e-10
5.07867e-10
4.86076e-10
4.59737e-10
4.31449e-10
4.32522e-10
4.3852e-10
3.97085e-10
3.31336e-10
2.65711e-10
2.05221e-10
1.53324e-10
1.0955e-10
7.43813e-11
4.78682e-11
3.05117e-11
1.9892e-11
1.46494e-11
1.12559e-11
8.01714e-12
4.51828e-12
1.64616e-12
1.94973e-12
7.38793e-12
8.48619e-12
1.39546e-12
1.02744e-13
3.57515e-12
4.22832e-12
1.53226e-12
8.03298e-13
2.17722e-12
1.76242e-13
1.93778e-13
4.29713e-12
1.54337e-11
3.23677e-11
5.29171e-11
7.52671e-11
9.80854e-11
1.20663e-10
1.42673e-10
1.63986e-10
1.84436e-10
2.04011e-10
2.23043e-10
2.41707e-10
2.60274e-10
2.78935e-10
2.97824e-10
3.17223e-10
3.37402e-10
3.5849e-10
3.80684e-10
4.03964e-10
4.27871e-10
4.48823e-10
0
0
0
0
0
0
0
0
0
0
0
0
0
0
0
0
0
0
0
0
0
2.06276e-19
0
0
0
0
6.29291e-20
2.89096e-13
1.41417e-11
4.66731e-11
8.6422e-11
1.05766e-10
1.12249e-10
9.86173e-11
7.98844e-11
5.82841e-11
3.80897e-11
3.85065e-11
9.27709e-11
1.75934e-10
2.91283e-10
3.78897e-10
4.28579e-10
4.42672e-10
4.40291e-10
4.29865e-10
4.1648e-10
3.97658e-10
3.74376e-10
3.45869e-10
3.14295e-10
2.94147e-10
2.82538e-10
2.50875e-10
2.01658e-10
1.53088e-10
1.1046e-10
7.5387e-11
4.85906e-11
2.94517e-11
1.73156e-11
1.11097e-11
7.85381e-12
5.66933e-12
3.3628e-12
1.2437e-12
1.14864e-12
5.05766e-12
6.30922e-12
1.34916e-12
3.52465e-14
2.29183e-12
3.57384e-12
1.57945e-12
6.0732e-13
1.61508e-12
5.51939e-13
5.0908e-15
1.44974e-12
7.75197e-12
1.93824e-11
3.48081e-11
5.23677e-11
7.10171e-11
9.00466e-11
1.08995e-10
1.27628e-10
1.45924e-10
1.64031e-10
1.82114e-10
2.00389e-10
2.19073e-10
2.38322e-10
2.58236e-10
2.78955e-10
3.00637e-10
3.23504e-10
3.47503e-10
3.72257e-10
3.9406e-10
0
0
0
0
0
0
0
0
0
0
0
0
0
0
0
0
0
0
0
0
0
0
0
0
0
0
0
0
0
6.83078e-21
7.77325e-20
2.57681e-13
7.56844e-12
1.97178e-11
3.46854e-11
4.5048e-11
4.34092e-11
3.35198e-11
1.45714e-11
4.84401e-27
1.07863e-26
1.12414e-11
7.21084e-11
1.62003e-10
2.7578e-10
3.42073e-10
3.5749e-10
3.54433e-10
3.39502e-10
3.22554e-10
3.009e-10
2.76058e-10
2.48118e-10
2.18107e-10
1.88519e-10
1.68786e-10
1.47436e-10
1.14503e-10
8.15049e-11
5.39072e-11
3.27197e-11
1.85011e-11
1.04103e-11
6.42777e-12
4.43405e-12
2.74428e-12
1.13178e-12
5.40312e-13
2.56023e-12
4.68281e-12
1.47553e-12
2.6027e-14
1.13216e-12
2.84359e-12
1.62243e-12
5.20507e-13
8.99602e-13
1.16289e-12
2.78039e-14
2.22703e-13
2.99709e-12
9.78e-12
2.02251e-11
3.34784e-11
4.86927e-11
6.49178e-11
8.16528e-11
9.8503e-11
1.1545e-10
1.32603e-10
1.50039e-10
1.67912e-10
1.86379e-10
2.05665e-10
2.25971e-10
2.474e-10
2.70037e-10
2.939e-10
3.18609e-10
3.40617e-10
0
0
0
0
0
0
0
0
0
0
0
0
0
0
0
0
0
0
0
0
0
0
0
0
0
0
0
0
0
0
0
0
0
0
2.04361e-20
9.53097e-15
1.33557e-13
3.03485e-12
6.69177e-12
8.17991e-12
1.16402e-12
0
0
5.1101e-27
3.03475e-12
3.8192e-11
1.05907e-10
2.04141e-10
2.64726e-10
2.81602e-10
2.76882e-10
2.59124e-10
2.39083e-10
2.17419e-10
1.9344e-10
1.69309e-10
1.44081e-10
1.18749e-10
9.53071e-11
7.73623e-11
5.8917e-11
3.87632e-11
2.2993e-11
1.23878e-11
6.50268e-12
3.92494e-12
2.55962e-12
1.31164e-12
3.972e-13
6.62372e-13
2.95966e-12
1.81482e-12
8.88149e-14
3.08235e-13
2.01689e-12
1.66643e-12
6.34079e-13
4.3028e-13
1.11663e-12
2.69304e-13
2.46172e-15
7.11426e-13
3.94869e-12
1.06341e-11
2.01565e-11
3.1746e-11
4.486e-11
5.93782e-11
7.47889e-11
9.08554e-11
1.07322e-10
1.24372e-10
1.41966e-10
1.60278e-10
1.79539e-10
1.99958e-10
2.21631e-10
2.44526e-10
2.68262e-10
2.89607e-10
0
0
0
0
0
0
0
0
0
0
0
0
0
0
0
0
0
0
0
0
0
0
0
0
0
0
0
0
0
0
0
0
0
0
0
0
0
0
0
9.78115e-21
2.31431e-14
3.32674e-13
0
0
0
0
2.74849e-27
3.62337e-13
1.79053e-11
6.58411e-11
1.35955e-10
1.90255e-10
2.10202e-10
2.03904e-10
1.89422e-10
1.69491e-10
1.49317e-10
1.29094e-10
1.08453e-10
8.92576e-11
7.07571e-11
5.31688e-11
3.79486e-11
2.62795e-11
1.60791e-11
8.61687e-12
4.51885e-12
2.62189e-12
1.5438e-12
6.94537e-13
1.61595e-13
1.20335e-12
1.8939e-12
3.82712e-13
2.1937e-14
9.08848e-13
1.51219e-12
8.01545e-13
2.9288e-13
6.12522e-13
7.01495e-13
1.43377e-14
1.18639e-13
1.64706e-12
5.69525e-12
1.21964e-11
2.08373e-11
3.14216e-11
4.34357e-11
5.64969e-11
7.0443e-11
8.54536e-11
1.01732e-10
1.19022e-10
1.37183e-10
1.56232e-10
1.76478e-10
1.97925e-10
2.202e-10
2.4037e-10
0
0
0
0
0
0
0
0
0
0
0
0
0
0
0
0
0
0
0
0
0
0
0
0
0
0
0
0
0
0
0
0
0
0
0
0
0
0
0
0
0
0
0
0
0
0
0
0
0
9.35765e-28
4.73603e-27
4.41646e-12
3.10752e-11
6.49919e-11
1.07504e-10
1.32924e-10
1.3873e-10
1.28565e-10
1.14352e-10
9.71892e-11
8.03678e-11
6.51392e-11
5.06788e-11
3.82004e-11
2.74284e-11
1.77955e-11
1.06614e-11
6.01456e-12
3.22055e-12
1.90142e-12
1.10139e-12
3.91214e-13
9.3484e-14
9.78292e-13
1.02476e-12
3.0442e-14
1.58391e-13
1.06222e-12
8.02445e-13
3.15466e-13
2.81893e-13
6.94222e-13
1.39835e-13
3.83983e-15
5.98952e-13
3.17366e-12
8.07272e-12
1.50355e-11
2.37333e-11
3.3683e-11
4.47703e-11
5.68536e-11
6.99608e-11
8.3864e-11
9.87325e-11
1.14899e-10
1.32793e-10
1.52523e-10
1.73459e-10
1.92585e-10
0
0
0
0
0
0
0
0
0
0
0
0
0
0
0
0
0
0
0
0
0
0
0
0
0
0
0
0
0
0
0
0
0
0
0
0
0
0
0
0
0
0
0
0
0
0
0
0
0
0
0
0
0
1.50592e-27
3.71714e-27
2.82569e-12
1.65938e-11
3.34048e-11
5.42624e-11
7.07528e-11
7.40357e-11
6.89519e-11
5.82446e-11
4.66647e-11
3.56291e-11
2.64991e-11
1.85379e-11
1.26339e-11
7.75896e-12
4.14344e-12
2.24907e-12
1.39833e-12
8.43745e-13
2.65827e-13
7.18643e-14
7.80115e-13
3.82275e-13
2.47539e-15
4.43208e-13
6.79642e-13
3.44357e-13
1.43017e-13
4.25362e-13
2.28747e-13
8.41448e-19
2.46043e-13
1.84289e-12
5.38912e-12
1.0939e-11
1.81974e-11
2.68277e-11
3.65514e-11
4.7233e-11
5.87355e-11
7.10882e-11
8.44632e-11
9.89859e-11
1.14654e-10
1.31464e-10
1.47344e-10
0
0
0
0
0
0
0
0
0
0
0
0
0
0
0
0
0
0
0
0
0
0
0
0
0
0
0
0
0
0
0
0
0
0
0
0
0
0
0
0
0
0
0
0
0
0
0
0
0
0
0
0
0
0
0
0
0
1.87606e-28
1.51944e-27
2.46706e-27
2.1807e-12
1.05423e-11
1.88386e-11
2.86552e-11
3.33817e-11
3.09641e-11
2.4748e-11
1.82442e-11
1.27496e-11
8.46971e-12
5.40686e-12
3.27239e-12
1.65986e-12
9.83199e-13
6.40725e-13
1.75812e-13
6.4595e-14
6.949e-13
1.08311e-13
4.59296e-14
4.55684e-13
3.08267e-13
8.34887e-14
2.14968e-13
1.99703e-13
9.0713e-17
1.57904e-13
1.31678e-12
4.05983e-12
8.39508e-12
1.41654e-11
2.11467e-11
2.93468e-11
3.86054e-11
4.88691e-11
6.00819e-11
7.23066e-11
8.56823e-11
1.00074e-10
1.13858e-10
0
0
0
0
0
0
0
0
0
0
0
0
0
0
0
0
0
0
0
0
0
0
0
0
0
0
0
0
0
0
0
0
0
0
0
0
0
0
0
0
0
0
0
0
0
0
0
0
0
0
0
0
0
0
0
0
0
0
0
0
0
0
8.65665e-29
7.67733e-28
1.94683e-13
2.27246e-12
7.58646e-12
1.27746e-11
1.45034e-11
1.23548e-11
8.86753e-12
5.87266e-12
3.70307e-12
2.285e-12
1.40537e-12
7.32247e-13
4.40037e-13
1.00868e-13
8.23669e-14
4.09539e-13
3.62206e-14
1.16084e-13
3.17481e-13
1.07837e-13
9.6824e-14
1.03856e-13
4.48249e-17
1.4782e-13
1.13709e-12
3.36181e-12
6.83538e-12
1.15189e-11
1.73014e-11
2.4041e-11
3.16824e-11
4.02203e-11
4.99878e-11
6.10513e-11
7.34298e-11
8.56286e-11
0
0
0
0
0
0
0
0
0
0
0
0
0
0
0
0
0
0
0
0
0
0
0
0
0
0
0
0
0
0
0
0
0
0
0
0
0
0
0
0
0
0
0
0
0
0
0
0
0
0
0
0
0
0
0
0
0
0
0
0
0
0
0
0
0
0
0
3.06809e-28
1.63078e-13
2.20611e-12
5.14238e-12
6.9999e-12
6.10218e-12
4.14808e-12
2.61202e-12
1.58345e-12
9.48521e-13
6.0995e-13
3.05986e-13
5.19434e-14
1.29086e-13
2.11585e-13
4.97333e-15
1.81176e-13
1.15724e-13
2.02491e-14
6.96436e-14
2.45666e-16
2.27539e-13
1.33769e-12
3.19831e-12
5.97269e-12
9.81166e-12
1.45707e-11
2.02466e-11
2.68455e-11
3.44146e-11
4.30677e-11
5.28639e-11
6.27866e-11
0
0
0
0
0
0
0
0
0
0
0
0
0
0
0
0
0
0
0
0
0
0
0
0
0
0
0
0
0
0
0
0
0
0
0
0
0
0
0
0
0
0
0
0
0
0
0
0
0
0
0
0
0
0
0
0
0
0
0
0
0
0
0
0
0
0
0
0
0
0
5.14369e-29
2.49728e-28
7.55056e-13
2.4752e-12
3.41327e-12
2.9264e-12
1.82678e-12
1.0881e-12
6.20436e-13
3.32878e-13
2.29213e-13
1.01052e-13
2.11485e-13
2.17397e-14
6.34863e-14
1.5381e-13
1.04952e-14
2.38534e-14
1.71712e-14
3.92281e-13
1.44698e-12
3.36358e-12
6.08814e-12
9.34869e-12
1.32607e-11
1.81279e-11
2.40308e-11
3.12549e-11
3.97859e-11
4.87053e-11
0
0
0
0
0
0
0
0
0
0
0
0
0
0
0
0
0
0
0
0
0
0
0
0
0
0
0
0
0
0
0
0
0
0
0
0
0
0
0
0
0
0
0
0
0
0
0
0
0
0
0
0
0
0
0
0
0
0
0
0
0
0
0
0
0
0
0
0
0
0
0
0
0
1.93602e-30
1.23812e-28
3.27401e-13
1.23671e-12
1.55034e-12
1.25924e-12
7.03018e-13
3.84657e-13
1.75115e-13
7.12219e-14
1.99774e-13
1.2377e-13
2.38039e-14
1.01637e-13
7.12535e-15
1.08689e-15
1.2638e-13
9.7828e-13
2.37688e-12
4.23796e-12
6.6863e-12
1.00332e-11
1.42532e-11
1.92786e-11
2.54924e-11
3.35378e-11
4.2119e-11
0
0
0
0
0
0
0
0
0
0
0
0
0
0
0
0
0
0
0
0
0
0
0
0
0
0
0
0
0
0
0
0
0
0
0
0
0
0
0
0
0
0
0
0
0
0
0
0
0
0
0
0
0
0
0
0
0
0
0
0
0
0
0
0
0
0
0
0
0
0
0
0
0
0
0
0
0
5.82891e-29
1.02595e-13
5.36025e-13
5.76995e-13
4.66012e-13
2.67077e-13
1.10907e-13
1.17985e-14
6.01249e-14
4.35548e-14
5.45923e-14
1.43488e-14
1.49031e-13
9.72653e-13
2.14005e-12
3.6696e-12
6.00706e-12
9.48944e-12
1.43461e-11
1.93717e-11
2.42513e-11
2.88694e-11
3.32112e-11
0
0
0
0
0
0
0
0
0
0
0
0
0
0
0
0
0
0
0
0
0
0
0
0
0
0
0
0
0
0
0
0
0
0
0
0
0
0
0
0
0
0
0
0
0
0
0
0
0
0
0
0
0
0
0
0
0
0
0
0
0
0
0
0
0
0
0
0
0
0
0
0
0
0
0
0
0
0
0
0
2.05545e-29
2.7943e-14
1.84502e-13
2.1538e-13
6.79178e-14
1.16737e-14
6.58906e-15
1.74277e-14
3.73335e-14
4.11437e-13
1.44723e-12
3.29887e-12
4.98196e-12
4.61716e-12
4.05722e-12
5.27043e-12
7.94532e-12
1.08518e-11
1.30596e-11
1.49631e-11
0
0
0
0
0
0
0
0
0
0
0
0
0
0
0
0
0
0
0
0
0
0
0
0
0
0
0
0
0
0
0
0
0
0
0
0
0
0
0
0
0
0
0
0
0
0
0
0
0
0
0
0
0
0
0
0
0
0
0
0
0
0
0
0
0
0
0
0
0
0
0
0
0
0
0
0
0
0
0
0
0
0
0
3.59626e-30
2.1847e-15
1.19703e-14
2.50591e-14
8.43754e-15
4.01559e-13
1.26855e-12
2.39217e-12
1.05547e-12
1.5707e-12
1.89306e-12
1.74237e-12
1.83456e-12
1.83763e-12
2.0868e-12
2.37789e-12
2.68062e-12
0
0
0
0
0
0
0
0
0
0
0
0
0
0
0
0
0
0
0
0
0
0
0
0
0
0
0
0
0
0
0
0
0
0
0
0
0
0
0
0
0
0
0
0
0
0
0
0
0
0
0
0
0
0
0
0
0
0
0
0
0
0
0
0
0
0
0
0
0
0
0
0
0
0
0
0
0
0
0
0
0
0
0
0
0
0
5.65172e-32
1.05976e-31
2.60283e-14
3.6996e-13
9.3242e-13
2.62425e-13
3.58195e-13
4.04996e-13
5.15162e-13
6.42708e-13
7.89386e-13
1.32077e-12
1.72414e-12
1.78951e-12
0
0
0
0
0
0
0
0
0
0
0
0
0
0
0
0
0
0
0
0
0
0
0
0
0
0
0
0
0
0
0
0
0
0
0
0
0
0
0
0
0
0
0
0
0
0
0
0
0
0
0
0
0
0
0
0
0
0
0
0
0
0
0
0
0
0
0
0
0
0
0
0
0
0
0
0
0
0
0
0
0
0
0
0
0
0
0
0
0
0
7.9472e-31
7.42617e-16
4.294e-14
1.39217e-13
1.32154e-13
2.30961e-13
3.36558e-13
3.41408e-13
4.53774e-13
5.36746e-13
0
0
0
0
0
0
0
0
0
0
0
0
0
0
0
0
0
0
0
0
0
0
0
0
0
0
0
0
0
0
0
0
0
0
0
0
0
0
0
0
0
0
0
0
0
0
0
0
0
0
0
0
0
0
0
0
0
0
0
0
0
0
0
0
0
0
0
0
0
0
0
0
0
0
0
0
0
0
0
0
0
0
0
0
0
0
0
0
0
0
0
0
0
0
6.61565e-31
3.06509e-30
1.11689e-14
6.99786e-14
1.40109e-13
1.36134e-13
0
0
0
0
0
0
0
0
0
0
0
0
0
0
0
0
0
0
0
0
0
0
0
0
0
0
0
0
0
0
0
0
0
0
0
0
0
0
0
0
0
0
0
0
0
0
0
0
0
0
0
0
0
0
0
0
0
0
0
0
0
0
0
0
0
0
0
0
0
0
0
0
0
0
0
0
0
0
0
0
0
0
0
0
0
0
0
0
0
0
0
0
0
0
0
0
0
0
0
0
0
0
0
0
0
0
0
0
0
0
0
0
0
0
0
0
0
0
0
0
0
0
0
0
0
0
0
0
0
0
0
0
0
0
0
0
0
0
0
0
0
0
0
0
0
0
0
0
0
0
0
0
0
0
0
0
0
0
0
0
0
0
0
0
0
0
0
0
0
0
0
0
0
0
0
0
0
0
0
0
0
0
0
0
0
0
0
0
0
0
0
0
0
0
0
0
0
0
0
0
0
0
0
0
0
0
0
0
0
0
0
0
0
0
0
0
0
0
0
0
0
0
0
0
0
0
0
0
0
0
0
0
0
0
0
0
0
0
0
0
0
0
0
0
0
0
0
0
0
0
0
0
0
0
0
0
0
0
0
0
0
0
0
0
0
0
0
0
0
0
0
0
0
0
0
0
0
0
0
0
0
0
0
0
0
0
0
0
0
0
0
0
0
0
0
0
0
0
0
0
0
0
0
0
0
0
0
0
0
0
0
0
0
0
0
0
0
0
0
0
0
0
0
0
0
0
0
0
0
0
0
0
0
0
0
0
0
0
0
0
0
0
0
0
0
0
0
0
0
0
0
0
0
0
0
0
0
0
0
0
0
0
0
0
0
0
0
0
0
0
0
0
0
0
0
0
0
0
0
0
0
0
0
0
0
0
0
0
0
0
0
0
0
0
0
0
0
0
0
0
0
0
0
0
0
0
0
0
0
0
0
0
0
0
0
0
0
0
0
0
0
0
0
0
0
0
0
0
0
0
0
0
0
0
0
0
0
0
0
0
0
0
0
0
0
0
0
0
0
0
0
0
0
0
0
0
0
0
0
0
0
0
0
0
0
0
0
0
0
0
0
0
0
0
0
0
0
0
0
0
0
0
0
0
0
0
0
0
0
0
0
0
0
0
0
0
0
0
0
0
0
0
0
0
0
0
0
0
0
0
0
0
0
0
0
0
0
0
0
0
0
0
0
0
0
0
0
0
0
0
0
0
0
0
0
0
0
0
0
0
0
0
0
0
0
0
0
0
0
0
0
0
0
0
0
0
0
0
0
0
0
0
0
0
0
0
0
0
0
0
0
0
0
0
0
0
0
0
0
0
0
0
0
0
0
0
0
0
0
0
0
0
0
0
0
0
0
0
0
0
0
0
0
0
0
0
0
0
0
0
0
0
0
0
0
0
0
0
0
0
0
0
0
0
0
0
0
0
0
0
0
0
0
0
0
0
0
0
0
0
0
0
0
0
0
0
0
0
0
0
0
0
0
0
0
0
0
0
0
0
0
0
0
0
0
0
0
0
0
0
0
0
0
0
0
0
0
0
0
0
0
0
0
0
0
0
0
0
0
0
0
0
0
0
0
0
0
0
0
0
0
0
0
0
0
0
0
0
0
0
0
0
0
0
0
0
0
0
0
0
0
0
0
0
0
0
0
0
0
0
0
0
0
0
0
0
0
0
0
0
0
0
0
0
0
0
0
0
0
0
0
0
0
0
0
0
0
0
0
0
0
0
0
0
0
0
0
0
0
0
0
0
0
0
0
0
0
0
0
0
0
0
0
0
0
0
0
0
0
0
0
0
0
0
0
0
0
0
0
0
0
0
0
0
0
0
0
0
0
0
0
0
0
0
0
0
0
0
0
0
0
0
0
0
0
0
0
0
0
0
0
0
0
0
0
0
0
0
0
0
0
0
0
0
0
0
0
0
0
0
0
0
0
0
0
0
0
0
0
0
0
0
0
0
0
0
0
0
0
0
0
0
0
0
0
0
0
0
0
0
0
0
0
0
0
0
0
0
0
0
0
0
0
0
0
0
0
0
0
0
0
0
0
0
0
0
0
0
0
0
0
0
0
0
0
0
0
0
0
0
0
0
0
0
0
0
0
0
0
0
0
0
0
0
0
0
0
0
0
0
0
0
0
0
0
0
0
0
0
0
0
0
0
0
0
0
0
0
0
0
0
0
0
0
0
0
0
0
0
0
0
0
0
0
0
0
0
0
0
0
0
0
0
0
0
0
0
0
0
0
0
0
0
0
0
0
0
0
0
0
0
0
0
0
0
0
0
0
0
0
0
0
0
0
0
0
0
0
0
0
0
0
0
0
0
0
0
0
0
0
0
0
0
0
0
0
0
0
0
0
0
0
0
0
0
0
0
0
0
0
0
0
0
0
0
0
0
0
0
0
0
0
0
0
0
0
0
0
0
0
0
0
0
0
0
0
0
0
0
0
0
0
0
0
0
0
0
0
0
0
0
0
0
0
0
0
0
0
0
0
0
0
0
0
0
0
0
0
0
0
0
0
0
0
0
0
0
0
0
0
0
0
0
0
0
0
0
0
0
0
0
0
0
0
0
0
0
0
0
0
0
0
0
0
0
0
0
0
0
0
0
0
0
0
0
0
0
0
0
0
0
0
0
0
0
0
0
0
0
0
0
0
0
0
0
0
0
0
0
0
0
0
0
0
0
0
0
0
0
0
0
0
0
0
0
0
0
0
0
0
0
0
0
0
0
0
0
0
0
0
0
0
0
0
0
0
0
0
0
0
0
0
0
0
0
0
0
0
0
0
0
0
0
0
0
0
0
0
0
0
0
0
0
0
0
0
0
0
0
0
0
0
0
0
0
0
0
0
0
0
0
0
0
0
0
0
0
0
0
0
0
0
0
0
0
0
0
0
0
0
0
0
0
0
0
0
0
0
0
0
0
0
0
0
0
0
0
0
0
0
0
0
0
0
0
0
0
0
0
0
0
0
0
0
0
0
0
0
0
0
0
0
0
0
0
0
0
0
0
0
0
0
0
0
0
0
0
0
0
0
0
0
0
0
0
0
0
0
0
0
0
0
0
0
0
0
0
0
0
0
0
0
0
0
0
0
0
0
0
0
0
0
0
0
0
0
0
0
0
0
0
0
0
0
0
0
0
0
0
0
0
0
0
0
0
0
0
0
0
0
0
0
0
0
0
0
0
0
0
0
0
0
0
0
0
0
0
0
0
0
0
0
0
0
0
0
0
0
0
0
0
0
0
0
0
0
0
0
0
0
0
0
0
0
0
0
0
0
0
0
0
0
0
0
0
0
0
0
0
0
0
0
0
0
0
0
0
0
0
0
0
0
0
0
0
0
0
0
0
0
0
0
0
0
0
0
0
0
0
0
0
0
0
0
0
0
0
0
0
0
)
;

boundaryField
{
    AXIS
    {
        type            empty;
    }
    OUTLET
    {
        type            calculated;
        value           nonuniform List<scalar> 
80
(
1.28135e-09
1.28093e-09
1.27999e-09
1.27852e-09
1.27667e-09
1.27449e-09
1.27199e-09
1.26921e-09
1.26618e-09
1.26292e-09
1.25829e-09
1.25264e-09
1.24714e-09
1.2422e-09
1.23698e-09
1.23075e-09
1.22314e-09
1.21427e-09
1.20295e-09
1.19179e-09
1.18038e-09
1.17589e-09
1.16764e-09
1.15842e-09
1.14894e-09
1.14063e-09
1.13155e-09
1.12227e-09
1.11298e-09
1.10146e-09
1.09049e-09
1.0697e-09
1.05174e-09
1.03107e-09
1.00765e-09
9.84738e-10
9.57563e-10
9.25414e-10
8.92752e-10
8.5391e-10
8.12417e-10
7.67214e-10
7.18008e-10
6.67561e-10
6.13956e-10
5.59825e-10
5.0396e-10
4.48823e-10
3.9406e-10
3.40617e-10
2.89607e-10
2.4037e-10
1.92585e-10
1.47344e-10
1.13858e-10
8.56286e-11
6.27866e-11
4.87053e-11
4.2119e-11
3.32112e-11
1.49631e-11
2.68062e-12
1.78951e-12
5.36746e-13
1.36134e-13
0
0
0
0
0
0
0
0
0
0
0
0
0
0
0
)
;
    }
    COFLOW
    {
        type            calculated;
        value           uniform 0;
    }
    PILOT
    {
        type            calculated;
        value           uniform 2.5705e-09;
    }
    FUEL
    {
        type            calculated;
        value           uniform 6.36701e-19;
    }
    WALL
    {
        type            calculated;
        value           uniform 0;
    }
    front
    {
        type            wedge;
    }
    back
    {
        type            wedge;
    }
}


// ************************************************************************* //
