/*--------------------------------*- C++ -*----------------------------------*\
  =========                 |
  \\      /  F ield         | OpenFOAM: The Open Source CFD Toolbox
   \\    /   O peration     | Website:  https://openfoam.org
    \\  /    A nd           | Version:  6
     \\/     M anipulation  |
\*---------------------------------------------------------------------------*/
FoamFile
{
    version     2.0;
    format      ascii;
    class       volScalarField;
    location    "0.1";
    object      CH2CH2OH;
}
// * * * * * * * * * * * * * * * * * * * * * * * * * * * * * * * * * * * * * //

dimensions      [0 0 0 0 0 0 0];

internalField   nonuniform List<scalar> 
8000
(
2.68003e-08
6.95912e-07
1.29554e-06
7.36376e-07
4.10639e-07
6.97315e-07
1.18277e-06
1.23534e-06
8.13574e-07
3.28648e-07
1.01531e-07
6.79474e-08
1.80225e-07
1.05584e-06
9.95549e-07
1.03133e-06
9.07981e-07
6.94641e-09
4.91995e-07
1.2876e-06
1.21829e-06
5.4262e-07
1.72545e-07
1.00746e-07
6.41639e-08
7.17717e-08
7.94347e-08
7.32499e-08
7.57715e-08
8.99007e-07
2.89974e-08
5.27258e-08
6.33912e-08
7.6839e-08
1.05855e-07
1.4812e-07
1.82001e-07
1.76339e-07
1.32514e-07
1.00001e-07
9.14467e-08
6.86702e-08
4.26701e-08
2.63031e-08
1.88465e-08
1.49875e-08
1.3776e-08
1.72069e-08
3.40717e-08
9.56394e-07
9.0344e-12
4.45853e-08
4.07317e-08
3.84495e-08
3.50021e-08
3.05462e-08
2.53276e-08
1.95756e-08
1.33563e-08
7.52713e-09
3.40111e-09
1.28106e-09
9.71749e-10
7.20927e-14
5.84139e-11
8.76153e-12
1.60032e-10
9.93166e-11
9.20676e-11
8.86296e-11
6.95062e-09
8.00934e-11
8.05179e-11
5.37731e-10
5.57261e-10
8.35322e-11
8.34473e-11
8.52756e-11
8.89124e-11
8.99986e-11
8.55509e-11
8.45352e-11
8.06054e-11
4.95492e-10
4.05358e-10
3.35242e-10
3.00352e-10
2.90694e-10
1.49844e-07
3.46858e-10
3.84306e-10
4.03205e-10
4.05164e-10
4.01661e-10
3.98713e-10
3.95643e-10
4.01501e-10
4.04611e-10
3.95702e-10
4.16777e-10
2.51533e-08
7.80609e-07
1.30246e-06
6.74038e-07
3.81055e-07
6.91658e-07
1.20386e-06
1.22817e-06
7.7517e-07
2.88375e-07
8.69712e-08
8.03474e-08
3.06711e-07
1.54068e-06
1.56096e-06
1.27819e-06
1.67182e-06
1.33928e-06
1.14333e-06
1.1589e-06
1.02042e-06
4.74631e-07
1.64083e-07
9.94948e-08
6.45581e-08
7.67214e-08
8.01766e-08
7.28437e-08
6.93582e-08
9.64743e-08
4.67466e-08
4.84355e-08
5.8943e-08
7.10492e-08
9.57049e-08
1.3058e-07
1.59798e-07
1.57352e-07
1.19111e-07
4.68594e-07
8.11907e-08
6.36874e-08
4.05341e-08
2.55264e-08
1.85422e-08
1.50065e-08
1.38718e-08
1.70611e-08
3.3077e-08
3.44936e-08
4.20992e-08
4.21706e-08
4.06862e-08
3.79001e-08
3.42598e-08
2.95966e-08
2.42076e-08
1.84202e-08
1.23746e-08
6.89328e-09
3.12412e-09
1.17935e-09
9.19306e-10
3.60789e-12
1.63601e-11
8.58578e-12
1.58388e-10
9.91256e-11
9.19489e-11
8.82889e-11
8.5721e-11
7.9897e-11
8.0525e-11
5.33784e-10
5.53999e-10
8.35177e-11
8.33095e-11
8.5181e-11
8.87194e-11
9.01398e-11
8.5467e-11
8.45592e-11
8.05411e-11
4.94037e-10
4.06255e-10
3.34923e-10
3.00198e-10
2.90678e-10
3.08234e-10
3.47031e-10
3.84339e-10
4.03334e-10
4.0556e-10
4.01854e-10
3.98814e-10
3.95673e-10
4.01706e-10
4.04888e-10
3.95752e-10
4.17154e-10
3.83606e-08
1.14823e-06
2.72692e-06
1.7165e-06
6.80106e-07
1.01059e-06
1.25824e-06
2.61098e-06
3.14104e-06
3.15572e-07
2.80231e-06
9.01734e-08
4.62751e-07
6.1385e-07
8.43334e-07
1.41114e-06
1.4449e-06
1.52746e-06
3.81407e-07
2.92308e-08
3.86488e-07
3.24565e-07
1.46003e-07
9.64451e-08
6.51193e-08
9.58688e-08
8.68172e-08
7.20578e-08
5.89617e-08
5.02008e-08
4.00812e-08
4.2781e-08
5.22429e-08
6.1945e-08
7.8227e-08
9.83692e-08
1.18823e-07
1.21923e-07
1.05729e-07
8.73116e-08
7.5635e-08
5.56806e-08
3.62137e-08
2.36864e-08
1.78896e-08
1.51348e-08
1.40858e-08
1.78056e-08
3.17893e-08
3.46932e-08
3.48083e-08
4.2092e-08
3.9433e-08
3.62499e-08
3.23521e-08
2.73826e-08
2.18071e-08
1.61448e-08
1.05395e-08
5.85649e-09
2.60484e-09
9.8855e-10
8.15623e-10
2.71948e-12
2.20444e-11
8.20822e-12
1.03226e-10
9.86592e-11
9.17152e-11
8.76512e-11
8.45135e-11
7.95544e-11
1.50166e-08
5.24867e-10
5.46953e-10
1.31614e-08
8.30152e-11
8.49769e-11
8.83177e-11
5.95125e-09
8.52777e-11
8.46163e-11
8.03878e-11
4.91263e-10
3.23283e-08
3.34198e-10
2.99991e-10
2.90655e-10
3.07872e-10
3.47435e-10
3.84416e-10
4.03618e-10
5.97182e-07
6.53128e-07
3.99034e-10
3.95749e-10
4.02169e-10
4.05498e-10
1.32018e-06
4.17986e-10
8.34998e-08
1.49604e-06
9.74194e-07
7.68405e-07
1.01088e-06
1.2012e-06
1.17299e-06
8.65836e-07
3.99375e-07
1.04339e-07
2.75879e-08
3.84432e-08
2.46424e-07
5.55828e-06
5.54615e-13
1.01323e-06
1.29534e-06
1.42729e-06
8.64152e-07
5.48368e-07
5.97877e-07
3.0081e-07
1.29925e-07
8.13773e-08
6.53156e-08
3.99249e-12
1.02894e-07
7.08051e-08
5.33037e-08
4.16928e-08
3.59001e-08
3.84882e-08
4.67616e-08
5.38235e-08
6.19612e-08
4.24831e-07
8.05506e-08
1.1731e-06
8.21873e-08
7.42698e-08
6.24614e-08
4.50526e-08
3.05113e-08
2.11079e-08
1.56385e-08
1.37177e-08
1.5053e-08
1.86901e-08
3.08528e-08
3.39432e-08
3.38937e-08
4.01329e-08
3.24546e-15
3.31058e-08
2.90835e-08
2.39374e-08
1.84566e-08
1.32044e-08
8.32326e-09
4.36209e-09
1.99886e-09
1.61439e-09
6.83408e-10
1.52141e-12
3.36331e-11
7.75325e-12
1.02209e-10
9.77958e-11
9.14677e-11
8.68663e-11
1.17157e-08
5.48022e-10
5.51158e-10
5.10772e-10
5.36484e-10
8.20973e-11
8.25749e-11
8.46815e-11
8.77658e-11
8.8367e-11
8.49721e-11
8.47152e-11
8.01175e-11
4.8806e-10
3.95109e-10
3.3303e-10
2.99714e-10
2.90637e-10
3.07969e-10
3.48086e-10
3.84537e-10
4.04055e-10
4.08418e-10
4.02003e-10
3.99363e-10
3.95877e-10
4.02875e-10
4.06424e-10
4.01678e-10
4.19275e-10
6.26396e-08
1.36399e-06
1.41035e-09
4.92449e-07
1.14541e-06
1.23216e-06
9.53226e-07
4.86108e-07
1.54673e-07
2.73088e-08
2.00203e-06
1.6385e-06
1.81348e-06
1.44931e-06
1.23516e-06
1.4163e-06
1.06132e-06
1.38144e-06
1.50312e-06
1.10289e-06
6.81752e-07
2.42312e-07
1.12353e-07
7.72379e-08
6.73333e-08
9.35541e-08
8.35606e-08
6.42906e-08
4.87928e-08
3.90758e-08
3.41792e-08
3.63597e-08
4.3152e-08
4.84407e-08
5.41082e-08
6.03835e-08
6.7625e-08
6.87993e-08
6.37007e-08
8.60567e-07
4.59812e-08
3.3961e-08
2.4579e-08
1.68007e-08
1.517e-08
1.39699e-08
1.55305e-08
1.96893e-08
2.9844e-08
3.1773e-08
3.1498e-08
3.65668e-08
3.61361e-08
2.86418e-08
2.46157e-08
1.96313e-08
1.46073e-08
1.00776e-08
6.21677e-09
3.19081e-09
1.42671e-09
1.27666e-09
5.43293e-10
3.73904e-13
2.55758e-11
1.78489e-10
1.00576e-10
9.64491e-11
7.59876e-09
8.59479e-11
8.26961e-11
5.26379e-10
5.14836e-10
4.92865e-10
5.23017e-10
8.10377e-11
8.20161e-11
8.43063e-11
8.71375e-11
8.71038e-11
8.45931e-11
9.01624e-09
7.97105e-11
2.10373e-08
3.88138e-10
3.31517e-10
2.99345e-10
2.90555e-10
3.08435e-10
3.48983e-10
3.84706e-10
4.04655e-10
4.09845e-10
4.00794e-10
3.99796e-10
3.96148e-10
4.03844e-10
4.07647e-10
4.05042e-10
4.20924e-10
2.87902e-08
6.8781e-06
2.83141e-07
8.82989e-07
1.28706e-06
1.10623e-06
6.35405e-07
2.98754e-06
5.65712e-08
9.4018e-09
5.27919e-09
1.35433e-08
6.01962e-08
1.362e-06
1.39828e-06
5.52652e-06
7.13202e-06
6.49245e-06
6.62703e-06
1.2991e-06
5.35183e-07
1.67235e-07
9.91098e-08
1.5897e-09
6.88339e-08
8.32866e-08
7.5144e-08
6.23935e-08
5.00383e-08
3.84386e-08
3.41672e-08
3.59345e-08
3.66038e-08
4.46075e-08
4.88934e-08
5.36087e-08
5.70951e-08
5.61908e-08
5.00694e-08
3.78104e-08
3.1247e-08
2.37713e-08
1.23198e-07
1.53831e-08
1.31785e-08
1.46806e-08
1.8077e-08
2.02611e-08
2.77613e-08
1.24897e-13
2.77134e-08
3.14058e-08
1.71604e-15
2.31631e-08
1.95243e-08
1.50704e-08
1.08116e-08
7.1228e-09
4.18101e-09
2.2026e-09
9.59513e-10
9.70535e-10
4.1018e-10
8.31134e-13
2.88751e-11
1.68472e-10
9.85494e-11
9.45682e-11
8.94263e-11
8.49615e-11
8.16699e-11
5.00563e-10
4.8356e-10
4.77511e-10
5.07195e-10
8.01268e-11
8.14337e-11
8.38534e-11
8.63986e-11
8.62281e-11
8.41701e-11
1.03855e-08
5.53085e-10
4.62544e-10
3.82864e-10
3.29701e-10
2.98889e-10
2.90878e-10
3.0934e-10
3.50162e-10
3.84924e-10
4.05425e-10
4.10942e-10
7.59016e-07
4.00371e-10
3.97661e-10
4.05079e-10
4.09171e-10
4.08225e-10
4.22894e-10
8.18103e-09
1.73068e-06
9.53248e-07
3.01487e-06
1.16834e-06
8.02409e-07
3.07379e-06
3.61451e-06
2.13506e-06
1.07798e-08
1.03606e-08
3.84598e-08
2.26707e-06
7.72226e-07
9.43885e-07
8.95946e-07
1.2352e-06
1.69183e-06
1.774e-06
1.07802e-06
3.47291e-06
1.22797e-07
7.76918e-08
6.29525e-08
6.66882e-08
1.57458e-11
2.04218e-11
6.12042e-08
6.86046e-11
4.20681e-08
3.543e-08
3.34975e-08
3.69852e-08
3.78542e-08
3.91575e-08
4.10421e-08
4.81067e-08
4.08399e-08
3.66312e-08
3.1996e-08
1.3518e-07
2.06924e-08
1.64821e-08
1.29074e-08
1.27e-08
1.43969e-08
9.7521e-12
2.2717e-08
2.4184e-08
2.45003e-08
2.26295e-08
2.24116e-08
5.53752e-15
1.74781e-08
1.44522e-08
1.07903e-08
7.47868e-09
2.12388e-13
2.82273e-09
1.44293e-09
6.19697e-10
7.13099e-10
1.29515e-12
7.34622e-11
1.96532e-09
1.05365e-10
9.64395e-11
9.22983e-11
8.80306e-11
8.40051e-11
8.08708e-11
4.77578e-10
4.63812e-10
4.63074e-10
4.8927e-10
5.35119e-10
8.07944e-11
8.33385e-11
8.56201e-11
1.14672e-08
8.37084e-11
8.29953e-11
5.29497e-10
4.44537e-10
3.78703e-10
3.27604e-10
2.98313e-10
1.47441e-07
3.13447e-10
3.55438e-10
3.85257e-10
4.06438e-10
4.12473e-10
3.99553e-10
4.01203e-10
3.99468e-10
4.06575e-10
4.11004e-10
4.11273e-10
4.25173e-10
1.19718e-06
4.72019e-06
3.39137e-06
1.2493e-06
7.36146e-07
3.79749e-07
3.43253e-06
1.08985e-07
2.10434e-08
1.55955e-08
1.55024e-06
2.48264e-06
4.68432e-07
3.85848e-06
8.0516e-07
1.02773e-06
1.5106e-06
1.81247e-06
1.56347e-06
7.70204e-07
2.17459e-07
1.07776e-07
7.13411e-08
6.37953e-10
7.22803e-08
7.99135e-08
7.09904e-08
6.01421e-08
5.18223e-08
4.24618e-08
3.01952e-09
3.57292e-08
3.56916e-08
3.51701e-08
3.40266e-08
2.31042e-07
3.74166e-08
3.58337e-08
2.9948e-08
2.6152e-08
2.12036e-08
1.87529e-08
1.5606e-08
1.24927e-08
1.21326e-08
1.29643e-08
1.57726e-08
1.56321e-08
1.98995e-08
1.9085e-08
1.72731e-08
1.55644e-08
8.1611e-14
1.18999e-08
9.70085e-09
7.20369e-09
4.97204e-09
3.10539e-09
1.80109e-09
1.81218e-09
1.01681e-09
3.43112e-10
8.37894e-10
4.36207e-11
8.2235e-12
1.02749e-10
9.41915e-11
8.98777e-11
8.67889e-11
2.11931e-08
2.49316e-08
4.57593e-10
4.43642e-10
4.45155e-10
3.18661e-08
5.06125e-10
5.55945e-10
8.27364e-11
8.48623e-11
1.32682e-08
8.32127e-11
8.20569e-11
5.0324e-10
4.28629e-10
5.15005e-08
3.25272e-10
2.97608e-10
2.95306e-10
3.19547e-10
3.61234e-10
3.88156e-10
4.07659e-10
4.14468e-10
4.03684e-10
4.02304e-10
4.01617e-10
4.08338e-10
4.13027e-10
4.14317e-10
4.27843e-10
6.71484e-10
5.8359e-07
3.68956e-06
3.32429e-06
2.94129e-07
1.07542e-07
7.17915e-08
2.56084e-08
2.05538e-08
4.9258e-08
2.27639e-06
3.91486e-06
4.86339e-06
1.31945e-06
5.40621e-06
5.91256e-06
6.76007e-06
1.50934e-06
6.60254e-06
4.7174e-07
1.61466e-07
9.09401e-08
6.59455e-08
5.65224e-08
2.43926e-11
6.61568e-12
6.96619e-08
6.32234e-08
2.75985e-11
4.50163e-08
4.09053e-08
4.05294e-08
4.19886e-08
4.09544e-08
3.74243e-08
3.43226e-08
9.18958e-08
3.15578e-08
2.89006e-08
5.75866e-08
2.02934e-08
1.63823e-08
1.38497e-08
1.24112e-08
1.16497e-08
1.15497e-08
1.23578e-08
1.28612e-08
1.5778e-08
1.43727e-08
1.36317e-08
1.08722e-08
9.07596e-09
7.39346e-09
2.50429e-13
4.39613e-09
2.99251e-09
1.91777e-09
1.0984e-09
1.25515e-09
2.62103e-10
7.70319e-10
2.8181e-12
2.204e-09
1.78771e-10
9.97468e-11
9.17813e-11
8.7621e-11
2.0701e-08
8.13385e-11
4.92491e-10
4.3467e-10
4.2121e-10
4.24368e-10
4.5532e-10
4.82014e-10
5.30071e-10
8.20406e-11
1.65422e-08
8.35695e-11
1.66039e-08
1.81876e-08
4.78676e-10
4.13577e-10
5.65879e-08
3.2228e-10
2.96847e-10
2.98285e-10
3.26073e-10
3.66054e-10
3.92498e-10
4.09128e-10
4.16538e-10
4.0682e-10
4.03604e-10
4.04139e-10
4.10444e-10
4.1463e-10
4.17417e-10
4.30853e-10
5.8164e-11
1.46379e-07
4.1382e-07
3.53172e-06
7.04461e-08
2.13357e-08
2.09494e-06
1.94272e-08
1.4498e-06
2.896e-06
3.52598e-07
5.7182e-06
1.27788e-06
4.97812e-06
1.50831e-06
1.56184e-06
1.4598e-06
9.75001e-07
4.5037e-06
2.58977e-06
5.16252e-07
8.07741e-08
6.06654e-08
5.25844e-08
6.20614e-08
1.07433e-11
6.66214e-08
6.11153e-08
5.35324e-08
4.74471e-08
4.60041e-08
4.62562e-08
6.00526e-08
9.55181e-10
3.2904e-09
4.24365e-08
3.82404e-08
3.44528e-08
3.08413e-08
2.58347e-08
2.02548e-08
1.65921e-08
1.4118e-08
1.24746e-08
1.17664e-08
1.07615e-08
1.03362e-08
1.03673e-08
1.20881e-08
1.03763e-08
9.44858e-09
8.46935e-09
5.74852e-09
4.77164e-09
3.60407e-09
2.70989e-09
6.17874e-13
5.50144e-11
1.4009e-09
8.45355e-10
4.84246e-10
2.25155e-12
2.7318e-11
9.34889e-12
7.28791e-09
1.36874e-08
8.95878e-11
8.53845e-11
2.85056e-08
5.1496e-10
4.5549e-10
4.11407e-10
3.99604e-10
4.04055e-10
4.3019e-10
4.6314e-10
3.29128e-08
2.54511e-08
8.30318e-11
8.24289e-11
8.15555e-11
5.58824e-10
4.58625e-10
3.99387e-10
3.55699e-10
3.14904e-10
2.96109e-10
3.01069e-10
3.3305e-10
3.7151e-10
3.97467e-10
4.0969e-10
4.19006e-10
4.10151e-10
4.05751e-10
4.06964e-10
4.12989e-10
4.16393e-10
4.20446e-10
4.34274e-10
3.88939e-12
1.52989e-06
2.60072e-06
1.84624e-06
1.73562e-08
1.21737e-08
2.34302e-08
1.59607e-06
2.1259e-06
3.28206e-06
5.56467e-06
7.24512e-06
2.7146e-06
2.23701e-06
9.42673e-07
1.23159e-06
7.15608e-06
6.61783e-07
2.78593e-07
1.4585e-07
9.41269e-08
7.32473e-08
5.67203e-08
4.93311e-08
5.41309e-08
6.7927e-08
6.43046e-08
5.92403e-08
5.65535e-08
5.11655e-08
4.96963e-08
5.30831e-08
5.82121e-08
5.62591e-08
5.33535e-08
8.37384e-10
4.93971e-08
1.39946e-09
3.60877e-08
3.39057e-09
2.20904e-08
1.77739e-08
1.50674e-08
1.31543e-08
1.16162e-08
9.90477e-09
8.39091e-09
8.05863e-09
1.90237e-12
7.17618e-09
6.21964e-09
5.42527e-09
4.65867e-09
2.85297e-09
8.81606e-13
1.58415e-09
7.10556e-11
1.46941e-09
9.23967e-10
5.51834e-10
4.73634e-12
2.17723e-09
3.21091e-11
1.86628e-10
1.03021e-10
9.27963e-11
8.74192e-11
8.32921e-11
5.42045e-10
4.8138e-08
4.20135e-10
3.89559e-10
3.8066e-10
3.87572e-10
4.06671e-10
4.39965e-10
4.79333e-10
5.42502e-10
8.20512e-11
2.41701e-08
5.62984e-10
5.17701e-10
4.38838e-10
3.88643e-10
3.44211e-10
3.11132e-10
2.95186e-10
3.04184e-10
3.38457e-10
3.78169e-07
4.02698e-10
4.10563e-10
4.2081e-10
4.13715e-10
4.07862e-10
4.09648e-10
4.15866e-10
4.18528e-10
4.22961e-10
4.37663e-10
2.43585e-07
1.60402e-06
2.07337e-06
2.17639e-06
4.35499e-08
1.76082e-06
1.48183e-07
2.76813e-06
3.71792e-06
4.45894e-06
6.30728e-06
1.30129e-06
4.89774e-07
9.21156e-08
5.3168e-07
9.6437e-07
9.74804e-07
5.22048e-07
1.66407e-07
2.50933e-07
8.27224e-08
5.98566e-08
1.29445e-09
4.67795e-08
5.0142e-08
1.34566e-11
5.99471e-12
5.74957e-08
6.08272e-08
1.00149e-11
5.82363e-08
5.68785e-08
5.63653e-08
5.42768e-08
5.18909e-08
5.97213e-08
5.15305e-08
5.46121e-08
8.31957e-10
3.28889e-08
2.44951e-08
1.92465e-08
1.60108e-08
1.39711e-08
1.18939e-08
8.86582e-09
6.925e-09
5.83353e-09
5.55123e-09
4.77984e-09
3.8171e-12
3.82623e-12
3.4747e-12
2.6624e-09
2.14279e-09
1.76764e-09
1.35241e-09
9.47758e-10
5.92909e-10
1.88816e-12
5.39428e-13
5.9441e-09
9.3221e-12
1.09855e-10
9.80017e-11
8.9273e-11
3.99756e-08
5.1764e-08
4.77495e-10
4.3161e-10
3.9487e-10
3.67751e-10
3.61985e-10
3.70713e-10
3.8922e-10
4.16413e-10
4.57738e-10
5.03332e-10
5.69235e-10
5.48194e-10
5.25511e-10
4.84684e-10
4.19202e-10
3.77652e-10
3.37001e-10
3.07042e-10
2.9433e-10
3.07452e-10
3.44124e-10
3.87172e-10
4.06563e-10
6.59246e-07
4.21209e-10
4.17754e-10
4.09255e-10
4.12101e-10
4.19032e-10
4.2098e-10
4.27736e-10
4.41148e-10
2.57576e-07
7.52404e-10
8.08896e-09
8.71619e-08
2.98148e-07
3.14617e-06
7.03552e-07
4.61539e-06
1.28201e-06
1.46898e-06
1.36591e-06
1.13771e-06
4.74173e-07
2.2942e-07
4.91093e-07
8.64176e-07
8.37816e-07
4.19539e-07
1.53204e-07
9.53973e-08
7.43286e-08
5.56085e-08
3.90476e-10
4.39588e-08
4.65868e-08
2.50567e-11
5.6119e-08
5.3032e-08
3.3759e-12
6.2637e-08
4.74643e-12
6.625e-08
7.09435e-08
6.82752e-08
5.91499e-08
5.66742e-08
5.96145e-08
5.6948e-08
4.26481e-08
3.47683e-08
2.10551e-11
3.9103e-11
1.71166e-08
1.46913e-08
9.18833e-12
7.1264e-09
5.11202e-09
1.4315e-11
2.58136e-09
3.04421e-09
1.12615e-11
2.03507e-09
1.76654e-09
1.62585e-09
2.38095e-10
2.56552e-10
8.69283e-10
7.1536e-10
9.58289e-13
1.30816e-12
1.56787e-11
1.31678e-08
2.14397e-08
1.03984e-10
5.02456e-08
8.62589e-11
6.53725e-08
4.54229e-10
4.28288e-10
3.98349e-10
3.67083e-10
3.48427e-10
3.455e-10
3.53899e-10
3.72109e-10
3.9753e-10
4.32111e-10
4.7665e-10
3.37274e-08
5.0803e-10
4.90688e-10
4.04178e-08
4.01618e-10
3.66561e-10
3.30088e-10
3.04567e-10
2.93881e-10
3.10439e-10
3.50396e-10
3.92266e-10
5.40711e-07
4.2013e-10
4.2195e-10
4.21758e-10
4.10921e-10
4.15017e-10
4.22195e-10
4.23908e-10
4.32692e-10
4.45397e-10
1.38248e-09
1.17057e-06
1.09652e-07
3.88778e-06
5.2322e-06
1.52429e-06
1.66539e-06
6.18554e-06
6.48717e-06
3.67747e-06
1.00471e-06
3.67181e-06
4.46478e-07
2.46448e-07
2.89701e-06
7.55568e-07
6.14371e-07
2.72345e-06
4.90496e-07
9.99621e-08
5.93372e-08
1.10345e-09
4.72171e-08
4.1639e-08
4.18037e-08
4.27732e-08
4.41076e-08
4.45473e-08
4.89846e-08
5.15876e-08
5.32749e-08
6.16093e-08
6.75646e-08
3.35191e-12
6.18548e-08
5.90116e-08
5.73354e-08
5.50228e-08
6.12538e-12
3.26619e-08
2.76095e-08
2.1006e-08
1.67369e-08
1.38676e-08
6.07163e-12
5.25722e-09
3.16058e-09
1.90288e-09
1.30263e-09
9.46154e-10
5.66493e-10
3.98539e-10
6.30869e-10
3.09946e-10
4.37579e-10
7.05441e-10
5.52096e-10
1.57425e-09
1.48145e-12
1.51469e-11
7.03858e-12
8.07878e-12
3.59178e-08
9.84878e-11
8.9603e-11
4.78394e-10
4.50852e-10
4.06776e-10
3.91021e-10
3.65976e-10
3.46332e-10
3.34858e-10
3.33633e-10
3.40873e-10
3.55575e-10
3.80104e-10
4.08834e-10
4.50595e-10
4.95145e-10
4.79536e-10
4.68321e-10
4.39949e-10
3.87759e-10
7.70803e-08
3.19358e-10
1.27393e-07
1.85823e-07
3.13691e-10
3.55128e-10
3.97788e-10
4.18679e-10
4.26618e-10
4.23027e-10
4.24513e-10
4.12873e-10
4.18267e-10
4.24613e-10
4.27255e-10
4.37735e-10
4.50328e-10
3.20856e-06
1.0098e-06
8.19285e-07
8.30443e-06
6.13149e-08
6.40408e-07
6.43623e-06
8.33853e-07
3.47749e-06
5.45354e-07
3.09829e-06
3.26818e-06
4.31293e-07
4.67145e-07
1.60719e-06
6.09015e-07
4.02226e-07
1.12164e-06
1.0876e-07
3.74873e-08
5.24643e-08
4.27804e-08
3.28267e-10
3.46305e-08
3.67504e-08
3.6091e-08
1.73265e-11
3.69861e-08
3.67958e-08
4.15221e-08
4.59714e-08
4.54973e-08
6.6896e-12
5.28135e-08
3.9631e-12
5.56274e-08
5.44247e-08
1.80493e-12
3.81283e-12
2.96241e-08
2.49565e-08
2.0428e-08
1.57289e-08
1.15359e-08
6.76767e-09
3.29478e-09
1.69819e-09
8.97474e-10
4.32015e-10
2.29272e-10
3.94432e-11
7.29978e-11
3.64768e-11
1.89557e-11
3.38522e-12
1.3225e-09
1.80332e-12
4.24397e-11
1.6453e-11
1.73379e-08
1.91455e-10
1.12146e-10
1.02901e-10
9.36562e-11
5.02405e-10
4.31643e-10
4.01549e-10
3.71349e-10
1.19012e-07
3.44638e-10
3.2615e-10
3.17564e-10
3.17968e-10
3.29888e-10
3.42788e-10
3.62941e-10
3.90588e-10
4.21979e-10
5.20712e-08
4.55683e-10
4.45639e-10
4.1552e-10
3.7405e-10
3.44481e-10
3.12035e-10
3.01842e-10
3.0187e-10
3.23802e-10
3.58496e-10
4.02534e-10
6.25658e-07
4.31911e-10
4.27019e-10
4.27615e-10
4.1856e-10
4.22533e-10
4.2746e-10
4.31123e-10
4.42988e-10
4.55545e-10
6.22194e-07
6.67898e-06
2.2826e-06
2.8827e-06
2.93843e-08
2.39988e-06
3.43896e-07
1.29293e-06
1.65092e-06
2.79931e-07
2.86632e-07
1.2333e-06
3.05493e-07
3.08594e-07
4.01257e-07
3.03962e-06
2.637e-07
1.4816e-07
8.83798e-08
6.3021e-08
2.10204e-09
7.6863e-10
3.08195e-08
1.91653e-10
5.51119e-11
2.63148e-11
3.77518e-11
2.74296e-08
2.69349e-08
2.99772e-08
1.65422e-11
1.12197e-11
3.3117e-08
3.1833e-08
3.45122e-08
2.96133e-12
2.74698e-12
4.40385e-08
3.51901e-08
4.88038e-12
2.16704e-08
1.76193e-08
2.85944e-12
7.7925e-09
2.36922e-11
1.68829e-09
1.51086e-10
2.50636e-10
6.21789e-11
1.33562e-09
2.7185e-12
1.3942e-11
2.12772e-11
2.87866e-11
3.11035e-11
3.49306e-11
2.30557e-11
1.42625e-08
1.90492e-08
1.78603e-10
5.45352e-08
8.02314e-08
9.56561e-11
5.26205e-10
4.39013e-10
3.88221e-10
3.61074e-10
3.43092e-10
3.30152e-10
3.18865e-10
3.09869e-10
3.06457e-10
3.06357e-10
3.1281e-10
1.06842e-07
3.45653e-10
3.69969e-10
8.58568e-08
4.32454e-10
6.80136e-08
4.16636e-10
3.95e-10
3.58113e-10
3.34243e-10
3.05838e-10
1.68304e-07
3.07519e-10
3.37634e-10
3.68453e-10
5.53875e-07
4.28372e-10
4.37568e-10
4.33881e-10
4.32303e-10
4.26054e-10
4.29633e-10
4.31463e-10
4.3521e-10
4.49902e-10
4.624e-10
2.22075e-09
8.6097e-07
1.26342e-06
6.1061e-07
2.87197e-07
2.38605e-07
1.16603e-07
9.08269e-08
1.15478e-07
1.28779e-07
3.02659e-07
3.80509e-07
3.16463e-07
2.39353e-07
9.27885e-07
2.45608e-07
1.57517e-07
3.65912e-07
9.31468e-08
5.0259e-08
3.56681e-08
2.98009e-08
2.3937e-08
2.25359e-08
6.59475e-11
7.74269e-11
9.44008e-11
2.01799e-08
1.33752e-10
1.90345e-08
1.88958e-08
1.90566e-08
1.87252e-08
1.91456e-08
2.09943e-08
2.337e-08
2.29939e-08
2.26289e-08
4.74514e-12
2.06204e-08
1.98637e-12
1.47698e-12
3.90763e-12
4.2724e-09
1.63355e-09
5.91094e-10
6.9956e-11
5.00245e-14
4.77302e-11
1.11245e-10
1.05267e-11
3.38482e-09
3.75767e-09
3.92439e-09
8.06731e-12
6.92255e-12
1.70127e-08
3.05695e-08
1.12098e-10
7.33348e-08
1.06618e-07
1.59139e-07
4.8761e-10
4.45314e-10
3.91725e-10
3.5512e-10
3.29665e-10
3.19518e-10
3.11996e-10
3.08213e-10
3.03468e-10
3.01e-10
3.01407e-10
3.04504e-10
3.10984e-10
3.30768e-10
3.48081e-10
3.6724e-10
3.94885e-10
3.93822e-10
3.9173e-10
3.72766e-10
3.44349e-10
3.18684e-10
3.03162e-10
2.97903e-10
3.14145e-10
3.50894e-10
3.85415e-10
4.2068e-10
4.31445e-10
4.45459e-10
4.42194e-10
4.3852e-10
4.34294e-10
4.37942e-10
4.37052e-10
4.43009e-10
4.57714e-10
4.70944e-10
2.33433e-09
1.53798e-08
1.91918e-07
3.32683e-07
2.08725e-07
7.47346e-08
2.81793e-08
3.06865e-08
4.72971e-08
6.1202e-08
2.44496e-08
1.01024e-07
1.32405e-07
2.37379e-07
5.18677e-07
4.4255e-07
1.00241e-07
6.81169e-08
1.4713e-08
3.4756e-08
1.50252e-09
2.28991e-08
2.0138e-08
1.68666e-08
2.17042e-10
1.53475e-08
1.38783e-08
1.32335e-08
4.7814e-10
1.1091e-08
2.03782e-10
1.76571e-10
1.06709e-08
1.15519e-08
8.12283e-11
1.18837e-08
1.25707e-08
1.37152e-08
1.4315e-08
4.40877e-12
1.08209e-08
7.59885e-09
4.15214e-09
5.31803e-11
5.44646e-10
4.63154e-11
9.84935e-12
7.33673e-11
8.79396e-11
9.72249e-11
1.02074e-10
7.72667e-09
1.10259e-10
1.78667e-08
1.11455e-10
3.32667e-08
4.00244e-08
6.52698e-08
1.00839e-10
9.68258e-11
9.3415e-11
4.49862e-10
4.17254e-10
3.94334e-10
3.09394e-07
3.3496e-10
3.2374e-10
3.13756e-10
2.53578e-07
2.26863e-07
3.0137e-10
3.00453e-10
2.97525e-10
3.00034e-10
3.04576e-10
3.12038e-10
3.31712e-10
3.45344e-10
3.62535e-10
3.66065e-10
3.64787e-10
3.5297e-10
1.14311e-07
3.08915e-10
3.00748e-10
3.06893e-10
3.22424e-10
3.62748e-10
4.0228e-10
6.87166e-07
4.43596e-10
4.48488e-10
4.51854e-10
4.4182e-10
4.4283e-10
4.45317e-10
4.45854e-10
4.52059e-10
4.66893e-10
4.79745e-10
2.06244e-09
5.37302e-09
3.13135e-08
6.89469e-08
4.30947e-08
1.07042e-08
3.66687e-09
1.23442e-09
5.9099e-09
1.86875e-08
3.78061e-08
6.06912e-08
8.97974e-08
1.15008e-07
1.65063e-07
9.60006e-08
7.03573e-08
4.55526e-08
4.17293e-08
2.87517e-08
2.14159e-08
7.70065e-10
8.89474e-10
5.38128e-10
4.51907e-10
1.00636e-08
8.51291e-09
8.12201e-09
6.63057e-09
5.95707e-09
1.06022e-09
4.75272e-09
4.9275e-09
3.64506e-10
5.71776e-09
6.54134e-09
1.00521e-10
7.87891e-09
7.8585e-09
7.32014e-09
5.58733e-09
3.68908e-11
1.72847e-09
6.18242e-10
1.14827e-09
5.81203e-09
1.29949e-08
8.50069e-11
8.6072e-11
8.83005e-11
9.27419e-11
3.22743e-08
3.94473e-08
1.00586e-10
1.00431e-10
1.01196e-10
1.00882e-10
9.65587e-11
9.32844e-11
4.43111e-10
4.1528e-10
3.84624e-07
3.79038e-10
3.92353e-07
3.44481e-10
3.4017e-10
3.39053e-10
3.31082e-10
3.21357e-10
3.15525e-10
2.71608e-07
3.10798e-10
3.07515e-10
3.01975e-10
3.00357e-10
3.06485e-10
3.12412e-10
3.24378e-10
3.41441e-10
1.20643e-07
3.45882e-10
3.39223e-10
3.16094e-10
3.05831e-10
3.0226e-10
3.15623e-10
3.42616e-10
3.7602e-10
4.14738e-10
4.43339e-10
4.55575e-10
4.51584e-10
4.58994e-10
4.48915e-10
4.52807e-10
4.54031e-10
4.55951e-10
4.618e-10
4.77173e-10
4.88686e-10
1.91398e-09
3.3983e-09
1.46925e-08
3.13256e-08
2.90837e-08
2.4127e-08
1.90801e-08
1.00442e-08
2.67711e-09
4.08224e-10
1.00327e-08
1.31351e-09
5.88635e-08
2.09522e-08
8.34706e-08
7.09046e-08
5.58929e-08
3.88346e-08
2.95536e-08
2.22848e-08
1.58555e-08
2.45734e-09
1.00763e-08
8.73528e-09
6.6607e-09
5.72466e-09
4.56367e-09
1.63052e-09
3.72742e-09
2.54657e-09
2.63374e-09
2.48304e-09
1.97461e-09
2.28586e-09
8.79028e-10
3.29704e-09
3.77223e-09
4.22842e-09
4.52398e-09
3.86941e-09
2.52217e-09
1.34998e-09
5.28227e-10
2.49754e-09
1.15316e-11
7.58406e-11
4.79803e-10
4.33313e-10
4.47642e-10
4.72203e-10
7.65144e-08
9.11247e-08
1.01655e-07
9.17087e-11
1.33239e-07
9.28124e-11
5.05979e-10
2.46851e-07
4.16055e-10
3.94965e-10
3.80021e-10
3.60859e-10
3.58402e-10
3.54269e-10
3.59416e-10
3.62645e-10
3.6813e-10
3.59084e-10
3.4516e-10
3.33027e-10
3.25283e-10
3.19564e-10
3.16365e-10
3.1172e-10
3.05465e-10
3.02551e-10
1.87334e-07
3.11977e-10
3.19103e-10
3.25333e-10
3.25712e-10
3.20917e-10
1.728e-07
3.02784e-10
3.11526e-10
3.23529e-10
3.59931e-10
3.97058e-10
4.23155e-10
4.50885e-10
4.6644e-10
4.64006e-10
4.67363e-10
4.62169e-10
4.64044e-10
4.64221e-10
4.69346e-10
4.74987e-10
4.88252e-10
4.99072e-10
1.8819e-09
2.3818e-09
6.47954e-09
1.70612e-08
2.20105e-08
2.02635e-08
2.21716e-08
2.34236e-08
1.20458e-08
2.2911e-09
2.41853e-11
8.73144e-09
2.69562e-08
4.56776e-08
5.16563e-08
4.56691e-08
3.73212e-08
2.96828e-09
2.14551e-08
1.56261e-08
1.08899e-08
7.87135e-09
6.06315e-09
4.7338e-09
3.68441e-09
1.62814e-09
2.37915e-09
1.91651e-09
1.47403e-09
1.19459e-09
9.08322e-10
7.81109e-10
8.86331e-10
1.11658e-09
1.48919e-09
1.47422e-09
1.89895e-09
8.4465e-12
2.16986e-09
1.77226e-09
9.61837e-10
3.64591e-10
3.90354e-09
3.03051e-12
7.05122e-11
4.18594e-10
9.17987e-08
3.54676e-10
3.6357e-10
3.86484e-10
4.29869e-10
4.50827e-10
4.54215e-10
4.57224e-10
4.42173e-10
4.2355e-10
4.13356e-10
3.96163e-10
3.8116e-10
3.6256e-10
3.6005e-10
3.62641e-10
3.75941e-10
3.81946e-10
6.82181e-07
4.0604e-10
3.97565e-10
3.85518e-10
3.73149e-10
3.62262e-10
3.53335e-10
3.46896e-10
3.37962e-10
3.21413e-10
3.15083e-10
3.07238e-10
3.03676e-10
3.07232e-10
3.11268e-10
3.1328e-10
3.14248e-10
3.13177e-10
3.06349e-10
3.09026e-10
3.2052e-10
3.47606e-10
3.73587e-10
6.20179e-07
4.42539e-10
4.62059e-10
4.72663e-10
4.77283e-10
4.74192e-10
4.73371e-10
4.73789e-10
4.74696e-10
4.83466e-10
4.89028e-10
5.00031e-10
5.10607e-10
1.91714e-09
2.24368e-09
3.22784e-09
6.97652e-09
9.4677e-09
9.25734e-09
1.29788e-08
2.23596e-08
2.33197e-08
9.13327e-09
9.17729e-10
1.65873e-10
8.46079e-09
4.15192e-10
3.22181e-08
7.41691e-10
8.99379e-10
1.99514e-08
2.54526e-09
9.34545e-09
5.40415e-09
4.64697e-09
3.17307e-09
2.00861e-09
5.81618e-09
4.21605e-09
7.28293e-10
4.37253e-10
3.85845e-10
2.67347e-10
1.76529e-10
1.24991e-10
2.18162e-10
2.32253e-10
4.1757e-10
6.56222e-10
4.88503e-12
8.61964e-10
8.36763e-10
5.13913e-10
2.2608e-10
5.46423e-09
6.90804e-12
2.88273e-10
3.66908e-10
3.40067e-10
3.15201e-10
3.11438e-10
3.19052e-10
3.35223e-10
2.64571e-07
3.72503e-10
3.77765e-10
3.38785e-07
3.72286e-07
3.77367e-10
3.66459e-10
3.62084e-10
5.75588e-07
3.66321e-10
3.79111e-10
3.95407e-10
4.2056e-10
4.33445e-10
4.40297e-10
4.45929e-10
4.35457e-10
4.21406e-10
4.04003e-10
3.84827e-10
5.01095e-07
3.63121e-10
3.57417e-10
3.45406e-10
3.28098e-10
3.17654e-10
3.12651e-10
3.08643e-10
3.08562e-10
3.10098e-10
2.24723e-07
2.23411e-07
3.0941e-10
3.20918e-10
3.37085e-10
3.69741e-10
3.99011e-10
4.27284e-10
4.59818e-10
4.77513e-10
4.80857e-10
4.88472e-10
4.82676e-10
4.8659e-10
4.84928e-10
4.89962e-10
4.9819e-10
5.05517e-10
5.14351e-10
5.26602e-10
1.98851e-09
2.33128e-09
2.68221e-09
3.56825e-09
4.17641e-09
4.385e-09
7.37189e-09
1.66754e-08
2.66302e-08
1.95487e-08
4.76332e-09
6.0292e-10
7.97768e-10
8.59158e-09
1.56103e-08
1.71125e-08
1.36173e-08
1.07128e-08
6.73983e-09
4.91787e-09
3.24353e-09
1.89191e-09
1.55549e-08
7.76278e-10
4.62673e-10
5.46355e-09
1.51004e-10
6.22048e-10
4.48286e-11
4.29887e-11
8.64602e-11
1.47387e-10
1.53864e-10
1.33139e-10
9.40223e-11
7.83796e-11
1.15532e-10
1.99575e-10
1.6719e-10
9.32095e-11
7.12966e-12
1.36757e-10
2.84276e-10
3.41118e-10
3.07785e-10
2.58497e-07
3.07885e-10
3.15264e-10
3.22604e-10
3.26086e-10
4.04501e-07
3.45446e-10
3.49386e-10
3.54188e-10
3.55943e-10
3.56498e-10
3.63907e-10
3.75244e-10
3.86688e-10
8.58743e-07
4.22787e-10
4.43542e-10
4.68643e-10
4.80669e-10
4.78832e-10
4.6929e-10
4.56487e-10
4.38449e-10
4.22879e-10
4.10327e-10
4.0032e-10
3.89924e-10
3.75837e-10
3.61026e-10
3.51247e-10
3.32559e-10
3.24666e-10
3.2183e-10
3.18262e-10
3.15854e-10
3.12787e-10
2.89953e-07
3.23973e-10
3.35176e-10
3.64216e-10
3.88528e-10
4.27196e-10
4.48456e-10
4.70208e-10
4.92009e-10
4.96008e-10
4.99721e-10
4.9843e-10
4.99245e-10
4.96824e-10
5.05875e-10
5.14225e-10
5.22441e-10
5.30043e-10
5.44975e-10
2.08967e-09
2.49356e-09
2.64972e-09
2.69265e-09
2.69036e-09
2.81109e-09
5.55435e-09
1.44702e-08
2.63754e-08
2.76597e-08
1.25652e-08
2.1323e-09
1.41366e-10
1.20748e-09
4.35695e-09
6.41803e-09
1.72722e-08
2.84732e-08
3.21644e-09
4.30068e-08
9.28133e-10
4.40067e-10
2.12876e-10
1.18312e-10
7.65345e-11
2.13901e-12
9.83365e-10
9.03461e-11
7.84188e-10
1.17077e-10
9.82656e-11
1.41371e-10
7.69064e-10
1.95877e-10
2.01407e-10
1.34076e-10
6.57153e-11
8.62774e-10
8.05649e-11
9.15052e-09
1.42065e-10
2.25279e-10
3.17061e-10
2.36714e-07
3.03407e-10
3.19291e-10
5.11985e-07
3.47116e-10
5.63097e-07
3.58956e-10
6.15432e-07
3.69898e-10
3.71672e-10
3.74155e-10
7.34526e-07
3.83679e-10
4.01561e-10
4.22198e-10
4.38959e-10
4.523e-10
4.69113e-10
4.85618e-10
5.02771e-10
1.21218e-06
5.08928e-10
4.9311e-10
4.75498e-10
4.61794e-10
4.45296e-10
4.26871e-10
4.11712e-10
4.07631e-10
3.97515e-10
3.84023e-10
3.65751e-10
3.59147e-10
3.48155e-10
3.34282e-10
3.31941e-10
3.30913e-10
3.28948e-10
3.29595e-10
4.22697e-07
3.66573e-10
3.86657e-10
4.22378e-10
4.46326e-10
4.7499e-10
4.85901e-10
4.9922e-10
5.11481e-10
5.07434e-10
5.12717e-10
5.10858e-10
5.13159e-10
5.22188e-10
5.31656e-10
5.38144e-10
5.50015e-10
5.63648e-10
2.22721e-09
2.58617e-09
2.49758e-09
2.3598e-09
2.45351e-09
3.13211e-09
8.64514e-09
1.98624e-08
2.99477e-08
3.27286e-08
2.145e-08
6.81945e-09
1.08056e-09
3.69722e-11
6.43301e-10
5.60809e-08
1.99923e-09
1.34057e-09
6.14951e-08
2.65574e-10
8.16654e-11
3.42497e-11
1.59206e-11
1.93816e-08
3.02762e-12
1.37591e-11
3.78597e-11
1.25646e-10
1.80736e-09
8.9566e-11
5.59462e-11
6.36717e-11
8.9277e-11
1.32071e-10
2.23389e-10
1.86813e-10
2.54679e-10
2.09839e-10
2.07612e-10
5.30498e-08
2.05226e-10
2.05814e-07
2.80885e-10
4.83711e-07
6.23874e-07
3.43668e-10
3.59932e-10
3.73092e-10
3.93482e-10
7.97372e-07
4.15724e-10
4.17511e-10
4.18125e-10
4.22732e-10
4.2694e-10
4.34665e-10
4.54221e-10
4.74376e-10
4.8581e-10
4.91103e-10
4.99206e-10
5.12966e-10
5.25633e-10
5.28733e-10
5.2329e-10
5.06712e-10
4.89324e-10
4.72313e-10
4.58622e-10
4.44572e-10
4.34813e-10
4.22424e-10
4.08518e-10
4.03274e-10
3.9437e-10
3.77131e-10
3.7394e-10
3.65251e-10
3.55567e-10
3.49614e-10
3.44507e-10
3.47246e-10
3.722e-10
3.92005e-10
4.1588e-10
4.49091e-10
4.74004e-10
4.91525e-10
5.0545e-10
5.14794e-10
5.24152e-10
5.23649e-10
5.29123e-10
5.24685e-10
5.31151e-10
5.40112e-10
5.49065e-10
5.55667e-10
5.7072e-10
5.83933e-10
2.39221e-09
2.57555e-09
2.42368e-09
2.82069e-09
3.00885e-09
4.99973e-09
2.09603e-08
4.44441e-08
4.33669e-08
3.87074e-08
2.85635e-08
1.3197e-08
3.55333e-09
8.01884e-10
6.10041e-11
2.12585e-11
6.01277e-11
1.97499e-11
8.58457e-12
1.65454e-11
7.23325e-11
6.82106e-11
4.0959e-11
2.54022e-11
5.09889e-12
2.32933e-12
8.9284e-12
1.01778e-10
3.57816e-09
5.54023e-11
7.61986e-09
1.06957e-11
2.89633e-11
7.74917e-11
1.57557e-10
1.93983e-09
2.7859e-10
1.11235e-08
2.45137e-10
1.94482e-10
1.91647e-10
2.28722e-10
2.85952e-10
3.10609e-10
3.21008e-10
3.31976e-10
3.47929e-10
1.09464e-06
3.9972e-10
4.25099e-10
4.34166e-10
4.39497e-10
4.49544e-10
4.60355e-10
4.66543e-10
4.72164e-10
4.88621e-10
5.06284e-10
1.5227e-06
5.13971e-10
5.14242e-10
1.61994e-06
5.40541e-10
5.43329e-10
5.32748e-10
5.15151e-10
4.99807e-10
4.88836e-10
4.73489e-10
4.54739e-10
4.46518e-10
4.38032e-10
4.29251e-10
4.17563e-10
4.15226e-10
4.09754e-10
3.96867e-10
3.87771e-10
3.85548e-10
3.82837e-10
3.81594e-10
3.8612e-10
4.00377e-10
4.23243e-10
4.49932e-10
4.70773e-10
5.0296e-10
5.13051e-10
5.20938e-10
5.34451e-10
5.35784e-10
5.40816e-10
5.41587e-10
5.41244e-10
5.49259e-10
5.59293e-10
5.66362e-10
5.78199e-10
5.91074e-10
6.06568e-10
2.5901e-09
2.2974e-09
2.90356e-09
3.28611e-09
3.73407e-09
1.14276e-08
5.27858e-08
1.03235e-07
7.59147e-08
4.93126e-08
3.43863e-08
1.9387e-08
7.4857e-09
2.50616e-09
9.26601e-10
5.50449e-10
4.26255e-10
3.54022e-10
2.8672e-10
2.92099e-10
2.46413e-10
1.63225e-10
9.54292e-11
4.84407e-11
2.92609e-11
9.44843e-12
4.06445e-08
2.10235e-11
2.52224e-08
1.88551e-08
7.64444e-13
9.16328e-13
1.33732e-12
3.57514e-11
1.01989e-10
1.63546e-10
2.24475e-10
5.05037e-08
2.05142e-10
1.66194e-10
1.79641e-10
2.26497e-10
2.64254e-10
2.76142e-10
1.36023e-06
2.83206e-10
3.04094e-10
3.42983e-10
3.75641e-10
4.09519e-10
4.17243e-10
4.30925e-10
4.51872e-10
4.72728e-10
4.81458e-10
4.8561e-10
5.01283e-10
5.16529e-10
5.18315e-10
5.21228e-10
5.20674e-10
5.30265e-10
5.39948e-10
5.46446e-10
5.38099e-10
5.23055e-10
5.08736e-10
4.96682e-10
4.84885e-10
4.72252e-10
4.61455e-10
4.48585e-10
4.41576e-10
4.40066e-10
4.33625e-10
4.29729e-10
4.27125e-10
4.19653e-10
4.11936e-10
4.06431e-10
4.08974e-10
4.13811e-10
4.35186e-10
4.58442e-10
4.71089e-10
5.044e-10
5.22003e-10
5.39944e-10
5.37036e-10
5.5022e-10
5.51957e-10
5.59952e-10
5.56728e-10
5.61621e-10
5.69245e-10
5.77363e-10
5.85938e-10
6.01603e-10
6.131e-10
6.30347e-10
2.63609e-09
2.72215e-09
3.47257e-09
4.67658e-09
9.00211e-09
2.96281e-08
1.13083e-07
2.13921e-07
1.47276e-07
7.02294e-08
4.12019e-08
2.47856e-08
1.21869e-08
5.46933e-09
2.66572e-09
1.77037e-09
1.35577e-09
1.08176e-09
8.68495e-10
7.27554e-10
5.19453e-10
2.89357e-10
1.78832e-10
9.62557e-11
4.89823e-11
2.94343e-11
5.93145e-12
1.46672e-07
8.05074e-12
8.8432e-12
6.69057e-12
9.4097e-12
1.27242e-12
8.4068e-12
5.96936e-11
1.19701e-10
1.79517e-10
2.0824e-10
1.57922e-10
1.47734e-10
1.72572e-10
1.88992e-10
1.96925e-10
1.96823e-10
1.97016e-10
2.05991e-10
2.3413e-10
2.82843e-10
3.23474e-10
3.66174e-10
3.72559e-10
3.96958e-10
4.29505e-10
4.58641e-10
4.71676e-10
4.74445e-10
4.95949e-10
5.09881e-10
5.08813e-10
5.11722e-10
5.1544e-10
5.2759e-10
5.36067e-10
5.42446e-10
5.37315e-10
5.26251e-10
5.18206e-10
5.07919e-10
4.97108e-10
4.82306e-10
1.30766e-06
4.6566e-10
4.56206e-10
4.52731e-10
4.56258e-10
4.52229e-10
4.44497e-10
4.48502e-10
4.47627e-10
4.48994e-10
4.50289e-10
4.60475e-10
4.72571e-10
4.81694e-10
5.0813e-10
5.29106e-10
5.50449e-10
5.60049e-10
5.63141e-10
5.65681e-10
5.72035e-10
5.75141e-10
5.7499e-10
5.81874e-10
5.90139e-10
5.96643e-10
6.11785e-10
6.24898e-10
6.39102e-10
6.54744e-10
7.2132e-10
3.62904e-09
9.91676e-09
1.98946e-08
3.13797e-08
6.41325e-08
1.84415e-07
3.7387e-07
2.83468e-07
1.13783e-07
5.28468e-08
3.06767e-08
1.72805e-08
9.49948e-09
5.65223e-09
4.06014e-09
3.15525e-09
2.47383e-09
1.91908e-09
1.45488e-09
9.53719e-10
4.30812e-10
1.46448e-07
1.85276e-10
2.95371e-07
8.1527e-11
4.41514e-11
3.19706e-11
2.57436e-07
2.90253e-11
2.30041e-11
5.1775e-12
8.00771e-12
6.32717e-14
2.38147e-11
7.60247e-11
1.41103e-10
1.45672e-10
1.18382e-10
1.1199e-10
1.39756e-06
1.02658e-10
9.62565e-11
8.98849e-11
9.18937e-11
1.08165e-10
1.43291e-10
2.00085e-10
2.46783e-10
2.88984e-10
3.0698e-10
3.41491e-10
3.83092e-10
4.20814e-10
4.39837e-10
2.26558e-06
4.69885e-10
4.85856e-10
4.84641e-10
4.8921e-10
4.96977e-10
5.07823e-10
5.22989e-10
5.33913e-10
5.34225e-10
5.27435e-10
5.21941e-10
5.16034e-10
5.10326e-10
4.98672e-10
4.87108e-10
4.77333e-10
4.75238e-10
4.72656e-10
4.70538e-10
4.75924e-10
4.75756e-10
4.72941e-10
4.69089e-10
4.76912e-10
4.84525e-10
4.89828e-10
5.01934e-10
5.21387e-10
5.37644e-10
5.54957e-10
5.79271e-10
5.83132e-10
5.85062e-10
5.85231e-10
5.93876e-10
5.9265e-10
5.97507e-10
6.04365e-10
6.09188e-10
6.2138e-10
6.36278e-10
6.50791e-10
6.65802e-10
6.80185e-10
3.75751e-10
1.46812e-08
6.13768e-08
7.65072e-08
7.90035e-08
1.03333e-07
2.2855e-07
5.3151e-07
5.00071e-07
2.17008e-07
7.80345e-08
4.03465e-08
2.38316e-08
1.48514e-08
9.96727e-09
7.53178e-09
5.90276e-09
4.56366e-09
3.44768e-09
2.50753e-09
1.63262e-09
9.00848e-10
6.65927e-10
4.69238e-10
3.55975e-10
3.33244e-10
2.161e-10
1.14276e-10
7.3379e-11
6.06312e-11
3.49789e-11
1.25579e-07
8.67143e-12
2.28948e-12
1.8275e-12
2.78473e-11
5.38726e-07
7.03771e-11
4.88647e-11
3.2502e-11
1.53554e-11
1.86562e-11
2.59463e-06
5.4042e-12
7.38955e-12
1.96298e-11
4.94578e-11
1.02725e-10
1.53141e-10
1.97877e-10
2.25959e-10
2.69175e-10
3.16676e-10
3.59755e-10
3.85182e-10
3.9921e-10
4.24824e-10
4.43253e-10
4.47152e-10
4.60018e-10
4.71747e-10
4.84275e-10
5.03191e-10
5.19148e-10
5.26208e-10
5.28121e-10
5.27545e-10
5.25571e-10
5.21901e-10
5.13065e-10
5.04131e-10
4.94435e-10
4.8894e-10
4.9255e-10
4.94789e-10
4.94505e-10
4.99242e-10
5.04818e-10
5.05585e-10
5.09474e-10
5.16453e-10
5.26791e-10
5.42297e-10
5.5084e-10
5.63992e-10
5.88123e-10
5.9781e-10
6.12148e-10
6.03937e-10
6.08771e-10
6.1094e-10
6.14583e-10
6.19696e-10
6.26427e-10
6.30462e-10
6.47835e-10
6.6211e-10
6.78166e-10
6.92442e-10
7.06478e-10
1.43668e-07
1.44645e-07
1.41517e-07
1.16532e-07
9.77741e-08
1.04091e-07
2.00839e-07
5.631e-07
8.20795e-07
5.20743e-07
2.27745e-07
1.04125e-07
5.75697e-08
3.73432e-08
2.64522e-08
1.96674e-08
1.45568e-08
1.07076e-08
7.93781e-09
6.13105e-09
4.8961e-09
4.18999e-09
4.07667e-09
4.03167e-09
3.8293e-09
3.20403e-09
2.01164e-09
1.05477e-09
5.53075e-10
2.67878e-10
1.10113e-10
3.53385e-11
1.43144e-11
1.03107e-11
7.92762e-07
4.74581e-12
6.97673e-13
1.74577e-12
8.57692e-12
1.03018e-11
1.46052e-11
1.18911e-11
1.56999e-11
1.54649e-11
1.06015e-11
6.95982e-12
5.09692e-12
4.64133e-14
9.80542e-12
4.1824e-11
7.41714e-11
1.23116e-10
1.77541e-10
2.27407e-10
2.6393e-10
2.92633e-10
3.1949e-10
3.42081e-10
3.58545e-10
3.79013e-10
4.03713e-10
4.26518e-10
4.56823e-10
4.83602e-10
5.03814e-10
5.18636e-10
5.30686e-10
5.40793e-10
5.41927e-10
5.3729e-10
5.30242e-10
5.22782e-10
5.21765e-10
5.24633e-10
5.28563e-10
5.37261e-10
5.42744e-10
5.46163e-10
5.48936e-10
5.55606e-10
5.66921e-10
5.76341e-10
5.90598e-10
6.05696e-10
6.20621e-10
6.3143e-10
6.49713e-10
6.4784e-10
6.48968e-10
6.46204e-10
6.4795e-10
6.55681e-10
6.58109e-10
6.63261e-10
6.76298e-10
6.91607e-10
7.08505e-10
7.23191e-10
7.3839e-10
7.56223e-10
3.63311e-08
5.64559e-08
7.5663e-08
9.08432e-08
1.01119e-07
1.15791e-07
1.65193e-07
3.76594e-07
9.06835e-07
1.21242e-06
9.7266e-07
6.24596e-07
3.88215e-07
2.54249e-07
1.69559e-07
1.11721e-07
7.33482e-08
5.06298e-08
4.02161e-08
3.78665e-08
4.08134e-08
4.70151e-08
5.20006e-08
5.0367e-08
4.06226e-08
2.7345e-08
1.50489e-08
7.1688e-09
3.10257e-09
1.18441e-09
4.20903e-10
1.58266e-10
5.07311e-11
3.02673e-11
4.00706e-11
4.202e-11
3.95634e-11
4.72929e-11
6.53423e-11
6.67549e-11
6.62032e-11
6.79045e-11
6.66166e-11
7.64018e-11
6.0641e-11
7.37856e-12
3.42867e-12
2.37739e-11
9.45679e-12
7.3154e-12
3.82768e-12
4.89803e-14
9.45003e-12
3.83993e-11
7.53355e-11
1.10265e-10
1.44821e-10
1.78654e-10
2.14749e-10
2.5165e-10
2.95054e-10
3.39121e-10
3.83827e-10
4.26043e-10
4.64461e-10
4.97933e-10
5.30328e-10
5.53243e-10
5.66626e-10
5.70848e-10
5.71685e-10
5.68848e-10
5.71553e-10
5.7836e-10
5.87198e-10
5.96884e-10
6.06346e-10
6.12667e-10
6.18613e-10
6.30609e-10
6.43334e-10
6.52174e-10
6.65691e-10
6.79784e-10
6.92926e-10
7.03756e-10
7.12476e-10
7.17067e-10
7.06701e-10
7.09278e-10
7.14165e-10
7.13613e-10
7.19308e-10
7.30962e-10
7.42602e-10
7.58528e-10
7.74937e-10
7.9466e-10
8.1171e-10
8.26034e-10
5.40325e-09
1.57733e-08
3.05337e-08
5.13046e-08
7.42974e-08
9.62733e-08
1.23346e-07
1.80566e-07
3.58309e-07
7.41207e-07
1.20803e-06
1.60623e-06
1.70018e-06
1.45334e-06
1.05443e-06
7.01699e-07
4.73815e-07
3.60536e-07
3.24312e-07
3.32404e-07
3.55406e-07
3.625e-07
3.31078e-07
2.62527e-07
1.77569e-07
1.04246e-07
5.46729e-08
2.64297e-08
1.20776e-08
5.18163e-09
2.09685e-09
8.84749e-10
4.70632e-10
3.21209e-10
2.84641e-10
2.61642e-10
2.59799e-10
2.82121e-10
3.14741e-10
3.19233e-10
2.77991e-10
2.54595e-10
2.17659e-10
1.42324e-10
6.2832e-11
2.22096e-11
6.31227e-11
8.07925e-11
7.55622e-12
4.37549e-12
2.86036e-11
1.37922e-11
5.52661e-12
9.57562e-12
1.18844e-12
4.25192e-14
4.63888e-12
2.30024e-11
5.8993e-11
1.07701e-10
1.6882e-10
2.33177e-10
2.96955e-10
3.56842e-10
4.12235e-10
4.66494e-10
5.15757e-10
5.55121e-10
5.82509e-10
6.06492e-10
6.17449e-10
6.23308e-10
6.32594e-10
6.44461e-10
6.57725e-10
6.70583e-10
6.81777e-10
6.9054e-10
7.02159e-10
7.15874e-10
7.30534e-10
7.39792e-10
7.47291e-10
7.62556e-10
7.7096e-10
7.83767e-10
7.84945e-10
7.87442e-10
7.8537e-10
7.80619e-10
7.86322e-10
7.90458e-10
7.93582e-10
8.07555e-10
8.16579e-10
8.35404e-10
8.57413e-10
8.74235e-10
8.93432e-10
9.0811e-10
1.32376e-09
5.60409e-09
1.32834e-08
2.42166e-08
3.977e-08
5.75432e-08
7.84066e-08
1.06208e-07
1.5339e-07
2.36917e-07
4.00453e-07
7.35556e-07
1.20959e-06
1.60826e-06
1.77186e-06
1.69395e-06
1.52101e-06
1.36931e-06
1.26984e-06
1.19341e-06
1.10694e-06
9.78969e-07
8.02909e-07
5.98637e-07
4.00352e-07
2.42756e-07
1.38362e-07
7.57924e-08
4.07533e-08
2.18037e-08
1.19647e-08
7.05013e-09
4.78388e-09
3.80017e-09
3.53883e-09
3.34743e-09
3.1763e-09
3.11137e-09
2.90728e-09
2.45055e-09
1.88635e-09
1.48567e-09
1.10938e-09
7.5526e-10
4.81735e-10
2.74746e-10
1.22375e-10
3.44651e-11
3.97433e-11
1.10298e-10
5.89117e-11
1.81391e-12
9.145e-12
3.33807e-11
1.86959e-11
6.66154e-12
7.29393e-12
8.02102e-12
7.99314e-15
5.57607e-12
4.3299e-11
1.12129e-10
1.95232e-10
2.77475e-10
3.546e-10
4.26639e-10
4.90209e-10
5.45077e-10
5.96855e-10
6.35947e-10
6.63473e-10
6.83634e-10
7.06266e-10
7.2381e-10
7.41555e-10
7.57735e-10
7.72508e-10
7.84461e-10
7.97291e-10
8.07081e-10
8.2404e-10
8.35149e-10
8.44685e-10
8.52345e-10
8.62108e-10
8.69701e-10
8.73774e-10
8.68453e-10
8.69716e-10
8.69682e-10
8.7524e-10
8.78082e-10
8.81678e-10
8.98369e-10
9.09664e-10
9.28527e-10
9.49459e-10
9.65841e-10
9.82048e-10
9.97819e-10
3.87353e-10
2.42343e-09
6.21591e-09
1.22537e-08
1.95516e-08
2.91651e-08
4.13751e-08
5.70538e-08
7.93401e-08
1.12062e-07
1.66753e-07
2.69275e-07
4.4662e-07
6.91564e-07
9.70061e-07
1.17233e-06
1.27881e-06
1.31758e-06
1.31597e-06
1.28205e-06
1.21759e-06
1.11967e-06
9.81794e-07
8.01504e-07
5.95662e-07
4.11671e-07
2.72066e-07
1.75652e-07
1.13528e-07
7.52439e-08
5.24736e-08
3.97528e-08
3.29788e-08
2.93095e-08
2.737e-08
2.5111e-08
2.24246e-08
1.96671e-08
1.62267e-08
1.24238e-08
8.95562e-09
6.28469e-09
4.14855e-09
2.54603e-09
1.51569e-09
9.12652e-10
5.59629e-10
3.23028e-10
1.51486e-10
4.68995e-11
3.18362e-11
1.04745e-10
1.16825e-10
2.48659e-11
5.03986e-13
1.8863e-11
3.59195e-11
1.38868e-11
5.77679e-12
9.75084e-12
5.30469e-15
1.73915e-11
8.68486e-11
1.84904e-10
2.86226e-10
3.77852e-10
4.57501e-10
5.31897e-10
6.00058e-10
6.56374e-10
7.01989e-10
7.46952e-10
7.80129e-10
8.08237e-10
8.31614e-10
8.56901e-10
8.74766e-10
8.89613e-10
9.03841e-10
9.16746e-10
9.3122e-10
9.42333e-10
9.50383e-10
9.56877e-10
9.59955e-10
9.68048e-10
9.67881e-10
9.69321e-10
9.69031e-10
9.68287e-10
9.75016e-10
9.79985e-10
9.86745e-10
1.0013e-09
1.01372e-09
1.03129e-09
1.04932e-09
1.06613e-09
1.07978e-09
1.09344e-09
0
1.35668e-09
3.11994e-09
6.07911e-09
1.00857e-08
1.53201e-08
2.12399e-08
2.89306e-08
4.02253e-08
5.57633e-08
7.88831e-08
1.1839e-07
1.84465e-07
2.79404e-07
3.93691e-07
5.07444e-07
5.95789e-07
6.82511e-07
7.71029e-07
8.51525e-07
8.97769e-07
9.02132e-07
8.61751e-07
7.83145e-07
6.71512e-07
5.39802e-07
4.17253e-07
3.16557e-07
2.40607e-07
1.86878e-07
1.51034e-07
1.27924e-07
1.12414e-07
1.00552e-07
9.00343e-08
7.87966e-08
6.68508e-08
5.50119e-08
4.31571e-08
3.22697e-08
2.3177e-08
1.6094e-08
1.0674e-08
6.69753e-09
4.02377e-09
2.36858e-09
1.4226e-09
8.86794e-10
5.56022e-10
3.24302e-10
1.55732e-10
5.13698e-11
3.31918e-11
1.07111e-10
1.44163e-10
4.00376e-11
5.3477e-13
2.7679e-11
3.31059e-11
7.3513e-12
1.24847e-11
1.9929e-13
1.15575e-11
8.56964e-11
1.99832e-10
3.15286e-10
4.18646e-10
5.10396e-10
5.9128e-10
6.63376e-10
7.34658e-10
7.96051e-10
8.44215e-10
8.83746e-10
9.24299e-10
9.55564e-10
9.80777e-10
9.989e-10
1.01208e-09
1.02653e-09
1.04127e-09
1.05253e-09
1.06135e-09
1.06865e-09
1.07204e-09
1.07493e-09
1.07476e-09
1.07904e-09
1.08004e-09
1.08288e-09
1.08805e-09
1.09281e-09
1.10103e-09
1.11368e-09
1.12716e-09
1.14232e-09
1.15782e-09
1.17241e-09
1.18607e-09
1.19847e-09
0
6.23411e-10
1.6223e-09
3.02685e-09
5.34574e-09
7.75234e-09
1.11157e-08
1.56352e-08
2.0963e-08
2.81675e-08
3.85101e-08
5.47514e-08
7.94507e-08
1.15525e-07
1.62597e-07
2.1852e-07
2.80437e-07
3.48153e-07
4.1453e-07
4.85286e-07
5.45446e-07
5.70076e-07
6.2969e-07
6.26368e-07
6.02063e-07
5.53749e-07
4.91017e-07
4.19096e-07
3.5545e-07
3.04251e-07
2.64029e-07
2.32263e-07
2.05521e-07
1.80854e-07
1.56874e-07
1.33307e-07
1.10463e-07
8.89831e-08
6.94558e-08
5.2531e-08
3.86277e-08
2.76539e-08
1.91541e-08
1.27716e-08
8.1856e-09
5.0637e-09
3.07733e-09
1.88267e-09
1.18965e-09
7.70847e-10
4.9051e-10
2.79049e-10
1.21914e-10
3.79002e-11
5.60908e-11
1.58289e-10
1.07694e-10
4.1992e-12
1.58287e-11
4.24566e-11
9.6359e-12
1.32459e-11
2.53342e-13
1.41697e-11
1.01519e-10
2.31011e-10
3.59951e-10
4.72426e-10
5.68735e-10
6.60819e-10
7.45189e-10
8.2118e-10
8.83676e-10
9.42944e-10
9.95196e-10
1.03709e-09
1.07049e-09
1.09475e-09
1.10722e-09
1.12801e-09
1.14659e-09
1.16166e-09
1.1708e-09
1.17718e-09
1.18038e-09
1.18863e-09
1.19165e-09
1.19579e-09
1.20085e-09
1.20382e-09
1.20733e-09
1.2132e-09
1.22276e-09
1.23366e-09
1.24676e-09
1.26066e-09
1.27396e-09
1.28554e-09
1.29659e-09
1.30665e-09
0
4.08687e-13
8.6731e-10
1.65757e-09
2.4969e-09
4.03539e-09
5.96212e-09
7.95787e-09
1.07977e-08
1.50155e-08
2.02693e-08
2.72113e-08
3.71461e-08
5.10577e-08
7.0379e-08
9.50579e-08
1.24999e-07
1.61567e-07
2.05968e-07
2.60887e-07
3.22746e-07
3.82772e-07
4.25037e-07
4.41157e-07
4.22734e-07
4.07469e-07
3.96379e-07
3.65163e-07
3.31009e-07
3.01949e-07
2.75093e-07
2.48091e-07
2.2142e-07
1.94014e-07
1.6681e-07
1.40991e-07
1.1705e-07
9.5631e-08
7.67734e-08
6.03655e-08
4.65084e-08
3.49848e-08
2.56656e-08
1.82542e-08
1.25547e-08
8.33285e-09
5.35029e-09
3.36479e-09
2.11584e-09
1.36345e-09
9.03676e-10
5.91972e-10
3.55708e-10
1.69988e-10
5.33759e-11
4.71477e-11
1.62417e-10
1.28426e-10
4.73845e-12
1.98404e-11
4.44491e-11
8.8856e-12
1.5858e-11
2.56024e-14
2.16999e-11
1.25411e-10
2.68005e-10
4.05375e-10
5.26477e-10
6.32541e-10
7.27658e-10
8.14803e-10
8.93823e-10
9.65912e-10
1.02813e-09
1.08146e-09
1.12515e-09
1.15794e-09
1.18365e-09
1.21467e-09
1.24121e-09
1.26039e-09
1.27397e-09
1.28368e-09
1.28809e-09
1.29825e-09
1.30561e-09
1.31382e-09
1.32155e-09
1.32493e-09
1.32933e-09
1.33777e-09
1.34795e-09
1.35768e-09
1.36887e-09
1.37971e-09
1.38952e-09
1.39853e-09
1.40577e-09
1.4152e-09
0
0
1.86641e-11
8.42885e-10
1.58436e-09
2.06807e-09
2.80701e-09
4.11383e-09
5.85174e-09
7.79226e-09
1.03218e-08
1.41392e-08
1.93094e-08
2.56044e-08
3.36752e-08
4.45882e-08
5.87446e-08
7.68571e-08
1.00338e-07
1.31087e-07
1.70752e-07
2.15019e-07
2.58397e-07
2.92037e-07
3.10832e-07
3.13394e-07
3.02185e-07
2.81631e-07
2.56018e-07
2.26187e-07
1.97412e-07
1.76742e-07
1.58713e-07
1.39542e-07
1.20883e-07
1.04629e-07
9.15046e-08
7.9623e-08
6.70961e-08
5.51769e-08
4.43826e-08
3.4958e-08
2.7024e-08
2.04697e-08
1.50815e-08
1.07319e-08
7.3723e-09
4.90101e-09
3.18591e-09
2.06497e-09
1.36579e-09
9.2102e-10
6.10352e-10
3.677e-10
1.72611e-10
5.2024e-11
5.66525e-11
1.84822e-10
1.11689e-10
1.73589e-12
3.32842e-11
4.10276e-11
7.60384e-12
1.74113e-11
1.19742e-15
3.04308e-11
1.44525e-10
2.94207e-10
4.39569e-10
5.6632e-10
6.75258e-10
7.75282e-10
8.64041e-10
9.43303e-10
1.01411e-09
1.07776e-09
1.13262e-09
1.18293e-09
1.22457e-09
1.26582e-09
1.30198e-09
1.32995e-09
1.35188e-09
1.36929e-09
1.38197e-09
1.39954e-09
1.41483e-09
1.42921e-09
1.43573e-09
1.44086e-09
1.44528e-09
1.45368e-09
1.46549e-09
1.47428e-09
1.4844e-09
1.4941e-09
1.50276e-09
1.51138e-09
1.5194e-09
1.52697e-09
0
0
0
3.11045e-12
5.27132e-10
1.15336e-09
1.73751e-09
2.15462e-09
2.76684e-09
3.96026e-09
5.66575e-09
7.57527e-09
9.8222e-09
1.29681e-08
1.72875e-08
2.27821e-08
3.00861e-08
3.93657e-08
5.15743e-08
6.77198e-08
8.89145e-08
1.14851e-07
1.4352e-07
1.71318e-07
1.94906e-07
2.10329e-07
2.16224e-07
2.12252e-07
2.00811e-07
1.84509e-07
1.65755e-07
1.46621e-07
1.2812e-07
1.11117e-07
9.57769e-08
8.16192e-08
6.90631e-08
6.01285e-08
5.18989e-08
4.37922e-08
3.70651e-08
3.16114e-08
2.6216e-08
2.0941e-08
1.61691e-08
1.20782e-08
8.71753e-09
6.12309e-09
4.18643e-09
2.79322e-09
1.85983e-09
1.25869e-09
8.64143e-10
5.74214e-10
3.40182e-10
1.51414e-10
4.3265e-11
7.39755e-11
2.04331e-10
8.30131e-11
6.81762e-13
4.74772e-11
3.61722e-11
7.41564e-12
1.72822e-11
1.69318e-14
3.21232e-11
1.45826e-10
2.96228e-10
4.44053e-10
5.75512e-10
6.90262e-10
7.90071e-10
8.7668e-10
9.55032e-10
1.02944e-09
1.10005e-09
1.162e-09
1.21834e-09
1.27254e-09
1.32126e-09
1.36215e-09
1.39644e-09
1.42543e-09
1.45039e-09
1.47768e-09
1.50218e-09
1.51919e-09
1.53119e-09
1.54087e-09
1.54737e-09
1.55569e-09
1.57415e-09
1.585e-09
1.59348e-09
1.60088e-09
1.60822e-09
1.61607e-09
1.62401e-09
1.63164e-09
0
0
0
0
8.09078e-15
8.46968e-11
6.66749e-10
1.2285e-09
1.7631e-09
2.14821e-09
2.73519e-09
3.82764e-09
5.34407e-09
7.20256e-09
9.21482e-09
1.1782e-08
1.52779e-08
2.03223e-08
2.70738e-08
3.6003e-08
4.76745e-08
6.20099e-08
7.88102e-08
9.7124e-08
1.15238e-07
1.30955e-07
1.42058e-07
1.48017e-07
1.48331e-07
1.43863e-07
1.35423e-07
1.24876e-07
1.133e-07
1.01531e-07
9.0067e-08
7.9284e-08
6.91763e-08
5.99854e-08
5.1549e-08
4.39703e-08
3.69098e-08
3.10749e-08
2.59682e-08
2.10821e-08
1.69973e-08
1.36441e-08
1.05576e-08
7.77756e-09
5.48809e-09
3.73111e-09
2.47891e-09
1.66563e-09
1.14336e-09
7.90008e-10
5.27049e-10
3.09466e-10
1.32386e-10
3.80699e-11
8.76276e-11
2.072e-10
6.42042e-11
7.68162e-13
5.34356e-11
3.47106e-11
7.55888e-12
1.85949e-11
1.89237e-17
2.27316e-11
1.2162e-10
2.64435e-10
4.12582e-10
5.48182e-10
6.66214e-10
7.67908e-10
8.59226e-10
9.45316e-10
1.02563e-09
1.09977e-09
1.16983e-09
1.23704e-09
1.29908e-09
1.35428e-09
1.40439e-09
1.44901e-09
1.48906e-09
1.52797e-09
1.55791e-09
1.58232e-09
1.60206e-09
1.61695e-09
1.62559e-09
1.62632e-09
1.65847e-09
1.67112e-09
1.68035e-09
1.68927e-09
1.69841e-09
1.70858e-09
1.71946e-09
1.72982e-09
0
0
0
0
0
0
3.06212e-13
8.38751e-11
7.06234e-10
1.21574e-09
1.72441e-09
2.14609e-09
2.68347e-09
3.60415e-09
4.89391e-09
6.55409e-09
8.60109e-09
1.11139e-08
1.44204e-08
1.89428e-08
2.50504e-08
3.3094e-08
4.30084e-08
5.44843e-08
6.67963e-08
7.8706e-08
8.89982e-08
9.71408e-08
1.02561e-07
1.05055e-07
1.04682e-07
1.01775e-07
9.7167e-08
9.15392e-08
8.51015e-08
7.82257e-08
7.08536e-08
6.34939e-08
5.61455e-08
4.90869e-08
4.24778e-08
3.63424e-08
3.06545e-08
2.54774e-08
2.07239e-08
1.66479e-08
1.29165e-08
9.73637e-09
7.25763e-09
5.25568e-09
3.61078e-09
2.40375e-09
1.58529e-09
1.06009e-09
7.27686e-10
4.90306e-10
2.89705e-10
1.23659e-10
3.64934e-11
8.89515e-11
2.02091e-10
6.15218e-11
6.98638e-13
5.09673e-11
3.84702e-11
8.13304e-12
1.99023e-11
4.73377e-13
8.60274e-12
7.89333e-11
2.04344e-10
3.47866e-10
4.86557e-10
6.12048e-10
7.24121e-10
8.25734e-10
9.1915e-10
1.00555e-09
1.08784e-09
1.16823e-09
1.2454e-09
1.31628e-09
1.38061e-09
1.43893e-09
1.48984e-09
1.53685e-09
1.57816e-09
1.6132e-09
1.64178e-09
1.66365e-09
1.67803e-09
1.69354e-09
1.72104e-09
1.73725e-09
1.74973e-09
1.76172e-09
1.7745e-09
1.78876e-09
1.80395e-09
1.81782e-09
0
0
0
0
0
0
0
0
1.86608e-13
5.78977e-11
6.29436e-10
9.33148e-10
1.64019e-09
2.11938e-09
2.60141e-09
3.29425e-09
4.41365e-09
5.85272e-09
7.86799e-09
1.05721e-08
1.39825e-08
1.81959e-08
2.33758e-08
2.98701e-08
3.73682e-08
4.54283e-08
5.34307e-08
6.04952e-08
6.6781e-08
7.1664e-08
7.47401e-08
7.61128e-08
7.61682e-08
7.50768e-08
7.30265e-08
7.01646e-08
6.6535e-08
6.20068e-08
5.69854e-08
5.15725e-08
4.59302e-08
4.02415e-08
3.47046e-08
2.95158e-08
2.46917e-08
2.02954e-08
1.63138e-08
1.2774e-08
9.66291e-09
7.04585e-09
4.94112e-09
3.39215e-09
2.28899e-09
1.51285e-09
1.01212e-09
6.9074e-10
4.58168e-10
2.72905e-10
1.21175e-10
3.54812e-11
7.72956e-11
1.93468e-10
7.3107e-11
7.16336e-13
4.01275e-11
4.66594e-11
1.10409e-11
1.52051e-11
6.07796e-12
7.49881e-13
3.62545e-11
1.34383e-10
2.67007e-10
4.07532e-10
5.42516e-10
6.66882e-10
7.80084e-10
8.83547e-10
9.80931e-10
1.07284e-09
1.15941e-09
1.24045e-09
1.31545e-09
1.3842e-09
1.44768e-09
1.50594e-09
1.55786e-09
1.60259e-09
1.63992e-09
1.67002e-09
1.69299e-09
1.71915e-09
1.74694e-09
1.7678e-09
1.78633e-09
1.80487e-09
1.82468e-09
1.8464e-09
1.86929e-09
1.88952e-09
0
0
0
0
0
0
0
0
0
0
6.35545e-43
5.30791e-11
4.39195e-10
6.16236e-10
1.26846e-09
2.08292e-09
2.56995e-09
3.16158e-09
3.99293e-09
5.22716e-09
7.2286e-09
9.83997e-09
1.30333e-08
1.70057e-08
2.14562e-08
2.62154e-08
3.11204e-08
3.62208e-08
4.11918e-08
4.34308e-08
4.54347e-08
4.84117e-08
5.21744e-08
5.51219e-08
5.65241e-08
5.68467e-08
5.60052e-08
5.42413e-08
5.17536e-08
4.85697e-08
4.4845e-08
4.05884e-08
3.5954e-08
3.12594e-08
2.65936e-08
2.21939e-08
1.81914e-08
1.46261e-08
1.15091e-08
8.78593e-09
6.45361e-09
4.54577e-09
3.08255e-09
2.02323e-09
1.33188e-09
9.03953e-10
6.25605e-10
4.25998e-10
2.59693e-10
1.17371e-10
3.42452e-11
5.97115e-11
1.75109e-10
9.40741e-11
1.98356e-12
2.37089e-11
5.5003e-11
1.82067e-11
9.10592e-12
1.74735e-11
3.18183e-14
1.02984e-11
7.48309e-11
1.89701e-10
3.27979e-10
4.70344e-10
6.06251e-10
7.31067e-10
8.45082e-10
9.4977e-10
1.04671e-09
1.137e-09
1.2215e-09
1.30129e-09
1.37549e-09
1.44375e-09
1.50484e-09
1.55852e-09
1.60449e-09
1.64309e-09
1.67604e-09
1.71071e-09
1.74339e-09
1.7719e-09
1.79897e-09
1.82659e-09
1.85595e-09
1.88751e-09
1.92024e-09
1.94858e-09
0
0
0
0
0
0
0
0
0
0
0
0
3.62837e-43
2.32399e-11
2.38889e-10
3.55933e-10
5.01937e-10
1.46861e-09
2.50275e-09
2.93351e-09
3.23048e-09
4.01418e-09
5.97198e-09
8.70024e-09
1.168e-08
1.49091e-08
1.8278e-08
2.18721e-08
2.53703e-08
2.87141e-08
3.17279e-08
3.25075e-08
3.22531e-08
3.17414e-08
3.12418e-08
3.13576e-08
3.34993e-08
3.67343e-08
4.04702e-08
4.13917e-08
4.03657e-08
3.79011e-08
3.47208e-08
3.10854e-08
2.72533e-08
2.32382e-08
1.93697e-08
1.57503e-08
1.24943e-08
9.69389e-09
7.33567e-09
5.41476e-09
3.81954e-09
2.59932e-09
1.71238e-09
1.1177e-09
7.46496e-10
5.22174e-10
3.66044e-10
2.30511e-10
1.11379e-10
3.46383e-11
4.47941e-11
1.46194e-10
1.08792e-10
6.19745e-12
9.71707e-12
5.62015e-11
2.79326e-11
7.4495e-12
1.87461e-11
2.71163e-12
1.39691e-12
3.69753e-11
1.29479e-10
2.58279e-10
4.01606e-10
5.43631e-10
6.762e-10
7.97404e-10
9.07914e-10
1.00899e-09
1.10261e-09
1.18948e-09
1.26994e-09
1.34434e-09
1.41197e-09
1.47273e-09
1.52658e-09
1.57412e-09
1.61731e-09
1.66025e-09
1.70086e-09
1.73926e-09
1.77736e-09
1.81662e-09
1.85803e-09
1.90181e-09
1.94667e-09
1.9852e-09
0
0
0
0
0
0
0
0
0
0
0
0
0
0
6.34303e-44
1.99259e-42
5.39953e-11
1.51073e-10
1.30144e-10
3.15715e-10
1.50549e-09
2.4279e-09
2.72238e-09
3.03078e-09
3.91405e-09
5.90557e-09
8.86485e-09
1.19271e-08
1.47209e-08
1.739e-08
1.98308e-08
2.21722e-08
2.44378e-08
2.49385e-08
2.47403e-08
2.42761e-08
2.35897e-08
2.27675e-08
2.20276e-08
2.13979e-08
2.18028e-08
2.49521e-08
2.86876e-08
2.91258e-08
2.70096e-08
2.38897e-08
2.0513e-08
1.71502e-08
1.39471e-08
1.0997e-08
8.41303e-09
6.22743e-09
4.48106e-09
3.11525e-09
2.10554e-09
1.37463e-09
8.96478e-10
6.01652e-10
4.20503e-10
2.94929e-10
1.90009e-10
9.50343e-11
3.08125e-11
3.56905e-11
1.23684e-10
1.10621e-10
1.09789e-11
3.58233e-12
4.90686e-11
3.44003e-11
9.13523e-12
1.3433e-11
1.0056e-11
1.1194e-14
1.61623e-11
8.54118e-11
2.00192e-10
3.36449e-10
4.76867e-10
6.11372e-10
7.35695e-10
8.49196e-10
9.51811e-10
1.04526e-09
1.13151e-09
1.21149e-09
1.28513e-09
1.3524e-09
1.41397e-09
1.47075e-09
1.52463e-09
1.57736e-09
1.62852e-09
1.67887e-09
1.72978e-09
1.78243e-09
1.83745e-09
1.89497e-09
1.95345e-09
2.00344e-09
0
0
0
0
0
0
0
0
0
0
0
0
0
0
0
0
3.31221e-46
4.12854e-43
5.89525e-12
2.75256e-11
0
1.58682e-11
4.12191e-10
1.50654e-09
2.31985e-09
2.57091e-09
2.74066e-09
3.15623e-09
4.28474e-09
6.4076e-09
9.3001e-09
1.19293e-08
1.44988e-08
1.66412e-08
1.85639e-08
1.87422e-08
1.86924e-08
1.85371e-08
1.83264e-08
1.79606e-08
1.7479e-08
1.68529e-08
1.61986e-08
1.56767e-08
1.64059e-08
1.91071e-08
2.04807e-08
1.85332e-08
1.57278e-08
1.28714e-08
1.01801e-08
7.81613e-09
5.76686e-09
4.09221e-09
2.76927e-09
1.80532e-09
1.13168e-09
7.24571e-10
4.76678e-10
3.33199e-10
2.35578e-10
1.52199e-10
7.74538e-11
2.55206e-11
2.95658e-11
1.04688e-10
1.03115e-10
1.38576e-11
1.74214e-12
3.91712e-11
3.62585e-11
1.10931e-11
9.55841e-12
1.55082e-11
9.70623e-14
5.82647e-12
5.24501e-11
1.46728e-10
2.68838e-10
4.0063e-10
5.31629e-10
6.54499e-10
7.67046e-10
8.69792e-10
9.63501e-10
1.04962e-09
1.12949e-09
1.20391e-09
1.27308e-09
1.33856e-09
1.40177e-09
1.46402e-09
1.52584e-09
1.58824e-09
1.65227e-09
1.71859e-09
1.78799e-09
1.86007e-09
1.93289e-09
1.9951e-09
0
0
0
0
0
0
0
0
0
0
0
0
0
0
0
0
0
0
2.47067e-46
6.16606e-44
2.46521e-43
0
0
1.48663e-64
2.45656e-11
4.42871e-10
1.33873e-09
1.97806e-09
2.25592e-09
2.22704e-09
2.15094e-09
2.18123e-09
2.8622e-09
3.851e-09
5.78123e-09
8.59322e-09
1.10461e-08
1.26718e-08
1.36845e-08
1.41845e-08
1.43195e-08
1.42013e-08
1.40621e-08
1.37592e-08
1.32714e-08
1.26169e-08
1.19805e-08
1.17177e-08
1.29544e-08
1.37069e-08
1.21468e-08
9.87089e-09
7.666e-09
5.70918e-09
4.09386e-09
2.78828e-09
1.79762e-09
1.08776e-09
6.46869e-10
3.90801e-10
2.65516e-10
1.87714e-10
1.23032e-10
6.39529e-11
2.1564e-11
2.37375e-11
8.408e-11
9.07291e-11
1.40593e-11
9.77119e-13
3.22224e-11
3.61957e-11
1.25203e-11
6.27577e-12
1.62861e-11
1.2647e-12
1.33566e-12
2.85155e-11
9.8681e-11
1.99861e-10
3.16149e-10
4.36031e-10
5.52333e-10
6.61706e-10
7.63642e-10
8.58831e-10
9.47108e-10
1.02905e-09
1.10711e-09
1.18222e-09
1.2559e-09
1.32911e-09
1.40243e-09
1.47712e-09
1.55428e-09
1.6342e-09
1.71754e-09
1.8038e-09
1.89041e-09
1.96479e-09
0
0
0
0
0
0
0
0
0
0
0
0
0
0
0
0
0
0
0
0
0
7.37957e-45
0
0
0
0
1.64602e-64
1.86061e-11
2.12294e-10
6.73747e-10
1.21241e-09
1.48398e-09
1.56272e-09
1.38033e-09
1.13588e-09
8.47649e-10
6.50462e-10
1.08116e-09
2.4767e-09
4.4819e-09
7.40028e-09
9.47467e-09
1.08648e-08
1.13923e-08
1.14213e-08
1.1206e-08
1.0896e-08
1.03779e-08
9.70381e-09
8.97136e-09
8.30303e-09
8.43429e-09
8.56786e-09
7.52602e-09
5.88308e-09
4.31914e-09
3.0021e-09
1.9668e-09
1.20916e-09
6.95043e-10
3.84059e-10
2.30237e-10
1.51187e-10
1.00992e-10
5.52842e-11
1.88873e-11
1.61441e-11
6.6025e-11
7.68508e-11
1.54121e-11
3.78865e-13
2.32741e-11
3.43789e-11
1.44265e-11
5.28295e-12
1.34451e-11
4.40134e-12
3.89776e-14
1.06736e-11
5.50341e-11
1.32914e-10
2.31224e-10
3.3749e-10
4.44986e-10
5.50021e-10
6.50157e-10
7.44951e-10
8.35279e-10
9.21829e-10
1.00618e-09
1.08965e-09
1.17361e-09
1.25907e-09
1.34611e-09
1.4354e-09
1.5275e-09
1.62335e-09
1.72215e-09
1.82193e-09
1.90777e-09
0
0
0
0
0
0
0
0
0
0
0
0
0
0
0
0
0
0
0
0
0
0
0
0
0
0
0
0
0
1.78671e-65
2.03322e-64
1.60629e-11
1.17424e-10
2.88299e-10
4.91738e-10
6.28286e-10
6.05999e-10
4.65525e-10
2.02636e-10
1.12771e-11
2.51111e-11
4.14849e-10
1.93059e-09
4.10715e-09
6.90888e-09
8.51221e-09
9.13672e-09
9.1364e-09
8.80701e-09
8.40588e-09
7.833e-09
7.15247e-09
6.40517e-09
5.64806e-09
5.09207e-09
4.88115e-09
4.35393e-09
3.28849e-09
2.26298e-09
1.43985e-09
8.37656e-10
4.52069e-10
2.40588e-10
1.39862e-10
9.02099e-11
5.19801e-11
1.98901e-11
8.79349e-12
3.86432e-11
6.56374e-11
1.92863e-11
3.18366e-13
1.3013e-11
3.08384e-11
1.6676e-11
5.08251e-12
8.35895e-12
1.03309e-11
2.37016e-13
1.82663e-12
2.3685e-11
7.46761e-11
1.49497e-10
2.40243e-10
3.39911e-10
4.41745e-10
5.4284e-10
6.40589e-10
7.35328e-10
8.28638e-10
9.20926e-10
1.01307e-09
1.10612e-09
1.20162e-09
1.3005e-09
1.4026e-09
1.50835e-09
1.61752e-09
1.72799e-09
1.82445e-09
0
0
0
0
0
0
0
0
0
0
0
0
0
0
0
0
0
0
0
0
0
0
0
0
0
0
0
0
0
0
0
0
0
0
5.34541e-65
6.13982e-13
8.08495e-12
4.73343e-11
9.71579e-11
1.14955e-10
1.61808e-11
4.15529e-161
4.73346e-161
1.18966e-11
1.11181e-10
1.07028e-09
2.70004e-09
5.14884e-09
6.56764e-09
7.13549e-09
7.09241e-09
6.68795e-09
6.19772e-09
5.64854e-09
5.01552e-09
4.366e-09
3.70969e-09
3.07105e-09
2.56795e-09
2.18701e-09
1.66782e-09
1.05992e-09
6.03781e-10
3.11363e-10
1.55808e-10
8.9009e-11
5.47271e-11
2.62894e-11
7.43884e-12
1.15499e-11
4.798e-11
2.73809e-11
1.24915e-12
4.05617e-12
2.49238e-11
1.94114e-11
6.99651e-12
4.51227e-12
1.1167e-11
2.57581e-12
2.25688e-14
6.28273e-12
3.3681e-11
8.78567e-11
1.61513e-10
2.47352e-10
3.40477e-10
4.39581e-10
5.41212e-10
6.43495e-10
7.44497e-10
8.46406e-10
9.48309e-10
1.05101e-09
1.15631e-09
1.26579e-09
1.37929e-09
1.49611e-09
1.61405e-09
1.71775e-09
0
0
0
0
0
0
0
0
0
0
0
0
0
0
0
0
0
0
0
0
0
0
0
0
0
0
0
0
0
0
0
0
0
0
0
0
0
0
0
2.55843e-65
1.40241e-12
5.39442e-12
1.31124e-161
2.16653e-161
2.94664e-161
3.53461e-161
6.39863e-12
2.81168e-11
5.50888e-10
1.72336e-09
3.43117e-09
4.71872e-09
5.23543e-09
5.18301e-09
4.84815e-09
4.36323e-09
3.85824e-09
3.34263e-09
2.80307e-09
2.29629e-09
1.8153e-09
1.36727e-09
1.0094e-09
7.20566e-10
4.32186e-10
2.22585e-10
1.11694e-10
6.17816e-11
3.45225e-11
1.46754e-11
3.21126e-12
2.2424e-11
3.2997e-11
6.22913e-12
3.33682e-13
1.29481e-11
2.02435e-11
1.01164e-11
3.50086e-12
6.96236e-12
7.60707e-12
1.49011e-13
1.18448e-12
1.58407e-11
5.287e-11
1.09646e-10
1.81723e-10
2.66472e-10
3.58809e-10
4.55204e-10
5.54423e-10
6.57554e-10
7.6563e-10
8.7732e-10
9.91077e-10
1.10632e-09
1.2259e-09
1.34931e-09
1.47358e-09
1.58254e-09
0
0
0
0
0
0
0
0
0
0
0
0
0
0
0
0
0
0
0
0
0
0
0
0
0
0
0
0
0
0
0
0
0
0
0
0
0
0
0
0
0
0
0
0
0
8.2165e-162
1.5586e-161
2.19247e-161
2.66676e-161
2.17851e-12
1.10257e-11
1.56859e-10
8.47045e-10
1.65289e-09
2.70568e-09
3.28648e-09
3.43112e-09
3.24732e-09
2.91203e-09
2.49076e-09
2.06675e-09
1.68056e-09
1.30622e-09
9.80679e-10
7.0169e-10
4.57228e-10
2.82312e-10
1.59193e-10
8.20823e-11
4.64043e-11
2.56661e-11
8.67612e-12
1.96521e-12
1.94261e-11
1.91716e-11
5.35177e-13
2.61453e-12
1.64683e-11
1.17165e-11
4.34894e-12
3.68504e-12
8.62898e-12
1.65801e-12
4.36428e-14
6.53964e-12
3.34208e-11
8.21284e-11
1.48111e-10
2.26581e-10
3.12488e-10
4.04022e-10
4.99609e-10
5.99513e-10
7.01123e-10
8.05904e-10
9.16314e-10
1.0352e-09
1.16241e-09
1.2943e-09
1.41133e-09
0
0
0
0
0
0
0
0
0
0
0
0
0
0
0
0
0
0
0
0
0
0
0
0
0
0
0
0
0
0
0
0
0
0
0
0
0
0
0
0
0
0
0
0
0
0
0
0
5.09817e-162
1.07741e-161
1.53871e-161
1.88773e-161
2.09171e-161
3.50587e-12
8.65371e-12
9.85427e-11
4.66727e-10
8.71837e-10
1.35961e-09
1.76353e-09
1.8221e-09
1.71715e-09
1.47384e-09
1.18934e-09
9.12864e-10
6.81745e-10
4.76541e-10
3.2303e-10
1.98036e-10
1.07687e-10
5.8749e-11
3.52699e-11
2.04089e-11
6.15603e-12
1.58941e-12
1.6419e-11
7.63518e-12
4.68063e-14
7.9184e-12
1.14706e-11
5.49136e-12
2.16065e-12
6.09678e-12
3.12031e-12
1.09524e-17
3.0669e-12
2.20391e-11
6.20828e-11
1.21545e-10
1.95647e-10
2.79375e-10
3.69284e-10
4.63097e-10
5.59759e-10
6.59146e-10
7.62165e-10
8.7034e-10
9.83246e-10
1.09998e-09
1.20801e-09
0
0
0
0
0
0
0
0
0
0
0
0
0
0
0
0
0
0
0
0
0
0
0
0
0
0
0
0
0
0
0
0
0
0
0
0
0
0
0
0
0
0
0
0
0
0
0
0
0
0
0
1.55603e-162
5.74354e-162
8.95713e-162
1.13062e-161
1.28399e-161
1.34984e-161
4.36757e-13
3.53735e-12
5.74345e-12
7.81551e-11
2.89962e-10
4.85174e-10
7.16519e-10
8.20324e-10
7.62894e-10
6.24679e-10
4.64867e-10
3.26668e-10
2.17522e-10
1.38309e-10
8.34198e-11
4.28183e-11
2.54232e-11
1.60148e-11
4.22333e-12
1.48968e-12
1.53599e-11
2.28761e-12
9.25481e-13
8.7392e-12
5.62054e-12
1.44658e-12
3.53961e-12
3.1266e-12
1.35314e-15
2.2484e-12
1.79423e-11
5.30142e-11
1.05387e-10
1.7112e-10
2.46616e-10
3.30613e-10
4.21242e-10
5.16837e-10
6.16773e-10
7.20725e-10
8.29917e-10
9.4392e-10
1.04959e-09
0
0
0
0
0
0
0
0
0
0
0
0
0
0
0
0
0
0
0
0
0
0
0
0
0
0
0
0
0
0
0
0
0
0
0
0
0
0
0
0
0
0
0
0
0
0
0
0
0
0
0
0
0
0
0
6.30007e-163
3.08314e-162
4.86905e-162
6.06837e-162
6.7446e-162
6.98712e-162
6.84208e-162
2.01532e-13
1.78733e-12
8.32885e-12
7.22791e-11
1.97985e-10
3.18771e-10
3.55517e-10
3.08523e-10
2.24906e-10
1.5013e-10
9.50137e-11
5.84171e-11
3.57894e-11
1.88116e-11
1.12587e-11
2.49524e-12
1.96291e-12
9.39896e-12
8.00007e-13
2.46115e-12
6.45793e-12
2.09775e-12
1.80072e-12
1.84404e-12
7.59551e-16
2.39071e-12
1.75816e-11
4.97165e-11
9.68199e-11
1.56659e-10
2.26064e-10
3.02598e-10
3.8438e-10
4.71727e-10
5.6709e-10
6.71719e-10
7.84583e-10
8.92775e-10
0
0
0
0
0
0
0
0
0
0
0
0
0
0
0
0
0
0
0
0
0
0
0
0
0
0
0
0
0
0
0
0
0
0
0
0
0
0
0
0
0
0
0
0
0
0
0
0
0
0
0
0
0
0
0
0
0
0
0
0
2.84172e-163
1.50447e-162
2.34444e-162
2.83458e-162
3.01736e-162
2.98088e-162
2.84737e-162
7.14268e-13
5.95184e-12
6.10509e-11
1.28503e-10
1.71464e-10
1.51491e-10
1.05031e-10
6.67087e-11
4.0593e-11
2.42298e-11
1.55175e-11
7.81937e-12
1.3128e-12
3.15656e-12
4.99991e-12
1.13574e-13
3.9991e-12
2.46284e-12
4.15175e-13
1.37252e-12
4.64881e-15
4.12841e-12
2.32581e-11
5.325e-11
9.51852e-11
1.49984e-10
2.13632e-10
2.8509e-10
3.63879e-10
4.49263e-10
5.42945e-10
6.44291e-10
7.44461e-10
0
0
0
0
0
0
0
0
0
0
0
0
0
0
0
0
0
0
0
0
0
0
0
0
0
0
0
0
0
0
0
0
0
0
0
0
0
0
0
0
0
0
0
0
0
0
0
0
0
0
0
0
0
0
0
0
0
0
0
0
0
0
0
0
0
2.20115e-163
8.40234e-163
1.21584e-162
1.34413e-162
1.33564e-162
1.19748e-13
5.81381e-13
2.25616e-11
6.22427e-11
8.37767e-11
7.25286e-11
4.62232e-11
2.77681e-11
1.58931e-11
8.49948e-12
5.82647e-12
2.56827e-12
5.27475e-12
5.26251e-13
1.49079e-12
3.50301e-12
2.31875e-13
5.1039e-13
3.55251e-13
7.84281e-12
2.78632e-11
6.23506e-11
1.08432e-10
1.59939e-10
2.17909e-10
2.85989e-10
3.64558e-10
4.56345e-10
5.6002e-10
6.64713e-10
0
0
0
0
0
0
0
0
0
0
0
0
0
0
0
0
0
0
0
0
0
0
0
0
0
0
0
0
0
0
0
0
0
0
0
0
0
0
0
0
0
0
0
0
0
0
0
0
0
0
0
0
0
0
0
0
0
0
0
0
0
0
0
0
0
0
0
0
0
1.63371e-163
5.04376e-163
6.59177e-163
6.6443e-163
4.50715e-15
2.8824e-13
1.03036e-11
3.12314e-11
3.80979e-11
3.11275e-11
1.77697e-11
9.80384e-12
4.4827e-12
1.81879e-12
5.07607e-12
3.13566e-12
5.88138e-13
2.44678e-12
1.67023e-13
2.47915e-14
2.80476e-12
2.11208e-11
4.97889e-11
8.60407e-11
1.31281e-10
1.90246e-10
2.60712e-10
3.39696e-10
4.32521e-10
5.48441e-10
6.66259e-10
0
0
0
0
0
0
0
0
0
0
0
0
0
0
0
0
0
0
0
0
0
0
0
0
0
0
0
0
0
0
0
0
0
0
0
0
0
0
0
0
0
0
0
0
0
0
0
0
0
0
0
0
0
0
0
0
0
0
0
0
0
0
0
0
0
0
0
0
0
0
0
0
1.12173e-164
2.34169e-163
3.46383e-163
3.36398e-163
3.49526e-163
1.357e-13
3.7392e-12
1.37208e-11
1.42663e-11
1.14242e-11
6.73583e-12
2.82137e-12
3.01579e-13
1.53613e-12
1.10686e-12
1.37278e-12
3.53188e-13
3.58694e-12
2.28678e-11
4.91133e-11
8.21743e-11
1.31212e-10
2.0187e-10
2.96695e-10
3.89122e-10
4.71914e-10
5.44006e-10
6.07296e-10
0
0
0
0
0
0
0
0
0
0
0
0
0
0
0
0
0
0
0
0
0
0
0
0
0
0
0
0
0
0
0
0
0
0
0
0
0
0
0
0
0
0
0
0
0
0
0
0
0
0
0
0
0
0
0
0
0
0
0
0
0
0
0
0
0
0
0
0
0
0
0
0
0
0
0
0
1.08461e-163
1.72452e-163
1.48007e-163
1.44199e-163
4.7852e-14
9.96223e-13
4.81789e-12
5.35227e-12
1.65668e-12
2.92877e-13
1.67145e-13
4.44195e-13
9.52883e-13
1.04663e-11
3.63285e-11
8.12706e-11
1.20376e-10
1.09316e-10
9.40516e-11
1.19515e-10
1.76203e-10
2.35289e-10
2.76396e-10
3.09396e-10
0
0
0
0
0
0
0
0
0
0
0
0
0
0
0
0
0
0
0
0
0
0
0
0
0
0
0
0
0
0
0
0
0
0
0
0
0
0
0
0
0
0
0
0
0
0
0
0
0
0
0
0
0
0
0
0
0
0
0
0
0
0
0
0
0
0
0
0
0
0
0
0
0
0
0
0
0
0
0
3.51223e-164
6.67408e-164
4.52727e-164
3.69449e-164
8.3723e-15
7.73e-14
3.24017e-13
6.21987e-13
2.05625e-13
9.95304e-12
3.19922e-11
6.07306e-11
2.68815e-11
3.99629e-11
4.77053e-11
4.31498e-11
4.47305e-11
4.40631e-11
4.91757e-11
5.50516e-11
6.10145e-11
0
0
0
0
0
0
0
0
0
0
0
0
0
0
0
0
0
0
0
0
0
0
0
0
0
0
0
0
0
0
0
0
0
0
0
0
0
0
0
0
0
0
0
0
0
0
0
0
0
0
0
0
0
0
0
0
0
0
0
0
0
0
0
0
0
0
0
0
0
0
0
0
0
0
0
0
0
0
0
0
0
0
4.00096e-165
1.2471e-164
4.97221e-165
6.94219e-166
1.31575e-16
2.46719e-16
9.30901e-13
9.56333e-12
2.30374e-11
6.38286e-12
8.94871e-12
1.02306e-11
1.30724e-11
1.63514e-11
2.00687e-11
3.33148e-11
4.29155e-11
4.40741e-11
0
0
0
0
0
0
0
0
0
0
0
0
0
0
0
0
0
0
0
0
0
0
0
0
0
0
0
0
0
0
0
0
0
0
0
0
0
0
0
0
0
0
0
0
0
0
0
0
0
0
0
0
0
0
0
0
0
0
0
0
0
0
0
0
0
0
0
0
0
0
0
0
0
0
0
0
0
0
0
0
0
0
0
0
0
0
7.76401e-168
4.08158e-165
5.51607e-164
1.37663e-164
1.85015e-15
3.10678e-14
1.22921e-12
3.51704e-12
3.25868e-12
5.61735e-12
8.37259e-12
8.60087e-12
1.14962e-11
1.36309e-11
0
0
0
0
0
0
0
0
0
0
0
0
0
0
0
0
0
0
0
0
0
0
0
0
0
0
0
0
0
0
0
0
0
0
0
0
0
0
0
0
0
0
0
0
0
0
0
0
0
0
0
0
0
0
0
0
0
0
0
0
0
0
0
0
0
0
0
0
0
0
0
0
0
0
0
0
0
0
0
0
0
0
0
0
0
0
0
0
0
2.60966e-165
1.86936e-164
2.2126e-164
6.45171e-165
5.81e-165
1.54016e-15
7.1357e-15
4.07587e-13
1.86617e-12
3.4963e-12
3.37e-12
0
0
0
0
0
0
0
0
0
0
0
0
0
0
0
0
0
0
0
0
0
0
0
0
0
0
0
0
0
0
0
0
0
0
0
0
0
0
0
0
0
0
0
0
0
0
0
0
0
0
0
0
0
0
0
0
0
0
0
0
0
0
0
0
0
0
0
0
0
0
0
0
0
0
0
0
0
0
0
0
0
0
0
0
0
0
0
0
0
0
0
0
0
1.15772e-165
1.20397e-164
2.64823e-164
1.77067e-164
6.26806e-165
4.10844e-165
7.12791e-165
0
0
0
0
0
0
0
0
0
0
0
0
0
0
0
0
0
0
0
0
0
0
0
0
0
0
0
0
0
0
0
0
0
0
0
0
0
0
0
0
0
0
0
0
0
0
0
0
0
0
0
0
0
0
0
0
0
0
0
0
0
0
0
0
0
0
0
0
0
0
0
0
0
0
0
0
0
0
0
0
0
0
0
0
0
0
0
0
0
0
0
0
0
0
0
0
0
0
0
0
0
0
0
0
0
0
0
0
0
0
0
0
0
0
0
0
0
0
0
0
0
0
0
0
0
0
0
0
0
0
0
0
0
0
0
0
0
0
0
0
0
0
0
0
0
0
0
0
0
0
0
0
0
0
0
0
0
0
0
0
0
0
0
0
0
0
0
0
0
0
0
0
0
0
0
0
0
0
0
0
0
0
0
0
0
0
0
0
0
0
0
0
0
0
0
0
0
0
0
0
0
0
0
0
0
0
0
0
0
0
0
0
0
0
0
0
0
0
0
0
0
0
0
0
0
0
0
0
0
0
0
0
0
0
0
0
0
0
0
0
0
0
0
0
0
0
0
0
0
0
0
0
0
0
0
0
0
0
0
0
0
0
0
0
0
0
0
0
0
0
0
0
0
0
0
0
0
0
0
0
0
0
0
0
0
0
0
0
0
0
0
0
0
0
0
0
0
0
0
0
0
0
0
0
0
0
0
0
0
0
0
0
0
0
0
0
0
0
0
0
0
0
0
0
0
0
0
0
0
0
0
0
0
0
0
0
0
0
0
0
0
0
0
0
0
0
0
0
0
0
0
0
0
0
0
0
0
0
0
0
0
0
0
0
0
0
0
0
0
0
0
0
0
0
0
0
0
0
0
0
0
0
0
0
0
0
0
0
0
0
0
0
0
0
0
0
0
0
0
0
0
0
0
0
0
0
0
0
0
0
0
0
0
0
0
0
0
0
0
0
0
0
0
0
0
0
0
0
0
0
0
0
0
0
0
0
0
0
0
0
0
0
0
0
0
0
0
0
0
0
0
0
0
0
0
0
0
0
0
0
0
0
0
0
0
0
0
0
0
0
0
0
0
0
0
0
0
0
0
0
0
0
0
0
0
0
0
0
0
0
0
0
0
0
0
0
0
0
0
0
0
0
0
0
0
0
0
0
0
0
0
0
0
0
0
0
0
0
0
0
0
0
0
0
0
0
0
0
0
0
0
0
0
0
0
0
0
0
0
0
0
0
0
0
0
0
0
0
0
0
0
0
0
0
0
0
0
0
0
0
0
0
0
0
0
0
0
0
0
0
0
0
0
0
0
0
0
0
0
0
0
0
0
0
0
0
0
0
0
0
0
0
0
0
0
0
0
0
0
0
0
0
0
0
0
0
0
0
0
0
0
0
0
0
0
0
0
0
0
0
0
0
0
0
0
0
0
0
0
0
0
0
0
0
0
0
0
0
0
0
0
0
0
0
0
0
0
0
0
0
0
0
0
0
0
0
0
0
0
0
0
0
0
0
0
0
0
0
0
0
0
0
0
0
0
0
0
0
0
0
0
0
0
0
0
0
0
0
0
0
0
0
0
0
0
0
0
0
0
0
0
0
0
0
0
0
0
0
0
0
0
0
0
0
0
0
0
0
0
0
0
0
0
0
0
0
0
0
0
0
0
0
0
0
0
0
0
0
0
0
0
0
0
0
0
0
0
0
0
0
0
0
0
0
0
0
0
0
0
0
0
0
0
0
0
0
0
0
0
0
0
0
0
0
0
0
0
0
0
0
0
0
0
0
0
0
0
0
0
0
0
0
0
0
0
0
0
0
0
0
0
0
0
0
0
0
0
0
0
0
0
0
0
0
0
0
0
0
0
0
0
0
0
0
0
0
0
0
0
0
0
0
0
0
0
0
0
0
0
0
0
0
0
0
0
0
0
0
0
0
0
0
0
0
0
0
0
0
0
0
0
0
0
0
0
0
0
0
0
0
0
0
0
0
0
0
0
0
0
0
0
0
0
0
0
0
0
0
0
0
0
0
0
0
0
0
0
0
0
0
0
0
0
0
0
0
0
0
0
0
0
0
0
0
0
0
0
0
0
0
0
0
0
0
0
0
0
0
0
0
0
0
0
0
0
0
0
0
0
0
0
0
0
0
0
0
0
0
0
0
0
0
0
0
0
0
0
0
0
0
0
0
0
0
0
0
0
0
0
0
0
0
0
0
0
0
0
0
0
0
0
0
0
0
0
0
0
0
0
0
0
0
0
0
0
0
0
0
0
0
0
0
0
0
0
0
0
0
0
0
0
0
0
0
0
0
0
0
0
0
0
0
0
0
0
0
0
0
0
0
0
0
0
0
0
0
0
0
0
0
0
0
0
0
0
0
0
0
0
0
0
0
0
0
0
0
0
0
0
0
0
0
0
0
0
0
0
0
0
0
0
0
0
0
0
0
0
0
0
0
0
0
0
0
0
0
0
0
0
0
0
0
0
0
0
0
0
0
0
0
0
0
0
0
0
0
0
0
0
0
0
0
0
0
0
0
0
0
0
0
0
0
0
0
0
0
0
0
0
0
0
0
0
0
0
0
0
0
0
0
0
0
0
0
0
0
0
0
0
0
0
0
0
0
0
0
0
0
0
0
0
0
0
0
0
0
0
0
0
0
0
0
0
0
0
0
0
0
0
0
0
0
0
0
0
0
0
0
0
0
0
0
0
0
0
0
0
0
0
0
0
0
0
0
0
0
0
0
0
0
0
0
0
0
0
0
0
0
0
0
0
0
0
0
0
0
0
0
0
0
0
0
0
0
0
0
0
0
0
0
0
0
0
0
0
0
0
0
0
0
0
0
0
0
0
0
0
0
0
0
0
0
0
0
0
0
0
0
0
0
0
0
0
0
0
0
0
0
0
0
0
0
0
0
0
0
0
0
0
0
0
0
0
0
0
0
0
0
0
0
0
0
0
0
0
0
0
0
0
0
0
0
0
0
0
0
0
0
0
0
0
0
0
0
0
0
0
0
0
0
0
0
0
0
0
0
0
0
0
0
0
0
0
0
0
0
0
0
0
0
0
0
0
0
0
0
0
0
0
0
0
0
0
0
0
0
0
0
0
0
0
0
0
0
0
0
0
0
0
0
0
0
0
0
0
0
0
0
0
0
0
0
0
0
0
0
0
0
0
0
)
;

boundaryField
{
    AXIS
    {
        type            empty;
    }
    OUTLET
    {
        type            calculated;
        value           nonuniform List<scalar> 
80
(
4.16777e-10
4.17154e-10
4.17986e-10
4.19275e-10
4.20924e-10
4.22894e-10
4.25173e-10
4.27843e-10
4.30853e-10
4.34274e-10
4.37663e-10
4.41148e-10
4.45397e-10
4.50328e-10
4.55545e-10
4.624e-10
4.70944e-10
4.79745e-10
4.88686e-10
4.99072e-10
5.10607e-10
5.26602e-10
5.44975e-10
5.63648e-10
5.83933e-10
6.06568e-10
6.30347e-10
6.54744e-10
6.80185e-10
7.06478e-10
7.56223e-10
8.26034e-10
9.0811e-10
9.97819e-10
1.09344e-09
1.19847e-09
1.30665e-09
1.4152e-09
1.52697e-09
1.63164e-09
1.72982e-09
1.81782e-09
1.88952e-09
1.94858e-09
1.9852e-09
2.00344e-09
1.9951e-09
1.96479e-09
1.90777e-09
1.82445e-09
1.71775e-09
1.58254e-09
1.41133e-09
1.20801e-09
1.04959e-09
8.92775e-10
7.44461e-10
6.64713e-10
6.66259e-10
6.07296e-10
3.09396e-10
6.10145e-11
4.40741e-11
1.36309e-11
3.37e-12
7.12791e-165
0
0
0
0
0
0
0
0
0
0
0
0
0
0
)
;
    }
    COFLOW
    {
        type            calculated;
        value           uniform 0;
    }
    PILOT
    {
        type            calculated;
        value           uniform 4.09275e-11;
    }
    FUEL
    {
        type            calculated;
        value           uniform 1.10811e-17;
    }
    WALL
    {
        type            calculated;
        value           uniform 0;
    }
    front
    {
        type            wedge;
    }
    back
    {
        type            wedge;
    }
}


// ************************************************************************* //
