/*--------------------------------*- C++ -*----------------------------------*\
  =========                 |
  \\      /  F ield         | OpenFOAM: The Open Source CFD Toolbox
   \\    /   O peration     | Website:  https://openfoam.org
    \\  /    A nd           | Version:  6
     \\/     M anipulation  |
\*---------------------------------------------------------------------------*/
FoamFile
{
    version     2.0;
    format      ascii;
    class       volScalarField;
    location    "0.1";
    object      CH2CO;
}
// * * * * * * * * * * * * * * * * * * * * * * * * * * * * * * * * * * * * * //

dimensions      [0 0 0 0 0 0 0];

internalField   nonuniform List<scalar> 
8000
(
3.0242e-06
1.79629e-05
6.29817e-05
0.000200562
0.000304373
0.000228254
0.000114753
5.17311e-05
2.38642e-05
1.1339e-05
5.69767e-06
4.67241e-06
7.55547e-06
2.08009e-05
2.04434e-05
2.13254e-05
2.82018e-05
0.000771297
4.88228e-05
3.6207e-05
3.49659e-05
3.53405e-05
5.57671e-05
0.000138745
0.000219508
0.000288904
0.000322252
0.000309628
0.000310059
0.00135902
0.000843831
0.000167715
0.000108876
7.04278e-05
5.1973e-05
4.3365e-05
4.05187e-05
4.39324e-05
6.27572e-05
8.77441e-05
6.36907e-05
5.00916e-05
5.08231e-05
6.38396e-05
8.81726e-05
0.000124444
0.000165072
0.000217373
0.00033673
0.00187557
0.00102725
0.000676321
0.000601044
0.000605917
0.000614809
0.000626197
0.000634559
0.000636234
0.000631807
0.000620582
0.000476276
0.000435963
0.000236971
0.000178124
0.000115853
5.3628e-05
0.000106495
7.98202e-05
8.17731e-05
8.22996e-05
8.22963e-05
8.22307e-05
8.24451e-05
0.000117891
0.000118257
8.21713e-05
8.2142e-05
8.23169e-05
8.2236e-05
8.23138e-05
8.30638e-05
8.32708e-05
8.30942e-05
0.000117011
0.000108371
9.59041e-05
8.18322e-05
7.23125e-05
8.69405e-05
5.07933e-05
4.03673e-05
3.23997e-05
2.70671e-05
2.32676e-05
1.62067e-05
1.28742e-05
1.09974e-05
9.68071e-06
9.1816e-06
6.39715e-06
2.95498e-06
1.87946e-05
6.61719e-05
0.000213645
0.000357667
0.000227887
0.000107952
4.90585e-05
2.251e-05
1.05257e-05
5.34516e-06
5.07793e-06
1.02942e-05
3.4307e-05
3.16997e-05
2.50673e-05
2.83258e-05
3.72493e-05
3.94013e-05
4.06282e-05
3.77517e-05
3.80965e-05
6.10998e-05
0.000146449
0.000225905
0.000307086
0.000325902
0.000310055
0.000291159
0.000336008
0.000196612
0.000148325
0.000103493
7.29805e-05
5.95386e-05
5.25426e-05
4.92553e-05
5.1931e-05
7.29314e-05
0.000387516
8.09278e-05
5.6882e-05
5.59544e-05
6.88996e-05
9.30796e-05
0.000129352
0.000168744
0.000218647
0.000330099
0.000409382
0.000563637
0.000588776
0.000603298
0.000608969
0.000616666
0.000626354
0.000633175
0.000633986
0.000628803
0.000617737
0.000473243
0.000430765
0.000230659
0.00019467
7.63452e-05
5.37428e-05
0.000106442
7.98261e-05
8.17403e-05
8.22882e-05
8.25941e-05
8.20723e-05
8.2373e-05
0.000117572
0.000117995
8.21249e-05
8.20876e-05
8.22757e-05
8.22375e-05
8.22555e-05
8.30264e-05
8.32331e-05
8.30136e-05
0.000116835
0.000108382
9.57375e-05
8.16697e-05
7.21923e-05
6.42423e-05
5.06709e-05
4.03098e-05
3.23445e-05
2.70264e-05
2.32591e-05
1.61764e-05
1.2855e-05
1.09836e-05
9.6684e-06
9.18917e-06
6.38785e-06
3.33596e-06
2.27253e-05
4.89579e-05
0.000179211
0.000237188
0.000156717
7.93527e-05
4.09313e-05
3.39795e-05
1.1029e-05
1.29122e-05
5.4493e-06
1.31862e-05
5.28863e-05
6.25291e-05
3.46214e-05
2.76187e-05
3.21743e-05
5.0652e-05
0.000257326
5.0888e-05
4.56929e-05
7.35334e-05
0.000162236
0.000237684
0.000355177
0.000349455
0.000311164
0.000272152
0.00022477
0.000176053
0.000136133
0.000101625
8.04819e-05
7.78484e-05
7.79007e-05
7.10155e-05
7.12665e-05
7.62328e-05
8.38868e-05
6.97574e-05
6.28765e-05
6.5373e-05
7.89888e-05
0.00010316
0.000139715
0.000177013
0.000232102
0.000326987
0.000399993
0.000435064
0.000598546
0.000614265
0.000615911
0.000619516
0.000625799
0.000630279
0.000629232
0.000622568
0.000551596
0.000466578
0.000418658
0.00021716
0.000160687
7.83506e-05
5.39785e-05
7.8653e-05
7.98506e-05
8.16489e-05
8.22341e-05
8.24716e-05
8.17632e-05
0.000152107
0.000116863
0.000117428
0.000118568
8.19672e-05
8.21834e-05
8.22223e-05
7.40139e-05
8.29441e-05
8.31504e-05
8.28321e-05
0.000116472
0.000138556
9.53659e-05
8.13283e-05
7.19359e-05
6.30309e-05
5.04341e-05
4.01849e-05
3.22237e-05
6.7574e-05
6.78672e-05
1.61091e-05
1.28131e-05
1.0953e-05
9.64129e-06
7.55619e-05
6.36731e-06
4.4416e-06
2.8565e-05
0.000132547
0.000185106
0.000150745
9.94343e-05
5.20545e-05
2.64181e-05
1.29359e-05
5.8703e-06
3.49984e-06
3.91568e-06
9.12629e-06
0.00011326
0.000806118
4.14471e-05
2.53261e-05
2.8264e-05
4.04766e-05
4.92097e-05
4.23259e-05
4.69081e-05
8.90601e-05
0.00017508
0.000249548
0.00101213
0.000386857
0.000311885
0.000258743
0.000209325
0.00016919
0.000133939
0.000106165
9.11961e-05
0.000101959
0.000366861
0.000106057
0.000227029
9.69209e-05
9.16332e-05
8.1526e-05
7.87233e-05
8.05791e-05
9.30994e-05
0.000118025
0.000153634
0.000196385
0.000250357
0.000331183
0.000370536
0.000438888
0.000611107
0.00107002
0.000621702
0.000620074
0.000623214
0.000625823
0.000622861
0.000613907
0.000475514
0.000456129
0.000290734
0.000197681
0.000124899
8.11229e-05
5.43901e-05
7.87103e-05
7.9924e-05
8.14826e-05
8.20208e-05
0.000111467
0.000117842
0.000117994
0.000115753
0.000116584
8.16978e-05
8.17791e-05
8.20424e-05
8.21841e-05
8.2383e-05
8.28168e-05
8.3025e-05
8.25423e-05
0.000115984
0.000106679
9.47822e-05
8.08169e-05
7.15567e-05
6.20779e-05
5.01012e-05
3.99972e-05
3.20429e-05
2.65552e-05
2.23978e-05
1.60035e-05
1.27502e-05
1.09071e-05
9.60005e-06
8.79649e-06
6.33478e-06
4.00097e-06
3.53287e-05
0.000946769
0.0002393
0.000114259
6.50801e-05
3.20573e-05
1.52504e-05
7.21705e-06
3.45995e-06
6.72262e-06
6.61839e-06
7.3824e-06
3.494e-05
4.86991e-05
2.95318e-05
2.15266e-05
2.57857e-05
3.45046e-05
3.79649e-05
3.7773e-05
5.38982e-05
0.000118167
0.000202514
0.000266799
0.000358323
0.000347258
0.000308755
0.000249025
0.000209605
0.000172274
0.000141106
0.000117161
0.000102401
0.000101187
0.000101453
9.6795e-05
0.000100315
0.000109636
0.000407732
0.000104825
0.000102849
0.000101214
0.000110405
0.000135639
0.00017149
0.000206972
0.000255432
0.000339193
0.000410761
0.000441175
0.000605061
0.000696897
0.000616387
0.000615863
0.000618246
0.000620788
0.00061548
0.000542887
0.000465371
0.00044036
0.000265351
0.000173549
8.46902e-05
6.77142e-05
0.000104549
7.88821e-05
8.00259e-05
7.33175e-05
8.17191e-05
8.18934e-05
0.000116173
0.000115553
0.000114334
0.000115494
8.11562e-05
8.15155e-05
8.18462e-05
8.20304e-05
8.2344e-05
8.26425e-05
0.000102305
8.21319e-05
0.00016148
0.000105265
9.40281e-05
8.01384e-05
7.10627e-05
6.107e-05
4.96801e-05
3.97491e-05
3.1806e-05
2.61898e-05
2.1729e-05
1.58693e-05
1.26675e-05
1.0846e-05
9.54549e-06
8.47779e-06
6.29461e-06
3.16521e-06
6.46414e-05
0.000304867
0.000134284
6.70093e-05
3.92761e-05
1.9004e-05
2.19258e-05
4.43514e-06
2.67682e-06
2.39655e-06
3.02006e-06
4.62178e-06
2.40485e-05
2.81262e-05
2.67621e-05
3.71811e-05
3.40926e-05
5.86396e-05
3.51076e-05
3.99138e-05
7.24311e-05
0.000444482
0.00052373
0.000273702
0.000333799
0.000325206
0.000307785
0.000262932
0.000216689
0.000183385
0.000156299
0.000131822
0.000119375
0.000111768
0.000106384
0.000104098
0.000108696
0.000118805
0.000124538
0.000119723
0.000131486
0.00032225
0.000129925
0.00015247
0.000197062
0.000250568
0.000277506
0.000343854
0.00106936
0.000439558
0.000596758
0.00108467
0.000611206
0.000609385
0.000611472
0.000614565
0.000604722
0.000465886
0.000449903
0.000416132
0.000234217
0.000146854
8.45665e-05
6.94264e-05
0.000104283
7.91136e-05
7.999e-05
8.11469e-05
8.13167e-05
8.13728e-05
0.000114158
0.00011316
0.000112596
0.000114182
8.05212e-05
8.10713e-05
8.15896e-05
8.18276e-05
8.21479e-05
8.24199e-05
0.000108333
0.000118533
0.000113088
0.000104021
9.31171e-05
7.92971e-05
7.04527e-05
6.00808e-05
4.91787e-05
3.94424e-05
3.15171e-05
2.58216e-05
6.91586e-05
1.57106e-05
1.25781e-05
1.07694e-05
9.47889e-06
8.2231e-06
6.24812e-06
2.32602e-06
2.58479e-05
9.32071e-05
5.03256e-05
3.54721e-05
2.29276e-05
2.87411e-05
2.3993e-05
9.61671e-06
2.84399e-06
2.85414e-06
4.01963e-06
9.59953e-06
1.68139e-05
1.95028e-05
1.93307e-05
2.45954e-05
2.93782e-05
3.27397e-05
3.56115e-05
9.56869e-05
0.000101605
0.000174987
0.000231135
0.000276387
0.000970399
0.000960439
0.000309498
0.000891157
0.000234403
0.000201607
0.00017414
0.000157145
0.000141155
0.000131578
0.000124223
0.000123309
0.000123061
0.000131393
0.000147697
0.00035669
0.000135683
0.000132247
0.000141643
0.000166164
0.000205785
0.000992503
0.000301912
0.000340651
0.00036825
0.000427947
0.000486695
0.00108343
0.000602894
0.000600503
0.000601041
0.000603689
0.00107019
0.000451555
0.000428031
0.000378482
0.000199098
0.000172189
0.000113889
2.84784e-05
7.71468e-05
7.91403e-05
7.98967e-05
8.07053e-05
8.07977e-05
8.0593e-05
0.000111781
0.000110596
0.000110557
0.000112678
0.000114616
8.05026e-05
8.1276e-05
8.15791e-05
0.000101787
8.21372e-05
8.22605e-05
0.000116731
0.00011087
0.000102862
9.20579e-05
7.83013e-05
8.44023e-05
5.90363e-05
4.8576e-05
3.90795e-05
3.1181e-05
2.5438e-05
2.05609e-05
1.55269e-05
1.24716e-05
1.06783e-05
9.40138e-06
8.01184e-06
6.19588e-06
3.1144e-06
2.58278e-05
4.90513e-05
3.02117e-05
1.89834e-05
1.23548e-05
2.3266e-05
6.08413e-06
3.35551e-06
3.18558e-06
6.4565e-06
1.04495e-05
1.34705e-05
1.97431e-05
1.77522e-05
2.07564e-05
2.71034e-05
3.15312e-05
3.34754e-05
3.69351e-05
5.386e-05
0.000359262
0.000204124
0.000602244
0.000306292
0.000335787
0.000322613
0.000311406
0.000284317
0.000243392
0.000761156
0.000201114
0.000185468
0.000170848
0.000161097
0.000381108
0.000148827
0.000148125
0.000152134
0.000154816
0.000146085
0.000139257
0.000141533
0.000154365
0.000176436
0.000205445
0.000248281
0.000274538
0.000332875
0.000355229
0.000416164
0.000439462
0.00107809
0.000533017
0.000531815
0.000532592
0.000533776
0.000457556
0.000431299
0.000293335
0.000236973
0.000269218
6.93666e-05
8.1836e-05
5.44441e-05
7.722e-05
7.89499e-05
7.95675e-05
8.0068e-05
0.000137731
0.000159257
0.000109023
0.000107883
0.000108231
0.000156073
0.000112541
0.000115083
8.08875e-05
8.12744e-05
0.000108512
8.18013e-05
8.18603e-05
0.000114726
0.000108742
0.000123815
9.0863e-05
7.71585e-05
6.83385e-05
5.79359e-05
4.79045e-05
3.86557e-05
3.08011e-05
2.50373e-05
2.00117e-05
1.53234e-05
1.2349e-05
1.05728e-05
9.31182e-06
7.83025e-06
6.13836e-06
1.28956e-06
1.25833e-05
3.0587e-05
2.54997e-05
1.0056e-05
5.89134e-06
4.92793e-06
3.49477e-06
3.36088e-06
4.43991e-06
9.29516e-06
1.76856e-05
3.86747e-05
2.58085e-05
3.3747e-05
3.47323e-05
6.21515e-05
3.65465e-05
8.86053e-05
4.33315e-05
6.40636e-05
0.000122651
0.000186739
0.000236682
0.000950669
0.00100418
0.000323758
0.000312292
0.000948659
0.000261046
0.000239259
0.000229369
0.000228854
0.000217951
0.0002033
0.000187911
0.000551407
0.000175542
0.00018111
0.000545274
0.000158702
0.000151017
0.000155242
0.000168396
0.000185984
0.000205257
0.000248747
0.0002697
0.000326379
0.000344913
0.0003617
0.000425921
0.000443779
0.000455423
0.00106666
0.000457071
0.000458917
0.000438437
0.000402852
0.000255273
0.000350219
0.000190305
8.70805e-05
2.80537e-05
0.000101213
7.73135e-05
7.85728e-05
7.87248e-05
0.000113569
7.88421e-05
0.000110471
0.000105941
0.000105018
0.000105679
0.000108169
0.000110273
0.000113105
8.03039e-05
0.000119038
8.11455e-05
0.000134281
0.000149162
0.000112516
0.000106598
0.000121603
8.94474e-05
7.58787e-05
6.6905e-05
5.67981e-05
4.71782e-05
3.81772e-05
3.03822e-05
2.45161e-05
1.95112e-05
1.51014e-05
1.22102e-05
1.04553e-05
9.21142e-06
7.6692e-06
6.07537e-06
5.39544e-07
5.92616e-06
1.1101e-05
1.5519e-05
4.66484e-06
3.19475e-06
5.66351e-06
3.2782e-06
6.07482e-06
1.20323e-05
1.22821e-05
2.86022e-05
4.13929e-05
9.12628e-05
3.53561e-05
3.36122e-05
3.72859e-05
4.3145e-05
0.000104975
9.65454e-05
0.000173673
0.000136007
0.000186259
0.000231348
0.0002871
0.000982148
0.000319844
0.000310229
0.000302953
0.000277989
0.000270486
0.000269096
0.000313002
0.000937879
0.000849485
0.000246572
0.000227275
0.000213544
0.000206712
0.000198749
0.000176758
0.000168979
0.000172717
0.000183947
0.000196794
0.000215581
0.000247379
0.000266741
0.000322621
0.000336377
0.000348394
0.000358086
0.000427407
0.000441577
0.000442477
0.000442357
0.00104905
0.00094689
0.000264664
0.000212674
0.000157855
0.000117928
7.89238e-05
5.45156e-05
4.39229e-05
6.58418e-05
7.77089e-05
7.7695e-05
0.000141401
0.000109322
0.000106005
0.000102642
0.000101909
0.00010293
0.000105254
0.000107793
0.000160845
0.000153589
8.04172e-05
8.06062e-05
8.06882e-05
0.000116062
0.000110067
0.000104366
9.72511e-05
8.39844e-05
7.4475e-05
6.54365e-05
5.56258e-05
4.63925e-05
3.76499e-05
2.99368e-05
2.39853e-05
1.90296e-05
1.48458e-05
1.20562e-05
1.03281e-05
9.09905e-06
7.52432e-06
6.00615e-06
8.39168e-08
3.91163e-06
9.55335e-06
9.61597e-06
3.03095e-06
2.87407e-06
3.41282e-06
5.90277e-06
8.66722e-06
1.38932e-05
2.58654e-05
5.74283e-05
0.000102518
9.10019e-05
4.52357e-05
3.96926e-05
9.83214e-05
4.44585e-05
5.55299e-05
7.67106e-05
0.000108143
0.000151927
0.000197741
0.000230119
0.000265511
0.000319266
0.000318631
0.000309558
0.000304277
0.000301016
0.00029587
0.000295477
0.000317871
0.000311932
0.000300795
0.000943322
0.000291453
0.000917143
0.000258556
0.000834413
0.000203702
0.00019653
0.000198392
0.000201931
0.00021423
0.000228647
0.000247079
0.000262885
0.00102763
0.000328028
0.000333411
0.000338623
0.000341449
0.000426001
0.00104161
0.000420394
0.000918098
0.000270268
0.000221022
0.000170169
0.000172641
4.64653e-05
6.93508e-05
9.87132e-05
7.51178e-05
7.63357e-05
7.65866e-05
7.61326e-05
0.000107684
0.000151596
0.00010174
9.90679e-05
9.86708e-05
9.99654e-05
0.000102326
0.000105116
0.000108417
0.000112214
7.96708e-05
0.000152927
0.000115024
0.00011319
0.000107518
0.000101977
9.46098e-05
8.23168e-05
7.2968e-05
6.39147e-05
5.44454e-05
7.05064e-05
3.7078e-05
2.94719e-05
2.34459e-05
1.85612e-05
1.45714e-05
1.18887e-05
1.01858e-05
8.97727e-06
7.34647e-06
5.93183e-06
4.11751e-07
3.26951e-06
5.51076e-06
6.28977e-06
4.20374e-06
7.16031e-06
6.97948e-06
1.17455e-05
1.6407e-05
2.07148e-05
3.28376e-05
3.68973e-05
5.80655e-05
0.000311739
5.48163e-05
4.3978e-05
4.2294e-05
4.38317e-05
7.07391e-05
0.000250121
0.00012802
0.000169143
0.000493092
0.000233941
0.000259721
0.000971921
0.00100054
0.000310009
0.000328176
0.000987701
0.000323243
0.000321015
0.000321828
0.000317078
0.000310763
0.000332716
0.000317895
0.000326165
0.000929795
0.000262001
0.000239534
0.000220243
0.00021858
0.000232185
0.000244999
0.000243091
0.000236495
0.000254419
0.000276387
0.000315676
0.00101641
0.00101591
0.00101617
0.000314813
0.000302359
0.000286951
0.000262017
0.000223654
0.000176723
0.000188185
8.75066e-05
2.47803e-05
5.39602e-05
7.32023e-05
7.47131e-05
7.49873e-05
0.000140871
0.00015296
0.00010223
0.000100264
9.7462e-05
9.54176e-05
9.5331e-05
9.68834e-05
9.92927e-05
0.000102335
0.000105604
0.000109342
0.000113241
0.000112754
0.0001123
0.000110424
0.000104916
9.95141e-05
9.19715e-05
8.05366e-05
7.13716e-05
6.23459e-05
5.32633e-05
4.43124e-05
3.6481e-05
6.85836e-05
2.28992e-05
1.81038e-05
1.42849e-05
1.17064e-05
1.00306e-05
8.84502e-06
7.20003e-06
5.85136e-06
4.4097e-07
1.71579e-06
2.87083e-06
5.49827e-06
1.06398e-05
1.23772e-05
1.64264e-05
2.26792e-05
2.48256e-05
3.01471e-05
3.69908e-05
4.9444e-05
6.42455e-05
0.000119295
5.90076e-05
4.74131e-05
4.49298e-05
4.53654e-05
6.53049e-05
0.000104951
0.000145128
0.000192432
0.000654987
0.000237247
0.000255446
0.000924675
0.000305333
0.000301576
0.00101879
0.000347124
0.0010123
0.000352386
0.000370203
0.000366338
0.000340704
0.000336982
0.000352306
0.000349487
0.000312972
0.00028931
0.000958475
0.000929032
0.000251298
0.000248252
0.000985664
0.000244873
0.000232499
0.000971548
0.000239991
0.000292786
0.000958456
0.000280593
0.000275646
0.000273744
0.000796887
0.000605236
0.000214705
0.000284323
0.000212725
0.000109472
7.73807e-05
2.83439e-05
4.24524e-05
7.30971e-05
8.83405e-05
7.32517e-05
0.000148949
9.77976e-05
9.69763e-05
9.53393e-05
9.32183e-05
9.17211e-05
9.19176e-05
9.36964e-05
9.62377e-05
9.93995e-05
0.000102676
0.000106304
0.000158807
0.00010983
0.000109514
0.000150148
0.000102231
9.69716e-05
8.9351e-05
7.86517e-05
6.97121e-05
6.07632e-05
5.20758e-05
4.30816e-05
6.86426e-05
2.82888e-05
2.2337e-05
1.76564e-05
1.3983e-05
1.15105e-05
9.86412e-06
8.65352e-06
7.05631e-06
5.76765e-06
5.39482e-06
2.77645e-06
6.52952e-06
1.71345e-05
5.03077e-05
2.90489e-05
2.96733e-05
6.28693e-05
8.21475e-05
0.000117226
5.73662e-05
0.000123077
7.43255e-05
8.70896e-05
0.000112817
5.31578e-05
5.07711e-05
9.89538e-05
0.000110396
0.00030488
0.000159402
0.00046829
0.00024841
0.000242806
0.000246603
0.000265208
0.000282411
0.000293425
0.000299247
0.00031648
0.000323952
0.000346981
0.000370693
0.00101959
0.000363785
0.000360104
0.000359971
0.000358777
0.00100228
0.000292328
0.000281963
0.000258535
0.000253165
0.000267559
0.000997356
0.000240621
0.000232194
0.000228312
0.000208522
0.000218576
0.000209961
0.000209324
0.000194244
0.000576166
0.000554095
0.000193368
0.000169769
0.00022225
0.000114646
8.08689e-05
5.24508e-05
5.28853e-05
4.73856e-05
7.25314e-05
7.23605e-05
9.70788e-05
9.51172e-05
9.22668e-05
9.19115e-05
9.06363e-05
8.90606e-05
8.79814e-05
8.84281e-05
9.04078e-05
9.3147e-05
9.63862e-05
9.96816e-05
0.000103114
0.000107477
0.000106813
0.000106578
0.000104684
9.94404e-05
0.00011881
8.2996e-05
9.0998e-05
8.33525e-05
5.91317e-05
5.08746e-05
4.18373e-05
3.47639e-05
2.75606e-05
2.17592e-05
1.72262e-05
1.36702e-05
1.13012e-05
9.68531e-06
8.45934e-06
6.91329e-06
5.6851e-06
9.96554e-06
3.26448e-05
2.39939e-05
7.09205e-05
0.000173146
4.47897e-05
9.72892e-05
5.24065e-05
0.000103884
7.39801e-05
0.00010388
0.000109035
7.7309e-05
7.40158e-05
9.18429e-05
5.95012e-05
5.86595e-05
8.61588e-05
8.43998e-05
0.000373281
0.000176264
0.000202308
0.000625032
0.000222354
0.000237533
0.000246446
0.000933605
0.000268807
0.000271679
0.000285665
0.000309378
0.000310978
0.00100312
0.000338555
0.00101424
0.000363863
0.000365347
0.00103368
0.00101547
0.000291633
0.00028242
0.000276928
0.00027152
0.000268524
0.000239082
0.000220589
0.000210816
0.000208341
0.000221036
0.00056036
0.00027542
0.000201009
0.000209231
0.000219851
0.000223869
0.000254434
0.000185063
0.000144799
8.39151e-05
2.76404e-05
9.32669e-05
6.97015e-05
7.07451e-05
7.1291e-05
9.61952e-05
9.15076e-05
8.90711e-05
8.70211e-05
0.00011741
8.61611e-05
8.10906e-05
8.04621e-05
8.12191e-05
8.7063e-05
9.00182e-05
9.32934e-05
9.66062e-05
9.98577e-05
0.00014825
0.000103678
0.000103568
0.000101644
9.66175e-05
9.14841e-05
8.03652e-05
7.43802e-05
6.59036e-05
5.7373e-05
4.96622e-05
4.06008e-05
6.93492e-05
2.68524e-05
2.11789e-05
1.67935e-05
1.33833e-05
1.10817e-05
9.49561e-06
8.25889e-06
6.77074e-06
5.59556e-06
9.11587e-06
8.55572e-05
5.56411e-05
0.000145587
0.000105493
0.000112633
5.12405e-05
8.89183e-05
8.80136e-05
7.03419e-05
7.37304e-05
8.40036e-05
8.45589e-05
9.17741e-05
7.74474e-05
0.00010393
6.2546e-05
6.59816e-05
8.65781e-05
0.000131541
0.00032594
0.000390808
0.000197269
0.000619533
0.000768272
0.000897157
0.000889455
0.000231217
0.000232505
0.000260385
0.000967247
0.000979563
0.000275535
0.00027464
0.000295732
0.0010232
0.0010251
0.000348729
0.000317139
0.00100225
0.000282752
0.000280838
0.00101117
0.000244078
0.000936515
0.000200111
0.000713581
0.000196643
0.000230939
0.000347394
0.000262705
0.000231326
0.000201622
0.000195105
0.000172693
0.000151454
0.000104778
4.06432e-05
2.82055e-05
9.28053e-05
5.06566e-05
6.64216e-05
6.93153e-05
9.48659e-05
8.95369e-05
8.48955e-05
8.22634e-05
8.09738e-05
7.7637e-05
7.718e-05
7.64704e-05
7.61836e-05
7.71242e-05
7.94358e-05
9.9945e-05
8.95382e-05
9.29681e-05
0.000123496
9.9619e-05
0.00013454
9.98709e-05
9.79684e-05
9.321e-05
8.78897e-05
7.7197e-05
8.72142e-05
6.34164e-05
5.52246e-05
4.8118e-05
7.01017e-05
3.22468e-05
2.60083e-05
2.05148e-05
1.62696e-05
1.30321e-05
1.07963e-05
9.25168e-06
8.01382e-06
6.59736e-06
5.48408e-06
5.95653e-06
1.49874e-05
6.07696e-05
7.93155e-05
7.35318e-05
5.26972e-05
5.39888e-05
8.38137e-05
7.38755e-05
7.39147e-05
0.000104543
9.65889e-05
9.45805e-05
9.55241e-05
8.17749e-05
7.15762e-05
6.99683e-05
0.000117254
0.000246066
0.000137322
0.000158392
0.000172731
0.000178287
0.000195443
0.000750473
0.000774378
0.000769274
0.000218995
0.000761893
0.000214307
0.000219332
0.000228068
0.000229375
0.000242021
0.000258326
0.000260616
0.000261919
0.000263928
0.000999967
0.00028136
0.0010069
0.00102629
0.00100766
0.000239835
0.000200395
0.000183844
0.000242829
0.000242845
0.000209546
0.000162384
8.38561e-05
4.8023e-05
4.57873e-05
4.5129e-05
6.94822e-05
6.52098e-05
3.02552e-05
4.26178e-05
6.94242e-05
6.10831e-05
7.84508e-05
0.000117254
8.96621e-05
8.70742e-05
8.23145e-05
7.75382e-05
7.19567e-05
7.1113e-05
7.14039e-05
7.18659e-05
7.15233e-05
7.1469e-05
7.25614e-05
7.49252e-05
7.80326e-05
8.51176e-05
8.84765e-05
9.10932e-05
9.43473e-05
9.50434e-05
9.54512e-05
9.37459e-05
8.92642e-05
8.01012e-05
7.35887e-05
6.79975e-05
6.05707e-05
5.2763e-05
4.59301e-05
3.73447e-05
3.05972e-05
2.4818e-05
1.97259e-05
1.56479e-05
1.26173e-05
1.04517e-05
8.94954e-06
7.76199e-06
6.39042e-06
5.34228e-06
1.66376e-05
4.41765e-06
3.56929e-05
6.26152e-05
5.31789e-05
3.14553e-05
3.38149e-05
5.14701e-05
5.76517e-05
7.61294e-05
0.000286881
0.000114444
0.00010795
0.00010007
9.01182e-05
0.000105607
8.94935e-05
0.000105095
0.000410713
0.000158395
0.000396904
0.000163233
0.000172165
0.000182328
0.000626366
0.000191662
0.000187415
0.000186799
0.00061388
0.000190081
0.000735907
0.000775962
0.000197589
0.000215992
0.000873695
0.00020841
0.000220016
0.000235398
0.000255759
0.000986309
0.000245083
0.000240053
0.00023842
0.00089776
0.000185975
0.000238956
0.000222874
0.000135984
9.204e-05
7.79023e-05
7.6392e-05
4.37925e-05
7.37756e-05
4.32576e-05
7.18364e-05
4.40601e-05
4.47236e-05
5.84255e-05
6.87129e-05
6.73289e-05
6.55731e-05
8.48236e-05
8.13068e-05
7.93484e-05
9.69754e-05
6.77643e-05
6.55341e-05
6.51688e-05
8.59845e-05
8.63032e-05
6.67534e-05
6.68642e-05
6.80857e-05
7.05272e-05
7.35284e-05
7.71581e-05
8.38407e-05
8.63251e-05
8.92025e-05
9.02551e-05
9.07355e-05
8.94648e-05
0.000100393
7.60155e-05
6.99952e-05
6.43745e-05
5.77498e-05
5.03558e-05
4.3686e-05
7.10625e-05
2.90377e-05
2.36679e-05
1.89289e-05
1.50199e-05
1.21898e-05
1.00916e-05
8.62117e-06
7.51114e-06
6.18628e-06
5.18824e-06
1.86223e-05
8.98211e-06
2.01769e-05
3.03003e-05
2.27825e-05
1.3325e-05
1.76043e-05
2.32228e-05
3.35656e-05
6.23632e-05
0.000114743
0.000137064
0.000127253
0.000127667
0.000147172
0.00011293
0.00012002
0.000372209
0.000141194
0.000145706
0.000152718
0.000446078
0.000481382
0.000483541
0.000527395
0.000171695
0.000167567
0.000163419
0.000156692
0.000161091
0.000523
0.000161934
0.000169154
0.000681719
0.000178657
0.000184075
0.000765114
0.00019699
0.000203684
0.000215179
0.000222151
0.000912601
0.0001978
0.000182314
0.000419678
0.000162144
0.00010505
7.90261e-05
7.7434e-05
7.64551e-05
7.57485e-05
6.90356e-05
6.59132e-05
7.24835e-05
7.14593e-05
7.01807e-05
6.90699e-05
6.77739e-05
6.60155e-05
8.5113e-05
8.04073e-05
0.000106431
7.33395e-05
9.22791e-05
6.52032e-05
6.12562e-05
5.9359e-05
5.93525e-05
6.02472e-05
6.14286e-05
8.04971e-05
6.23249e-05
6.35576e-05
6.61386e-05
6.91947e-05
7.29499e-05
7.58023e-05
7.80724e-05
8.41774e-05
0.000109183
8.60459e-05
8.51027e-05
7.72937e-05
7.21561e-05
6.63984e-05
6.08865e-05
5.48202e-05
4.79492e-05
4.14152e-05
3.37265e-05
2.75429e-05
2.25405e-05
1.80643e-05
1.44002e-05
1.17545e-05
9.71358e-06
8.30739e-06
7.25141e-06
5.98013e-06
5.0252e-06
1.82498e-05
1.56346e-05
2.26353e-05
2.74168e-05
2.84832e-05
3.52183e-05
3.66313e-05
2.93638e-05
2.93356e-05
4.8557e-05
9.2326e-05
0.00031762
0.000145257
0.000353406
0.000144262
0.000145629
0.000150408
0.000144881
0.000142599
0.000138722
0.000139447
0.000524561
0.000140833
0.000150241
0.000152053
0.000153998
0.000155961
0.000432596
0.000139116
0.000376269
0.000138402
0.000139591
0.000362055
0.000149016
0.000468731
0.000165533
0.000177398
0.000184222
0.000197511
0.000188539
0.000187618
0.000181653
0.000205966
0.000402038
0.000203258
9.49608e-05
0.000107861
0.000101689
9.98011e-05
9.95984e-05
0.000137524
0.000131103
0.000124156
7.03827e-05
0.000124604
6.75612e-05
8.97971e-05
0.00012493
8.10907e-05
7.66844e-05
7.219e-05
6.65498e-05
6.35347e-05
6.17879e-05
5.82729e-05
5.50705e-05
5.34985e-05
5.38015e-05
5.48538e-05
5.61983e-05
5.72508e-05
5.80589e-05
5.92145e-05
6.17792e-05
6.48751e-05
6.88267e-05
8.89049e-05
7.35253e-05
7.57354e-05
7.71161e-05
7.76615e-05
7.69233e-05
9.10744e-05
6.81324e-05
6.27904e-05
5.75859e-05
5.20088e-05
4.54769e-05
3.91891e-05
3.18476e-05
2.60837e-05
2.14988e-05
1.71989e-05
1.37589e-05
1.13056e-05
9.31915e-06
8.01099e-06
6.98804e-06
5.76272e-06
4.85408e-06
1.81971e-05
1.83263e-05
2.13488e-05
2.98259e-05
3.78027e-05
4.30328e-05
4.89402e-05
5.00483e-05
3.9002e-05
4.4849e-05
8.40411e-05
0.000115928
0.000152496
0.000169917
0.000167464
0.000183764
0.00018071
0.000426243
0.000151093
0.00013574
0.000126627
0.000118593
0.00012057
0.000129969
0.000138597
0.000463045
0.000140407
0.000129905
0.000120106
0.000118601
0.000119281
0.000126222
0.000132361
0.000139233
0.000150371
0.000155694
0.000166191
0.000576274
0.00017774
0.00018307
0.00019817
0.000196826
0.000373537
0.000198422
9.74386e-05
0.000100717
0.000117984
8.82648e-05
8.72879e-05
8.81522e-05
8.98899e-05
8.92376e-05
8.86409e-05
8.83936e-05
8.5876e-05
8.26674e-05
7.96125e-05
7.62943e-05
7.27637e-05
6.64995e-05
6.23817e-05
5.91207e-05
5.64975e-05
5.46854e-05
7.79208e-05
4.9086e-05
4.80273e-05
4.86034e-05
4.97673e-05
5.12342e-05
5.24685e-05
5.34061e-05
5.48458e-05
5.76038e-05
6.0652e-05
6.45499e-05
6.7221e-05
6.92002e-05
7.1207e-05
7.23292e-05
7.3164e-05
7.26807e-05
6.88708e-05
6.41456e-05
5.93154e-05
5.4202e-05
4.91067e-05
7.39611e-05
3.70391e-05
3.00949e-05
2.46609e-05
2.0315e-05
1.62868e-05
1.31205e-05
1.07653e-05
8.92125e-06
7.70793e-06
6.72679e-06
5.54044e-06
4.66667e-06
1.86371e-05
1.98411e-05
1.93596e-05
2.3809e-05
2.77219e-05
2.67961e-05
3.19503e-05
4.69326e-05
5.07129e-05
4.24754e-05
6.24624e-05
0.000106965
0.000136389
0.000618705
0.0001723
0.000449514
0.000429477
0.000155476
0.000451554
0.000124953
0.000482836
0.000102415
0.000103083
0.00011378
0.000533045
0.000533653
0.000128663
0.000273539
0.000107949
0.000103444
0.000107757
0.000122528
0.000190303
0.000134966
0.000148042
0.000167434
0.000410769
0.000168871
0.000172792
0.000485016
0.000199386
0.000327507
0.000185972
0.000109085
9.26417e-05
8.52105e-05
7.63563e-05
7.30126e-05
7.27504e-05
7.41207e-05
0.000104728
7.73449e-05
7.71237e-05
0.00010879
0.000106847
7.28303e-05
6.805e-05
6.51482e-05
8.33939e-05
5.89565e-05
5.50882e-05
5.2077e-05
4.96941e-05
4.79913e-05
4.58518e-05
4.35957e-05
4.28925e-05
4.3673e-05
4.50093e-05
4.6775e-05
7.38735e-05
4.91803e-05
5.07027e-05
5.33746e-05
5.65764e-05
6.02715e-05
6.27905e-05
6.49994e-05
6.69541e-05
6.79669e-05
8.94431e-05
8.95356e-05
6.46361e-05
6.02845e-05
5.59175e-05
5.09885e-05
4.62157e-05
4.07026e-05
3.47926e-05
2.84173e-05
2.32742e-05
1.91888e-05
1.54023e-05
1.24916e-05
1.02371e-05
8.56438e-06
7.39359e-06
6.44043e-06
5.33282e-06
4.50048e-06
1.93307e-05
2.0784e-05
1.92491e-05
1.87258e-05
1.7481e-05
1.42644e-05
1.64313e-05
2.87595e-05
4.48653e-05
4.30936e-05
4.29344e-05
1.95624e-05
0.000106637
0.000131635
0.000146811
0.000158121
0.000148405
0.000128844
0.000117562
0.000102165
8.9176e-05
8.11449e-05
0.000237878
9.50883e-05
0.000107508
0.000222178
0.000130459
0.000116579
0.000104075
9.00211e-05
8.29756e-05
9.04109e-05
9.96877e-05
0.000115015
0.00014168
0.000166973
0.000180674
0.00018386
0.000189152
0.000193448
0.000198098
0.000120561
0.000104116
8.80927e-05
7.49245e-05
8.15905e-05
6.40494e-05
6.17428e-05
6.21608e-05
6.3953e-05
8.65452e-05
6.41502e-05
6.43172e-05
6.48525e-05
6.3619e-05
6.16021e-05
5.94006e-05
5.68603e-05
5.46499e-05
7.69341e-05
4.8032e-05
4.54205e-05
4.34339e-05
4.20017e-05
4.01432e-05
3.87052e-05
3.83148e-05
3.92526e-05
4.06911e-05
4.23508e-05
4.39063e-05
4.50689e-05
4.68025e-05
4.94828e-05
5.24991e-05
5.61353e-05
5.8618e-05
6.08069e-05
6.26951e-05
6.36925e-05
6.47064e-05
8.62007e-05
6.06105e-05
5.66041e-05
5.25022e-05
4.793e-05
4.33812e-05
3.82398e-05
3.26897e-05
2.67721e-05
2.19783e-05
1.80899e-05
1.45804e-05
1.18673e-05
9.71167e-06
8.20285e-06
7.08663e-06
6.15505e-06
5.11841e-06
4.36047e-06
2.01486e-05
2.06868e-05
1.83658e-05
1.51486e-05
1.1287e-05
7.15053e-06
7.51904e-06
1.53361e-05
3.06086e-05
3.92373e-05
3.33558e-05
4.29983e-05
7.05656e-05
9.36572e-05
0.00011067
0.000117614
0.000464035
0.000332005
9.01647e-05
0.000202657
6.3845e-05
6.04337e-05
6.64888e-05
7.63087e-05
8.66573e-05
0.000106787
5.78999e-05
8.64638e-05
5.31861e-05
6.17665e-05
5.62541e-05
6.68723e-05
5.40729e-05
8.59279e-05
0.000112486
0.000144959
0.000164719
0.000244471
0.000151723
0.000210134
0.000111987
9.57391e-05
8.21782e-05
8.00486e-05
6.13976e-05
5.58316e-05
7.20825e-05
5.10352e-05
7.38522e-05
5.4347e-05
7.72968e-05
5.43753e-05
5.48322e-05
5.54804e-05
7.81407e-05
5.3084e-05
5.10605e-05
4.87972e-05
4.6617e-05
4.43414e-05
4.15915e-05
3.94343e-05
3.78832e-05
7.50491e-05
3.51539e-05
3.42133e-05
3.40656e-05
3.51195e-05
3.66882e-05
3.83906e-05
3.99595e-05
4.13169e-05
4.30401e-05
4.57028e-05
4.87563e-05
5.19992e-05
5.44963e-05
5.6795e-05
5.85608e-05
5.94853e-05
6.03409e-05
6.02059e-05
7.96293e-05
5.28392e-05
4.92694e-05
4.48288e-05
4.06489e-05
3.57911e-05
3.07321e-05
2.51819e-05
2.07018e-05
1.70068e-05
1.3778e-05
1.12426e-05
9.24835e-06
7.83179e-06
6.78202e-06
5.87308e-06
4.9298e-06
4.21177e-06
2.09327e-05
1.91447e-05
1.42782e-05
1.02911e-05
6.88205e-06
3.91014e-06
3.99326e-06
8.81729e-06
2.03484e-05
3.13214e-05
2.99621e-05
2.67667e-05
4.04737e-05
6.09631e-05
7.62564e-05
0.000178134
7.50572e-05
6.48698e-05
0.000146845
5.17511e-05
4.33848e-05
4.25291e-05
4.61241e-05
3.09013e-05
5.69784e-05
5.39664e-05
5.17524e-05
6.45746e-05
4.47509e-05
4.94079e-05
4.20633e-05
4.5237e-05
5.35844e-05
6.78504e-05
9.45347e-05
9.4249e-05
0.000129459
0.000130681
0.000118865
0.000118116
8.85196e-05
7.60733e-05
6.34687e-05
7.03917e-05
6.98629e-05
4.34931e-05
4.16423e-05
4.13817e-05
4.27222e-05
7.32931e-05
4.50063e-05
4.50201e-05
4.5773e-05
4.65646e-05
4.6166e-05
4.48896e-05
4.32387e-05
4.14544e-05
3.96199e-05
3.78515e-05
3.59946e-05
3.42301e-05
3.28197e-05
3.20664e-05
3.07228e-05
3.00914e-05
3.02292e-05
3.13681e-05
3.29624e-05
3.47313e-05
3.63059e-05
3.77464e-05
3.95938e-05
4.21581e-05
4.50158e-05
4.81951e-05
5.05438e-05
5.27006e-05
5.44938e-05
5.54578e-05
5.62081e-05
5.59431e-05
5.28115e-05
4.93292e-05
4.6145e-05
4.19448e-05
3.80043e-05
3.34749e-05
2.88164e-05
2.36575e-05
1.94811e-05
1.59951e-05
1.30024e-05
1.0613e-05
8.79917e-06
7.47315e-06
6.46911e-06
5.59365e-06
4.75098e-06
4.05264e-06
2.11676e-05
1.58208e-05
9.65962e-06
6.96934e-06
3.86312e-06
1.88166e-06
2.29672e-06
6.14633e-06
1.45294e-05
2.45766e-05
2.67941e-05
2.13162e-05
2.27921e-05
3.29081e-05
4.52744e-05
5.07831e-05
4.55027e-05
3.97162e-05
3.85863e-05
3.12594e-05
2.7759e-05
2.83833e-05
3.14297e-05
3.3975e-05
3.57094e-05
2.96397e-05
3.23931e-05
5.21949e-05
4.10877e-05
3.80086e-05
2.78551e-05
2.89722e-05
3.64807e-05
5.16756e-05
7.44886e-05
6.57091e-05
0.000104525
0.000111207
9.18542e-05
7.81615e-05
6.75245e-05
5.69434e-05
4.73871e-05
4.14156e-05
3.67055e-05
3.32635e-05
3.22936e-05
7.15133e-05
3.43834e-05
3.66206e-05
3.63154e-05
3.68329e-05
3.77645e-05
3.86404e-05
3.84148e-05
3.76825e-05
3.65124e-05
3.51796e-05
7.53381e-05
3.22497e-05
3.10258e-05
7.55666e-05
2.83312e-05
2.75975e-05
2.66377e-05
2.63006e-05
2.66672e-05
2.78879e-05
2.95522e-05
3.13787e-05
3.29759e-05
3.43949e-05
3.63101e-05
3.88694e-05
4.15443e-05
4.44304e-05
4.68648e-05
4.89213e-05
5.05287e-05
5.1417e-05
5.20299e-05
5.16087e-05
4.90413e-05
4.59476e-05
4.2899e-05
3.92016e-05
3.54706e-05
3.12797e-05
2.68899e-05
2.21892e-05
1.8272e-05
1.5033e-05
1.22426e-05
1.00285e-05
8.34699e-06
7.11655e-06
6.15838e-06
5.34331e-06
4.56369e-06
3.89867e-06
2.00345e-05
9.90062e-06
5.65597e-06
3.21454e-06
1.76918e-06
7.88642e-07
1.3552e-06
4.51404e-06
1.12404e-05
1.97015e-05
2.33301e-05
1.9448e-05
1.57444e-05
1.77996e-05
2.27633e-05
2.34421e-05
2.17412e-05
2.0161e-05
1.96233e-05
1.7593e-05
1.73396e-05
1.87316e-05
2.10048e-05
2.35869e-05
2.56588e-05
2.77954e-05
3.06667e-05
2.85836e-05
3.40626e-05
2.84214e-05
1.92549e-05
2.02368e-05
2.44487e-05
3.76674e-05
5.59366e-05
7.01115e-05
7.94338e-05
7.64796e-05
6.81551e-05
5.962e-05
4.99702e-05
3.99234e-05
3.40694e-05
2.99195e-05
7.16152e-05
2.49216e-05
2.45694e-05
2.61601e-05
2.72598e-05
2.90366e-05
2.90643e-05
2.98631e-05
3.09118e-05
3.18511e-05
3.18457e-05
3.1463e-05
3.07024e-05
2.97234e-05
2.87061e-05
2.73364e-05
2.64824e-05
2.56198e-05
2.43088e-05
2.36374e-05
2.29989e-05
2.29115e-05
2.34577e-05
2.47036e-05
2.6324e-05
2.8114e-05
2.9983e-05
3.13094e-05
3.32378e-05
3.56719e-05
3.8306e-05
4.09962e-05
4.32669e-05
4.52456e-05
4.68477e-05
4.77116e-05
4.82085e-05
4.76966e-05
4.55158e-05
4.26828e-05
3.99363e-05
3.65428e-05
3.30653e-05
2.90818e-05
2.50477e-05
2.07791e-05
1.71228e-05
1.41044e-05
1.14892e-05
9.4771e-06
7.91698e-06
6.75435e-06
5.8448e-06
5.10951e-06
4.36805e-06
3.75455e-06
1.67124e-05
5.66042e-06
2.28056e-06
1.47033e-06
8.72364e-07
4.83892e-07
8.6134e-07
3.26258e-06
8.86639e-06
1.61547e-05
2.01983e-05
1.79707e-05
1.35981e-05
1.17522e-05
1.19817e-05
1.17201e-05
1.10612e-05
1.08661e-05
1.09409e-05
1.07778e-05
1.13015e-05
1.28239e-05
1.40031e-05
1.54241e-05
1.72444e-05
1.88565e-05
2.03055e-05
3.66672e-05
1.87255e-05
1.81752e-05
1.75713e-05
1.93942e-05
1.96058e-05
2.62283e-05
3.97527e-05
5.08422e-05
5.8418e-05
5.48902e-05
4.90408e-05
4.07714e-05
3.11417e-05
2.6568e-05
2.34122e-05
2.06961e-05
1.89887e-05
1.7814e-05
1.80392e-05
1.97459e-05
2.10475e-05
2.27207e-05
2.28821e-05
2.38313e-05
2.49547e-05
2.59647e-05
2.61619e-05
2.59846e-05
2.54895e-05
2.47952e-05
2.39457e-05
2.29755e-05
2.2473e-05
2.16267e-05
2.05843e-05
2.00675e-05
1.96947e-05
1.9826e-05
2.04977e-05
2.17957e-05
2.33814e-05
2.51085e-05
7.48574e-05
2.84321e-05
3.03958e-05
3.27006e-05
3.51901e-05
3.77746e-05
3.99814e-05
4.17941e-05
4.32352e-05
4.40449e-05
4.44791e-05
4.38853e-05
4.1988e-05
3.96714e-05
3.7119e-05
3.40197e-05
3.08059e-05
2.69865e-05
2.32861e-05
1.93939e-05
1.60423e-05
1.32029e-05
1.07905e-05
8.9259e-06
7.48915e-06
6.39608e-06
5.57982e-06
4.86612e-06
4.17204e-06
3.6031e-06
6.90446e-06
1.73979e-06
8.10599e-07
5.23932e-07
3.73184e-07
2.94015e-07
5.49693e-07
2.21737e-06
6.7553e-06
1.30394e-05
1.73003e-05
1.65442e-05
1.2863e-05
9.94368e-06
8.64612e-06
7.88076e-06
7.42681e-06
7.28704e-06
7.31191e-06
7.39823e-06
7.78923e-06
9.01278e-06
3.53965e-05
1.04065e-05
4.66204e-05
1.17669e-05
1.29196e-05
1.3638e-05
4.47614e-05
1.17557e-05
1.22236e-05
1.54074e-05
1.88742e-05
1.87245e-05
2.62831e-05
3.44868e-05
4.00344e-05
3.50477e-05
3.01526e-05
2.39771e-05
7.02602e-05
1.71852e-05
1.49103e-05
1.29191e-05
1.18893e-05
1.17246e-05
1.24406e-05
1.41825e-05
1.56023e-05
1.69885e-05
1.74948e-05
1.85759e-05
1.97817e-05
2.08155e-05
2.11778e-05
7.70301e-05
2.08834e-05
2.03253e-05
1.96989e-05
1.90708e-05
1.86638e-05
1.80173e-05
1.72911e-05
1.69222e-05
1.67701e-05
1.70752e-05
1.78295e-05
1.91115e-05
2.06583e-05
2.23742e-05
2.42568e-05
2.57242e-05
2.76559e-05
2.99332e-05
3.22917e-05
3.47025e-05
3.68437e-05
3.86075e-05
3.99438e-05
4.06996e-05
4.10397e-05
4.04579e-05
3.87901e-05
3.67507e-05
3.44658e-05
3.16352e-05
2.85693e-05
2.50278e-05
2.16057e-05
1.80727e-05
1.50049e-05
1.23126e-05
1.01378e-05
8.40716e-06
7.0648e-06
6.0637e-06
5.30885e-06
4.61972e-06
3.98421e-06
3.44782e-06
3.32073e-06
4.25704e-07
2.48447e-07
2.15524e-07
1.95834e-07
1.93273e-07
3.47051e-07
1.38602e-06
4.74333e-06
1.03809e-05
1.46859e-05
1.49833e-05
1.24129e-05
9.70062e-06
7.91189e-06
6.87135e-06
6.23748e-06
5.85224e-06
5.60665e-06
5.455e-06
5.39247e-06
6.00983e-06
6.434e-06
6.84439e-06
6.96203e-06
6.60048e-06
7.0909e-06
7.69374e-06
7.69775e-06
7.37162e-06
8.59716e-06
3.77225e-05
1.56376e-05
1.49347e-05
1.64397e-05
2.11472e-05
5.80854e-05
2.1079e-05
1.68631e-05
1.34913e-05
1.06164e-05
9.66342e-06
7.724e-05
6.87653e-06
6.45195e-06
6.73149e-06
7.68738e-06
9.38211e-06
1.0809e-05
1.21511e-05
1.28789e-05
1.40399e-05
1.52652e-05
1.63036e-05
1.67886e-05
1.7205e-05
1.68021e-05
1.63938e-05
1.59716e-05
1.56005e-05
1.52335e-05
1.48318e-05
1.43545e-05
1.41279e-05
1.41545e-05
1.45889e-05
1.54255e-05
1.66988e-05
1.81239e-05
1.98456e-05
2.16018e-05
2.32377e-05
2.5102e-05
2.72826e-05
2.9581e-05
3.18472e-05
3.38721e-05
3.55654e-05
3.68126e-05
3.75601e-05
3.78512e-05
3.72654e-05
3.57626e-05
3.39964e-05
3.19891e-05
2.93711e-05
2.64475e-05
2.31797e-05
1.99853e-05
1.68262e-05
1.40079e-05
1.14918e-05
9.50084e-06
7.89009e-06
6.64438e-06
5.75664e-06
5.02707e-06
4.39628e-06
3.79233e-06
3.2905e-06
1.19667e-07
1.44672e-07
1.37237e-07
1.11031e-07
1.02653e-07
1.11157e-07
1.89017e-07
7.19782e-07
2.67503e-06
6.73053e-06
1.13224e-05
1.31736e-05
1.22113e-05
1.03565e-05
8.68081e-06
7.33796e-06
6.1947e-06
5.28965e-06
4.60753e-06
4.31881e-06
4.22212e-06
4.00016e-06
3.46651e-06
3.04922e-06
2.70273e-06
2.49562e-06
2.51471e-06
2.78613e-06
3.03062e-06
3.55287e-06
5.09117e-06
7.85207e-06
1.05062e-05
1.34131e-05
6.47432e-05
1.11068e-05
9.16009e-06
8.56482e-06
9.43578e-06
9.18169e-06
8.44653e-06
7.58701e-06
6.558e-06
5.79334e-06
5.27184e-06
5.0875e-06
4.24468e-06
4.05923e-06
4.69985e-06
5.85709e-06
6.70101e-06
7.85767e-06
9.03476e-06
1.00309e-05
1.06678e-05
1.10734e-05
1.10371e-05
1.08904e-05
1.07993e-05
1.05912e-05
1.05357e-05
1.05596e-05
1.03263e-05
1.02869e-05
1.05398e-05
1.11191e-05
1.19531e-05
1.31499e-05
1.45373e-05
1.61926e-05
1.77816e-05
1.955e-05
2.13662e-05
2.33996e-05
2.54798e-05
2.75801e-05
2.94756e-05
3.10016e-05
3.21602e-05
3.28478e-05
3.30682e-05
3.2538e-05
3.13782e-05
2.9935e-05
2.81868e-05
2.59222e-05
2.33191e-05
2.03738e-05
1.75975e-05
1.49147e-05
1.24131e-05
1.02515e-05
8.53772e-06
7.09317e-06
6.06972e-06
5.24982e-06
4.61328e-06
4.03699e-06
3.49123e-06
3.072e-06
3.86929e-08
5.52439e-08
6.34824e-08
6.53347e-08
7.05103e-08
8.00378e-08
1.06804e-07
2.28313e-07
7.56196e-07
2.18123e-06
4.55181e-06
6.9448e-06
7.99653e-06
7.83908e-06
7.12081e-06
6.22309e-06
5.3046e-06
4.43676e-06
3.66453e-06
2.97386e-06
2.38327e-06
2.00552e-06
1.80254e-06
1.70669e-06
1.63085e-06
1.51127e-06
1.35782e-06
1.23343e-06
1.29067e-06
1.72583e-06
2.80218e-06
4.32652e-06
5.87834e-06
7.02555e-06
6.98589e-06
6.69616e-06
6.21137e-06
5.77855e-06
5.19615e-06
4.7132e-06
4.30936e-06
3.69269e-06
3.04961e-06
2.67004e-06
2.4344e-06
2.40505e-06
2.65698e-06
3.06971e-06
3.28424e-06
3.52065e-06
2.93478e-06
2.9656e-06
3.40024e-06
4.04878e-06
4.65631e-06
5.07038e-06
5.29709e-06
5.42705e-06
5.61505e-06
5.69575e-06
5.88141e-06
6.05075e-06
6.16427e-06
6.3695e-06
6.76247e-06
7.36543e-06
8.21935e-06
9.30104e-06
1.05441e-05
1.20234e-05
1.3483e-05
1.51934e-05
1.68788e-05
1.86812e-05
2.05622e-05
2.24234e-05
2.40703e-05
2.54365e-05
2.64932e-05
2.71512e-05
2.73289e-05
2.69032e-05
2.60322e-05
2.49373e-05
2.35808e-05
2.16935e-05
1.93868e-05
1.69533e-05
1.46068e-05
1.24427e-05
1.0401e-05
8.6545e-06
7.27909e-06
6.12901e-06
5.28334e-06
4.60669e-06
4.04497e-06
3.57148e-06
3.11386e-06
2.73416e-06
7.35861e-09
1.7456e-08
2.94363e-08
4.27849e-08
5.27466e-08
6.12446e-08
7.19754e-08
9.16085e-08
1.57722e-07
3.54148e-07
7.25231e-07
1.33723e-06
2.09092e-06
2.66004e-06
2.90525e-06
2.84111e-06
2.59843e-06
2.30106e-06
2.03819e-06
1.86804e-06
1.80137e-06
1.80726e-06
1.84104e-06
1.86493e-06
1.82643e-06
1.69334e-06
1.45032e-06
1.18344e-06
1.01226e-06
1.08022e-06
1.37994e-06
1.74978e-06
2.36654e-06
2.67492e-06
2.61723e-06
2.44707e-06
2.24627e-06
1.96998e-06
1.67972e-06
1.50157e-06
1.39721e-06
1.19551e-06
1.01585e-06
9.52024e-07
9.7603e-07
1.08129e-06
1.26359e-06
1.39172e-06
1.5065e-06
1.74238e-06
2.01119e-06
2.16421e-06
2.31168e-06
2.26383e-06
1.89255e-06
1.90802e-06
1.96805e-06
2.10772e-06
2.34089e-06
2.55582e-06
2.82241e-06
3.07838e-06
3.35145e-06
3.66751e-06
4.10012e-06
4.69629e-06
5.44701e-06
6.35883e-06
7.40537e-06
8.67993e-06
9.97789e-06
1.15045e-05
1.30344e-05
1.45862e-05
1.62397e-05
1.785e-05
1.92732e-05
2.04916e-05
2.14569e-05
2.20857e-05
2.22252e-05
2.1917e-05
2.12624e-05
2.03968e-05
1.93624e-05
1.77529e-05
1.57988e-05
1.38292e-05
1.19493e-05
1.01855e-05
8.55351e-06
7.21251e-06
6.14556e-06
5.21397e-06
4.53009e-06
4.00052e-06
3.53039e-06
3.10857e-06
2.73016e-06
2.42259e-06
2.01552e-09
6.93651e-09
1.46924e-08
2.37457e-08
3.40259e-08
4.22401e-08
4.97187e-08
5.91352e-08
7.21565e-08
9.40181e-08
1.45089e-07
2.60474e-07
4.70384e-07
7.48032e-07
1.00607e-06
1.16471e-06
1.21961e-06
1.22101e-06
1.21449e-06
1.23015e-06
1.27462e-06
1.35117e-06
1.4453e-06
1.5309e-06
1.56811e-06
1.50629e-06
1.32602e-06
1.07269e-06
8.28926e-07
6.50017e-07
5.42793e-07
6.71773e-07
7.44623e-07
7.24285e-07
6.51869e-07
5.88735e-07
5.24869e-07
4.55738e-07
3.97009e-07
3.61906e-07
3.42715e-07
3.05232e-07
2.81887e-07
2.93443e-07
3.33612e-07
4.0167e-07
4.80131e-07
5.78584e-07
6.99251e-07
8.0975e-07
8.565e-07
9.38884e-07
1.05929e-06
1.18955e-06
1.23098e-06
1.23459e-06
1.24583e-06
1.04212e-06
9.44241e-07
1.0013e-06
1.18214e-06
1.41095e-06
1.67143e-06
1.97779e-06
2.37631e-06
2.87347e-06
3.47697e-06
4.19427e-06
5.07448e-06
6.08732e-06
7.175e-06
8.4529e-06
9.74651e-06
1.11097e-05
1.25118e-05
1.38747e-05
1.50986e-05
1.61594e-05
1.70124e-05
1.764e-05
1.77202e-05
1.75121e-05
1.70364e-05
1.63433e-05
1.54458e-05
1.4164e-05
1.26366e-05
1.10431e-05
9.5561e-06
8.17021e-06
6.92471e-06
5.89842e-06
5.06234e-06
4.37517e-06
3.84579e-06
3.39639e-06
3.02462e-06
2.68896e-06
2.36632e-06
2.10837e-06
6.94967e-10
3.28513e-09
7.51413e-09
1.32955e-08
1.8862e-08
2.47499e-08
3.01559e-08
3.58949e-08
4.33864e-08
5.2562e-08
6.58755e-08
9.28535e-08
1.37622e-07
2.01584e-07
3.01035e-07
3.94011e-07
4.62684e-07
5.12202e-07
5.55326e-07
6.07558e-07
6.75667e-07
7.60507e-07
8.5527e-07
9.40764e-07
1.00482e-06
9.98534e-07
9.07506e-07
7.53151e-07
5.78576e-07
4.24474e-07
3.37061e-07
2.88219e-07
2.49717e-07
2.1679e-07
1.88302e-07
1.63997e-07
1.42519e-07
1.21276e-07
1.02352e-07
8.73201e-08
7.58709e-08
6.6651e-08
6.46786e-08
7.47735e-08
9.60922e-08
1.27668e-07
1.6536e-07
2.08572e-07
2.53974e-07
3.01747e-07
3.5495e-07
4.16927e-07
4.45735e-07
4.61459e-07
4.99046e-07
5.43179e-07
5.74078e-07
5.74406e-07
5.90374e-07
5.34702e-07
5.03829e-07
5.94646e-07
7.69738e-07
1.00386e-06
1.30967e-06
1.67939e-06
2.1292e-06
2.70241e-06
3.37104e-06
4.13969e-06
4.99743e-06
6.02738e-06
7.09103e-06
8.22012e-06
9.36915e-06
1.05102e-05
1.15234e-05
1.24283e-05
1.31413e-05
1.3633e-05
1.3771e-05
1.36514e-05
1.33172e-05
1.27827e-05
1.2028e-05
1.10296e-05
9.85122e-06
8.62719e-06
7.47008e-06
6.40736e-06
5.49949e-06
4.74542e-06
4.11412e-06
3.60246e-06
3.20447e-06
2.85703e-06
2.5569e-06
2.28582e-06
2.02392e-06
1.79583e-06
1.61492e-11
2.01536e-09
4.09491e-09
7.14843e-09
1.06897e-08
1.42498e-08
1.72377e-08
2.02246e-08
2.46761e-08
2.99422e-08
3.67131e-08
4.72103e-08
6.47683e-08
8.79036e-08
1.1388e-07
1.38879e-07
1.65104e-07
1.93112e-07
2.25613e-07
2.66571e-07
3.1535e-07
3.72397e-07
4.28908e-07
4.77756e-07
5.12835e-07
5.28387e-07
5.07447e-07
4.56638e-07
3.91005e-07
3.26527e-07
2.72958e-07
2.32648e-07
2.02937e-07
1.79848e-07
1.60278e-07
1.41655e-07
1.2316e-07
1.05069e-07
8.70961e-08
7.01584e-08
5.52183e-08
4.27126e-08
3.27393e-08
2.53886e-08
2.19663e-08
3.05734e-08
4.30238e-08
5.90079e-08
7.70607e-08
9.71467e-08
1.16325e-07
1.36069e-07
1.58653e-07
1.82023e-07
1.95437e-07
1.98864e-07
2.1348e-07
2.3785e-07
2.62794e-07
2.8187e-07
3.04592e-07
2.73444e-07
3.40297e-07
4.79748e-07
6.83073e-07
9.36351e-07
1.26948e-06
1.68591e-06
2.16143e-06
2.71848e-06
3.39293e-06
4.14716e-06
4.99057e-06
5.87853e-06
6.81492e-06
7.7188e-06
8.53651e-06
9.26575e-06
9.84827e-06
1.02328e-05
1.03806e-05
1.03266e-05
1.01011e-05
9.70172e-06
9.12533e-06
8.35051e-06
7.47236e-06
6.56193e-06
5.68756e-06
4.92016e-06
4.27542e-06
3.74537e-06
3.29342e-06
2.92403e-06
2.62685e-06
2.36256e-06
2.11954e-06
1.89964e-06
1.69291e-06
1.51776e-06
0
9.23401e-10
2.221e-09
3.7851e-09
6.00253e-09
7.70899e-09
9.87762e-09
1.19788e-08
1.42353e-08
1.68454e-08
2.05019e-08
2.56947e-08
3.29842e-08
4.31431e-08
5.5481e-08
6.899e-08
8.29091e-08
9.69626e-08
1.14492e-07
1.35276e-07
1.57397e-07
1.74911e-07
2.11351e-07
2.36107e-07
2.5887e-07
2.71055e-07
2.7076e-07
2.62157e-07
2.48603e-07
2.31579e-07
2.13804e-07
1.96796e-07
1.80663e-07
1.64955e-07
1.49033e-07
1.32712e-07
1.16074e-07
9.95197e-08
8.32821e-08
6.81103e-08
5.4406e-08
4.23727e-08
3.22625e-08
2.404e-08
1.77682e-08
1.33833e-08
1.06429e-08
9.32536e-09
1.30323e-08
1.92915e-08
2.6116e-08
3.32773e-08
4.01509e-08
4.78823e-08
5.77955e-08
6.70863e-08
7.20276e-08
7.93135e-08
9.78297e-08
1.1999e-07
1.40873e-07
1.67933e-07
1.64492e-07
2.21748e-07
3.38573e-07
5.06915e-07
7.29076e-07
1.00803e-06
1.33076e-06
1.74711e-06
2.21519e-06
2.73493e-06
3.37013e-06
4.07177e-06
4.77885e-06
5.46514e-06
6.09494e-06
6.64991e-06
7.11183e-06
7.40965e-06
7.55561e-06
7.53767e-06
7.38852e-06
7.09838e-06
6.68376e-06
6.12359e-06
5.49615e-06
4.83864e-06
4.20945e-06
3.70194e-06
3.2669e-06
2.90006e-06
2.58148e-06
2.31954e-06
2.10488e-06
1.91367e-06
1.73772e-06
1.56496e-06
1.39976e-06
1.25631e-06
0
2.95393e-11
1.23114e-09
2.20734e-09
2.99783e-09
4.31624e-09
5.63431e-09
6.62022e-09
7.99081e-09
9.95922e-09
1.20696e-08
1.45551e-08
1.78254e-08
2.22612e-08
2.80373e-08
3.4845e-08
4.26426e-08
5.14706e-08
6.15973e-08
7.44667e-08
9.19685e-08
1.10399e-07
1.25802e-07
1.35907e-07
1.37041e-07
1.41435e-07
1.46942e-07
1.45342e-07
1.41073e-07
1.36873e-07
1.3168e-07
1.24954e-07
1.16989e-07
1.08652e-07
9.95891e-08
9.01918e-08
8.05126e-08
7.10465e-08
6.17467e-08
5.26658e-08
4.39426e-08
3.58246e-08
2.8459e-08
2.20497e-08
1.6627e-08
1.22768e-08
8.9893e-09
6.6974e-09
5.38127e-09
4.69653e-09
4.43831e-09
4.37476e-09
4.46484e-09
4.58539e-09
6.32645e-09
1.05236e-08
1.6242e-08
2.16471e-08
2.90142e-08
4.21051e-08
5.9851e-08
7.91184e-08
1.02916e-07
1.1242e-07
1.64205e-07
2.62689e-07
3.99703e-07
5.73804e-07
8.00664e-07
1.0696e-06
1.37598e-06
1.70866e-06
2.18623e-06
2.69591e-06
3.20473e-06
3.69649e-06
4.15261e-06
4.56071e-06
4.91724e-06
5.1549e-06
5.27822e-06
5.29248e-06
5.20502e-06
5.01277e-06
4.72555e-06
4.33459e-06
3.89332e-06
3.43045e-06
3.02808e-06
2.71121e-06
2.43594e-06
2.2003e-06
1.99638e-06
1.81901e-06
1.66768e-06
1.52583e-06
1.38902e-06
1.25088e-06
1.11452e-06
1.0045e-06
0
0
6.4865e-11
1.10114e-09
2.06168e-09
2.27684e-09
2.84366e-09
3.6957e-09
4.67971e-09
5.64447e-09
6.71783e-09
8.49265e-09
1.04451e-08
1.26879e-08
1.52829e-08
1.85529e-08
2.25524e-08
2.75163e-08
3.37002e-08
4.15464e-08
5.14012e-08
6.39248e-08
7.69853e-08
8.79996e-08
9.55882e-08
9.89689e-08
9.8342e-08
9.49527e-08
8.98684e-08
8.24119e-08
7.46111e-08
6.98783e-08
6.52757e-08
5.99445e-08
5.4579e-08
4.98508e-08
4.61649e-08
4.27014e-08
3.88569e-08
3.45981e-08
3.00637e-08
2.56046e-08
2.13889e-08
1.75313e-08
1.39729e-08
1.08053e-08
8.11914e-09
5.97069e-09
4.41381e-09
3.37283e-09
2.75027e-09
2.38575e-09
2.17983e-09
2.08844e-09
1.99616e-09
2.08104e-09
2.8096e-09
4.0814e-09
5.04593e-09
1.1564e-08
2.19698e-08
3.62125e-08
5.35483e-08
7.22103e-08
8.57102e-08
1.30351e-07
2.07762e-07
3.13988e-07
4.53101e-07
6.16706e-07
8.02585e-07
1.02432e-06
1.33638e-06
1.67837e-06
2.02622e-06
2.3601e-06
2.67276e-06
2.98005e-06
3.23377e-06
3.41152e-06
3.51315e-06
3.54055e-06
3.49508e-06
3.37688e-06
3.19219e-06
2.94118e-06
2.65919e-06
2.36545e-06
2.14531e-06
1.95383e-06
1.78312e-06
1.63169e-06
1.49639e-06
1.37553e-06
1.27429e-06
1.17938e-06
1.08538e-06
9.8846e-07
8.89914e-07
8.02352e-07
0
0
0
3.29764e-11
7.41857e-10
1.41718e-09
1.92079e-09
2.01949e-09
2.41095e-09
3.07995e-09
4.05766e-09
4.96016e-09
5.81805e-09
7.11051e-09
8.79645e-09
1.05935e-08
1.2883e-08
1.57149e-08
1.92756e-08
2.37674e-08
2.95281e-08
3.64201e-08
4.45344e-08
5.33201e-08
6.10817e-08
6.68163e-08
6.97651e-08
6.98452e-08
6.73768e-08
6.34288e-08
5.83534e-08
5.30259e-08
4.75451e-08
4.24722e-08
3.78302e-08
3.33893e-08
2.9333e-08
2.67395e-08
2.41559e-08
2.14702e-08
1.92271e-08
1.76138e-08
1.57021e-08
1.34701e-08
1.1208e-08
9.02033e-09
7.04211e-09
5.37917e-09
4.01924e-09
2.97215e-09
2.2356e-09
1.75353e-09
1.46526e-09
1.2625e-09
1.09334e-09
9.80564e-10
9.80749e-10
1.45837e-09
2.24872e-09
2.47584e-09
6.92897e-09
1.56416e-08
2.73143e-08
4.17603e-08
5.53896e-08
6.75757e-08
1.02602e-07
1.59856e-07
2.36487e-07
3.3058e-07
4.43119e-07
5.77039e-07
7.44343e-07
9.59702e-07
1.17995e-06
1.40102e-06
1.62648e-06
1.8287e-06
1.99664e-06
2.12278e-06
2.20259e-06
2.23349e-06
2.2152e-06
2.14825e-06
2.03811e-06
1.88786e-06
1.71709e-06
1.58264e-06
1.47369e-06
1.37198e-06
1.27878e-06
1.19327e-06
1.11314e-06
1.03844e-06
9.68222e-07
8.99858e-07
8.29849e-07
7.56315e-07
6.81582e-07
6.15403e-07
0
0
0
0
1.37915e-11
1.40454e-10
7.1405e-10
1.32679e-09
1.68979e-09
1.76016e-09
2.11943e-09
2.68266e-09
3.48609e-09
4.30692e-09
5.09944e-09
5.96316e-09
7.16728e-09
8.96611e-09
1.11962e-08
1.38959e-08
1.73371e-08
2.15425e-08
2.65116e-08
3.1771e-08
3.74943e-08
4.26202e-08
4.67029e-08
4.93363e-08
5.02129e-08
4.93693e-08
4.72586e-08
4.4319e-08
4.08842e-08
3.734e-08
3.3759e-08
3.03939e-08
2.71789e-08
2.41714e-08
2.14041e-08
1.88929e-08
1.64494e-08
1.44413e-08
1.26154e-08
1.08474e-08
9.37449e-09
8.05075e-09
6.68429e-09
5.2878e-09
4.02736e-09
2.96527e-09
2.15299e-09
1.60351e-09
1.24474e-09
1.00561e-09
8.18929e-10
6.61815e-10
5.40485e-10
5.20286e-10
8.38596e-10
1.35409e-09
1.62154e-09
6.10842e-09
1.32851e-08
2.23017e-08
3.33511e-08
4.39265e-08
5.20078e-08
7.53278e-08
1.12869e-07
1.63886e-07
2.26511e-07
2.99476e-07
3.79343e-07
4.8246e-07
6.19038e-07
7.62832e-07
9.02088e-07
1.02851e-06
1.13572e-06
1.21751e-06
1.27257e-06
1.29826e-06
1.29925e-06
1.27427e-06
1.21995e-06
1.13959e-06
1.0898e-06
1.03968e-06
9.87761e-07
9.36851e-07
8.87876e-07
8.41159e-07
7.92204e-07
7.45884e-07
7.02704e-07
6.58932e-07
6.12492e-07
5.62497e-07
5.10859e-07
4.65121e-07
0
0
0
0
0
2.49393e-12
1.13944e-11
1.07116e-10
6.24268e-10
1.18494e-09
1.47741e-09
1.5926e-09
1.8816e-09
2.31509e-09
2.91731e-09
3.64931e-09
4.4287e-09
5.348e-09
6.45154e-09
7.87389e-09
9.84886e-09
1.25599e-08
1.58001e-08
1.92802e-08
2.29557e-08
2.66511e-08
3.03186e-08
3.33129e-08
3.53914e-08
3.65568e-08
3.66343e-08
3.60064e-08
3.48064e-08
3.32464e-08
3.13807e-08
2.92073e-08
2.69095e-08
2.44889e-08
2.2071e-08
1.96907e-08
1.74378e-08
1.5328e-08
1.33275e-08
1.14837e-08
9.70098e-09
8.13923e-09
6.739e-09
5.44796e-09
4.33531e-09
3.36602e-09
2.48953e-09
1.79192e-09
1.29104e-09
9.61039e-10
7.5001e-10
5.9674e-10
4.61091e-10
3.32672e-10
2.98283e-10
5.05389e-10
8.56999e-10
2.02855e-09
5.43086e-09
1.08144e-08
1.72912e-08
2.49952e-08
3.38097e-08
3.7041e-08
5.03073e-08
7.3308e-08
1.03843e-07
1.41456e-07
1.83241e-07
2.33102e-07
2.88607e-07
3.5408e-07
4.32322e-07
5.05286e-07
5.69126e-07
6.22832e-07
6.68388e-07
6.97179e-07
7.08196e-07
7.00252e-07
7.0609e-07
7.01931e-07
6.90029e-07
6.73089e-07
6.53413e-07
6.32416e-07
6.10602e-07
5.87549e-07
5.62251e-07
5.36226e-07
5.08435e-07
4.78654e-07
4.46177e-07
4.10642e-07
3.73675e-07
3.40673e-07
0
0
0
0
0
0
0
2.64448e-12
4.34418e-12
1.80145e-11
5.1822e-10
8.84363e-10
1.28256e-09
1.46189e-09
1.64972e-09
1.994e-09
2.4384e-09
3.01251e-09
3.82792e-09
4.83334e-09
6.02741e-09
7.50812e-09
9.18462e-09
1.12047e-08
1.36337e-08
1.64132e-08
1.9198e-08
2.16308e-08
2.37447e-08
2.54309e-08
2.65934e-08
2.72915e-08
2.75658e-08
2.73734e-08
2.68249e-08
2.60066e-08
2.48192e-08
2.34066e-08
2.18269e-08
2.00937e-08
1.81553e-08
1.61878e-08
1.42374e-08
1.23939e-08
1.06514e-08
9.01425e-09
7.4986e-09
6.1061e-09
4.88538e-09
3.80345e-09
2.85876e-09
2.1019e-09
1.52366e-09
1.09033e-09
7.98268e-10
6.07498e-10
4.64904e-10
3.40001e-10
2.27522e-10
1.77978e-10
2.99648e-10
5.62124e-10
1.80845e-09
4.07098e-09
7.69756e-09
1.21643e-08
1.69854e-08
2.34129e-08
2.47368e-08
3.1564e-08
4.33196e-08
6.05692e-08
8.21605e-08
1.08243e-07
1.36775e-07
1.67611e-07
1.98993e-07
2.32493e-07
2.69057e-07
3.0366e-07
3.34766e-07
3.6214e-07
3.83699e-07
4.00262e-07
4.11314e-07
4.17081e-07
4.18339e-07
4.16213e-07
4.11888e-07
4.06446e-07
3.98888e-07
3.88896e-07
3.76531e-07
3.62325e-07
3.46814e-07
3.28971e-07
3.08704e-07
2.85986e-07
2.62014e-07
2.40443e-07
0
0
0
0
0
0
0
0
0
3.98287e-14
1.41276e-13
1.62663e-11
3.60149e-10
5.74324e-10
9.33739e-10
1.37025e-09
1.50729e-09
1.74633e-09
2.134e-09
2.66065e-09
3.3668e-09
4.3415e-09
5.53787e-09
6.94487e-09
8.50339e-09
1.01902e-08
1.1769e-08
1.33412e-08
1.48545e-08
1.58565e-08
1.70209e-08
1.85623e-08
1.99621e-08
2.0816e-08
2.10907e-08
2.11245e-08
2.0902e-08
2.04425e-08
1.97328e-08
1.87007e-08
1.74487e-08
1.59611e-08
1.43751e-08
1.27378e-08
1.10414e-08
9.40089e-09
7.88367e-09
6.51542e-09
5.28379e-09
4.17408e-09
3.23082e-09
2.42122e-09
1.75398e-09
1.23529e-09
8.74423e-10
6.42673e-10
4.88213e-10
3.71459e-10
2.65518e-10
1.64406e-10
1.06908e-10
1.72261e-10
3.70119e-10
1.12245e-09
2.45352e-09
4.62941e-09
7.45846e-09
1.02852e-08
1.40828e-08
1.63208e-08
1.85194e-08
2.40933e-08
3.33326e-08
4.54183e-08
5.97464e-08
7.56421e-08
9.38123e-08
1.1429e-07
1.34599e-07
1.54633e-07
1.73525e-07
1.90572e-07
2.06571e-07
2.2298e-07
2.36791e-07
2.47409e-07
2.5496e-07
2.59868e-07
2.62491e-07
2.63129e-07
2.6183e-07
2.58492e-07
2.53149e-07
2.45968e-07
2.36864e-07
2.25701e-07
2.12603e-07
1.97706e-07
1.81868e-07
1.67556e-07
0
0
0
0
0
0
0
0
0
0
0
0
8.08551e-14
7.59005e-12
1.85678e-10
3.14165e-10
3.70501e-10
8.3888e-10
1.4409e-09
1.57266e-09
1.72393e-09
2.24947e-09
3.10876e-09
3.96024e-09
4.9158e-09
6.12099e-09
7.36802e-09
8.63398e-09
9.84258e-09
1.09929e-08
1.20428e-08
1.23326e-08
1.22861e-08
1.2123e-08
1.18675e-08
1.23492e-08
1.35485e-08
1.51691e-08
1.62713e-08
1.62163e-08
1.56502e-08
1.48237e-08
1.37983e-08
1.25111e-08
1.11027e-08
9.62482e-09
8.19808e-09
6.79986e-09
5.50888e-09
4.37543e-09
3.40401e-09
2.58885e-09
1.92016e-09
1.38412e-09
9.7046e-10
6.7788e-10
4.87945e-10
3.69583e-10
2.84038e-10
2.02441e-10
1.21429e-10
6.75394e-11
9.66645e-11
2.35286e-10
3.62713e-10
1.07657e-09
2.23501e-09
3.87179e-09
5.4923e-09
7.52662e-09
9.77368e-09
1.01196e-08
1.29861e-08
1.74264e-08
2.39764e-08
3.19176e-08
4.15787e-08
5.21223e-08
6.32135e-08
7.43971e-08
8.6729e-08
9.98235e-08
1.1229e-07
1.23423e-07
1.33336e-07
1.41755e-07
1.48642e-07
1.53937e-07
1.57785e-07
1.60193e-07
1.61134e-07
1.60588e-07
1.58656e-07
1.55348e-07
1.50612e-07
1.44399e-07
1.36788e-07
1.2788e-07
1.18312e-07
1.09667e-07
0
0
0
0
0
0
0
0
0
0
0
0
0
0
1.40021e-14
4.83848e-13
2.77132e-11
1.24156e-10
1.14231e-10
8.0541e-11
7.35982e-10
1.36825e-09
1.48618e-09
1.62138e-09
2.28465e-09
3.39043e-09
4.35058e-09
5.18076e-09
6.00095e-09
6.93971e-09
7.81629e-09
8.65366e-09
9.43456e-09
9.66889e-09
9.70825e-09
9.64676e-09
9.50337e-09
9.20714e-09
8.89321e-09
8.5634e-09
9.0518e-09
1.07353e-08
1.21912e-08
1.1873e-08
1.09307e-08
9.81326e-09
8.57614e-09
7.28333e-09
6.01611e-09
4.8512e-09
3.78864e-09
2.86557e-09
2.10981e-09
1.51274e-09
1.06981e-09
7.34913e-10
5.07841e-10
3.63275e-10
2.72582e-10
2.072e-10
1.47082e-10
8.60573e-11
4.26191e-11
5.62756e-11
1.53968e-10
1.61266e-10
1.39981e-10
7.11066e-10
1.58228e-09
2.48162e-09
3.55981e-09
4.93697e-09
5.33545e-09
6.64267e-09
8.80857e-09
1.22767e-08
1.68046e-08
2.21253e-08
2.82528e-08
3.50216e-08
4.24412e-08
5.00601e-08
5.74848e-08
6.45203e-08
7.09577e-08
7.7238e-08
8.3182e-08
8.84888e-08
9.29556e-08
9.63546e-08
9.85887e-08
9.96553e-08
9.95906e-08
9.84267e-08
9.62138e-08
9.29416e-08
8.86473e-08
8.3456e-08
7.77459e-08
7.24633e-08
0
0
0
0
0
0
0
0
0
0
0
0
0
0
0
0
7.24124e-17
9.35119e-14
1.95733e-12
2.01168e-11
6.10163e-17
8.5551e-13
1.32924e-10
7.58487e-10
1.32008e-09
1.43972e-09
1.49202e-09
1.85723e-09
2.72244e-09
3.88609e-09
4.86167e-09
5.50505e-09
6.08168e-09
6.60688e-09
7.17136e-09
7.33618e-09
7.42344e-09
7.47229e-09
7.46407e-09
7.39709e-09
7.2917e-09
7.11343e-09
6.81714e-09
6.51039e-09
7.14768e-09
8.58514e-09
8.78412e-09
7.77909e-09
6.69332e-09
5.58782e-09
4.49662e-09
3.50819e-09
2.64561e-09
1.9161e-09
1.32486e-09
8.88781e-10
5.79985e-10
3.88585e-10
2.69023e-10
1.99459e-10
1.50637e-10
1.05328e-10
6.04179e-11
2.69621e-11
3.48843e-11
1.05252e-10
1.15306e-10
4.28e-11
4.2377e-11
3.43085e-10
8.35565e-10
1.40077e-09
2.14775e-09
2.66988e-09
3.21529e-09
4.36246e-09
6.11512e-09
8.65145e-09
1.16947e-08
1.53013e-08
1.93008e-08
2.3493e-08
2.80518e-08
3.27534e-08
3.73664e-08
4.18327e-08
4.59387e-08
4.95253e-08
5.25096e-08
5.48885e-08
5.65796e-08
5.76156e-08
5.79516e-08
5.75918e-08
5.65623e-08
5.48407e-08
5.27326e-08
5.01305e-08
4.71527e-08
4.43593e-08
0
0
0
0
0
0
0
0
0
0
0
0
0
0
0
0
0
0
5.31638e-17
1.34833e-14
5.77783e-14
0
3.1117e-17
4.17396e-14
1.25487e-12
1.56252e-10
6.66694e-10
1.10716e-09
1.31971e-09
1.26465e-09
1.20094e-09
1.29473e-09
1.91497e-09
2.75871e-09
3.85108e-09
4.97309e-09
5.46199e-09
5.59684e-09
5.66211e-09
5.72805e-09
5.85657e-09
5.91133e-09
5.94572e-09
5.87967e-09
5.75379e-09
5.50454e-09
5.18385e-09
5.15348e-09
5.95779e-09
6.15135e-09
5.29455e-09
4.34496e-09
3.44668e-09
2.61176e-09
1.90301e-09
1.32289e-09
8.71314e-10
5.4175e-10
3.33261e-10
2.09474e-10
1.49006e-10
1.1089e-10
7.73849e-11
4.39074e-11
1.81203e-11
2.2229e-11
7.17913e-11
8.35519e-11
2.52349e-11
1.98646e-11
5.89686e-11
7.62214e-11
3.43771e-10
7.41503e-10
1.17351e-09
1.44215e-09
2.06964e-09
2.96724e-09
4.32719e-09
6.00948e-09
8.03734e-09
1.04274e-08
1.29599e-08
1.56008e-08
1.82638e-08
2.08773e-08
2.32978e-08
2.54506e-08
2.75867e-08
2.94112e-08
3.09329e-08
3.20341e-08
3.27219e-08
3.30085e-08
3.28449e-08
3.22693e-08
3.12855e-08
2.9935e-08
2.83653e-08
2.68619e-08
0
0
0
0
0
0
0
0
0
0
0
0
0
0
0
0
0
0
0
0
0
1.59487e-15
0
0
1.02696e-17
5.50592e-17
4.61543e-14
9.54445e-13
2.59483e-11
3.06655e-10
6.33922e-10
8.41646e-10
9.36839e-10
8.22403e-10
6.60234e-10
4.81277e-10
3.32358e-10
9.09881e-10
2.00572e-09
3.24532e-09
4.34219e-09
4.60396e-09
4.69491e-09
4.75579e-09
4.84335e-09
4.8493e-09
4.7721e-09
4.60602e-09
4.35771e-09
4.00632e-09
3.64256e-09
3.94285e-09
4.06604e-09
3.42615e-09
2.67428e-09
1.9992e-09
1.41708e-09
9.43933e-10
5.90637e-10
3.48395e-10
1.98664e-10
1.23272e-10
8.42172e-11
5.90101e-11
3.43293e-11
1.3359e-11
1.28537e-11
4.9315e-11
6.10103e-11
1.8059e-11
8.93562e-12
3.28227e-11
4.97246e-11
3.79044e-11
8.10611e-11
3.56364e-10
5.56596e-10
8.71637e-10
1.32566e-09
1.99649e-09
2.91377e-09
4.02535e-09
5.30303e-09
6.65462e-09
8.06014e-09
9.57032e-09
1.11016e-08
1.25196e-08
1.38038e-08
1.4932e-08
1.58762e-08
1.66063e-08
1.71218e-08
1.73904e-08
1.74028e-08
1.71772e-08
1.68857e-08
1.64155e-08
1.58265e-08
1.52339e-08
0
0
0
0
0
0
0
0
0
0
0
0
0
0
0
0
0
0
0
0
0
0
0
0
0
0
0
1.39164e-17
5.21756e-17
5.0988e-15
5.69691e-14
8.10652e-13
1.39803e-11
1.09216e-10
2.41075e-10
3.36575e-10
3.49215e-10
2.82572e-10
1.24381e-10
1.36152e-14
3.01891e-14
3.91309e-10
1.61642e-09
2.97335e-09
3.83688e-09
3.94615e-09
3.9405e-09
3.96252e-09
3.89636e-09
3.77336e-09
3.56143e-09
3.30111e-09
2.95465e-09
2.59146e-09
2.39479e-09
2.3783e-09
2.08134e-09
1.5445e-09
1.07561e-09
6.99091e-10
4.13884e-10
2.27006e-10
1.24554e-10
7.47534e-11
4.99554e-11
3.00339e-11
1.23675e-11
6.28855e-12
2.62873e-11
4.62934e-11
1.63415e-11
4.11364e-12
1.59284e-11
3.37582e-11
2.56705e-11
1.97081e-11
2.7977e-11
8.1739e-11
2.3094e-10
4.45623e-10
7.46807e-10
1.18014e-09
1.72862e-09
2.36387e-09
3.09413e-09
3.85534e-09
4.63039e-09
5.3871e-09
6.08286e-09
6.69928e-09
7.28228e-09
7.81925e-09
8.26516e-09
8.57761e-09
8.74799e-09
8.80073e-09
8.74618e-09
8.60472e-09
8.41382e-09
8.21793e-09
0
0
0
0
0
0
0
0
0
0
0
0
0
0
0
0
0
0
0
0
0
0
0
0
0
0
0
0
0
0
0
2.21915e-17
5.00425e-17
9.08445e-17
1.50421e-14
5.969e-14
4.05117e-13
5.6217e-12
3.66727e-11
5.86043e-11
9.16467e-12
6.70409e-17
7.65334e-17
1.43319e-14
3.92209e-11
9.46716e-10
2.16396e-09
3.16431e-09
3.26539e-09
3.20621e-09
3.14093e-09
3.01599e-09
2.84862e-09
2.62467e-09
2.35993e-09
2.08005e-09
1.76407e-09
1.45204e-09
1.25524e-09
1.09944e-09
8.21614e-10
5.18997e-10
3.00521e-10
1.58077e-10
8.08018e-11
4.74704e-11
3.01829e-11
1.50925e-11
4.67045e-12
7.51041e-12
3.09591e-11
1.90654e-11
2.53064e-12
5.38162e-12
2.23983e-11
2.03503e-11
1.27197e-11
1.30789e-11
2.18067e-11
1.54195e-11
1.66427e-11
9.2627e-11
2.55992e-10
4.91037e-10
7.81187e-10
1.1108e-09
1.46951e-09
1.84828e-09
2.22348e-09
2.59569e-09
2.93174e-09
3.23539e-09
3.48535e-09
3.68326e-09
3.82227e-09
3.91252e-09
3.99567e-09
4.07116e-09
4.13608e-09
4.17292e-09
0
0
0
0
0
0
0
0
0
0
0
0
0
0
0
0
0
0
0
0
0
0
0
0
0
0
0
0
0
0
0
0
0
0
0
2.6877e-18
2.15627e-17
4.06955e-17
6.46903e-17
7.21455e-15
7.31815e-14
6.21644e-13
2.09817e-17
3.47958e-17
4.7491e-17
5.71103e-17
7.7273e-15
4.88398e-12
5.36085e-10
1.50991e-09
2.42672e-09
2.6053e-09
2.51197e-09
2.3618e-09
2.22147e-09
2.03489e-09
1.83228e-09
1.60477e-09
1.36262e-09
1.1313e-09
8.93458e-10
6.70188e-10
5.0895e-10
3.71574e-10
2.19268e-10
1.13536e-10
5.81153e-11
3.29474e-11
1.88809e-11
8.35384e-12
2.04133e-12
1.36169e-11
2.06753e-11
4.64541e-12
1.26036e-12
1.04451e-11
1.67215e-11
1.06487e-11
6.90259e-12
1.1219e-11
1.27548e-11
7.66627e-12
1.09461e-11
2.7826e-11
6.83834e-11
1.32621e-10
2.17622e-10
3.22579e-10
4.4311e-10
6.00391e-10
7.65077e-10
9.24179e-10
1.07843e-09
1.22595e-09
1.42041e-09
1.62643e-09
1.84759e-09
2.08349e-09
2.3305e-09
2.55459e-09
0
0
0
0
0
0
0
0
0
0
0
0
0
0
0
0
0
0
0
0
0
0
0
0
0
0
0
0
0
0
0
0
0
0
0
0
0
0
0
0
9.91905e-18
2.0481e-17
2.3692e-17
0
0
1.31476e-17
2.50024e-17
3.53147e-17
4.30661e-17
2.65727e-15
1.32559e-14
1.27107e-10
7.80797e-10
1.39961e-09
1.8996e-09
1.8627e-09
1.71848e-09
1.54276e-09
1.37463e-09
1.19534e-09
1.01096e-09
8.33253e-10
6.55693e-10
4.98849e-10
3.56088e-10
2.29984e-10
1.47025e-10
8.31438e-11
4.27867e-11
2.46477e-11
1.39631e-11
4.86857e-12
1.22342e-12
1.14959e-11
1.17287e-11
7.41443e-13
2.29197e-12
1.17626e-11
9.30512e-12
4.90983e-12
5.16704e-12
9.61537e-12
4.75855e-12
4.41647e-12
1.12653e-11
3.63413e-11
8.28083e-11
1.48171e-10
2.29116e-10
3.22487e-10
4.2749e-10
5.42729e-10
6.69215e-10
8.04274e-10
9.49465e-10
1.10997e-09
1.28823e-09
1.48847e-09
1.70062e-09
1.89713e-09
0
0
0
0
0
0
0
0
0
0
0
0
0
0
0
0
0
0
0
0
0
0
0
0
0
0
0
0
0
0
0
0
0
0
0
0
0
0
0
0
0
0
0
1.18122e-18
3.63168e-18
0
0
0
8.15782e-18
1.72521e-17
2.47557e-17
3.04536e-17
3.38118e-17
4.23431e-15
1.03998e-14
7.33164e-11
4.57721e-10
8.10515e-10
1.08071e-09
1.14566e-09
1.01991e-09
8.70703e-10
7.2102e-10
5.88283e-10
4.6029e-10
3.48831e-10
2.46481e-10
1.6828e-10
1.02417e-10
5.65357e-11
3.12514e-11
1.86835e-11
1.10136e-11
3.41655e-12
9.47442e-13
9.49763e-12
4.62132e-12
2.69271e-13
5.23881e-12
7.80318e-12
4.34847e-12
2.52365e-12
5.6278e-12
3.7832e-12
2.00469e-12
4.90766e-12
2.05925e-11
5.41403e-11
1.05741e-10
1.72505e-10
2.51436e-10
3.40219e-10
4.37502e-10
5.42516e-10
6.57472e-10
7.82483e-10
9.18526e-10
1.06751e-09
1.22714e-09
1.37963e-09
0
0
0
0
0
0
0
0
0
0
0
0
0
0
0
0
0
0
0
0
0
0
0
0
0
0
0
0
0
0
0
0
0
0
0
0
0
0
0
0
0
0
0
0
0
0
0
0
0
0
0
2.48987e-18
9.1905e-18
1.43641e-17
1.81957e-17
2.07113e-17
2.18112e-17
5.45114e-16
4.25773e-15
6.89849e-15
8.20758e-11
2.92956e-10
4.59453e-10
5.63624e-10
5.10945e-10
4.09446e-10
3.16002e-10
2.37318e-10
1.7006e-10
1.1435e-10
7.33985e-11
4.38525e-11
2.27003e-11
1.36835e-11
8.601e-12
2.31837e-12
8.5824e-13
8.7205e-12
1.40409e-12
6.83635e-13
5.45648e-12
3.75914e-12
1.36027e-12
2.89124e-12
2.76948e-12
8.94706e-13
2.76429e-12
1.43892e-11
4.09356e-11
8.19599e-11
1.35611e-10
1.9994e-10
2.7455e-10
3.58289e-10
4.50783e-10
5.51579e-10
6.61705e-10
7.81459e-10
9.13099e-10
1.03962e-09
0
0
0
0
0
0
0
0
0
0
0
0
0
0
0
0
0
0
0
0
0
0
0
0
0
0
0
0
0
0
0
0
0
0
0
0
0
0
0
0
0
0
0
0
0
0
0
0
0
0
0
0
0
0
0
1.0081e-18
4.93348e-18
7.79119e-18
9.74492e-18
1.08605e-17
1.12739e-17
1.10589e-17
2.51912e-16
2.15017e-15
3.91763e-12
8.73801e-11
1.99062e-10
2.57741e-10
2.17608e-10
1.63243e-10
1.16526e-10
7.92074e-11
5.06358e-11
3.13966e-11
1.90387e-11
1.00732e-11
6.11709e-12
1.36325e-12
1.1001e-12
5.30964e-12
5.05796e-13
1.50875e-12
3.93637e-12
1.44635e-12
1.36606e-12
1.45502e-12
4.02014e-13
2.10426e-12
1.24642e-11
3.49525e-11
6.89846e-11
1.13895e-10
1.68184e-10
2.30556e-10
3.00209e-10
3.77818e-10
4.65539e-10
5.64392e-10
6.74705e-10
7.82943e-10
0
0
0
0
0
0
0
0
0
0
0
0
0
0
0
0
0
0
0
0
0
0
0
0
0
0
0
0
0
0
0
0
0
0
0
0
0
0
0
0
0
0
0
0
0
0
0
0
0
0
0
0
0
0
0
0
0
0
0
0
4.54717e-19
2.40737e-18
3.75144e-18
4.55114e-18
4.86067e-18
4.81496e-18
4.6118e-18
8.59658e-16
3.66075e-12
6.70936e-11
1.18117e-10
1.13243e-10
8.25755e-11
5.51749e-11
3.56473e-11
2.18943e-11
1.31665e-11
8.34392e-12
4.22445e-12
7.20124e-13
1.75367e-12
2.81553e-12
9.39585e-14
2.35258e-12
1.51447e-12
3.57445e-13
9.64663e-13
1.78341e-13
2.81791e-12
1.50922e-11
3.49379e-11
6.34632e-11
1.01888e-10
1.48405e-10
2.02354e-10
2.64187e-10
3.33834e-10
4.12732e-10
5.00946e-10
5.90212e-10
0
0
0
0
0
0
0
0
0
0
0
0
0
0
0
0
0
0
0
0
0
0
0
0
0
0
0
0
0
0
0
0
0
0
0
0
0
0
0
0
0
0
0
0
0
0
0
0
0
0
0
0
0
0
0
0
0
0
0
0
0
0
0
0
0
3.52217e-19
1.3445e-18
1.94999e-18
2.16621e-18
2.16187e-18
1.4555e-16
6.98211e-16
2.75512e-11
6.03598e-11
5.71526e-11
4.01909e-11
2.45979e-11
1.50176e-11
8.67013e-12
4.66733e-12
3.17057e-12
1.39818e-12
2.9406e-12
3.04719e-13
8.63167e-13
2.04726e-12
1.79899e-13
3.55328e-13
2.87386e-13
4.85457e-12
1.72542e-11
3.90414e-11
6.8905e-11
1.0334e-10
1.43337e-10
1.91823e-10
2.49171e-10
3.18378e-10
3.98464e-10
4.81393e-10
0
0
0
0
0
0
0
0
0
0
0
0
0
0
0
0
0
0
0
0
0
0
0
0
0
0
0
0
0
0
0
0
0
0
0
0
0
0
0
0
0
0
0
0
0
0
0
0
0
0
0
0
0
0
0
0
0
0
0
0
0
0
0
0
0
0
0
0
0
2.61417e-19
8.07074e-19
1.06065e-18
1.07635e-18
6.52575e-18
3.46239e-16
1.35323e-11
3.10905e-11
2.66628e-11
1.75754e-11
9.57418e-12
5.36178e-12
2.47424e-12
1.00957e-12
2.80223e-12
1.72326e-12
3.35712e-13
1.41222e-12
1.12781e-13
3.4789e-14
1.68518e-12
1.26048e-11
2.99934e-11
5.25252e-11
8.10772e-11
1.18899e-10
1.65087e-10
2.18493e-10
2.82768e-10
3.64e-10
4.49163e-10
0
0
0
0
0
0
0
0
0
0
0
0
0
0
0
0
0
0
0
0
0
0
0
0
0
0
0
0
0
0
0
0
0
0
0
0
0
0
0
0
0
0
0
0
0
0
0
0
0
0
0
0
0
0
0
0
0
0
0
0
0
0
0
0
0
0
0
0
0
0
0
0
1.79493e-20
3.74704e-19
5.56831e-19
5.46469e-19
5.76449e-19
1.63047e-16
5.68677e-12
1.43536e-11
1.05691e-11
6.68652e-12
3.68231e-12
1.56134e-12
1.68885e-13
8.6441e-13
6.22676e-13
7.71488e-13
2.05483e-13
2.10313e-12
1.3454e-11
2.909e-11
4.92504e-11
7.93732e-11
1.23082e-10
1.82831e-10
2.42485e-10
2.976e-10
3.46835e-10
3.90984e-10
0
0
0
0
0
0
0
0
0
0
0
0
0
0
0
0
0
0
0
0
0
0
0
0
0
0
0
0
0
0
0
0
0
0
0
0
0
0
0
0
0
0
0
0
0
0
0
0
0
0
0
0
0
0
0
0
0
0
0
0
0
0
0
0
0
0
0
0
0
0
0
0
0
0
0
0
1.73553e-19
2.77038e-19
2.41906e-19
2.43338e-19
5.75404e-17
1.35378e-12
5.34277e-12
4.52494e-12
1.03996e-12
1.64795e-13
9.41286e-14
2.5424e-13
5.48956e-13
6.06847e-12
2.10577e-11
4.75471e-11
7.20707e-11
6.64325e-11
5.74686e-11
7.36934e-11
1.09781e-10
1.47797e-10
1.74843e-10
1.97378e-10
0
0
0
0
0
0
0
0
0
0
0
0
0
0
0
0
0
0
0
0
0
0
0
0
0
0
0
0
0
0
0
0
0
0
0
0
0
0
0
0
0
0
0
0
0
0
0
0
0
0
0
0
0
0
0
0
0
0
0
0
0
0
0
0
0
0
0
0
0
0
0
0
0
0
0
0
0
0
0
5.62008e-20
1.07052e-19
7.4744e-20
6.61631e-20
1.00909e-17
6.80974e-14
3.90113e-13
6.00819e-13
1.44937e-13
5.96858e-12
1.86648e-11
3.60198e-11
1.61589e-11
2.4226e-11
2.91219e-11
2.64059e-11
2.75144e-11
2.7501e-11
3.08607e-11
3.45395e-11
3.83879e-11
0
0
0
0
0
0
0
0
0
0
0
0
0
0
0
0
0
0
0
0
0
0
0
0
0
0
0
0
0
0
0
0
0
0
0
0
0
0
0
0
0
0
0
0
0
0
0
0
0
0
0
0
0
0
0
0
0
0
0
0
0
0
0
0
0
0
0
0
0
0
0
0
0
0
0
0
0
0
0
0
0
0
6.40211e-21
1.99554e-20
8.09707e-21
1.17842e-21
1.62985e-19
2.96659e-19
1.64256e-12
1.14715e-11
2.04319e-11
4.41882e-12
5.57414e-12
6.27891e-12
8.06031e-12
1.00852e-11
1.23496e-11
2.04471e-11
2.62529e-11
2.69422e-11
0
0
0
0
0
0
0
0
0
0
0
0
0
0
0
0
0
0
0
0
0
0
0
0
0
0
0
0
0
0
0
0
0
0
0
0
0
0
0
0
0
0
0
0
0
0
0
0
0
0
0
0
0
0
0
0
0
0
0
0
0
0
0
0
0
0
0
0
0
0
0
0
0
0
0
0
0
0
0
0
0
0
0
0
0
0
1.24235e-23
1.36219e-20
9.69311e-20
2.27984e-20
2.228e-18
3.28356e-14
1.81332e-12
4.11863e-12
2.85692e-12
3.93192e-12
5.27201e-12
5.27658e-12
7.06807e-12
8.41458e-12
0
0
0
0
0
0
0
0
0
0
0
0
0
0
0
0
0
0
0
0
0
0
0
0
0
0
0
0
0
0
0
0
0
0
0
0
0
0
0
0
0
0
0
0
0
0
0
0
0
0
0
0
0
0
0
0
0
0
0
0
0
0
0
0
0
0
0
0
0
0
0
0
0
0
0
0
0
0
0
0
0
0
0
0
0
0
0
0
0
4.17583e-21
2.99125e-20
3.61706e-20
1.05977e-20
9.56735e-21
1.85738e-18
8.56904e-18
7.64621e-13
2.45498e-12
3.96132e-12
3.17687e-12
0
0
0
0
0
0
0
0
0
0
0
0
0
0
0
0
0
0
0
0
0
0
0
0
0
0
0
0
0
0
0
0
0
0
0
0
0
0
0
0
0
0
0
0
0
0
0
0
0
0
0
0
0
0
0
0
0
0
0
0
0
0
0
0
0
0
0
0
0
0
0
0
0
0
0
0
0
0
0
0
0
0
0
0
0
0
0
0
0
0
0
0
0
1.85252e-21
1.92653e-20
4.27976e-20
2.90041e-20
1.02961e-20
6.76272e-21
1.17445e-20
0
0
0
0
0
0
0
0
0
0
0
0
0
0
0
0
0
0
0
0
0
0
0
0
0
0
0
0
0
0
0
0
0
0
0
0
0
0
0
0
0
0
0
0
0
0
0
0
0
0
0
0
0
0
0
0
0
0
0
0
0
0
0
0
0
0
0
0
0
0
0
0
0
0
0
0
0
0
0
0
0
0
0
0
0
0
0
0
0
0
0
0
0
0
0
0
0
0
0
0
0
0
0
0
0
0
0
0
0
0
0
0
0
0
0
0
0
0
0
0
0
0
0
0
0
0
0
0
0
0
0
0
0
0
0
0
0
0
0
0
0
0
0
0
0
0
0
0
0
0
0
0
0
0
0
0
0
0
0
0
0
0
0
0
0
0
0
0
0
0
0
0
0
0
0
0
0
0
0
0
0
0
0
0
0
0
0
0
0
0
0
0
0
0
0
0
0
0
0
0
0
0
0
0
0
0
0
0
0
0
0
0
0
0
0
0
0
0
0
0
0
0
0
0
0
0
0
0
0
0
0
0
0
0
0
0
0
0
0
0
0
0
0
0
0
0
0
0
0
0
0
0
0
0
0
0
0
0
0
0
0
0
0
0
0
0
0
0
0
0
0
0
0
0
0
0
0
0
0
0
0
0
0
0
0
0
0
0
0
0
0
0
0
0
0
0
0
0
0
0
0
0
0
0
0
0
0
0
0
0
0
0
0
0
0
0
0
0
0
0
0
0
0
0
0
0
0
0
0
0
0
0
0
0
0
0
0
0
0
0
0
0
0
0
0
0
0
0
0
0
0
0
0
0
0
0
0
0
0
0
0
0
0
0
0
0
0
0
0
0
0
0
0
0
0
0
0
0
0
0
0
0
0
0
0
0
0
0
0
0
0
0
0
0
0
0
0
0
0
0
0
0
0
0
0
0
0
0
0
0
0
0
0
0
0
0
0
0
0
0
0
0
0
0
0
0
0
0
0
0
0
0
0
0
0
0
0
0
0
0
0
0
0
0
0
0
0
0
0
0
0
0
0
0
0
0
0
0
0
0
0
0
0
0
0
0
0
0
0
0
0
0
0
0
0
0
0
0
0
0
0
0
0
0
0
0
0
0
0
0
0
0
0
0
0
0
0
0
0
0
0
0
0
0
0
0
0
0
0
0
0
0
0
0
0
0
0
0
0
0
0
0
0
0
0
0
0
0
0
0
0
0
0
0
0
0
0
0
0
0
0
0
0
0
0
0
0
0
0
0
0
0
0
0
0
0
0
0
0
0
0
0
0
0
0
0
0
0
0
0
0
0
0
0
0
0
0
0
0
0
0
0
0
0
0
0
0
0
0
0
0
0
0
0
0
0
0
0
0
0
0
0
0
0
0
0
0
0
0
0
0
0
0
0
0
0
0
0
0
0
0
0
0
0
0
0
0
0
0
0
0
0
0
0
0
0
0
0
0
0
0
0
0
0
0
0
0
0
0
0
0
0
0
0
0
0
0
0
0
0
0
0
0
0
0
0
0
0
0
0
0
0
0
0
0
0
0
0
0
0
0
0
0
0
0
0
0
0
0
0
0
0
0
0
0
0
0
0
0
0
0
0
0
0
0
0
0
0
0
0
0
0
0
0
0
0
0
0
0
0
0
0
0
0
0
0
0
0
0
0
0
0
0
0
0
0
0
0
0
0
0
0
0
0
0
0
0
0
0
0
0
0
0
0
0
0
0
0
0
0
0
0
0
0
0
0
0
0
0
0
0
0
0
0
0
0
0
0
0
0
0
0
0
0
0
0
0
0
0
0
0
0
0
0
0
0
0
0
0
0
0
0
0
0
0
0
0
0
0
0
0
0
0
0
0
0
0
0
0
0
0
0
0
0
0
0
0
0
0
0
0
0
0
0
0
0
0
0
0
0
0
0
0
0
0
0
0
0
0
0
0
0
0
0
0
0
0
0
0
0
0
0
0
0
0
0
0
0
0
0
0
0
0
0
0
0
0
0
0
0
0
0
0
0
0
0
0
0
0
0
0
0
0
0
0
0
0
0
0
0
0
0
0
0
0
0
0
0
0
0
0
0
0
0
0
0
0
0
0
0
0
0
0
0
0
0
0
0
0
0
0
0
0
0
0
0
0
0
0
0
0
0
0
0
0
0
0
0
0
0
0
0
0
0
0
0
0
0
0
0
0
0
0
0
0
0
0
0
0
0
0
0
0
0
0
0
0
0
0
0
0
0
0
0
0
0
0
0
0
0
0
0
0
0
0
0
0
0
0
0
0
0
0
0
0
0
0
0
0
0
0
0
0
0
0
0
0
0
0
0
0
0
0
0
0
0
0
0
0
0
0
0
0
0
0
0
0
0
0
0
0
0
0
0
0
0
0
0
0
0
0
0
0
0
0
0
0
0
0
0
0
0
0
0
0
0
0
0
0
0
0
0
0
0
0
0
0
0
0
0
0
0
0
0
0
0
0
0
0
0
0
0
0
0
0
0
0
0
0
0
0
0
0
0
0
0
0
0
0
0
0
0
0
0
0
0
0
0
0
0
0
0
0
0
0
0
0
0
0
0
0
0
0
0
0
0
0
0
0
0
0
0
0
0
0
0
0
0
0
0
0
0
0
0
0
0
0
0
0
0
0
0
0
0
0
0
0
0
0
0
0
0
0
0
0
0
0
0
0
0
0
0
0
0
0
0
0
0
0
0
0
0
0
0
0
0
0
0
0
0
0
0
0
0
0
0
0
0
0
0
0
0
0
0
0
0
0
0
0
0
0
0
0
0
0
0
0
0
0
0
0
0
0
0
0
0
0
0
0
0
0
0
0
0
0
0
0
0
0
0
0
0
0
0
0
0
0
0
0
0
0
0
0
0
0
0
0
0
0
0
0
0
0
0
0
0
0
0
0
0
0
0
0
0
0
0
0
0
0
0
0
0
0
0
0
0
0
0
0
0
0
0
0
0
0
0
0
0
0
0
0
0
0
0
0
0
0
0
0
0
0
0
0
0
0
0
0
0
0
0
0
0
0
0
0
0
0
0
0
0
0
0
0
0
0
0
0
0
0
0
0
0
0
0
0
0
0
0
0
0
0
0
0
0
0
0
0
0
0
0
0
0
0
0
0
0
0
0
0
0
0
0
0
0
0
0
0
0
0
0
0
0
0
0
0
0
0
0
0
0
)
;

boundaryField
{
    AXIS
    {
        type            empty;
    }
    OUTLET
    {
        type            calculated;
        value           nonuniform List<scalar> 
80
(
6.39715e-06
6.38785e-06
6.36731e-06
6.33478e-06
6.29461e-06
6.24812e-06
6.19588e-06
6.13836e-06
6.07537e-06
6.00615e-06
5.93183e-06
5.85136e-06
5.76765e-06
5.6851e-06
5.59556e-06
5.48408e-06
5.34228e-06
5.18824e-06
5.0252e-06
4.85408e-06
4.66667e-06
4.50048e-06
4.36047e-06
4.21177e-06
4.05264e-06
3.89867e-06
3.75455e-06
3.6031e-06
3.44782e-06
3.2905e-06
3.072e-06
2.73416e-06
2.42259e-06
2.10837e-06
1.79583e-06
1.51776e-06
1.25631e-06
1.0045e-06
8.02352e-07
6.15403e-07
4.65121e-07
3.40673e-07
2.40443e-07
1.67556e-07
1.09667e-07
7.24633e-08
4.43593e-08
2.68619e-08
1.52339e-08
8.21793e-09
4.17292e-09
2.55459e-09
1.89713e-09
1.37963e-09
1.03962e-09
7.82943e-10
5.90212e-10
4.81393e-10
4.49163e-10
3.90984e-10
1.97378e-10
3.83879e-11
2.69422e-11
8.41458e-12
3.17687e-12
1.17445e-20
0
0
0
0
0
0
0
0
0
0
0
0
0
0
)
;
    }
    COFLOW
    {
        type            calculated;
        value           uniform 0;
    }
    PILOT
    {
        type            calculated;
        value           uniform 5.85137e-06;
    }
    FUEL
    {
        type            calculated;
        value           uniform 2.71805e-13;
    }
    WALL
    {
        type            calculated;
        value           uniform 0;
    }
    front
    {
        type            wedge;
    }
    back
    {
        type            wedge;
    }
}


// ************************************************************************* //
