/*--------------------------------*- C++ -*----------------------------------*\
  =========                 |
  \\      /  F ield         | OpenFOAM: The Open Source CFD Toolbox
   \\    /   O peration     | Website:  https://openfoam.org
    \\  /    A nd           | Version:  6
     \\/     M anipulation  |
\*---------------------------------------------------------------------------*/
FoamFile
{
    version     2.0;
    format      ascii;
    class       volScalarField;
    location    "0.1";
    object      CH2O;
}
// * * * * * * * * * * * * * * * * * * * * * * * * * * * * * * * * * * * * * //

dimensions      [0 0 0 0 0 0 0];

internalField   nonuniform List<scalar> 
8000
(
4.62193e-06
2.76771e-05
8.69053e-05
0.000264655
0.000418315
0.000301858
0.000153575
7.37294e-05
3.634e-05
1.76593e-05
8.80696e-06
7.1998e-06
1.17583e-05
3.29686e-05
3.25173e-05
3.40787e-05
4.42884e-05
0.000835315
6.84076e-05
5.65126e-05
5.43724e-05
5.08214e-05
6.83172e-05
0.000167444
0.000330634
0.000488317
0.000556051
0.000537292
0.000527974
0.00159937
0.000933982
0.000248757
0.000142914
8.72925e-05
6.35856e-05
5.35186e-05
5.05401e-05
5.49786e-05
7.88444e-05
0.000112954
8.16461e-05
6.44585e-05
6.60081e-05
8.48846e-05
0.000123114
0.000189967
0.000289175
0.000424651
0.000635462
0.002065
0.00129281
0.00114424
0.00106013
0.00106951
0.0010852
0.00110442
0.00111839
0.00112094
0.0011119
0.00109059
0.000886695
0.000826131
0.000553059
0.000454868
0.00032428
0.000164297
0.000236537
0.00017728
0.000171295
0.000166869
0.000207451
0.000152826
0.00015406
0.000168878
0.000171026
0.000157959
0.000157719
0.000161296
0.000167136
0.000169681
0.000164625
0.000163699
0.000156212
0.000164836
0.000144563
0.000121467
0.000101629
8.71127e-05
0.00015191
5.8782e-05
4.54033e-05
3.51294e-05
2.8344e-05
2.36593e-05
1.57477e-05
1.22357e-05
1.0299e-05
8.96701e-06
8.43187e-06
5.73318e-06
4.51189e-06
2.8988e-05
9.06653e-05
0.000282924
0.000500972
0.000301735
0.000144805
7.00588e-05
3.43777e-05
1.63853e-05
8.25003e-06
7.83738e-06
1.61185e-05
5.13817e-05
4.92415e-05
4.00689e-05
4.58627e-05
5.58291e-05
5.86655e-05
5.98878e-05
5.67581e-05
5.34677e-05
7.4067e-05
0.000178667
0.000344302
0.000518826
0.000564682
0.000539016
0.000500533
0.000549432
0.00032004
0.000216017
0.000135505
9.10462e-05
7.36414e-05
6.53607e-05
6.17192e-05
6.53688e-05
9.22796e-05
0.00041839
0.00010489
7.41773e-05
7.37481e-05
9.30328e-05
0.000132035
0.000200242
0.000298219
0.000428689
0.000623988
0.000765962
0.000995223
0.0010383
0.00106408
0.00107459
0.00108832
0.00110482
0.00111621
0.00111705
0.00110672
0.00108539
0.000881535
0.000818588
0.000543638
0.000465164
0.000248593
0.000163569
0.000235403
0.000176756
0.00017085
0.000166182
0.000163079
0.000152084
0.000153849
0.000168071
0.000170359
0.000157772
0.000157308
0.00016099
0.000166763
0.000169694
0.00016434
0.000163595
0.000155865
0.000164401
0.000144624
0.000121216
0.000101408
8.69545e-05
7.54772e-05
5.86382e-05
4.53358e-05
3.50678e-05
2.83008e-05
2.36535e-05
1.57162e-05
1.22162e-05
1.02852e-05
8.95515e-06
8.43947e-06
5.72446e-06
5.10926e-06
3.51261e-05
0.000145386
0.0002895
0.000319539
0.000208559
0.000108381
0.000122611
0.000107141
1.72043e-05
5.26706e-05
8.4229e-06
2.07696e-05
7.59722e-05
8.64421e-05
5.52829e-05
4.45833e-05
5.17803e-05
7.09358e-05
0.000251449
7.05371e-05
6.11068e-05
8.77425e-05
0.000202533
0.000370162
0.000596766
0.000600505
0.000543106
0.000467597
0.000381097
0.000281198
0.000195527
0.000133512
0.000102037
9.8721e-05
9.94818e-05
9.05848e-05
9.15593e-05
9.85969e-05
0.000109993
9.22154e-05
8.42275e-05
8.85954e-05
0.00010974
0.000150638
0.000222028
0.000318696
0.000455277
0.00062113
0.000751285
0.000814676
0.00105512
0.00108254
0.00108618
0.00109323
0.00110422
0.0011115
0.00110892
0.00109607
0.000997915
0.000870359
0.000801448
0.000523289
0.0004247
0.000248616
0.000162004
0.000179082
0.000175574
0.000169901
0.000164752
0.000160641
0.0001507
0.000250515
0.000166273
0.000168923
0.000234439
0.000156405
0.000160323
0.000165944
0.000199288
0.0001637
0.000163374
0.000155075
0.000163518
0.000219058
0.000120655
0.000100947
8.66156e-05
7.41082e-05
5.83589e-05
4.5189e-05
3.49331e-05
0.000124284
0.000125799
1.56463e-05
1.21736e-05
1.02549e-05
8.92901e-06
0.000154873
5.7052e-06
6.84936e-06
4.37181e-05
0.000177212
0.000244971
0.000201032
0.000134237
7.30145e-05
3.94493e-05
2.00983e-05
9.07699e-06
5.35654e-06
6.00945e-06
1.42557e-05
0.000319924
0.00081737
6.50595e-05
4.07512e-05
4.55186e-05
6.13119e-05
7.00695e-05
6.10595e-05
6.13725e-05
0.000106057
0.000229481
0.000397321
0.00116663
0.00064977
0.000546955
0.00045004
0.000347645
0.000267722
0.000192378
0.000141904
0.000118692
0.000133175
0.000398422
0.000138627
0.000295559
0.000129497
0.000124126
0.000111576
0.000109605
0.000113296
0.000134086
0.000180999
0.00026332
0.000361031
0.000492875
0.000632751
0.000705815
0.000822673
0.00107701
0.00139527
0.0010965
0.00109478
0.00110041
0.00110411
0.00109785
0.00108084
0.000885207
0.000853533
0.000627666
0.000493274
0.00037792
0.000247755
0.000159904
0.000176682
0.000173694
0.00016859
0.000162664
0.000229825
0.000169643
0.000170128
0.000163465
0.000166799
0.00015399
0.000155026
0.000159328
0.000164735
0.000166744
0.000162696
0.000163061
0.000153804
0.000162361
0.000141393
0.000119775
0.000100256
8.61135e-05
7.30096e-05
5.79659e-05
4.49683e-05
3.47318e-05
2.77913e-05
2.27149e-05
1.55363e-05
1.21097e-05
1.02093e-05
8.88919e-06
8.06139e-06
5.67469e-06
6.15395e-06
5.39493e-05
0.00112812
0.000312404
0.000152284
8.96469e-05
4.67796e-05
2.34904e-05
1.11943e-05
5.2946e-06
2.94259e-05
2.82629e-05
3.14802e-05
5.53092e-05
7.22931e-05
4.75009e-05
3.44383e-05
4.15033e-05
5.50717e-05
5.85146e-05
5.48105e-05
6.79281e-05
0.000143069
0.000279358
0.000430963
0.000609044
0.000600232
0.000539115
0.000438806
0.000350535
0.000273956
0.000206108
0.000161671
0.000138139
0.000135672
0.000135799
0.000129311
0.000135573
0.000151245
0.00044797
0.000149372
0.000149767
0.000148692
0.000167909
0.000215531
0.000305835
0.000407427
0.000523017
0.000651324
0.000775469
0.000828526
0.00106853
0.00118277
0.00108887
0.00108876
0.0010925
0.00109515
0.00108458
0.000983676
0.000867425
0.000829732
0.000591626
0.000453965
0.000299904
0.000207896
0.000236865
0.00017372
0.000170934
0.000197109
0.000160112
0.000155615
0.000165366
0.000163505
0.000159916
0.000164083
0.00015086
0.000153266
0.000158025
0.000163119
0.000164305
0.00016141
0.000224047
0.000152006
0.000249254
0.00013892
0.00011864
9.93401e-05
8.54566e-05
7.18581e-05
5.74676e-05
4.46764e-05
3.44684e-05
2.73971e-05
2.19861e-05
1.53964e-05
1.20254e-05
1.01488e-05
8.83641e-06
7.75523e-06
5.63702e-06
4.83831e-06
0.000213389
0.000411552
0.000175683
9.16955e-05
5.62355e-05
2.89922e-05
7.5875e-05
6.82311e-06
4.06756e-06
3.62528e-06
4.60592e-06
7.12132e-06
3.872e-05
4.50925e-05
0.0001102
0.000150658
0.000137855
0.000208779
5.47737e-05
5.55515e-05
8.77498e-05
0.000431456
0.000576717
0.00045934
0.000578041
0.000573157
0.000540729
0.000465916
0.000367544
0.000297611
0.000235475
0.000193123
0.000168387
0.000156202
0.000147882
0.00014466
0.000152333
0.000169638
0.000185956
0.000180579
0.000205128
0.000378349
0.000204995
0.000261507
0.000363579
0.00049467
0.000564819
0.000664024
0.00129024
0.000828207
0.00105714
0.00138207
0.00108139
0.00107885
0.00108121
0.0010832
0.00106358
0.000868594
0.000841763
0.000796034
0.000545789
0.000407436
0.000290075
0.000205177
0.000230822
0.000170251
0.000167103
0.000163261
0.000157146
0.000152322
0.000160291
0.000157382
0.000155933
0.000160866
0.000147847
0.000151108
0.000156424
0.000161213
0.000162168
0.00015988
0.000228057
0.000171114
0.000156082
0.000136789
0.000117273
9.82093e-05
8.46675e-05
7.0712e-05
5.68732e-05
4.43154e-05
3.41473e-05
2.69986e-05
0.000130601
1.52312e-05
1.19341e-05
1.00726e-05
8.77197e-06
7.51081e-06
5.59341e-06
3.51451e-06
4.13014e-05
0.000123106
0.000148801
5.15126e-05
3.46607e-05
9.46815e-05
8.91619e-05
4.01219e-05
4.32653e-06
4.34395e-06
6.17313e-06
4.06182e-05
2.67249e-05
3.1127e-05
3.08048e-05
3.94441e-05
4.74771e-05
5.26422e-05
5.43278e-05
0.000219873
0.000120609
0.000229054
0.000356245
0.000471519
0.00107748
0.00105999
0.000548341
0.000972504
0.000413585
0.000337514
0.000280978
0.000240226
0.000212651
0.000196823
0.000184759
0.000178894
0.000183397
0.000198963
0.00023028
0.000423347
0.000214298
0.000209549
0.000237607
0.000294371
0.000408106
0.00111461
0.000602425
0.000663329
0.000713146
0.00081178
0.000901242
0.00136745
0.00106844
0.00106414
0.00106246
0.00106202
0.0013128
0.000843995
0.000807628
0.000746241
0.00049129
0.00042756
0.000309078
0.000133624
0.000172218
0.000166079
0.000162625
0.000159346
0.000153936
0.000149
0.000154755
0.000151656
0.000151527
0.000157242
0.000163737
0.000148643
0.000154535
0.000159096
0.000222323
0.000158118
0.000157402
0.000166453
0.000151564
0.000134848
0.000115686
9.68704e-05
0.000153813
6.95842e-05
5.62393e-05
4.38882e-05
3.3774e-05
2.65847e-05
2.07293e-05
1.50399e-05
1.18253e-05
9.98223e-06
8.69703e-06
7.30848e-06
5.5443e-06
1.47819e-05
9.96073e-05
0.000147892
4.51819e-05
2.92301e-05
1.92555e-05
8.57387e-05
9.41397e-06
5.12878e-06
4.86304e-06
2.75086e-05
4.42643e-05
2.11832e-05
7.95677e-05
2.82184e-05
3.31642e-05
4.36653e-05
5.08001e-05
5.27688e-05
5.3954e-05
6.76796e-05
0.000349368
0.000281845
0.000657633
0.000524953
0.000592103
0.000575989
0.000556177
0.000513157
0.000437288
0.000825432
0.000337637
0.000305481
0.000277524
0.000260383
0.000448825
0.000230483
0.000229953
0.000247188
0.000255131
0.000241322
0.000222156
0.000227825
0.000266833
0.000320834
0.000414647
0.000518559
0.000572359
0.000654982
0.000696312
0.000794759
0.000832214
0.00134078
0.000972332
0.000969155
0.000967723
0.000965797
0.00085327
0.000810953
0.000622283
0.000547115
0.000655776
0.000319541
0.000237023
0.000152674
0.000167225
0.000161379
0.000157523
0.000155342
0.000242582
0.000249558
0.000148805
0.00014582
0.00014678
0.000242511
0.000158393
0.000166057
0.000152309
0.000156847
0.000226814
0.000156149
0.000154467
0.000161376
0.000147297
0.000195819
0.0001139
9.5334e-05
8.22185e-05
6.84336e-05
5.5528e-05
4.34218e-05
3.33512e-05
2.61542e-05
2.01489e-05
1.48282e-05
1.17e-05
9.87762e-06
8.61027e-06
7.13483e-06
5.49016e-06
1.75045e-06
1.9888e-05
0.000103139
8.71496e-05
1.56805e-05
9.11006e-06
7.59712e-06
5.34756e-06
5.13802e-06
6.82884e-06
3.96064e-05
7.38859e-05
0.000135531
4.09905e-05
0.000128382
0.000134961
0.000219054
5.74625e-05
0.000267957
5.89134e-05
7.75303e-05
0.000145806
0.000252193
0.000379591
0.00104566
0.00113213
0.00058287
0.000566453
0.00104275
0.000474278
0.000429867
0.000405663
0.000401864
0.000378677
0.000341482
0.000315395
0.000624932
0.000292993
0.000307763
0.000616162
0.000268748
0.000256004
0.000267968
0.000300808
0.000346423
0.000421201
0.000512503
0.000569014
0.000648613
0.000683126
0.00071178
0.000810547
0.000837509
0.000854739
0.001297
0.000854139
0.00085489
0.000822001
0.000766544
0.000564356
0.00073981
0.000513205
0.000277315
0.000131687
0.000221136
0.000162053
0.000156253
0.000151768
0.000227556
0.000144584
0.000154336
0.00014228
0.000139925
0.000141762
0.000147642
0.000153016
0.000161097
0.000149578
0.000233327
0.000154454
0.000242698
0.000248342
0.000156237
0.000143057
0.00019303
0.000111797
9.36168e-05
8.05742e-05
6.72305e-05
5.47325e-05
4.29088e-05
3.28847e-05
2.55921e-05
1.96203e-05
1.45972e-05
1.15583e-05
9.76114e-06
8.51313e-06
6.98072e-06
5.43073e-06
6.79715e-07
9.19383e-06
1.74198e-05
6.31572e-05
7.18896e-06
4.88005e-06
2.67315e-05
5.00748e-06
2.57316e-05
5.10536e-05
1.92641e-05
0.00011696
6.29227e-05
0.000260022
5.57685e-05
5.368e-05
5.91184e-05
6.50995e-05
0.000269164
0.000196763
0.000210909
0.00016566
0.00025524
0.000373423
0.000505607
0.00109281
0.000579356
0.000566244
0.000549228
0.000506704
0.000488261
0.000484276
0.000561673
0.0010448
0.000932494
0.000436044
0.000402501
0.000380206
0.000369788
0.000347196
0.000308377
0.000296118
0.000308889
0.000339728
0.000392737
0.000447457
0.000515694
0.000568901
0.000646119
0.000671971
0.000692851
0.000708801
0.000809353
0.000830358
0.000830032
0.000828371
0.00124673
0.00116022
0.00057581
0.000497163
0.000413531
0.000338131
0.000225488
0.00014895
0.000150649
0.000182167
0.000150565
0.000145748
0.000241351
0.000154421
0.000144395
0.000135556
0.000134263
0.000136541
0.000141823
0.000147628
0.000247127
0.00024696
0.000151219
0.000150964
0.000150123
0.000167774
0.000151191
0.000138762
0.000125492
0.000106423
9.17357e-05
7.88516e-05
6.59761e-05
5.38688e-05
4.23461e-05
3.23852e-05
2.50204e-05
1.91141e-05
1.43457e-05
1.14012e-05
9.63523e-06
8.40408e-06
6.84208e-06
5.36519e-06
1.02706e-07
1.88066e-05
4.13375e-05
3.83616e-05
4.62344e-06
4.37556e-06
5.21957e-06
2.55966e-05
3.69415e-05
5.87992e-05
0.000107473
0.000212505
0.00022838
0.000187552
6.79511e-05
6.20873e-05
0.000313778
6.51894e-05
7.18511e-05
9.11922e-05
0.000127395
0.000190981
0.000282169
0.000376589
0.000472431
0.000574249
0.000582147
0.000569464
0.000561303
0.000549497
0.000538626
0.000543585
0.000577852
0.000566662
0.000543682
0.00105278
0.000527863
0.00101645
0.000470616
0.000912568
0.000380434
0.000356189
0.000366151
0.000400543
0.000437818
0.000478085
0.000520266
0.000565894
0.00117677
0.000660276
0.000670221
0.00067957
0.000685162
0.000802752
0.00122479
0.00079246
0.00114672
0.000584812
0.000507693
0.000426092
0.000395549
0.000228492
0.000188891
0.000213082
0.000155852
0.000149032
0.000144635
0.000139276
0.000154005
0.000236097
0.00013526
0.000129281
0.000128656
0.000131372
0.000136135
0.000142273
0.000150084
0.00016072
0.000147746
0.000246765
0.000166506
0.000160257
0.000146059
0.000134554
0.000121105
0.000103913
8.9707e-05
7.70507e-05
6.46551e-05
0.000130375
4.17311e-05
3.18676e-05
2.44377e-05
1.86251e-05
1.40828e-05
1.12307e-05
9.49383e-06
8.28615e-06
6.66987e-06
5.29492e-06
2.23673e-06
1.67484e-05
2.62008e-05
2.90738e-05
6.46101e-06
3.05322e-05
1.08384e-05
4.96776e-05
6.88663e-05
8.60518e-05
0.000133046
5.86241e-05
8.22161e-05
0.000306239
7.8019e-05
6.74358e-05
6.49293e-05
6.31235e-05
8.54083e-05
0.000260468
0.000153144
0.000226227
0.000546857
0.000392096
0.000466557
0.00107012
0.00112349
0.000575602
0.000600447
0.00110457
0.000593048
0.000590077
0.000593355
0.000585041
0.000573243
0.000597883
0.00057709
0.000591835
0.0010297
0.000501083
0.000457342
0.000427008
0.000432102
0.000470038
0.000501771
0.000508328
0.000520181
0.000552022
0.000586818
0.000641423
0.00116641
0.0011703
0.00117497
0.000647811
0.000630633
0.000608402
0.000572738
0.000512268
0.000435045
0.000401895
0.000263998
0.000126379
0.000142721
0.000156074
0.000149044
0.000141596
0.000236694
0.000241031
0.000141194
0.000134403
0.000127132
0.000123017
0.000122993
0.000126081
0.000130811
0.000136837
0.000144152
0.000153576
0.000164249
0.000161952
0.000159559
0.000153499
0.000140903
0.000130256
0.000117078
0.000101257
8.75588e-05
7.51822e-05
6.3316e-05
5.15813e-05
4.10748e-05
0.000128775
2.38457e-05
1.81502e-05
1.38087e-05
1.10451e-05
9.33922e-06
8.15765e-06
6.52791e-06
5.21873e-06
2.39204e-06
2.43832e-06
4.36538e-06
8.49635e-06
1.66346e-05
5.2867e-05
2.60201e-05
9.28811e-05
3.97613e-05
4.81441e-05
5.85824e-05
7.66155e-05
9.01671e-05
0.000142832
8.33618e-05
7.1738e-05
6.75808e-05
6.35633e-05
7.86697e-05
0.000120568
0.000177308
0.000272209
0.000711207
0.000407639
0.000464336
0.00100789
0.000566153
0.000563868
0.00115938
0.000628324
0.00114726
0.000633824
0.000652451
0.000648321
0.00061908
0.000614712
0.00063102
0.00062913
0.000583123
0.000556177
0.00106355
0.00102212
0.000502308
0.000521708
0.00109717
0.000517484
0.000516092
0.00107275
0.000530331
0.000604355
0.00109739
0.000589877
0.000585063
0.000585244
0.00102776
0.000918551
0.000498836
0.000662315
0.000421605
0.000300432
0.000211537
0.000124749
0.000150551
0.000149451
0.000201589
0.000134065
0.000239433
0.00013511
0.000130081
0.00012487
0.000119741
0.0001169
0.00011741
0.000120711
0.000125535
0.000131573
0.000138414
0.000146824
0.000247015
0.000154631
0.000152764
0.000235441
0.000135824
0.000125896
0.000113135
9.85843e-05
8.5345e-05
7.32645e-05
6.19663e-05
5.01432e-05
0.000128292
3.05863e-05
2.32408e-05
1.76891e-05
1.3519e-05
1.08459e-05
9.17365e-06
7.96846e-06
6.38866e-06
5.13945e-06
8.23928e-06
1.39128e-05
1.01062e-05
7.19419e-05
0.000172702
4.66113e-05
4.77523e-05
0.000214014
0.000262835
0.000291136
8.63594e-05
0.000304148
0.000102201
0.000121821
0.000256749
7.87313e-05
7.33771e-05
0.000218442
0.00015254
0.000298503
0.000204168
0.000519333
0.000423836
0.000422005
0.000452721
0.000495921
0.000530511
0.000546962
0.000568068
0.000591685
0.000607542
0.000630159
0.000659593
0.00117007
0.000653723
0.000650159
0.000652535
0.000653586
0.00113598
0.000571654
0.000558078
0.000531022
0.000530322
0.000559862
0.00111658
0.000511546
0.000493577
0.000480955
0.000475511
0.000492544
0.000472903
0.000469828
0.000463719
0.000888011
0.000863199
0.0004622
0.000423061
0.000498899
0.00030862
0.00021673
0.00013779
0.000133588
0.000151046
0.000142332
0.000134204
0.000140715
0.000132745
0.000124145
0.000120834
0.00011658
0.000113005
0.000111158
0.000112088
0.000115514
0.0001203
0.000126353
0.000132767
0.000140221
0.000150231
0.000147815
0.000146424
0.000141366
0.000130935
0.00019247
0.000106371
0.00016824
0.000155726
7.12757e-05
6.05598e-05
4.86781e-05
3.91485e-05
2.97875e-05
2.26207e-05
1.72532e-05
1.32177e-05
1.06335e-05
8.99576e-06
7.77714e-06
6.25012e-06
5.06161e-06
4.64879e-05
5.11406e-05
3.78393e-05
0.00025946
0.000187037
6.6647e-05
0.000296446
7.65805e-05
0.000250048
0.000102716
0.000242267
0.000257537
0.000104996
0.000118721
0.000185305
8.53124e-05
8.01963e-05
0.000153859
9.63598e-05
0.000352772
0.000236676
0.000315717
0.000676085
0.000389643
0.000441329
0.000470159
0.00101893
0.000512197
0.000520162
0.000550738
0.000586634
0.00059179
0.00112951
0.000627445
0.00115544
0.000664106
0.000669099
0.00121129
0.00115855
0.000579395
0.000568507
0.000566846
0.000566042
0.000569374
0.00052687
0.00047597
0.000449555
0.000433006
0.000438908
0.000819667
0.00046985
0.000433921
0.000438392
0.000447589
0.000440927
0.000523345
0.000393635
0.000324327
0.000223282
0.000123168
0.000197089
0.000145009
0.00014051
0.000134599
0.000142937
0.000128518
0.000120735
0.000114574
0.000194259
0.000109342
0.000103669
0.000102518
0.000103933
0.00011043
0.000115303
0.000121109
0.000127448
0.000133841
0.000232766
0.000141214
0.000140126
0.000135363
0.000126067
0.000116921
0.000102388
9.28063e-05
8.07703e-05
6.93615e-05
5.91051e-05
4.71971e-05
0.000131145
2.90124e-05
2.20046e-05
1.68166e-05
1.29448e-05
1.04204e-05
8.80766e-06
7.57924e-06
6.11222e-06
4.97685e-06
1.46152e-05
0.000141028
8.92786e-05
0.000334666
0.000126174
0.000245253
6.9359e-05
0.000161146
0.000172585
9.03885e-05
9.46173e-05
0.00015639
0.000108507
0.000117272
0.000103961
0.000239458
8.06208e-05
7.91315e-05
9.74897e-05
0.000152687
0.000358541
0.00044393
0.000326984
0.000667376
0.000827908
0.000961951
0.000952848
0.000451595
0.000456401
0.000507491
0.00106427
0.00108738
0.000544591
0.000545328
0.000577595
0.00118083
0.00118589
0.000650168
0.000613223
0.00112451
0.00057974
0.000584987
0.00113872
0.000537429
0.00102708
0.000430982
0.000821599
0.000381689
0.000405873
0.000558031
0.000427238
0.00041096
0.000384556
0.000380952
0.000352861
0.00033
0.000260632
0.00018105
0.000123971
0.000192767
0.000153996
0.000175204
0.000130525
0.000143952
0.000127158
0.000115515
0.000108571
0.000104528
0.00010044
9.8221e-05
9.65622e-05
9.6179e-05
9.78016e-05
0.000101578
0.000181637
0.000115018
0.000121224
0.00019745
0.000133632
0.000214159
0.000132861
0.000128852
0.000120311
0.000111498
9.78136e-05
0.00016305
7.7774e-05
6.70311e-05
5.73641e-05
0.00013343
3.62068e-05
2.80795e-05
2.13027e-05
1.62892e-05
1.2612e-05
1.01663e-05
8.56503e-06
7.33716e-06
5.94439e-06
4.87136e-06
4.74236e-06
2.5431e-05
9.38961e-05
0.00011409
9.70432e-05
7.0368e-05
6.43577e-05
9.29295e-05
8.51848e-05
8.64257e-05
0.000141386
0.000137218
0.00013305
0.000117439
0.000143737
9.02289e-05
8.4002e-05
0.000155758
0.000251374
0.000163967
0.000210386
0.000250281
0.000287722
0.000344223
0.000808798
0.000835863
0.000831065
0.000413803
0.000824916
0.000426561
0.000441124
0.000457307
0.000462157
0.000486198
0.000512474
0.00052908
0.000534605
0.000542974
0.00111933
0.00057985
0.0011283
0.00116619
0.00113391
0.000510644
0.000431366
0.000379848
0.000342597
0.000318766
0.000303189
0.000280728
0.000214749
0.000207061
0.00019938
0.000198464
0.000183215
0.000172363
0.000134412
0.000148679
0.000143932
0.000168382
0.000188016
0.000220309
0.000135484
0.000124827
0.000112362
0.000102656
9.4572e-05
9.18678e-05
9.09431e-05
9.04061e-05
8.95708e-05
8.95682e-05
9.1449e-05
9.50983e-05
9.98139e-05
0.000108284
0.00011386
0.000118615
0.000124221
0.000125009
0.000125097
0.000121601
0.000114026
0.000102519
9.28868e-05
8.43031e-05
7.42912e-05
6.42134e-05
5.49361e-05
4.33861e-05
3.42401e-05
2.67561e-05
2.04664e-05
1.56634e-05
1.22213e-05
9.8592e-06
8.26517e-06
7.08816e-06
5.74431e-06
4.73664e-06
1.28565e-05
5.31069e-06
4.82527e-05
8.59972e-05
7.03277e-05
3.85292e-05
3.40454e-05
5.04801e-05
5.92693e-05
8.04849e-05
0.000279546
0.000128485
0.000123703
0.000135793
0.000136798
0.000149371
0.000102856
0.000119849
0.000389119
0.000210807
0.00039911
0.000236063
0.000265471
0.000321093
0.000675219
0.000356416
0.000348175
0.000348209
0.000667064
0.000363077
0.000799478
0.000839057
0.000403045
0.000445293
0.000940548
0.000431013
0.000456169
0.000487404
0.000528587
0.00108787
0.000532597
0.000527151
0.000506038
0.000974845
0.00038235
0.000330657
0.000294835
0.000225804
0.000178173
0.000160733
0.000160855
0.000149663
0.00015889
0.000148965
0.000152384
0.000145259
0.000145352
0.000165301
0.000132509
0.000125844
0.000119043
0.000127545
0.000116854
0.000109214
0.000187314
8.96236e-05
8.50496e-05
8.31767e-05
0.000164672
0.000163189
8.30021e-05
8.33143e-05
8.52226e-05
8.89732e-05
9.34857e-05
9.88633e-05
0.000106832
0.000111009
0.000115501
0.000116824
0.000117141
0.000114563
0.000182023
9.65802e-05
8.79853e-05
8.00195e-05
7.08453e-05
6.13527e-05
5.23619e-05
0.000137387
3.24587e-05
2.54599e-05
1.96228e-05
1.50298e-05
1.18195e-05
9.53745e-06
7.97399e-06
6.8408e-06
5.54773e-06
4.59021e-06
1.47639e-05
8.79418e-06
2.39677e-05
3.79077e-05
2.75961e-05
1.35168e-05
1.41625e-05
1.8307e-05
2.81295e-05
5.8682e-05
0.000124017
0.000155732
0.000143217
0.000145719
0.000176576
0.000130221
0.000140232
0.000352326
0.00017328
0.000188874
0.000211727
0.000449972
0.000490024
0.000523574
0.000574699
0.000310929
0.000302926
0.000292165
0.000276904
0.00029274
0.000576253
0.000298097
0.000318208
0.00074202
0.000343894
0.000358482
0.00082674
0.00041811
0.00043845
0.00046494
0.000477873
0.000993078
0.000421771
0.00037354
0.000444191
0.00032941
0.000229635
0.000149476
0.000145757
0.000145126
0.000147091
0.000182764
0.000178291
0.000144136
0.000140678
0.000137275
0.000133608
0.000126881
0.000120071
0.000130447
0.000119687
0.000198362
0.00010198
0.000184771
8.65899e-05
8.0303e-05
7.68155e-05
7.56985e-05
7.58876e-05
7.66033e-05
0.000154363
7.76126e-05
7.96164e-05
8.31684e-05
8.74537e-05
9.29413e-05
9.72831e-05
0.000101173
0.000107726
0.000189762
0.000109818
0.000107939
9.87152e-05
9.12961e-05
8.32748e-05
7.57845e-05
6.76315e-05
5.84822e-05
4.95954e-05
3.9094e-05
3.07394e-05
2.41945e-05
1.87114e-05
1.44046e-05
1.14127e-05
9.19727e-06
7.70128e-06
6.58676e-06
5.34956e-06
4.43575e-06
1.48184e-05
1.31947e-05
2.44272e-05
3.18857e-05
3.2582e-05
3.85515e-05
3.78287e-05
2.64693e-05
2.22633e-05
4.13152e-05
9.385e-05
0.000307939
0.000169202
0.000338846
0.000169035
0.000175416
0.000187151
0.000185318
0.000183858
0.000179773
0.000188647
0.000481779
0.000204983
0.000234588
0.000258324
0.000266778
0.000276382
0.00046143
0.000214815
0.000415345
0.000212502
0.000213443
0.000411409
0.000261419
0.000518232
0.000309473
0.000345716
0.000365846
0.000394809
0.000408429
0.000406184
0.000384772
0.000345261
0.000423897
0.000266616
0.000168165
0.000158858
0.000145828
0.000142615
0.000143829
0.000233442
0.000230698
0.000226755
0.000130404
0.000225726
0.000123682
0.000139942
0.000224155
0.000120961
0.000112375
0.000103706
9.47194e-05
8.79678e-05
8.30301e-05
7.70982e-05
7.20077e-05
6.93157e-05
6.87538e-05
6.9214e-05
7.01585e-05
7.11059e-05
7.20495e-05
7.40548e-05
7.77126e-05
8.18982e-05
8.71791e-05
0.000169228
9.44335e-05
9.76049e-05
9.93509e-05
9.99054e-05
9.83621e-05
0.000171301
8.58634e-05
7.88997e-05
7.16688e-05
6.43521e-05
5.5695e-05
4.6804e-05
3.67783e-05
2.90399e-05
2.30526e-05
1.77996e-05
1.37629e-05
1.09912e-05
8.83945e-06
7.44543e-06
6.36807e-06
5.14033e-06
4.27411e-06
1.48462e-05
1.46663e-05
2.01811e-05
3.22566e-05
4.1402e-05
4.62029e-05
5.2484e-05
5.24979e-05
3.52794e-05
3.51235e-05
8.18592e-05
0.000135678
0.000199644
0.000222523
0.000216274
0.000257361
0.000260762
0.000427767
0.000209839
0.000180591
0.000166222
0.000154482
0.000163039
0.000188898
0.000211816
0.000475356
0.000212586
0.000185009
0.000161897
0.000157875
0.00015431
0.000161816
0.000174239
0.000190301
0.000216761
0.000269574
0.000306538
0.000619167
0.00034377
0.000352727
0.000360478
0.000320842
0.000415917
0.000252933
0.000162878
0.000144119
0.000198372
0.000120258
0.000118406
0.000120298
0.000124408
0.000125724
0.000127099
0.000128783
0.00012624
0.000122001
0.000116826
0.000110923
0.000104601
9.58549e-05
8.89278e-05
8.29092e-05
7.77475e-05
7.35159e-05
0.000162646
6.44818e-05
6.20797e-05
6.19842e-05
6.28535e-05
6.42553e-05
6.5515e-05
6.67466e-05
6.8882e-05
7.23641e-05
7.65739e-05
8.16679e-05
8.53611e-05
8.8414e-05
9.11885e-05
9.24952e-05
9.33297e-05
9.23211e-05
8.71022e-05
8.09138e-05
7.45762e-05
6.79825e-05
6.08163e-05
0.000145461
4.4259e-05
3.46581e-05
2.73564e-05
2.17405e-05
1.6832e-05
1.31236e-05
1.04755e-05
8.47511e-06
7.18302e-06
6.15148e-06
4.93835e-06
4.09662e-06
1.50435e-05
1.53498e-05
1.60264e-05
2.25104e-05
2.72822e-05
2.61668e-05
3.24813e-05
4.98712e-05
5.24647e-05
3.68747e-05
5.4662e-05
0.000125544
0.000187305
0.000567458
0.000244358
0.000487943
0.000466682
0.000225321
0.000439859
0.000166488
0.000439614
0.000125604
0.000129098
0.000153989
0.000487952
0.000488807
0.000171648
0.00029183
0.000123937
0.000114343
0.000117195
0.000134012
0.000235859
0.000153958
0.000180191
0.00022087
0.000460194
0.000297175
0.000308286
0.000558522
0.000309711
0.00040015
0.000237165
0.000148221
0.00013082
0.000115991
0.000103658
9.82339e-05
9.73892e-05
9.95104e-05
0.00019281
0.000104501
0.000105951
0.000199543
0.000200261
0.000103538
9.81701e-05
9.34666e-05
0.000179756
8.35018e-05
7.7981e-05
7.28908e-05
6.85992e-05
6.4914e-05
6.0914e-05
5.71972e-05
5.54146e-05
5.5724e-05
5.6852e-05
5.85981e-05
0.000145414
6.13788e-05
6.37444e-05
6.74143e-05
7.14685e-05
7.63393e-05
7.98134e-05
8.26475e-05
8.51555e-05
8.64002e-05
0.000169818
0.000169425
8.15709e-05
7.61402e-05
7.04125e-05
6.41006e-05
5.74724e-05
4.98031e-05
4.14872e-05
3.26492e-05
2.57305e-05
2.04932e-05
1.58893e-05
1.24967e-05
9.96969e-06
8.1515e-06
6.90789e-06
5.90967e-06
4.77566e-06
3.93971e-06
1.53242e-05
1.55603e-05
1.45129e-05
1.50478e-05
1.46176e-05
1.22425e-05
1.55278e-05
3.0188e-05
4.84629e-05
4.31898e-05
3.641e-05
5.31544e-05
0.000131489
0.000181163
0.000209919
0.000239506
0.000222916
0.000180261
0.000158538
0.000128344
0.000105449
9.12971e-05
0.000249494
0.000116227
0.00013636
0.000259127
0.000152208
0.00017512
0.000103882
8.71784e-05
8.20661e-05
9.43816e-05
0.00010634
0.000124307
0.000155238
0.000187501
0.000209875
0.000275699
0.000282551
0.000273285
0.000252247
0.000146547
0.000142493
0.00012439
0.000103853
0.000165929
8.58499e-05
8.25379e-05
8.25709e-05
8.4692e-05
0.000174542
8.69523e-05
8.83999e-05
8.97849e-05
8.91174e-05
8.73003e-05
8.43475e-05
8.09e-05
7.75939e-05
0.000170482
6.81446e-05
6.3524e-05
5.98768e-05
5.67112e-05
5.30357e-05
5.02133e-05
4.89943e-05
4.9587e-05
5.10099e-05
5.29684e-05
5.48237e-05
5.63703e-05
5.87854e-05
6.24138e-05
6.66261e-05
7.11931e-05
7.44071e-05
7.73508e-05
7.96753e-05
8.07465e-05
8.16884e-05
0.000165478
7.65436e-05
7.14058e-05
6.63701e-05
6.01331e-05
5.39908e-05
4.67724e-05
3.87781e-05
3.06478e-05
2.42291e-05
1.92755e-05
1.50241e-05
1.18718e-05
9.46253e-06
7.82296e-06
6.63936e-06
5.66573e-06
4.6043e-06
3.84044e-06
1.56219e-05
1.51213e-05
1.33933e-05
1.11792e-05
8.46227e-06
5.63536e-06
7.00292e-06
1.63724e-05
3.39707e-05
4.26264e-05
3.12795e-05
3.66983e-05
7.15063e-05
0.00011234
0.000148102
0.000165245
0.000442801
0.000331698
0.000111443
0.000220558
6.70588e-05
6.07952e-05
6.89281e-05
8.24192e-05
9.53148e-05
0.000108792
0.000120358
8.88036e-05
0.000103109
5.81274e-05
5.18245e-05
6.50205e-05
0.000104113
9.11638e-05
0.000127597
0.000166098
0.000186329
0.000310351
0.000176192
0.000290978
0.000137316
0.000126684
0.000116038
0.000166776
8.4483e-05
7.58694e-05
0.000151037
6.86952e-05
0.000153936
7.25849e-05
0.000162997
7.42747e-05
7.56999e-05
7.70583e-05
0.000170501
7.51865e-05
7.2763e-05
6.9772e-05
6.6551e-05
6.30552e-05
5.87865e-05
5.47383e-05
5.16376e-05
0.000163249
4.59699e-05
4.3855e-05
4.30575e-05
4.40037e-05
4.56854e-05
4.76663e-05
4.94804e-05
5.14417e-05
5.40044e-05
5.77142e-05
6.17422e-05
6.62059e-05
6.94037e-05
7.20882e-05
7.43753e-05
7.54761e-05
7.63237e-05
7.58683e-05
0.000157135
6.7081e-05
6.22696e-05
5.64597e-05
5.03921e-05
4.36661e-05
3.63096e-05
2.86679e-05
2.27472e-05
1.8063e-05
1.41784e-05
1.12444e-05
9.01756e-06
7.48261e-06
6.37123e-06
5.42347e-06
4.45562e-06
3.73249e-06
1.58364e-05
1.39038e-05
1.02521e-05
7.32246e-06
4.89817e-06
2.85554e-06
3.77326e-06
1.00328e-05
2.35315e-05
3.56127e-05
3.16522e-05
2.31582e-05
3.47722e-05
6.25915e-05
8.96051e-05
0.000211205
9.25635e-05
7.50487e-05
0.000178273
5.22435e-05
3.94294e-05
3.63642e-05
4.08734e-05
7.02958e-05
5.55221e-05
5.40302e-05
5.36044e-05
6.47651e-05
8.4894e-05
4.36878e-05
3.58767e-05
3.9504e-05
4.85963e-05
6.6464e-05
0.000105741
0.000169848
0.000162998
0.000162692
0.000152117
0.000200983
0.000116841
0.000162321
8.94645e-05
0.00015242
0.000150441
5.97193e-05
5.65196e-05
5.57249e-05
5.75812e-05
0.000155999
6.16668e-05
6.23931e-05
6.39066e-05
6.5427e-05
6.53445e-05
6.40323e-05
6.19262e-05
5.93591e-05
5.64666e-05
5.34614e-05
5.01804e-05
4.68174e-05
4.40173e-05
4.2125e-05
3.94918e-05
3.79827e-05
3.76546e-05
3.87516e-05
4.05636e-05
4.2773e-05
4.4757e-05
4.67191e-05
4.93136e-05
5.30923e-05
5.71104e-05
6.11723e-05
6.44938e-05
6.73088e-05
6.94156e-05
7.04125e-05
7.10371e-05
7.04829e-05
6.71014e-05
6.26664e-05
5.8412e-05
5.2745e-05
4.70494e-05
4.05678e-05
3.39135e-05
2.68155e-05
2.13309e-05
1.69418e-05
1.33637e-05
1.06095e-05
8.58739e-06
7.1536e-06
6.09204e-06
5.18173e-06
4.31498e-06
3.61191e-06
1.56237e-05
1.1417e-05
6.87905e-06
4.7352e-06
2.4478e-06
1.29037e-06
2.37974e-06
7.5915e-06
1.78258e-05
2.90388e-05
3.02161e-05
2.10488e-05
1.85072e-05
2.85495e-05
4.57473e-05
5.48169e-05
4.80068e-05
3.99792e-05
3.63305e-05
2.45995e-05
1.9828e-05
2.00438e-05
2.24151e-05
2.52998e-05
2.76355e-05
2.88921e-05
3.2643e-05
5.11702e-05
7.78893e-05
3.29427e-05
5.18667e-05
2.39918e-05
3.09118e-05
4.76433e-05
7.90985e-05
0.000132575
0.000132736
0.000190128
0.000121814
0.000104697
9.16869e-05
7.88529e-05
6.73279e-05
5.83187e-05
5.07528e-05
4.52773e-05
4.3348e-05
0.000155253
4.60493e-05
4.95276e-05
4.97245e-05
5.09644e-05
5.27294e-05
5.43254e-05
5.43496e-05
5.35876e-05
5.19462e-05
4.98965e-05
0.000171922
4.48057e-05
4.23995e-05
0.000170288
3.73025e-05
3.56117e-05
3.3618e-05
3.26187e-05
3.26909e-05
3.40169e-05
3.59571e-05
3.81953e-05
4.02263e-05
4.2261e-05
4.50338e-05
4.86307e-05
5.24718e-05
5.65467e-05
5.97122e-05
6.24168e-05
6.46019e-05
6.56787e-05
6.63121e-05
6.562e-05
6.23969e-05
5.84726e-05
5.4386e-05
4.90766e-05
4.37962e-05
3.7691e-05
3.14474e-05
2.50381e-05
1.9919e-05
1.58803e-05
1.25612e-05
1.00186e-05
8.15174e-06
6.82425e-06
5.81358e-06
4.9658e-06
4.16364e-06
3.49411e-06
1.45649e-05
7.03158e-06
3.71583e-06
1.97661e-06
1.11861e-06
6.12941e-07
1.70928e-06
6.24032e-06
1.47693e-05
2.4246e-05
2.73745e-05
2.11102e-05
1.42396e-05
1.39837e-05
1.93132e-05
2.03934e-05
1.83381e-05
1.61083e-05
1.47184e-05
1.25045e-05
1.21349e-05
1.28562e-05
1.4217e-05
1.58649e-05
1.83236e-05
2.29847e-05
5.95187e-05
2.79896e-05
6.38343e-05
5.14049e-05
1.54416e-05
1.58377e-05
2.03704e-05
3.37723e-05
5.69988e-05
8.09877e-05
0.000100362
0.000151422
9.0919e-05
8.00551e-05
6.82204e-05
5.61751e-05
4.809e-05
4.1624e-05
0.000161413
3.32563e-05
3.23276e-05
3.43267e-05
3.59617e-05
3.87735e-05
3.92397e-05
4.07515e-05
4.26348e-05
4.43094e-05
4.45279e-05
4.41211e-05
4.29763e-05
4.13883e-05
3.96423e-05
3.72002e-05
3.54314e-05
3.36132e-05
3.12687e-05
2.98481e-05
2.84563e-05
2.78986e-05
2.82658e-05
2.96561e-05
3.15927e-05
3.38623e-05
3.62155e-05
3.80657e-05
4.08448e-05
4.43884e-05
4.80784e-05
5.1892e-05
5.51439e-05
5.78378e-05
5.98678e-05
6.08524e-05
6.147e-05
6.06727e-05
5.80659e-05
5.43851e-05
5.03549e-05
4.56952e-05
4.05415e-05
3.48857e-05
2.9094e-05
2.33269e-05
1.85842e-05
1.48613e-05
1.17654e-05
9.46489e-06
7.73785e-06
6.48639e-06
5.52926e-06
4.76454e-06
4.00128e-06
3.38407e-06
1.21013e-05
3.81096e-06
1.43665e-06
9.57348e-07
6.01161e-07
4.81499e-07
1.34491e-06
5.13506e-06
1.2564e-05
2.07821e-05
2.446e-05
2.05923e-05
1.39128e-05
1.02632e-05
9.4149e-06
8.96883e-06
8.22992e-06
7.97901e-06
7.94348e-06
7.74533e-06
7.99126e-06
8.84207e-06
9.44847e-06
1.01025e-05
1.23437e-05
1.50245e-05
1.6425e-05
6.82409e-05
1.56487e-05
1.23556e-05
1.08487e-05
1.2868e-05
1.56083e-05
2.35614e-05
4.00299e-05
5.83409e-05
7.41106e-05
7.22172e-05
6.52483e-05
5.57836e-05
4.3753e-05
3.72403e-05
3.24389e-05
2.8149e-05
2.52734e-05
2.31984e-05
2.3181e-05
2.5365e-05
2.72051e-05
2.97149e-05
3.02518e-05
3.18923e-05
3.37904e-05
3.54787e-05
3.59047e-05
3.57285e-05
3.49471e-05
3.37323e-05
3.22593e-05
3.05051e-05
2.93796e-05
2.77245e-05
2.58831e-05
2.47712e-05
2.38528e-05
2.36744e-05
2.42837e-05
2.57616e-05
2.76616e-05
2.98301e-05
0.000158514
3.42547e-05
3.70022e-05
4.02666e-05
4.39085e-05
4.75714e-05
5.05856e-05
5.33176e-05
5.5367e-05
5.64883e-05
5.70004e-05
5.62151e-05
5.36385e-05
5.02782e-05
4.67941e-05
4.23012e-05
3.75984e-05
3.21359e-05
2.68857e-05
2.16403e-05
1.73422e-05
1.38675e-05
1.10266e-05
8.90895e-06
7.32349e-06
6.15099e-06
5.29175e-06
4.55085e-06
3.83762e-06
3.26437e-06
3.96773e-06
1.06384e-06
5.61399e-07
4.06289e-07
3.42642e-07
3.93904e-07
1.0304e-06
3.99714e-06
1.04665e-05
1.77369e-05
2.16919e-05
1.96592e-05
1.42663e-05
9.96606e-06
7.82494e-06
6.75097e-06
6.13691e-06
5.82656e-06
5.67013e-06
5.57375e-06
5.66397e-06
6.26281e-06
6.02192e-05
7.8418e-06
8.64283e-05
9.63835e-06
1.06095e-05
1.10034e-05
8.10003e-05
7.72186e-06
7.27856e-06
9.15227e-06
1.34122e-05
1.6996e-05
2.70768e-05
4.02365e-05
5.02661e-05
4.61146e-05
4.08677e-05
3.31735e-05
0.000161425
2.35506e-05
2.02173e-05
1.71491e-05
1.54241e-05
1.4881e-05
1.55936e-05
1.77995e-05
1.97117e-05
2.17314e-05
2.26148e-05
2.43079e-05
2.61923e-05
2.782e-05
2.84168e-05
0.000181867
2.79565e-05
2.6988e-05
2.58681e-05
2.46541e-05
2.3762e-05
2.2493e-05
2.12053e-05
2.0394e-05
1.98628e-05
1.99686e-05
2.07165e-05
2.22054e-05
2.40932e-05
2.62368e-05
2.86529e-05
3.06229e-05
3.33494e-05
3.65535e-05
3.98792e-05
4.34313e-05
4.65036e-05
4.90029e-05
5.08373e-05
5.20171e-05
5.25358e-05
5.16662e-05
4.93871e-05
4.65848e-05
4.3244e-05
3.90956e-05
3.4686e-05
2.95985e-05
2.478e-05
2.00424e-05
1.6158e-05
1.28873e-05
1.03429e-05
8.3869e-06
6.91053e-06
5.83903e-06
5.04585e-06
4.33123e-06
3.6795e-06
3.13862e-06
1.87048e-06
3.33503e-07
3.08472e-07
3.01717e-07
2.89872e-07
3.38316e-07
7.4612e-07
2.85636e-06
8.22152e-06
1.50579e-05
1.91947e-05
1.84551e-05
1.4534e-05
1.07046e-05
8.21324e-06
6.82282e-06
5.94432e-06
5.31994e-06
4.83845e-06
4.45114e-06
4.13325e-06
4.62614e-06
5.24981e-06
5.74685e-06
5.89966e-06
5.59192e-06
5.93457e-06
6.20588e-06
5.82198e-06
4.99648e-06
5.1645e-06
6.26191e-05
1.07553e-05
1.37357e-05
1.77182e-05
2.50269e-05
0.000120139
2.74336e-05
2.26431e-05
1.83027e-05
1.44194e-05
1.29392e-05
0.000188065
8.88444e-06
8.1472e-06
8.33244e-06
9.41156e-06
1.15104e-05
1.336e-05
1.51895e-05
1.62665e-05
1.79476e-05
1.97298e-05
2.12513e-05
2.19587e-05
2.25755e-05
2.1911e-05
2.12005e-05
2.04266e-05
1.96545e-05
1.89025e-05
1.8044e-05
1.71524e-05
1.65979e-05
1.6372e-05
1.67054e-05
1.75865e-05
1.90672e-05
2.08047e-05
2.2964e-05
2.52017e-05
2.7346e-05
2.99165e-05
3.2997e-05
3.62703e-05
3.94898e-05
4.24484e-05
4.49771e-05
4.67971e-05
4.78855e-05
4.83173e-05
4.75342e-05
4.54858e-05
4.28653e-05
3.98635e-05
3.61269e-05
3.18361e-05
2.72395e-05
2.27397e-05
1.85531e-05
1.50149e-05
1.19862e-05
9.67436e-06
7.8638e-06
6.4997e-06
5.55118e-06
4.78586e-06
4.1328e-06
3.5146e-06
3.00868e-06
2.55218e-07
2.92866e-07
2.83169e-07
2.32873e-07
2.06203e-07
2.27804e-07
4.47614e-07
1.67036e-06
5.39276e-06
1.10764e-05
1.59412e-05
1.71209e-05
1.52387e-05
1.25946e-05
1.03422e-05
8.59241e-06
7.08992e-06
5.82672e-06
4.82334e-06
4.2822e-06
4.01273e-06
3.70232e-06
3.16535e-06
2.76407e-06
2.44393e-06
2.23813e-06
2.19002e-06
2.34858e-06
2.45255e-06
2.7085e-06
3.67329e-06
5.68862e-06
8.08754e-06
1.21187e-05
0.000134054
1.27115e-05
1.13121e-05
1.07619e-05
1.16834e-05
1.13541e-05
1.02595e-05
9.12574e-06
7.6454e-06
6.54978e-06
5.83218e-06
5.60031e-06
4.82357e-06
4.77731e-06
5.61002e-06
7.06634e-06
8.16939e-06
9.68962e-06
1.12557e-05
1.25846e-05
1.34142e-05
1.39326e-05
1.37886e-05
1.34711e-05
1.32039e-05
1.27444e-05
1.24781e-05
1.2274e-05
1.17899e-05
1.15551e-05
1.16879e-05
1.22505e-05
1.3201e-05
1.46158e-05
1.62884e-05
1.83162e-05
2.03033e-05
2.25748e-05
2.50316e-05
2.78299e-05
3.07599e-05
3.37849e-05
3.65215e-05
3.87425e-05
4.04352e-05
4.14627e-05
4.18484e-05
4.11192e-05
3.95179e-05
3.74368e-05
3.48367e-05
3.1501e-05
2.77988e-05
2.36382e-05
1.98057e-05
1.62866e-05
1.31985e-05
1.06386e-05
8.66577e-06
7.05754e-06
5.94157e-06
5.06923e-06
4.40389e-06
3.80922e-06
3.2522e-06
2.82842e-06
7.75031e-08
1.13454e-07
1.37272e-07
1.51961e-07
1.65587e-07
1.89053e-07
2.64765e-07
6.04164e-07
1.9068e-06
4.79097e-06
8.44738e-06
1.13105e-05
1.21071e-05
1.14113e-05
1.0097e-05
8.60341e-06
7.11251e-06
5.74238e-06
4.59248e-06
3.66704e-06
2.97224e-06
2.5844e-06
2.40919e-06
2.32589e-06
2.21063e-06
1.99355e-06
1.67364e-06
1.36068e-06
1.22892e-06
1.45533e-06
2.28149e-06
3.46745e-06
4.59396e-06
6.03224e-06
6.6489e-06
6.67506e-06
6.25791e-06
5.83529e-06
5.34389e-06
4.86764e-06
4.38072e-06
3.6232e-06
2.88733e-06
2.49667e-06
2.23509e-06
2.13645e-06
2.38216e-06
3.01444e-06
3.37508e-06
3.76872e-06
3.31225e-06
3.45683e-06
4.03015e-06
4.83313e-06
5.56716e-06
6.04462e-06
6.25485e-06
6.32499e-06
6.45193e-06
6.41919e-06
6.50714e-06
6.56433e-06
6.56079e-06
6.7111e-06
7.11958e-06
7.77559e-06
8.73831e-06
9.97797e-06
1.14268e-05
1.31865e-05
1.49587e-05
1.70866e-05
1.9289e-05
2.17255e-05
2.43218e-05
2.69361e-05
2.92714e-05
3.12486e-05
3.27899e-05
3.37996e-05
3.41073e-05
3.35104e-05
3.22888e-05
3.06899e-05
2.86799e-05
2.59496e-05
2.27134e-05
1.93642e-05
1.61704e-05
1.33904e-05
1.09405e-05
8.90843e-06
7.35064e-06
6.08332e-06
5.16882e-06
4.45422e-06
3.8713e-06
3.38409e-06
2.91722e-06
2.53417e-06
1.39892e-08
3.47387e-08
6.07637e-08
9.28983e-08
1.23054e-07
1.49288e-07
1.81075e-07
2.45659e-07
4.52297e-07
1.0017e-06
1.96055e-06
3.38448e-06
4.91416e-06
5.83844e-06
5.96677e-06
5.4879e-06
4.76726e-06
4.0867e-06
3.59158e-06
3.32714e-06
3.26162e-06
3.30577e-06
3.35494e-06
3.32712e-06
3.13942e-06
2.76731e-06
2.2229e-06
1.64899e-06
1.20524e-06
1.04707e-06
1.17272e-06
1.41642e-06
2.12847e-06
2.54295e-06
2.53876e-06
2.37598e-06
2.1729e-06
1.8923e-06
1.6e-06
1.42041e-06
1.3079e-06
1.10296e-06
9.19713e-07
8.4244e-07
8.44643e-07
9.25972e-07
1.10534e-06
1.22582e-06
1.28624e-06
1.50662e-06
1.88893e-06
2.15836e-06
2.38331e-06
2.41241e-06
2.0892e-06
2.11106e-06
2.15944e-06
2.27492e-06
2.47831e-06
2.63856e-06
2.8809e-06
3.12384e-06
3.38743e-06
3.69893e-06
4.14211e-06
4.77354e-06
5.58627e-06
6.59068e-06
7.76705e-06
9.23679e-06
1.07589e-05
1.25877e-05
1.45408e-05
1.65916e-05
1.88182e-05
2.10187e-05
2.29959e-05
2.47122e-05
2.61061e-05
2.70432e-05
2.72755e-05
2.68427e-05
2.58948e-05
2.46573e-05
2.3129e-05
2.08741e-05
1.81802e-05
1.5516e-05
1.30189e-05
1.0795e-05
8.88856e-06
7.36042e-06
6.1699e-06
5.15722e-06
4.42653e-06
3.87016e-06
3.38416e-06
2.95185e-06
2.56685e-06
2.25722e-06
3.77857e-09
1.34227e-08
2.92576e-08
4.89486e-08
7.36075e-08
9.7355e-08
1.21652e-07
1.51188e-07
1.97085e-07
2.76631e-07
4.40472e-07
7.97302e-07
1.39458e-06
2.0966e-06
2.67657e-06
2.96871e-06
3.01294e-06
2.95474e-06
2.90102e-06
2.90033e-06
2.95778e-06
3.0559e-06
3.15181e-06
3.18068e-06
3.0674e-06
2.75785e-06
2.26584e-06
1.69671e-06
1.18261e-06
8.06264e-07
5.76955e-07
6.65148e-07
7.27368e-07
7.04484e-07
6.3228e-07
5.69724e-07
5.06105e-07
4.38354e-07
3.80365e-07
3.44019e-07
3.22084e-07
2.83151e-07
2.57252e-07
2.63176e-07
2.94112e-07
3.47096e-07
4.05189e-07
4.80598e-07
5.86426e-07
6.93937e-07
7.20258e-07
7.70682e-07
8.86441e-07
1.07544e-06
1.14879e-06
1.15932e-06
1.17567e-06
1.01278e-06
9.36742e-07
9.90672e-07
1.16031e-06
1.37462e-06
1.62225e-06
1.9203e-06
2.31792e-06
2.82373e-06
3.45057e-06
4.21065e-06
5.16772e-06
6.29017e-06
7.51892e-06
8.99672e-06
1.06212e-05
1.23743e-05
1.42114e-05
1.60284e-05
1.76814e-05
1.91371e-05
2.03279e-05
2.12086e-05
2.13343e-05
2.10455e-05
2.03702e-05
1.93741e-05
1.81038e-05
1.63401e-05
1.42821e-05
1.21653e-05
1.02298e-05
8.52417e-06
7.10614e-06
5.96209e-06
5.0481e-06
4.30964e-06
3.74906e-06
3.28095e-06
2.89839e-06
2.55653e-06
2.23032e-06
1.97121e-06
1.26145e-09
6.24624e-09
1.46534e-08
2.67648e-08
3.93601e-08
5.41047e-08
7.01133e-08
8.80394e-08
1.11431e-07
1.42896e-07
1.92394e-07
2.8497e-07
4.4026e-07
6.5739e-07
9.55206e-07
1.20869e-06
1.37824e-06
1.48455e-06
1.56413e-06
1.65198e-06
1.76519e-06
1.90686e-06
2.05575e-06
2.16081e-06
2.17211e-06
2.03084e-06
1.74455e-06
1.37731e-06
1.01288e-06
7.14866e-07
5.31029e-07
4.24377e-07
3.5377e-07
3.03105e-07
2.64829e-07
2.31919e-07
2.01939e-07
1.7288e-07
1.44611e-07
1.18988e-07
9.73938e-08
7.99047e-08
7.04865e-08
7.35881e-08
8.85442e-08
1.13529e-07
1.43582e-07
1.76603e-07
2.0924e-07
2.43528e-07
2.86518e-07
3.43925e-07
3.67569e-07
3.67207e-07
3.93087e-07
4.41495e-07
5.01136e-07
5.10706e-07
5.26596e-07
4.92016e-07
4.7549e-07
5.60147e-07
7.21427e-07
9.42546e-07
1.23834e-06
1.60149e-06
2.05216e-06
2.64007e-06
3.33958e-06
4.15893e-06
5.09389e-06
6.24331e-06
7.55224e-06
8.9693e-06
1.04379e-05
1.19227e-05
1.32533e-05
1.44549e-05
1.54116e-05
1.60737e-05
1.62553e-05
1.60835e-05
1.56122e-05
1.48641e-05
1.38213e-05
1.24786e-05
1.09187e-05
9.32652e-06
7.84742e-06
6.58033e-06
5.57279e-06
4.74857e-06
4.06949e-06
3.52728e-06
3.11179e-06
2.75402e-06
2.44747e-06
2.17258e-06
1.9087e-06
1.68059e-06
1.26815e-11
3.79914e-09
7.88322e-09
1.41323e-08
2.18107e-08
3.03513e-08
3.85737e-08
4.8003e-08
6.09011e-08
7.72212e-08
9.97498e-08
1.36463e-07
1.96151e-07
2.77539e-07
3.71608e-07
4.63154e-07
5.47179e-07
6.33419e-07
7.28044e-07
8.33788e-07
9.40275e-07
1.04735e-06
1.14095e-06
1.2119e-06
1.24453e-06
1.22156e-06
1.12619e-06
9.80903e-07
8.20136e-07
6.7398e-07
5.58329e-07
4.74191e-07
4.1351e-07
3.6674e-07
3.2696e-07
2.8837e-07
2.49473e-07
2.11227e-07
1.72922e-07
1.3672e-07
1.04814e-07
7.81578e-08
5.66029e-08
4.01121e-08
2.97609e-08
3.26489e-08
4.05908e-08
5.23166e-08
6.57261e-08
8.00543e-08
9.2849e-08
1.06202e-07
1.23594e-07
1.44496e-07
1.55831e-07
1.52409e-07
1.60484e-07
1.86612e-07
2.21679e-07
2.39932e-07
2.63313e-07
2.47754e-07
3.09942e-07
4.37503e-07
6.27886e-07
8.69456e-07
1.19406e-06
1.60764e-06
2.08708e-06
2.66081e-06
3.37083e-06
4.18323e-06
5.19663e-06
6.28571e-06
7.45392e-06
8.59743e-06
9.64054e-06
1.05766e-05
1.13275e-05
1.18219e-05
1.20025e-05
1.19151e-05
1.15985e-05
1.1052e-05
1.02765e-05
9.25486e-06
8.11479e-06
6.95181e-06
5.85226e-06
4.97111e-06
4.27289e-06
3.7073e-06
3.23096e-06
2.84542e-06
2.53866e-06
2.26868e-06
2.02224e-06
1.80078e-06
1.59385e-06
1.4199e-06
0
1.73786e-09
4.25331e-09
7.40741e-09
1.20996e-08
1.61213e-08
2.14973e-08
2.75529e-08
3.40129e-08
4.18317e-08
5.29139e-08
6.93932e-08
9.34467e-08
1.26989e-07
1.68875e-07
2.16335e-07
2.66702e-07
3.19421e-07
3.7845e-07
4.45025e-07
5.09323e-07
5.50476e-07
6.39939e-07
6.82876e-07
7.15379e-07
7.20369e-07
6.97418e-07
6.54566e-07
6.04627e-07
5.52654e-07
5.03359e-07
4.58847e-07
4.18024e-07
3.78838e-07
3.39583e-07
2.9975e-07
2.59538e-07
2.19946e-07
1.81673e-07
1.46348e-07
1.14955e-07
8.78708e-08
6.52706e-08
4.70015e-08
3.29702e-08
2.2848e-08
1.60967e-08
1.2037e-08
1.33696e-08
1.73895e-08
2.18513e-08
2.63416e-08
3.05011e-08
3.55764e-08
4.3306e-08
5.14881e-08
5.40107e-08
5.67283e-08
7.16232e-08
9.67078e-08
1.15367e-07
1.40142e-07
1.45016e-07
1.97577e-07
3.03887e-07
4.6032e-07
6.70939e-07
9.39976e-07
1.25551e-06
1.67143e-06
2.14685e-06
2.68532e-06
3.4314e-06
4.269e-06
5.12611e-06
5.96946e-06
6.74806e-06
7.43762e-06
8.01204e-06
8.37923e-06
8.55031e-06
8.50984e-06
8.29941e-06
7.90862e-06
7.36058e-06
6.63541e-06
5.83439e-06
5.00941e-06
4.23173e-06
3.68264e-06
3.22251e-06
2.83853e-06
2.50798e-06
2.2388e-06
2.02025e-06
1.82736e-06
1.65117e-06
1.47912e-06
1.31517e-06
1.17352e-06
0
2.40811e-11
2.34276e-09
4.28663e-09
5.94905e-09
8.89094e-09
1.20524e-08
1.48077e-08
1.85915e-08
2.39129e-08
2.9962e-08
3.74318e-08
4.76431e-08
6.17015e-08
8.02401e-08
1.02738e-07
1.29098e-07
1.59952e-07
1.96204e-07
2.41672e-07
2.9872e-07
3.56509e-07
4.01479e-07
4.25874e-07
4.19964e-07
4.21247e-07
4.2637e-07
4.10518e-07
3.88978e-07
3.6992e-07
3.49897e-07
3.26999e-07
3.02089e-07
2.76106e-07
2.48929e-07
2.21648e-07
1.94573e-07
1.68781e-07
1.44282e-07
1.21052e-07
9.94206e-08
7.9768e-08
6.23553e-08
4.74076e-08
3.49419e-08
2.4995e-08
1.74673e-08
1.21244e-08
8.69676e-09
6.59559e-09
5.33073e-09
4.44554e-09
3.74779e-09
3.14532e-09
3.98295e-09
6.97949e-09
1.16943e-08
1.54094e-08
1.95096e-08
2.9583e-08
4.68696e-08
6.31599e-08
8.47491e-08
9.79051e-08
1.4488e-07
2.34069e-07
3.60513e-07
5.23879e-07
7.40458e-07
1.00074e-06
1.30138e-06
1.63112e-06
2.1757e-06
2.76673e-06
3.36538e-06
3.94963e-06
4.49587e-06
4.98698e-06
5.41528e-06
5.69705e-06
5.83526e-06
5.83654e-06
5.71006e-06
5.45313e-06
5.07902e-06
4.58166e-06
4.02787e-06
3.456e-06
2.98202e-06
2.65251e-06
2.36877e-06
2.12783e-06
1.92099e-06
1.74211e-06
1.59023e-06
1.44859e-06
1.31271e-06
1.1762e-06
1.04219e-06
9.34632e-07
0
0
8.37974e-11
2.14494e-09
4.05951e-09
4.6563e-09
5.96516e-09
8.09287e-09
1.06527e-08
1.31911e-08
1.6191e-08
2.09746e-08
2.67158e-08
3.346e-08
4.16244e-08
5.20837e-08
6.51179e-08
8.14614e-08
1.02161e-07
1.28746e-07
1.62507e-07
2.0315e-07
2.44446e-07
2.77947e-07
2.99117e-07
3.05985e-07
3.0009e-07
2.85339e-07
2.65506e-07
2.3982e-07
2.14007e-07
1.96959e-07
1.81311e-07
1.63928e-07
1.46711e-07
1.31693e-07
1.19922e-07
1.09041e-07
9.72331e-08
8.48616e-08
7.24197e-08
6.06077e-08
4.97894e-08
4.01422e-08
3.14699e-08
2.38867e-08
1.75525e-08
1.2534e-08
8.84074e-09
6.29664e-09
4.65577e-09
3.58031e-09
2.804e-09
2.17407e-09
1.59168e-09
1.28258e-09
1.70913e-09
2.8995e-09
3.19664e-09
7.25948e-09
1.5356e-08
2.81493e-08
4.24538e-08
5.97089e-08
7.44035e-08
1.14468e-07
1.84029e-07
2.81147e-07
4.10575e-07
5.64472e-07
7.41163e-07
9.54873e-07
1.29479e-06
1.67977e-06
2.07598e-06
2.45988e-06
2.82153e-06
3.17718e-06
3.47042e-06
3.67275e-06
3.78254e-06
3.80167e-06
3.73171e-06
3.57325e-06
3.33482e-06
3.01916e-06
2.66923e-06
2.30982e-06
2.07764e-06
1.88338e-06
1.71105e-06
1.559e-06
1.42396e-06
1.30393e-06
1.20395e-06
1.11083e-06
1.01895e-06
9.24549e-07
8.28876e-07
7.44215e-07
0
0
0
3.2349e-11
1.42642e-09
2.82372e-09
3.96679e-09
4.36026e-09
5.33858e-09
7.07011e-09
9.50326e-09
1.19109e-08
1.44182e-08
1.80633e-08
2.29277e-08
2.85338e-08
3.56877e-08
4.45681e-08
5.59387e-08
7.05744e-08
8.95091e-08
1.12387e-07
1.38568e-07
1.65661e-07
1.89141e-07
2.05641e-07
2.13244e-07
2.11573e-07
2.02381e-07
1.88514e-07
1.71678e-07
1.54251e-07
1.36884e-07
1.20843e-07
1.06274e-07
9.25842e-08
8.02546e-08
7.19974e-08
6.4072e-08
5.60206e-08
4.93334e-08
4.43342e-08
3.87839e-08
3.26988e-08
2.67297e-08
2.1151e-08
1.62226e-08
1.21506e-08
8.8715e-09
6.35163e-09
4.56408e-09
3.3646e-09
2.56108e-09
1.93838e-09
1.38156e-09
8.9934e-10
6.37964e-10
9.9408e-10
1.8452e-09
1.5528e-09
4.33874e-09
1.1287e-08
2.13735e-08
3.3183e-08
4.60362e-08
5.84511e-08
8.95861e-08
1.40495e-07
2.09739e-07
2.95937e-07
4.00195e-07
5.25768e-07
6.94101e-07
9.2949e-07
1.17239e-06
1.41763e-06
1.66796e-06
1.89287e-06
2.07877e-06
2.21598e-06
2.2984e-06
2.32282e-06
2.28884e-06
2.19733e-06
2.05516e-06
1.86725e-06
1.65718e-06
1.51035e-06
1.40284e-06
1.30264e-06
1.21096e-06
1.12708e-06
1.04887e-06
9.76044e-07
9.07748e-07
8.41512e-07
7.73912e-07
7.03152e-07
6.31498e-07
5.68307e-07
0
0
0
0
1.08479e-11
2.47634e-10
1.47565e-09
2.75272e-09
3.657e-09
3.97718e-09
4.84184e-09
6.32616e-09
8.38473e-09
1.0622e-08
1.28971e-08
1.55545e-08
1.92007e-08
2.44724e-08
3.12228e-08
3.97122e-08
5.06379e-08
6.3988e-08
7.96564e-08
9.64421e-08
1.14022e-07
1.29591e-07
1.4136e-07
1.48424e-07
1.49986e-07
1.46568e-07
1.3929e-07
1.29696e-07
1.18813e-07
1.07647e-07
9.6591e-08
8.61855e-08
7.63337e-08
6.72528e-08
5.88985e-08
5.13557e-08
4.41609e-08
3.82355e-08
3.29387e-08
2.78405e-08
2.35917e-08
1.99088e-08
1.62371e-08
1.26259e-08
9.43942e-09
6.81063e-09
4.82331e-09
3.47618e-09
2.57337e-09
1.9404e-09
1.43519e-09
9.77144e-10
5.72073e-10
3.64201e-10
6.65798e-10
1.28269e-09
1.06218e-09
3.99869e-09
9.8263e-09
1.75379e-08
2.64721e-08
3.62663e-08
4.46662e-08
6.5185e-08
9.80808e-08
1.43526e-07
2.00083e-07
2.66694e-07
3.40106e-07
4.42783e-07
5.88159e-07
7.4148e-07
8.90212e-07
1.02503e-06
1.13836e-06
1.22287e-06
1.27678e-06
1.2969e-06
1.28786e-06
1.2485e-06
1.17579e-06
1.07417e-06
1.02338e-06
9.75489e-07
9.25724e-07
8.76854e-07
8.29776e-07
7.848e-07
7.38109e-07
6.93846e-07
6.52711e-07
6.11097e-07
5.67045e-07
5.19742e-07
4.71022e-07
4.27985e-07
0
0
0
0
0
1.95969e-12
9.60488e-12
2.03675e-10
1.37261e-09
2.54419e-09
3.2967e-09
3.68955e-09
4.41163e-09
5.5887e-09
7.21733e-09
9.21156e-09
1.14636e-08
1.41523e-08
1.74833e-08
2.1881e-08
2.78892e-08
3.59754e-08
4.57669e-08
5.66364e-08
6.81718e-08
7.95706e-08
9.02664e-08
9.88813e-08
1.04749e-07
1.07772e-07
1.0773e-07
1.05383e-07
1.01335e-07
9.62297e-08
9.02374e-08
8.35588e-08
7.64647e-08
6.91753e-08
6.18766e-08
5.47903e-08
4.81084e-08
4.18795e-08
3.60273e-08
3.06606e-08
2.55854e-08
2.11748e-08
1.72016e-08
1.3633e-08
1.06644e-08
8.13387e-09
5.90355e-09
4.16144e-09
2.91954e-09
2.09298e-09
1.55399e-09
1.14654e-09
7.67179e-10
4.1358e-10
2.32967e-10
4.65837e-10
9.39222e-10
1.44535e-09
3.63278e-09
7.99513e-09
1.35675e-08
1.97076e-08
2.73798e-08
3.14496e-08
4.30049e-08
6.29287e-08
8.96473e-08
1.23086e-07
1.60541e-07
2.05759e-07
2.56499e-07
3.19786e-07
4.00022e-07
4.74467e-07
5.38798e-07
5.91413e-07
6.34083e-07
6.58045e-07
6.62087e-07
6.45081e-07
6.51503e-07
6.48408e-07
6.37864e-07
6.22429e-07
6.04278e-07
5.84766e-07
5.64377e-07
5.4281e-07
5.19237e-07
4.94889e-07
4.68867e-07
4.41023e-07
4.10717e-07
3.77628e-07
3.43282e-07
3.12685e-07
0
0
0
0
0
0
0
2.07681e-12
3.79312e-12
5.73542e-11
1.16877e-09
1.90956e-09
2.92464e-09
3.45602e-09
3.98496e-09
4.87967e-09
6.17034e-09
7.81852e-09
1.0097e-08
1.29782e-08
1.64831e-08
2.08229e-08
2.5927e-08
3.21752e-08
3.9522e-08
4.76866e-08
5.58178e-08
6.29908e-08
6.93167e-08
7.4301e-08
7.76077e-08
7.93726e-08
7.98408e-08
7.90313e-08
7.71979e-08
7.45473e-08
7.096e-08
6.66004e-08
6.17494e-08
5.64481e-08
5.07245e-08
4.49369e-08
3.92307e-08
3.38667e-08
2.88273e-08
2.41576e-08
1.98654e-08
1.59746e-08
1.2566e-08
9.60146e-09
7.07943e-09
5.11045e-09
3.63452e-09
2.54225e-09
1.80899e-09
1.32287e-09
9.51805e-10
6.27847e-10
3.31825e-10
1.60073e-10
3.13124e-10
7.13299e-10
1.35669e-09
2.72918e-09
5.57046e-09
9.48593e-09
1.3268e-08
1.85421e-08
2.06192e-08
2.66282e-08
3.66814e-08
5.15425e-08
7.04303e-08
9.35783e-08
1.19108e-07
1.46916e-07
1.7535e-07
2.0593e-07
2.39617e-07
2.71693e-07
3.00714e-07
3.2645e-07
3.46877e-07
3.62782e-07
3.73622e-07
3.7958e-07
3.81306e-07
3.79826e-07
3.76234e-07
3.71543e-07
3.6481e-07
3.55823e-07
3.44638e-07
3.31697e-07
3.17549e-07
3.01261e-07
2.82765e-07
2.6205e-07
2.40217e-07
2.20585e-07
0
0
0
0
0
0
0
0
0
3.12761e-14
1.00535e-13
5.2348e-11
8.12914e-10
1.24267e-09
2.15597e-09
3.2867e-09
3.73707e-09
4.40189e-09
5.43025e-09
6.89003e-09
8.99716e-09
1.18067e-08
1.52145e-08
1.93078e-08
2.38597e-08
2.87643e-08
3.35616e-08
3.8422e-08
4.31074e-08
4.58172e-08
4.86592e-08
5.24738e-08
5.63955e-08
5.91222e-08
6.02383e-08
6.04491e-08
5.97084e-08
5.81577e-08
5.58676e-08
5.27371e-08
4.89934e-08
4.46344e-08
3.99482e-08
3.51342e-08
3.02493e-08
2.55709e-08
2.1274e-08
1.74151e-08
1.39835e-08
1.09241e-08
8.32254e-09
6.12568e-09
4.35646e-09
3.00878e-09
2.08649e-09
1.49662e-09
1.10123e-09
8.02839e-10
5.31724e-10
2.74327e-10
1.14613e-10
1.99467e-10
5.35293e-10
9.2722e-10
1.63648e-09
3.24727e-09
5.76512e-09
7.96454e-09
1.09522e-08
1.31824e-08
1.53919e-08
2.01136e-08
2.79792e-08
3.84273e-08
5.1008e-08
6.51191e-08
8.13795e-08
9.98467e-08
1.18255e-07
1.36511e-07
1.53823e-07
1.69532e-07
1.84388e-07
1.99746e-07
2.12786e-07
2.22924e-07
2.30248e-07
2.35128e-07
2.37873e-07
2.38762e-07
2.37846e-07
2.35075e-07
2.30459e-07
2.24142e-07
2.16065e-07
2.06122e-07
1.94439e-07
1.81145e-07
1.67013e-07
1.54237e-07
0
0
0
0
0
0
0
0
0
0
0
0
5.74968e-14
2.3279e-11
4.25672e-10
6.92468e-10
8.50696e-10
2.09165e-09
3.60177e-09
4.0151e-09
4.39042e-09
5.61159e-09
7.9424e-09
1.06337e-08
1.35702e-08
1.70077e-08
2.05566e-08
2.4225e-08
2.77516e-08
3.11085e-08
3.41609e-08
3.50038e-08
3.48858e-08
3.4514e-08
3.40428e-08
3.49992e-08
3.77654e-08
4.16633e-08
4.49863e-08
4.53382e-08
4.39732e-08
4.15116e-08
3.83923e-08
3.46404e-08
3.05967e-08
2.63628e-08
2.22727e-08
1.83435e-08
1.47537e-08
1.16255e-08
8.96113e-09
6.75079e-09
4.93202e-09
3.49645e-09
2.4084e-09
1.65009e-09
1.16129e-09
8.57231e-10
6.36928e-10
4.29469e-10
2.28232e-10
8.94837e-11
1.24931e-10
3.81149e-10
4.1649e-10
7.17204e-10
1.51903e-09
2.96178e-09
4.23299e-09
5.77113e-09
7.65757e-09
8.27218e-09
1.06914e-08
1.44241e-08
2.00479e-08
2.69955e-08
3.5566e-08
4.49955e-08
5.49713e-08
6.50822e-08
7.62693e-08
8.81952e-08
9.96076e-08
1.09861e-07
1.19052e-07
1.26919e-07
1.33413e-07
1.38467e-07
1.42205e-07
1.44633e-07
1.45732e-07
1.45501e-07
1.44022e-07
1.41302e-07
1.37304e-07
1.31991e-07
1.2544e-07
1.17743e-07
1.0946e-07
1.01962e-07
0
0
0
0
0
0
0
0
0
0
0
0
0
0
9.98427e-15
3.36118e-13
7.23949e-11
2.80201e-10
2.50503e-10
2.7812e-10
1.93466e-09
3.44369e-09
3.77264e-09
4.12579e-09
5.60994e-09
8.34566e-09
1.13216e-08
1.4103e-08
1.67129e-08
1.94498e-08
2.19525e-08
2.43439e-08
2.66004e-08
2.71914e-08
2.71602e-08
2.68464e-08
2.63072e-08
2.55113e-08
2.48446e-08
2.42583e-08
2.54197e-08
2.92314e-08
3.30013e-08
3.26569e-08
3.01774e-08
2.69387e-08
2.33852e-08
1.97415e-08
1.62166e-08
1.2971e-08
1.00571e-08
7.55248e-09
5.51897e-09
3.91874e-09
2.73467e-09
1.85094e-09
1.25777e-09
8.82756e-10
6.47755e-10
4.78846e-10
3.26536e-10
1.75538e-10
6.66736e-11
8.3565e-11
2.7832e-10
2.70186e-10
9.93214e-11
4.69156e-10
1.2146e-09
1.92063e-09
2.70092e-09
3.78896e-09
4.27516e-09
5.3907e-09
7.19297e-09
1.01609e-08
1.41343e-08
1.88808e-08
2.43967e-08
3.05141e-08
3.72328e-08
4.41482e-08
5.091e-08
5.73466e-08
6.32709e-08
6.90743e-08
7.4591e-08
7.95467e-08
8.376e-08
8.7024e-08
8.92529e-08
9.04501e-08
9.06444e-08
8.98663e-08
8.81686e-08
8.55443e-08
8.20263e-08
7.77238e-08
7.29632e-08
6.85348e-08
0
0
0
0
0
0
0
0
0
0
0
0
0
0
0
0
5.17743e-17
6.61785e-14
5.93438e-12
4.69391e-11
4.01635e-17
5.02246e-12
4.07334e-10
1.97435e-09
3.31221e-09
3.6267e-09
3.78097e-09
4.54193e-09
6.47771e-09
9.36254e-09
1.23194e-08
1.46047e-08
1.67104e-08
1.85189e-08
2.02952e-08
2.06229e-08
2.07221e-08
2.0713e-08
2.05866e-08
2.03e-08
1.99028e-08
1.9333e-08
1.87443e-08
1.82736e-08
1.96805e-08
2.2888e-08
2.36592e-08
2.11635e-08
1.8118e-08
1.50131e-08
1.20045e-08
9.31326e-09
6.97025e-09
5.01287e-09
3.44222e-09
2.28901e-09
1.47606e-09
9.75936e-10
6.65433e-10
4.84439e-10
3.57963e-10
2.42823e-10
1.31146e-10
4.83107e-11
5.96199e-11
2.08256e-10
2.18053e-10
4.31659e-11
2.2785e-11
2.94178e-10
6.71012e-10
1.05761e-09
1.62468e-09
2.10409e-09
2.57253e-09
3.51489e-09
5.01226e-09
7.25578e-09
1.00057e-08
1.32917e-08
1.69486e-08
2.07899e-08
2.49649e-08
2.92743e-08
3.35114e-08
3.76268e-08
4.14341e-08
4.47899e-08
4.76234e-08
4.99279e-08
5.16363e-08
5.27804e-08
5.332e-08
5.32598e-08
5.26254e-08
5.13984e-08
4.98491e-08
4.78781e-08
4.55797e-08
4.33953e-08
0
0
0
0
0
0
0
0
0
0
0
0
0
0
0
0
0
0
3.81852e-17
9.64114e-15
4.05199e-14
0
2.07834e-17
3.76306e-14
7.84226e-12
4.60179e-10
1.74247e-09
2.78843e-09
3.28444e-09
3.16856e-09
3.0158e-09
3.14657e-09
4.45641e-09
6.28682e-09
8.95988e-09
1.20917e-08
1.40673e-08
1.5057e-08
1.5597e-08
1.59239e-08
1.61739e-08
1.61876e-08
1.61602e-08
1.59022e-08
1.54702e-08
1.48133e-08
1.42424e-08
1.42424e-08
1.58378e-08
1.62943e-08
1.4192e-08
1.16076e-08
9.13612e-09
6.88053e-09
4.98561e-09
3.44211e-09
2.25063e-09
1.3879e-09
8.45272e-10
5.25101e-10
3.68313e-10
2.69643e-10
1.8398e-10
1.00247e-10
3.65219e-11
4.25994e-11
1.51769e-10
1.71748e-10
3.31991e-11
1.07515e-11
8.21701e-11
1.01295e-10
2.65635e-10
5.53377e-10
9.14951e-10
1.1382e-09
1.64432e-09
2.40652e-09
3.62147e-09
5.17162e-09
7.06043e-09
9.2858e-09
1.16497e-08
1.41174e-08
1.66095e-08
1.90637e-08
2.13535e-08
2.34155e-08
2.54707e-08
2.72627e-08
2.88009e-08
2.99828e-08
3.0815e-08
3.13108e-08
3.14292e-08
3.12049e-08
3.0639e-08
2.9767e-08
2.87102e-08
2.76686e-08
0
0
0
0
0
0
0
0
0
0
0
0
0
0
0
0
0
0
0
0
0
1.14424e-15
0
0
6.83036e-18
3.64751e-17
4.16504e-14
5.95786e-12
1.42075e-10
8.18298e-10
1.62997e-09
2.11016e-09
2.31458e-09
2.03377e-09
1.63898e-09
1.19586e-09
8.33761e-10
1.92511e-09
4.37455e-09
7.34398e-09
1.05076e-08
1.19403e-08
1.2716e-08
1.30446e-08
1.31759e-08
1.30688e-08
1.27859e-08
1.22714e-08
1.15614e-08
1.08208e-08
1.00654e-08
1.04952e-08
1.05795e-08
9.02722e-09
7.05594e-09
5.24107e-09
3.68955e-09
2.44355e-09
1.52025e-09
8.89282e-10
5.02396e-10
3.08523e-10
2.0819e-10
1.43535e-10
8.14317e-11
2.93675e-11
2.65139e-11
1.09665e-10
1.33121e-10
3.0217e-11
4.67022e-12
5.11744e-11
7.90785e-11
4.28537e-11
6.05199e-11
2.80256e-10
4.35857e-10
6.81833e-10
1.05848e-09
1.66205e-09
2.52725e-09
3.59788e-09
4.83589e-09
6.1549e-09
7.53105e-09
9.00233e-09
1.04952e-08
1.1895e-08
1.31857e-08
1.43503e-08
1.53653e-08
1.62062e-08
1.6875e-08
1.73436e-08
1.76061e-08
1.76786e-08
1.77078e-08
1.75954e-08
1.73864e-08
1.71361e-08
0
0
0
0
0
0
0
0
0
0
0
0
0
0
0
0
0
0
0
0
0
0
0
0
0
0
0
9.25282e-18
3.46841e-17
4.58183e-15
5.14421e-14
5.19351e-12
7.68617e-11
3.1287e-10
6.29463e-10
8.58524e-10
8.70746e-10
6.94798e-10
3.0483e-10
4.41587e-13
9.8329e-13
7.78212e-10
3.49116e-09
6.73164e-09
9.48092e-09
1.04203e-08
1.06716e-08
1.0692e-08
1.04149e-08
1.00168e-08
9.40225e-09
8.66505e-09
7.82189e-09
6.98818e-09
6.4482e-09
6.17902e-09
5.38544e-09
4.02459e-09
2.79172e-09
1.80104e-09
1.06005e-09
5.78383e-10
3.14463e-10
1.86882e-10
1.23498e-10
7.3105e-11
2.90003e-11
1.3532e-11
6.01227e-11
1.0553e-10
3.31219e-11
2.32333e-12
2.59559e-11
6.16047e-11
3.80198e-11
1.7824e-11
2.76504e-11
7.17849e-11
1.75816e-10
3.46816e-10
6.15843e-10
1.03672e-09
1.5936e-09
2.25513e-09
3.02006e-09
3.82579e-09
4.65187e-09
5.46767e-09
6.23753e-09
6.94662e-09
7.63448e-09
8.29105e-09
8.87908e-09
9.36517e-09
9.74343e-09
1.00362e-08
1.02524e-08
1.04084e-08
1.05308e-08
1.06165e-08
0
0
0
0
0
0
0
0
0
0
0
0
0
0
0
0
0
0
0
0
0
0
0
0
0
0
0
0
0
0
0
1.47609e-17
3.3312e-17
5.99273e-17
1.35725e-14
2.21997e-13
2.64095e-12
3.09058e-11
1.05441e-10
1.51179e-10
2.29567e-11
1.58163e-18
1.80846e-18
4.65844e-13
9.90305e-11
1.99835e-09
4.75798e-09
7.54529e-09
8.40005e-09
8.54816e-09
8.41269e-09
8.00622e-09
7.49769e-09
6.87378e-09
6.14881e-09
5.39547e-09
4.63149e-09
3.87366e-09
3.31009e-09
2.81513e-09
2.10196e-09
1.33211e-09
7.67209e-10
4.00921e-10
2.03602e-10
1.18611e-10
7.45863e-11
3.67071e-11
1.07672e-11
1.7168e-11
7.26505e-11
4.30521e-11
2.77218e-12
7.88362e-12
4.47671e-11
3.72712e-11
1.64579e-11
1.32532e-11
2.81558e-11
1.19882e-11
8.62398e-12
7.58462e-11
2.42271e-10
5.06135e-10
8.47573e-10
1.24595e-09
1.68673e-09
2.1601e-09
2.64162e-09
3.12891e-09
3.5929e-09
4.03682e-09
4.44384e-09
4.81548e-09
5.14954e-09
5.45611e-09
5.76999e-09
6.0903e-09
6.40991e-09
6.67862e-09
0
0
0
0
0
0
0
0
0
0
0
0
0
0
0
0
0
0
0
0
0
0
0
0
0
0
0
0
0
0
0
0
0
0
0
1.77729e-18
1.43312e-17
2.70402e-17
4.26531e-17
6.50724e-15
4.60541e-13
3.43383e-12
4.92682e-19
8.18695e-19
1.11968e-18
1.34907e-18
2.50556e-13
1.2692e-11
1.0895e-09
3.23589e-09
5.5329e-09
6.45537e-09
6.54154e-09
6.2594e-09
5.86847e-09
5.33159e-09
4.76291e-09
4.15138e-09
3.50739e-09
2.89792e-09
2.30986e-09
1.7566e-09
1.31828e-09
9.39472e-10
5.55478e-10
2.87284e-10
1.46119e-10
8.2218e-11
4.6732e-11
2.03318e-11
4.6254e-12
3.24502e-11
4.88988e-11
9.7558e-12
9.94761e-13
2.15461e-11
3.46831e-11
1.88752e-11
8.26189e-12
1.54796e-11
1.75243e-11
4.14862e-12
7.42981e-12
3.9155e-11
1.20328e-10
2.49444e-10
4.19965e-10
6.28375e-10
8.65233e-10
1.1428e-09
1.43704e-09
1.73892e-09
2.04829e-09
2.3627e-09
2.72327e-09
3.10457e-09
3.51191e-09
3.94566e-09
4.3983e-09
4.80898e-09
0
0
0
0
0
0
0
0
0
0
0
0
0
0
0
0
0
0
0
0
0
0
0
0
0
0
0
0
0
0
0
0
0
0
0
0
0
0
0
0
6.57074e-18
1.36053e-17
1.56082e-17
0
0
3.08725e-19
5.87896e-19
8.32257e-19
1.01715e-18
8.53064e-14
4.31742e-13
2.59699e-10
1.63913e-09
3.0325e-09
4.34135e-09
4.57407e-09
4.4066e-09
4.02481e-09
3.59178e-09
3.09901e-09
2.59991e-09
2.13028e-09
1.66801e-09
1.26288e-09
9.09406e-10
5.95054e-10
3.7234e-10
2.08489e-10
1.07425e-10
6.15326e-11
3.45906e-11
1.18939e-11
2.79324e-12
2.76572e-11
2.78671e-11
9.79108e-13
4.25038e-12
2.60395e-11
1.93538e-11
8.04037e-12
7.42719e-12
1.64662e-11
4.7046e-12
2.31456e-12
1.51844e-11
6.78339e-11
1.66082e-10
3.03896e-10
4.73933e-10
6.67447e-10
8.82547e-10
1.11578e-09
1.36893e-09
1.63708e-09
1.92428e-09
2.23967e-09
2.58866e-09
2.97308e-09
3.3804e-09
3.75391e-09
0
0
0
0
0
0
0
0
0
0
0
0
0
0
0
0
0
0
0
0
0
0
0
0
0
0
0
0
0
0
0
0
0
0
0
0
0
0
0
0
0
0
0
7.78893e-19
2.41284e-18
0
0
0
1.91558e-19
4.0526e-19
5.83043e-19
7.18757e-19
7.998e-19
1.37282e-13
3.38859e-13
1.52345e-10
9.41672e-10
1.7112e-09
2.38393e-09
2.68593e-09
2.51489e-09
2.21937e-09
1.85937e-09
1.50884e-09
1.17074e-09
8.81589e-10
6.20191e-10
4.22426e-10
2.60707e-10
1.43045e-10
7.79098e-11
4.66431e-11
2.73394e-11
8.38008e-12
2.21805e-12
2.30295e-11
1.09355e-11
1.77516e-13
1.18622e-11
1.7564e-11
8.84175e-12
3.93168e-12
1.05274e-11
5.93283e-12
1.01771e-12
6.60947e-12
4.06723e-11
1.14395e-10
2.27264e-10
3.724e-10
5.42353e-10
7.31661e-10
9.37383e-10
1.15714e-09
1.39371e-09
1.6486e-09
1.92418e-09
2.22353e-09
2.54339e-09
2.84812e-09
0
0
0
0
0
0
0
0
0
0
0
0
0
0
0
0
0
0
0
0
0
0
0
0
0
0
0
0
0
0
0
0
0
0
0
0
0
0
0
0
0
0
0
0
0
0
0
0
0
0
0
5.84658e-20
2.15807e-19
3.37694e-19
4.28636e-19
4.88938e-19
5.16201e-19
1.71028e-14
1.38514e-13
2.249e-13
1.59588e-10
6.0069e-10
9.66596e-10
1.24667e-09
1.21592e-09
1.02351e-09
8.04766e-10
6.01357e-10
4.27329e-10
2.8609e-10
1.83005e-10
1.10658e-10
5.7189e-11
3.39716e-11
2.137e-11
5.70943e-12
2.05389e-12
2.12831e-11
3.25314e-12
1.38312e-12
1.27549e-11
8.42467e-12
2.38865e-12
5.70286e-12
5.21694e-12
4.53873e-13
4.24548e-12
3.04311e-11
9.04248e-11
1.82704e-10
3.02401e-10
4.44644e-10
6.08062e-10
7.89916e-10
9.88859e-10
1.20397e-09
1.43703e-09
1.68943e-09
1.96243e-09
2.22343e-09
0
0
0
0
0
0
0
0
0
0
0
0
0
0
0
0
0
0
0
0
0
0
0
0
0
0
0
0
0
0
0
0
0
0
0
0
0
0
0
0
0
0
0
0
0
0
0
0
0
0
0
0
0
0
0
2.36718e-20
1.15845e-19
1.82949e-19
2.29277e-19
2.55955e-19
2.66549e-19
2.62656e-19
7.89173e-15
6.99875e-14
8.59278e-12
1.69194e-10
4.12177e-10
5.6577e-10
5.20629e-10
4.09321e-10
2.93885e-10
1.98122e-10
1.26073e-10
7.79276e-11
4.77777e-11
2.52334e-11
1.5134e-11
3.3634e-12
2.68062e-12
1.29675e-11
1.13671e-12
3.50927e-12
9.28958e-12
3.13062e-12
2.77406e-12
2.90171e-12
2.03472e-13
3.95748e-12
2.79246e-11
7.98896e-11
1.58089e-10
2.60445e-10
3.83036e-10
5.22649e-10
6.77127e-10
8.47678e-10
1.03894e-09
1.25345e-09
1.49139e-09
1.72407e-09
0
0
0
0
0
0
0
0
0
0
0
0
0
0
0
0
0
0
0
0
0
0
0
0
0
0
0
0
0
0
0
0
0
0
0
0
0
0
0
0
0
0
0
0
0
0
0
0
0
0
0
0
0
0
0
0
0
0
0
0
1.06774e-20
5.65286e-20
8.80896e-20
1.07073e-19
1.14631e-19
1.14671e-19
1.11638e-19
2.79691e-14
7.75421e-12
1.34884e-10
2.50743e-10
2.64501e-10
2.04973e-10
1.38477e-10
8.87588e-11
5.42804e-11
3.25531e-11
2.08282e-11
1.05222e-11
1.77528e-12
4.30104e-12
6.87608e-12
1.71172e-13
5.6318e-12
3.52836e-12
6.50002e-13
2.06023e-12
9.50555e-14
6.26316e-12
3.52457e-11
8.18154e-11
1.48394e-10
2.37459e-10
3.44277e-10
4.67328e-10
6.07094e-10
7.63254e-10
9.39072e-10
1.13446e-09
1.33131e-09
0
0
0
0
0
0
0
0
0
0
0
0
0
0
0
0
0
0
0
0
0
0
0
0
0
0
0
0
0
0
0
0
0
0
0
0
0
0
0
0
0
0
0
0
0
0
0
0
0
0
0
0
0
0
0
0
0
0
0
0
0
0
0
0
0
8.27058e-21
3.15708e-20
4.58505e-20
5.11498e-20
5.26368e-20
4.68909e-15
2.27655e-14
5.36581e-11
1.26405e-10
1.32096e-10
9.91936e-11
6.14462e-11
3.72327e-11
2.14089e-11
1.1497e-11
7.86396e-12
3.46405e-12
7.20825e-12
7.28682e-13
2.07434e-12
4.92311e-12
3.49657e-13
7.54393e-13
5.49172e-13
1.14553e-11
4.10332e-11
9.27948e-11
1.63348e-10
2.44103e-10
3.37259e-10
4.49357e-10
5.8128e-10
7.39413e-10
9.21524e-10
1.10905e-09
0
0
0
0
0
0
0
0
0
0
0
0
0
0
0
0
0
0
0
0
0
0
0
0
0
0
0
0
0
0
0
0
0
0
0
0
0
0
0
0
0
0
0
0
0
0
0
0
0
0
0
0
0
0
0
0
0
0
0
0
0
0
0
0
0
0
0
0
0
6.13848e-21
1.89513e-20
2.50108e-20
2.65961e-20
1.7652e-16
1.12868e-14
2.58497e-11
6.46826e-11
6.11288e-11
4.3103e-11
2.38121e-11
1.3242e-11
6.0848e-12
2.47742e-12
6.90135e-12
4.24491e-12
8.12231e-13
3.41606e-12
2.41978e-13
4.52017e-14
4.0094e-12
3.02949e-11
7.19962e-11
1.2569e-10
1.9355e-10
2.83153e-10
3.92035e-10
5.17016e-10
6.66665e-10
8.55521e-10
1.05201e-09
0
0
0
0
0
0
0
0
0
0
0
0
0
0
0
0
0
0
0
0
0
0
0
0
0
0
0
0
0
0
0
0
0
0
0
0
0
0
0
0
0
0
0
0
0
0
0
0
0
0
0
0
0
0
0
0
0
0
0
0
0
0
0
0
0
0
0
0
0
0
0
0
4.21478e-22
8.79862e-21
1.3116e-20
1.39352e-20
1.76365e-20
5.31371e-15
1.04621e-11
2.9495e-11
2.38039e-11
1.62138e-11
9.11286e-12
3.84082e-12
4.13309e-13
2.11104e-12
1.52163e-12
1.88507e-12
4.9281e-13
5.06694e-12
3.2442e-11
7.00565e-11
1.18247e-10
1.90158e-10
2.94409e-10
4.36319e-10
5.77146e-10
7.06451e-10
8.21386e-10
9.24063e-10
0
0
0
0
0
0
0
0
0
0
0
0
0
0
0
0
0
0
0
0
0
0
0
0
0
0
0
0
0
0
0
0
0
0
0
0
0
0
0
0
0
0
0
0
0
0
0
0
0
0
0
0
0
0
0
0
0
0
0
0
0
0
0
0
0
0
0
0
0
0
0
0
0
0
0
0
4.07529e-21
6.52424e-21
6.48664e-21
9.43272e-21
1.87378e-15
2.51951e-12
1.08139e-11
9.81132e-12
2.46589e-12
4.03843e-13
2.30215e-13
6.17701e-13
1.33001e-12
1.46708e-11
5.09411e-11
1.14723e-10
1.7266e-10
1.58486e-10
1.36934e-10
1.75207e-10
2.60346e-10
3.49842e-10
4.13299e-10
4.65719e-10
0
0
0
0
0
0
0
0
0
0
0
0
0
0
0
0
0
0
0
0
0
0
0
0
0
0
0
0
0
0
0
0
0
0
0
0
0
0
0
0
0
0
0
0
0
0
0
0
0
0
0
0
0
0
0
0
0
0
0
0
0
0
0
0
0
0
0
0
0
0
0
0
0
0
0
0
0
0
0
1.31968e-21
2.51897e-21
1.94867e-21
3.80465e-21
3.27842e-16
1.33729e-13
7.71872e-13
1.25975e-12
3.31619e-13
1.43255e-11
4.51312e-11
8.64914e-11
3.85981e-11
5.76907e-11
6.92192e-11
6.27512e-11
6.53013e-11
6.49976e-11
7.28579e-11
8.15973e-11
9.06613e-11
0
0
0
0
0
0
0
0
0
0
0
0
0
0
0
0
0
0
0
0
0
0
0
0
0
0
0
0
0
0
0
0
0
0
0
0
0
0
0
0
0
0
0
0
0
0
0
0
0
0
0
0
0
0
0
0
0
0
0
0
0
0
0
0
0
0
0
0
0
0
0
0
0
0
0
0
0
0
0
0
0
0
1.50331e-22
4.68584e-22
1.99038e-22
4.17007e-23
5.1524e-18
9.66098e-18
2.96755e-12
2.28648e-11
4.37555e-11
1.01533e-11
1.31949e-11
1.49152e-11
1.9101e-11
2.38841e-11
2.92636e-11
4.85111e-11
6.23844e-11
6.40559e-11
0
0
0
0
0
0
0
0
0
0
0
0
0
0
0
0
0
0
0
0
0
0
0
0
0
0
0
0
0
0
0
0
0
0
0
0
0
0
0
0
0
0
0
0
0
0
0
0
0
0
0
0
0
0
0
0
0
0
0
0
0
0
0
0
0
0
0
0
0
0
0
0
0
0
0
0
0
0
0
0
0
0
0
0
0
0
2.91724e-25
9.89754e-22
3.05495e-21
6.03284e-22
7.24477e-17
6.09114e-14
3.43289e-12
8.25916e-12
6.1377e-12
9.00511e-12
1.24409e-11
1.25424e-11
1.67708e-11
1.99296e-11
0
0
0
0
0
0
0
0
0
0
0
0
0
0
0
0
0
0
0
0
0
0
0
0
0
0
0
0
0
0
0
0
0
0
0
0
0
0
0
0
0
0
0
0
0
0
0
0
0
0
0
0
0
0
0
0
0
0
0
0
0
0
0
0
0
0
0
0
0
0
0
0
0
0
0
0
0
0
0
0
0
0
0
0
0
0
0
0
0
9.80548e-23
7.02391e-22
9.08027e-22
2.69555e-22
2.47466e-22
6.03092e-17
2.79419e-16
1.36517e-12
4.78359e-12
8.00495e-12
6.69681e-12
0
0
0
0
0
0
0
0
0
0
0
0
0
0
0
0
0
0
0
0
0
0
0
0
0
0
0
0
0
0
0
0
0
0
0
0
0
0
0
0
0
0
0
0
0
0
0
0
0
0
0
0
0
0
0
0
0
0
0
0
0
0
0
0
0
0
0
0
0
0
0
0
0
0
0
0
0
0
0
0
0
0
0
0
0
0
0
0
0
0
0
0
0
4.35e-23
4.52378e-22
1.03945e-21
7.3075e-22
2.61893e-22
1.74405e-22
3.0503e-22
0
0
0
0
0
0
0
0
0
0
0
0
0
0
0
0
0
0
0
0
0
0
0
0
0
0
0
0
0
0
0
0
0
0
0
0
0
0
0
0
0
0
0
0
0
0
0
0
0
0
0
0
0
0
0
0
0
0
0
0
0
0
0
0
0
0
0
0
0
0
0
0
0
0
0
0
0
0
0
0
0
0
0
0
0
0
0
0
0
0
0
0
0
0
0
0
0
0
0
0
0
0
0
0
0
0
0
0
0
0
0
0
0
0
0
0
0
0
0
0
0
0
0
0
0
0
0
0
0
0
0
0
0
0
0
0
0
0
0
0
0
0
0
0
0
0
0
0
0
0
0
0
0
0
0
0
0
0
0
0
0
0
0
0
0
0
0
0
0
0
0
0
0
0
0
0
0
0
0
0
0
0
0
0
0
0
0
0
0
0
0
0
0
0
0
0
0
0
0
0
0
0
0
0
0
0
0
0
0
0
0
0
0
0
0
0
0
0
0
0
0
0
0
0
0
0
0
0
0
0
0
0
0
0
0
0
0
0
0
0
0
0
0
0
0
0
0
0
0
0
0
0
0
0
0
0
0
0
0
0
0
0
0
0
0
0
0
0
0
0
0
0
0
0
0
0
0
0
0
0
0
0
0
0
0
0
0
0
0
0
0
0
0
0
0
0
0
0
0
0
0
0
0
0
0
0
0
0
0
0
0
0
0
0
0
0
0
0
0
0
0
0
0
0
0
0
0
0
0
0
0
0
0
0
0
0
0
0
0
0
0
0
0
0
0
0
0
0
0
0
0
0
0
0
0
0
0
0
0
0
0
0
0
0
0
0
0
0
0
0
0
0
0
0
0
0
0
0
0
0
0
0
0
0
0
0
0
0
0
0
0
0
0
0
0
0
0
0
0
0
0
0
0
0
0
0
0
0
0
0
0
0
0
0
0
0
0
0
0
0
0
0
0
0
0
0
0
0
0
0
0
0
0
0
0
0
0
0
0
0
0
0
0
0
0
0
0
0
0
0
0
0
0
0
0
0
0
0
0
0
0
0
0
0
0
0
0
0
0
0
0
0
0
0
0
0
0
0
0
0
0
0
0
0
0
0
0
0
0
0
0
0
0
0
0
0
0
0
0
0
0
0
0
0
0
0
0
0
0
0
0
0
0
0
0
0
0
0
0
0
0
0
0
0
0
0
0
0
0
0
0
0
0
0
0
0
0
0
0
0
0
0
0
0
0
0
0
0
0
0
0
0
0
0
0
0
0
0
0
0
0
0
0
0
0
0
0
0
0
0
0
0
0
0
0
0
0
0
0
0
0
0
0
0
0
0
0
0
0
0
0
0
0
0
0
0
0
0
0
0
0
0
0
0
0
0
0
0
0
0
0
0
0
0
0
0
0
0
0
0
0
0
0
0
0
0
0
0
0
0
0
0
0
0
0
0
0
0
0
0
0
0
0
0
0
0
0
0
0
0
0
0
0
0
0
0
0
0
0
0
0
0
0
0
0
0
0
0
0
0
0
0
0
0
0
0
0
0
0
0
0
0
0
0
0
0
0
0
0
0
0
0
0
0
0
0
0
0
0
0
0
0
0
0
0
0
0
0
0
0
0
0
0
0
0
0
0
0
0
0
0
0
0
0
0
0
0
0
0
0
0
0
0
0
0
0
0
0
0
0
0
0
0
0
0
0
0
0
0
0
0
0
0
0
0
0
0
0
0
0
0
0
0
0
0
0
0
0
0
0
0
0
0
0
0
0
0
0
0
0
0
0
0
0
0
0
0
0
0
0
0
0
0
0
0
0
0
0
0
0
0
0
0
0
0
0
0
0
0
0
0
0
0
0
0
0
0
0
0
0
0
0
0
0
0
0
0
0
0
0
0
0
0
0
0
0
0
0
0
0
0
0
0
0
0
0
0
0
0
0
0
0
0
0
0
0
0
0
0
0
0
0
0
0
0
0
0
0
0
0
0
0
0
0
0
0
0
0
0
0
0
0
0
0
0
0
0
0
0
0
0
0
0
0
0
0
0
0
0
0
0
0
0
0
0
0
0
0
0
0
0
0
0
0
0
0
0
0
0
0
0
0
0
0
0
0
0
0
0
0
0
0
0
0
0
0
0
0
0
0
0
0
0
0
0
0
0
0
0
0
0
0
0
0
0
0
0
0
0
0
0
0
0
0
0
0
0
0
0
0
0
0
0
0
0
0
0
0
0
0
0
0
0
0
0
0
0
0
0
0
0
0
0
0
0
0
0
0
0
0
0
0
0
0
0
0
0
0
0
0
0
0
0
0
0
0
0
0
0
0
0
0
0
0
0
0
0
0
0
0
0
0
0
0
0
0
0
0
0
0
0
0
0
0
0
0
0
0
0
0
0
0
0
0
0
0
0
0
0
0
0
0
0
0
0
0
0
0
0
0
0
0
0
0
0
0
0
0
0
0
0
0
0
0
0
0
0
0
0
0
0
0
0
0
0
0
0
0
0
0
0
0
0
0
0
0
0
0
0
0
0
0
0
0
0
0
0
0
0
0
0
0
0
0
0
0
0
0
0
0
0
0
0
0
0
0
0
0
0
0
0
0
0
0
0
0
0
0
0
0
0
0
0
0
0
0
0
0
0
0
0
0
0
0
0
0
0
0
0
0
0
0
0
0
0
0
0
0
0
0
0
0
0
0
0
0
0
0
0
0
0
0
0
0
0
0
0
0
0
0
0
0
0
0
0
0
0
0
0
0
0
0
0
0
0
0
0
0
0
0
0
0
0
0
0
0
0
0
0
0
0
0
0
0
0
0
0
0
0
0
0
0
0
0
0
0
0
0
0
0
0
0
0
0
0
0
0
0
0
0
0
0
0
0
0
0
0
0
0
0
0
0
0
0
0
0
0
0
0
0
0
0
0
0
0
0
0
0
0
0
0
0
0
0
0
0
0
0
0
0
0
0
0
0
0
0
0
0
0
0
0
0
0
0
0
0
0
0
0
0
0
0
0
0
0
0
0
0
0
0
0
0
0
0
0
0
0
0
0
0
0
0
0
0
0
0
0
0
0
0
0
0
0
0
0
0
0
0
0
0
0
0
0
0
0
0
0
0
0
0
0
0
0
0
0
0
0
0
0
0
0
0
0
0
0
0
0
0
0
0
0
0
0
0
0
0
0
0
0
0
)
;

boundaryField
{
    AXIS
    {
        type            empty;
    }
    OUTLET
    {
        type            calculated;
        value           nonuniform List<scalar> 
80
(
5.73318e-06
5.72446e-06
5.7052e-06
5.67469e-06
5.63702e-06
5.59341e-06
5.5443e-06
5.49016e-06
5.43073e-06
5.36519e-06
5.29492e-06
5.21873e-06
5.13945e-06
5.06161e-06
4.97685e-06
4.87136e-06
4.73664e-06
4.59021e-06
4.43575e-06
4.27411e-06
4.09662e-06
3.93971e-06
3.84044e-06
3.73249e-06
3.61191e-06
3.49411e-06
3.38407e-06
3.26437e-06
3.13862e-06
3.00868e-06
2.82842e-06
2.53417e-06
2.25722e-06
1.97121e-06
1.68059e-06
1.4199e-06
1.17352e-06
9.34632e-07
7.44215e-07
5.68307e-07
4.27985e-07
3.12685e-07
2.20585e-07
1.54237e-07
1.01962e-07
6.85348e-08
4.33953e-08
2.76686e-08
1.71361e-08
1.06165e-08
6.67862e-09
4.80898e-09
3.75391e-09
2.84812e-09
2.22343e-09
1.72407e-09
1.33131e-09
1.10905e-09
1.05201e-09
9.24063e-10
4.65719e-10
9.06613e-11
6.40559e-11
1.99296e-11
6.69681e-12
3.0503e-22
0
0
0
0
0
0
0
0
0
0
0
0
0
0
)
;
    }
    COFLOW
    {
        type            calculated;
        value           uniform 0;
    }
    PILOT
    {
        type            calculated;
        value           uniform 2.96042e-06;
    }
    FUEL
    {
        type            calculated;
        value           uniform 3.46998e-13;
    }
    WALL
    {
        type            calculated;
        value           uniform 0;
    }
    front
    {
        type            wedge;
    }
    back
    {
        type            wedge;
    }
}


// ************************************************************************* //
