/*--------------------------------*- C++ -*----------------------------------*\
  =========                 |
  \\      /  F ield         | OpenFOAM: The Open Source CFD Toolbox
   \\    /   O peration     | Website:  https://openfoam.org
    \\  /    A nd           | Version:  6
     \\/     M anipulation  |
\*---------------------------------------------------------------------------*/
FoamFile
{
    version     2.0;
    format      ascii;
    class       volScalarField;
    location    "0.1";
    object      CH2OH;
}
// * * * * * * * * * * * * * * * * * * * * * * * * * * * * * * * * * * * * * //

dimensions      [0 0 0 0 0 0 0];

internalField   nonuniform List<scalar> 
8000
(
6.21434e-12
3.06829e-07
1.44164e-05
0.000117128
0.000288937
0.000130645
3.5873e-05
6.76965e-06
6.54655e-07
2.05835e-08
3.03257e-10
7.23426e-12
1.70483e-11
3.9517e-08
1.08883e-08
2.21939e-09
2.16129e-07
4.13541e-05
2.38249e-06
3.04523e-07
3.60483e-07
1.30236e-06
1.19698e-05
0.000114621
0.000484727
0.000768253
0.000849819
0.000821087
0.000754431
0.000103071
1.45021e-05
0.000350938
0.000147583
6.85106e-05
3.9929e-05
2.90485e-05
2.66158e-05
3.17189e-05
5.55498e-05
9.88383e-05
7.25685e-05
6.3316e-05
7.2884e-05
0.000104802
0.000172889
0.000310869
0.000545547
0.000780606
0.00108647
5.60434e-05
1.5092e-05
0.00040335
0.000538428
0.000530206
0.000513276
0.000490518
0.000469831
0.000456416
0.000448564
0.000446958
0.000855395
0.000820607
0.00133177
0.000589248
0.000959294
0.00128241
0.000855208
0.000916451
0.000814671
0.000758231
0.000993276
0.000615548
0.000624908
0.000288513
0.00029858
0.000666974
0.000664929
0.000699251
0.000762021
0.000788331
0.00072357
0.000711072
0.000638095
0.000271207
0.000209459
0.000155188
0.000126615
0.000100341
0.000241918
6.85991e-05
5.38261e-05
3.93285e-05
2.86639e-05
2.25053e-05
1.41961e-05
1.06349e-05
8.80394e-06
7.59695e-06
7.46537e-06
4.82115e-06
2.21027e-12
3.32152e-07
1.68924e-05
0.000134695
0.000356655
0.000133329
3.36217e-05
6.34951e-06
5.42158e-07
1.4036e-08
1.55809e-10
8.92009e-12
5.60993e-11
1.83544e-06
4.79052e-07
2.02294e-08
3.94663e-08
1.32559e-06
1.38433e-06
1.74491e-06
8.54766e-07
1.96524e-06
1.63149e-05
0.000130763
0.0005148
0.000773758
0.000866675
0.000826792
0.000745617
0.000772875
0.000520577
0.000298932
0.000140659
7.55902e-05
5.29101e-05
4.27983e-05
3.90608e-05
4.37366e-05
7.0632e-05
3.28327e-05
9.89404e-05
7.66035e-05
8.47464e-05
0.000118767
0.000190571
0.000332924
0.000566414
0.000790466
0.0010833
0.000985603
0.000555671
0.000545005
0.000537766
0.00052558
0.000509515
0.000488445
0.000469381
0.00045678
0.0004499
0.000447875
0.00084861
0.000819293
0.00134004
0.000541842
0.00115089
0.0012705
0.0008467
0.000910252
0.000810235
0.000751097
0.000713979
0.000610285
0.000623716
0.000285871
0.000296385
0.000665684
0.000661473
0.000696641
0.000758016
0.000789385
0.000721109
0.000710511
0.000635682
0.000269781
0.00020969
0.000154753
0.000126311
0.00010014
7.9809e-05
6.85185e-05
5.37446e-05
3.92681e-05
2.86256e-05
2.25068e-05
1.41654e-05
1.06151e-05
8.79125e-06
7.58448e-06
7.4748e-06
4.81233e-06
1.20549e-12
4.641e-07
0.00018176
0.000213199
0.000159357
7.38849e-05
2.11096e-05
7.55747e-05
1.09027e-05
6.25038e-09
1.62889e-08
8.011e-12
1.26384e-10
1.71139e-06
7.10654e-06
7.11629e-08
7.47838e-09
3.09892e-08
1.93547e-06
1.99192e-05
2.40907e-06
3.7718e-06
2.72694e-05
0.000167401
0.000573134
0.000860519
0.000890295
0.000839461
0.000705758
0.000628301
0.000460541
0.000268346
0.000143248
9.38614e-05
8.58808e-05
8.43123e-05
7.28091e-05
7.59964e-05
8.71839e-05
0.000106594
9.52506e-05
9.56309e-05
0.000109252
0.000148806
0.000227544
0.000379442
0.000613359
0.000792384
0.0011037
0.00101291
0.00104934
0.000540961
0.000523376
0.000514177
0.000502247
0.000484795
0.000468185
0.000457738
0.000452792
0.000604412
0.000835153
0.000818764
0.00135922
0.000651365
0.00113359
0.0012451
0.000958984
0.000896133
0.000801205
0.000736708
0.00069039
0.000600626
0.000494327
0.000279974
0.00029168
0.000682632
0.000653897
0.000691
0.000749528
0.00108141
0.000715587
0.000709358
0.000630171
0.00026692
0.00033722
0.000153789
0.000125701
9.96964e-05
8.00598e-05
6.83341e-05
5.35674e-05
3.91354e-05
7.53905e-05
5.97276e-05
1.40976e-05
1.05716e-05
8.76327e-06
7.55702e-06
1.85336e-05
4.79312e-06
2.50527e-12
9.02177e-07
7.56515e-05
0.000111466
7.52119e-05
3.54554e-05
9.82866e-06
1.46927e-06
6.13704e-08
6.43923e-10
6.9582e-12
1.39061e-12
2.28132e-11
2.86551e-06
5.03747e-05
1.38157e-07
3.36251e-09
6.81929e-09
5.70641e-07
1.83826e-06
1.38739e-06
6.3193e-06
4.66511e-05
0.00023712
0.000636837
1.19801e-05
0.000986886
0.000853407
0.000732187
0.000594501
0.000438982
0.000267621
0.000162867
0.000122966
0.00013594
3.697e-05
0.000134249
5.46076e-05
0.000134135
0.000136542
0.000129858
0.000138521
0.00015266
0.0001957
0.000298289
0.000488281
0.000658153
0.000814767
0.0011412
0.00123299
0.00106501
0.000528416
5.61163e-06
0.000501597
0.000495238
0.000481182
0.000466787
0.000458752
0.000455432
0.000869207
0.000818948
0.00124016
0.00139065
0.000768184
0.00112353
0.00120731
0.00092989
0.000873181
0.000789433
0.000717704
0.000732003
0.000293218
0.000295061
0.000270759
0.000284739
0.000633179
0.000642443
0.00068266
0.000737253
0.000755683
0.000706899
0.000707833
0.000621324
0.000263235
0.000201844
0.000152277
0.000124796
9.90289e-05
8.00225e-05
6.80495e-05
5.32999e-05
3.89369e-05
2.83569e-05
2.1644e-05
1.39903e-05
1.05061e-05
8.72169e-06
7.51513e-06
7.03637e-06
4.76374e-06
1.53833e-12
7.92686e-07
1.71186e-05
0.000156155
4.48998e-05
1.65192e-05
3.18171e-06
2.11567e-07
3.83498e-09
2.46024e-11
2.14558e-10
1.17557e-11
1.58422e-11
1.44903e-07
1.55813e-06
1.58249e-08
1.37916e-09
3.68262e-09
1.20399e-07
4.14131e-07
1.41191e-06
1.29867e-05
9.01017e-05
0.0003333
0.000662977
0.000895888
0.000903457
0.000802101
0.00077511
0.000610151
0.000453158
0.000297081
0.000202661
0.000161319
0.000153116
0.000149662
0.000138605
0.000149446
0.000178009
2.18068e-05
0.000196982
0.000212706
0.000220807
0.000272753
0.000368608
0.000584192
0.000804407
0.000945778
0.00117989
0.00105575
0.00106843
0.000527904
0.000373735
0.000498991
0.000491511
0.000478367
0.000464426
0.000459076
0.000608031
0.000840012
0.000805326
0.00126016
0.00143713
0.00101046
0.00119422
0.00088614
0.000892291
0.00083994
0.0010684
0.000695195
0.000646899
0.000279061
0.00027223
0.000259191
0.00027592
0.000609102
0.000628266
0.000671909
0.000722352
0.000730357
0.000695993
0.000813588
0.000608862
0.000383784
0.000196507
0.000150326
0.000123603
9.8134e-05
7.99774e-05
6.76625e-05
5.29445e-05
3.86751e-05
2.81122e-05
2.09344e-05
1.3853e-05
1.04204e-05
8.66725e-06
7.45977e-06
6.68836e-06
4.72772e-06
3.33881e-13
1.75138e-06
0.000325584
6.04086e-05
1.76552e-05
5.45384e-06
5.06316e-07
1.306e-06
1.23094e-10
5.54183e-13
6.55206e-14
5.91251e-14
5.35975e-13
9.41526e-09
2.5278e-08
8.60775e-09
1.65399e-08
1.93949e-08
1.53937e-07
3.25957e-07
3.19071e-06
2.89313e-05
1.83443e-05
0.000121089
0.000765682
0.000898531
0.0009106
0.000814335
0.000782187
0.000651847
0.000504462
0.000356748
0.000279726
0.000219855
0.000197582
0.000182158
0.00017628
0.000189475
0.000222618
0.000275396
0.000276369
0.000335448
0.0001053
0.000348284
0.000485669
0.000664213
0.000817352
0.000983302
0.00120632
4.23508e-06
0.0010617
0.00052728
2.88979e-06
0.000494144
0.000488665
0.000476329
0.000460636
0.000453293
0.0008577
0.000814087
0.000803157
0.00129691
0.00150049
0.000971003
0.00114018
0.000839799
0.000848057
0.000797326
0.000736762
0.000669966
0.000620743
0.000262431
0.000251921
0.000247097
0.000265585
0.000587521
0.000612505
0.000658985
0.000705203
0.000710708
0.000683266
0.000761233
0.000297343
0.000245403
0.000192007
0.000147972
0.000122147
9.71437e-05
7.9706e-05
6.71716e-05
5.25029e-05
3.83521e-05
2.78041e-05
5.37562e-05
1.36898e-05
1.03358e-05
8.59845e-06
7.39188e-06
6.42228e-06
4.68631e-06
9.59964e-15
1.58892e-07
3.12958e-05
9.90036e-05
3.76505e-06
9.0278e-07
2.62734e-06
1.51644e-07
2.73621e-09
2.56986e-13
4.59178e-14
3.10749e-13
5.30675e-10
6.51578e-10
1.26703e-09
9.06935e-10
3.22179e-09
1.97369e-08
1.01957e-07
5.44709e-07
1.33326e-05
5.88535e-05
0.00023943
0.000541782
0.000807531
1.7982e-05
1.92721e-05
0.000836624
3.55226e-05
0.000737312
0.000591335
0.000473491
0.000370487
0.000320208
0.000292035
0.000270225
0.000243426
0.000269083
0.000302134
0.000367537
0.000119661
0.000359139
0.000357185
0.000433478
0.000560984
0.000812407
1.31958e-05
0.00110311
0.0012144
0.00125787
0.00104744
0.000891756
3.09543e-06
0.000491388
0.000485832
0.000472077
0.000454326
4.11539e-06
0.000825477
0.000794028
0.000821374
0.00135117
0.000549131
0.000932548
0.00192212
0.000906912
0.000800112
0.000748941
0.000701501
0.000644026
0.000597743
0.00024535
0.000234913
0.000234411
0.000254087
0.000279422
0.000595352
0.000643912
0.000686551
0.000802057
0.000669033
0.00066019
0.000281832
0.000233454
0.000187998
0.000145236
0.00012042
0.000274179
7.98116e-05
6.71342e-05
5.19784e-05
3.79715e-05
2.74554e-05
1.97586e-05
1.35028e-05
1.02355e-05
8.51663e-06
7.31239e-06
6.20652e-06
4.64008e-06
1.0416e-12
1.57786e-07
2.91572e-05
1.68859e-06
3.37452e-07
2.70216e-08
1.83569e-07
8.27827e-11
8.6371e-13
9.68796e-14
1.35559e-11
4.83738e-10
8.652e-10
2.16909e-08
8.93663e-10
1.57193e-09
1.23071e-08
6.7561e-08
2.61531e-07
1.44223e-06
1.04482e-05
1.82842e-05
0.000339273
0.000120757
0.000807404
0.000949576
0.000937882
0.000858462
0.000839172
0.000796565
6.00466e-05
0.000590841
0.000521809
0.000466517
0.000435709
9.88782e-05
0.000359272
0.000361332
0.00041967
0.000443905
0.000426566
0.000378894
0.00039459
0.000499172
0.000623645
0.000840528
0.000956709
0.00101564
0.00121086
0.00124167
0.00102546
0.00100288
3.52422e-06
0.00064645
0.000635462
0.000617269
0.000595987
0.000827968
0.000797374
0.00116783
0.00127617
0.000384792
0.00135881
0.00106531
0.00112652
0.000847324
0.000750344
0.000698724
0.000668333
0.000551331
0.000419473
0.000228199
0.000218149
0.000221642
0.000371435
0.000261546
0.000289924
0.000626526
0.000667461
0.000744013
0.000653449
0.000635893
0.000265159
0.000222295
0.000286157
0.000142176
0.00011844
9.58698e-05
8.00684e-05
6.703e-05
5.16271e-05
3.75338e-05
2.70716e-05
1.93277e-05
1.32967e-05
1.01212e-05
8.42244e-06
7.22055e-06
6.02267e-06
4.59024e-06
4.47034e-16
1.84536e-09
2.0245e-06
1.70698e-06
8.95508e-09
2.83438e-10
3.81018e-11
1.31609e-12
1.24813e-13
4.43816e-13
2.91497e-11
2.86968e-09
5.76505e-07
6.29548e-08
9.68672e-08
7.26315e-08
1.87539e-07
2.42699e-07
3.96811e-06
4.78797e-06
2.14585e-05
9.61338e-05
0.0002914
0.000616546
2.41585e-05
1.23016e-05
0.000961429
0.000940562
2.26213e-05
0.000823925
0.000780932
0.000720342
0.000699017
0.000650264
0.000557239
0.000544605
8.67225e-05
0.000506918
0.000543744
9.58904e-05
0.000486596
0.000468822
0.00049987
0.000576828
0.000684418
0.000867068
0.000875315
0.00101622
0.00120251
0.00122093
0.00122333
0.000968634
0.000936649
0.000911393
4.37683e-06
0.000857714
0.000822579
0.00079739
0.000777834
0.00117822
0.00027091
0.000536023
0.000888123
0.00198289
0.000804458
0.000785909
0.000699959
0.000649626
0.000675981
0.000575466
0.000251008
0.000209716
0.000202069
0.000208797
0.000226849
0.00024462
0.000273658
0.000606723
0.000665706
0.000644771
0.0005862
0.000500185
0.000249445
0.000211319
0.00028122
0.000138629
0.000116223
9.52175e-05
8.0196e-05
6.66718e-05
5.13402e-05
3.70441e-05
2.66485e-05
1.89049e-05
1.30699e-05
9.99254e-06
8.31605e-06
7.11625e-06
5.8595e-06
4.53647e-06
1.63993e-17
3.41717e-11
4.00893e-09
9.41228e-08
8.19203e-11
1.39974e-12
1.31799e-10
1.09378e-13
1.1968e-11
6.53668e-11
7.99753e-11
1.15853e-08
8.18223e-07
1.25014e-05
1.67474e-07
8.07771e-08
1.45628e-07
6.79104e-07
1.37835e-05
1.78963e-05
2.49918e-05
0.00013069
0.000307627
0.00061316
0.000853815
1.77524e-05
0.000964558
0.000949092
0.000862923
0.000837893
0.000794844
0.000781589
0.000868944
1.33312e-05
2.7186e-05
0.000682323
0.000664832
0.000669565
0.000659044
0.000597243
0.000570518
0.00055513
0.000590654
0.00066567
0.000788419
0.00086797
0.000883329
0.00101552
0.00118913
0.00119418
0.0011893
0.00117948
0.000894784
0.000870165
0.000843047
0.000818024
5.50817e-06
2.81565e-05
0.00115254
0.00121575
0.00135921
0.000686332
0.000980234
0.00108745
0.00134503
0.00105551
0.000651473
0.000601052
0.000506938
0.000258686
0.000221272
0.000191398
0.000188994
0.000195952
0.000211649
0.000228914
0.000371626
0.000448023
0.00062153
0.000616679
0.000607472
0.00029367
0.000235821
0.000200505
0.000168844
0.000140548
0.000113789
9.4258e-05
8.01831e-05
6.62433e-05
5.10364e-05
3.64579e-05
2.6186e-05
1.84971e-05
1.28648e-05
9.85351e-06
8.19832e-06
7.00136e-06
5.71162e-06
4.47723e-06
6.50182e-19
7.1515e-11
6.71441e-09
5.55578e-09
7.90375e-13
1.50387e-13
1.03555e-13
7.52014e-12
2.42969e-11
6.60698e-10
5.55031e-09
4.58045e-08
9.03715e-06
2.54419e-05
7.44995e-07
2.36667e-07
7.16266e-07
1.07127e-06
7.04284e-06
2.77096e-05
7.49319e-05
0.000175556
0.000371704
0.000632144
0.000862517
0.000949365
0.000980479
0.000964686
0.000950027
0.000867267
0.000844769
0.000901923
0.000913365
0.000892237
0.000850947
1.32323e-05
0.000821214
1.52451e-05
0.000724909
3.35184e-05
0.000715259
0.000640133
0.000668352
0.000796931
0.000837047
0.000873002
0.0008878
0.00100483
1.10726e-05
0.00116327
0.00115317
0.00114057
0.0011307
0.000827427
5.87931e-06
0.000785783
2.77183e-05
0.00115208
0.00118822
0.00127277
0.000468153
0.00162981
0.00100829
0.000773072
0.000752832
0.000655617
0.000604463
0.000555641
0.00026668
0.000354263
0.000194925
0.000177601
0.000176966
0.000184707
0.00019722
0.000214834
0.000239179
0.000277095
0.000596404
0.000456735
0.000292908
0.000268258
0.00022225
0.000191091
0.000159893
0.000136006
0.0001111
9.31389e-05
7.97041e-05
0.000171505
5.06622e-05
3.58612e-05
2.56566e-05
1.80953e-05
1.2661e-05
9.69782e-06
8.065e-06
6.88376e-06
5.55165e-06
4.4144e-06
1.32579e-14
3.17425e-12
1.3572e-10
1.88482e-10
9.36314e-13
2.60229e-11
4.68273e-12
6.68856e-10
1.95144e-09
4.53076e-09
1.76792e-08
4.77191e-08
1.96068e-06
2.14024e-05
1.89083e-06
4.06122e-07
4.0802e-07
1.341e-06
1.61971e-05
1.73398e-05
0.000110871
0.000260655
0.000138432
0.000682861
0.000862203
1.99218e-05
1.5354e-05
0.000986744
0.000983026
1.62687e-05
0.000967398
0.000960431
0.000961288
0.000942925
0.000918239
0.000980878
0.000904284
0.000973725
1.78053e-05
0.000851117
0.000777585
0.000780853
0.000803155
0.000838361
0.00084991
0.000867675
0.000980669
0.000974119
0.00107997
0.00113172
1.16348e-05
1.17716e-05
1.18598e-05
0.0011154
0.0011243
0.00113409
0.00115999
0.0011868
0.00124659
0.000410906
0.000798927
0.00212062
0.00102126
0.00078796
0.000679312
0.00059379
0.000471466
0.000374472
0.000225897
0.000198736
0.000174423
0.000164242
0.000165121
0.000173407
0.000185476
0.000200907
0.000222345
0.00025364
0.000291157
0.000280848
0.000269803
0.000246466
0.000208819
0.000181567
0.00015289
0.000131224
0.000108239
9.18721e-05
7.90871e-05
6.52899e-05
5.01057e-05
9.04734e-05
2.50487e-05
1.76978e-05
1.24392e-05
9.52255e-06
7.91686e-06
6.75654e-06
5.42115e-06
4.34684e-06
3.62228e-14
6.87972e-16
2.19932e-14
2.51932e-12
4.48695e-11
9.51558e-10
3.7975e-10
1.18164e-08
1.00429e-08
3.96139e-08
7.09521e-08
2.41779e-07
2.30385e-06
2.90188e-05
2.07546e-06
5.65241e-07
6.68292e-07
2.01429e-06
1.46305e-05
6.11795e-05
0.000148713
0.000353434
0.000113552
0.00073675
0.000871126
3.63476e-05
0.000970063
0.000973848
1.1339e-05
0.00101834
1.15349e-05
0.0010773
0.00111986
0.00111081
0.00104472
0.00103394
0.00107072
0.00106906
0.000939535
0.000923032
1.78771e-05
2.6851e-05
0.000842314
0.000964795
1.77286e-05
0.000877547
0.000967797
1.93481e-05
0.00090704
0.00109988
2.57191e-05
0.00110318
0.00111154
0.0011245
4.69651e-05
7.59182e-05
0.00120099
0.000267484
0.000339522
0.000644764
0.00086252
0.00172173
0.00139216
0.000709603
0.000783651
0.000537554
0.000389369
0.000218703
0.00019375
0.000173923
0.000158177
0.000151923
0.000154125
0.000162232
0.00017406
0.000188868
0.000207567
0.000233386
0.0003923
0.000256707
0.00024786
0.000361019
0.000196262
0.000172068
0.000146171
0.00012698
0.00010536
9.03784e-05
7.84227e-05
6.41218e-05
0.000125484
3.47908e-05
2.4414e-05
1.7304e-05
1.22004e-05
9.33781e-06
7.75471e-06
6.59954e-06
5.29338e-06
4.27551e-06
4.72106e-16
1.40091e-12
5.16253e-13
1.97943e-09
2.69651e-07
2.45156e-08
3.2492e-08
3.01642e-07
7.57967e-07
7.33997e-06
7.10484e-07
5.55753e-06
3.4209e-06
2.75769e-05
6.98006e-06
9.2881e-07
1.42361e-06
9.46967e-06
1.97409e-05
1.87175e-05
0.00021224
0.000144362
0.00070587
0.000719695
0.000856971
0.000902606
0.000916851
0.000888512
0.000993809
0.000991987
0.00101765
0.00108679
0.00114839
1.14906e-05
0.00113741
0.00112969
0.00113033
0.00113218
1.18679e-05
0.000972215
0.000962327
0.000973311
0.000984902
0.00099559
1.638e-05
0.000858042
0.000804283
0.000743093
0.000854333
0.000795447
0.000724717
0.000672799
0.000875994
5.81111e-05
7.19777e-05
0.00121707
0.00125629
0.000331139
0.000622065
0.000827968
0.000992993
0.000921828
0.00118739
0.000635054
0.000549035
0.000258512
0.000222054
0.000188859
0.000171474
0.00015514
0.000145082
0.000141908
0.000144983
0.000152598
0.00016302
0.000177514
0.000193637
0.000214972
0.000245864
0.000235979
0.000229401
0.000212117
0.000185392
0.000285591
0.000145868
0.000325495
0.000285285
8.87369e-05
7.74244e-05
6.28534e-05
4.842e-05
3.41044e-05
2.3761e-05
1.69139e-05
1.19487e-05
9.14085e-06
7.57657e-06
6.43727e-06
5.16921e-06
4.20418e-06
3.22671e-10
2.03399e-11
2.29049e-10
6.59245e-08
1.66534e-05
7.16163e-07
1.40948e-06
1.47318e-06
1.08618e-05
3.39421e-06
1.01525e-05
8.81042e-06
4.31653e-06
2.12067e-05
1.02667e-05
1.74998e-06
3.31856e-06
1.52877e-05
3.19012e-05
2.25078e-05
0.000276054
0.000490091
0.00012392
0.000720119
0.000843972
0.000935477
3.56217e-05
0.000893991
0.000911904
0.000976614
0.000994997
0.00100392
1.2877e-05
0.00109551
1.14928e-05
0.00116667
0.00117259
1.12972e-05
1.14877e-05
0.00100608
0.00099961
0.00100626
0.00101123
0.00101456
0.000991248
0.000846486
0.000761004
0.000671392
0.000560103
8.74713e-05
0.000242528
0.000512802
0.000448422
0.000390716
0.00033748
0.000234711
0.000404281
0.000573616
0.000817929
0.0017013
0.000705503
0.000713728
0.000641376
0.000566731
0.000278405
0.000220636
0.000188987
0.000165398
0.00028923
0.000140908
0.000139759
0.000137877
0.000142013
0.000143891
0.000153503
0.000166391
0.000182058
0.000198392
0.000352541
0.000217135
0.000211597
0.00019642
0.000174747
0.000153985
0.000138737
0.000119282
0.000101882
8.84066e-05
7.61301e-05
6.13126e-05
0.000117389
3.33483e-05
2.31817e-05
1.65175e-05
1.17613e-05
8.96211e-06
7.39851e-06
6.26463e-06
5.04804e-06
4.12591e-06
3.35984e-07
1.95109e-08
3.11587e-08
2.59593e-06
2.70687e-05
5.3799e-06
3.40749e-06
1.76769e-05
1.6154e-05
8.10623e-06
8.60881e-06
1.84234e-05
9.42537e-06
1.00985e-05
5.09231e-06
9.90773e-06
6.97719e-06
1.53525e-05
4.05667e-05
0.000114285
0.000116739
0.000164362
0.000556103
0.000128918
9.55893e-05
4.35652e-05
4.39884e-05
0.000912838
0.000927267
0.000900359
2.00111e-05
1.81834e-05
0.000979236
0.000982502
0.000991315
1.14761e-05
1.14497e-05
0.0011695
0.00111396
1.5768e-05
0.00103549
0.00104676
1.46143e-05
0.00101624
3.26265e-05
0.000794464
7.00031e-05
0.000538085
0.00033694
0.000143761
0.000178635
0.000309754
0.000411556
0.000417025
0.000467254
0.000538364
0.000734735
0.00134576
0.00167355
0.000673667
0.00110133
0.000914283
0.000548774
0.000293894
0.00022513
0.000184726
0.00015987
0.000144169
0.000140742
0.000131146
0.000126901
0.000127415
0.000131603
0.000139411
0.000351308
0.00015441
0.000168583
0.000286366
0.000198172
0.00032093
0.000192548
0.000181616
0.000162449
0.000144636
0.000131366
0.000308353
9.95755e-05
8.8049e-05
7.52238e-05
0.000150976
4.51638e-05
3.23405e-05
2.25433e-05
1.60434e-05
1.15389e-05
8.80814e-06
7.17139e-06
6.0478e-06
4.90307e-06
4.02556e-06
2.89384e-06
4.07746e-07
5.0689e-07
1.36484e-06
4.06121e-06
2.65683e-06
9.43627e-06
3.08759e-05
2.08324e-05
1.95725e-05
2.83312e-05
2.81894e-05
3.09401e-05
1.63156e-05
1.99023e-05
1.02513e-05
1.69764e-05
2.69487e-05
2.45014e-05
0.000143546
0.000248981
0.00034471
0.000471257
0.000633273
0.000100843
9.10955e-05
9.12384e-05
0.000775478
8.99168e-05
0.000867424
0.000906344
0.000873795
0.000886873
0.000874605
0.000862071
0.000960762
0.000977087
0.00100346
1.65839e-05
0.00104116
1.65042e-05
1.11048e-05
1.48617e-05
0.000843375
0.000792163
0.000671131
0.00017293
7.50289e-05
0.000225409
0.000489201
0.000848761
0.00132454
0.00132921
0.00131214
0.000881486
0.000888937
0.00161816
0.00134869
0.000705304
0.000969172
0.000790071
0.000519937
0.000277095
0.000226836
0.00018177
0.000154585
0.000141994
0.000131195
0.000123719
0.000118418
0.000116944
0.000118234
0.000123014
0.000129606
0.000137455
0.000142683
0.000153678
0.000164642
0.000176474
0.000176919
0.00017499
0.000165743
0.000150221
0.000140035
0.000124718
0.000108758
9.65438e-05
8.65644e-05
7.41708e-05
5.77404e-05
4.26374e-05
3.09845e-05
2.17429e-05
1.54711e-05
1.12696e-05
8.60578e-06
6.8931e-06
5.82476e-06
4.72918e-06
3.89891e-06
9.01905e-06
5.18205e-07
1.80883e-06
2.0559e-06
2.62659e-06
3.07204e-06
9.82038e-06
2.00322e-05
1.91811e-05
3.01959e-05
2.90004e-05
5.6239e-05
4.06903e-05
3.56112e-05
2.81225e-05
3.13444e-05
4.33122e-05
7.54379e-05
3.24984e-05
0.000250712
7.50132e-05
0.000326888
0.000403511
0.000588748
0.000126751
0.000700956
0.000683593
0.000687246
0.00012234
0.000733514
9.30962e-05
7.72239e-05
0.000825828
0.000859763
4.20916e-05
0.000896306
0.00089008
0.000895108
0.000913495
1.97028e-05
0.00101526
0.000994975
0.000831473
3.77544e-05
0.000660986
0.00015585
0.000107374
0.000486502
0.000685788
0.000759814
0.0007885
0.00133126
0.000812194
0.00133403
0.000766623
0.0012325
0.00120214
0.00100736
0.000579535
0.000524294
0.000474227
0.000260935
0.000216549
0.000181536
0.00036618
0.000139195
0.000126381
0.000117559
0.000306821
0.000300804
0.000108347
0.000110478
0.000114594
0.000121262
0.000128552
0.000136741
0.00014152
0.000149975
0.00015778
0.00015901
0.000158032
0.000151279
0.000348676
0.000130323
0.000118029
0.000106085
9.35379e-05
8.43785e-05
7.24909e-05
0.000136882
4.08586e-05
2.94206e-05
2.09069e-05
1.48364e-05
1.09809e-05
8.38763e-06
6.70899e-06
5.60282e-06
4.5548e-06
3.76546e-06
1.01715e-05
2.68212e-06
2.34721e-06
2.36911e-06
2.2686e-06
3.25716e-06
7.65584e-06
1.18411e-05
1.69717e-05
3.41785e-05
8.84668e-05
0.000109499
7.59777e-05
6.65176e-05
3.97527e-05
6.87661e-05
9.91345e-05
2.09951e-05
0.000168831
0.000218673
0.00027662
8.30829e-05
9.03054e-05
0.000135343
0.000141907
0.000589559
0.000573012
0.000548995
0.000516401
0.000562157
0.000134394
0.000578661
0.000627872
0.000105179
0.000690922
0.000728673
9.21816e-05
0.00088394
0.000940716
0.000928315
0.000876656
3.70789e-05
0.00077238
0.000657974
3.78246e-05
0.000552351
0.000774224
0.000621738
0.000604601
0.000611477
0.00064269
0.000969811
0.000987507
0.000656592
0.000632206
0.000612276
0.00058679
0.000529657
0.000479562
0.000279048
0.000242104
0.000334815
0.000177264
0.000370658
0.000136553
0.000125595
0.000117507
0.00011081
0.000105944
0.000103204
0.000278373
0.000105612
0.000110336
0.000114851
0.000120305
0.000128214
0.000135213
0.000143557
0.000143628
0.000323874
0.000144354
0.000139496
0.000134089
0.000123057
0.000112503
0.000102749
9.27302e-05
8.20056e-05
6.95736e-05
5.30788e-05
3.89803e-05
2.78671e-05
1.99805e-05
1.42433e-05
1.06823e-05
8.15976e-06
6.54966e-06
5.38456e-06
4.37389e-06
3.62656e-06
9.98164e-06
7.22141e-06
4.83047e-06
3.6031e-06
4.21059e-06
6.65379e-06
8.49969e-06
9.71025e-06
1.46374e-05
2.75988e-05
8.05538e-05
4.74631e-05
0.000130673
3.25471e-05
0.000116637
0.000142577
0.000178775
0.000204444
0.000211542
0.000212868
0.000242833
2.91301e-05
0.000296532
0.000370385
0.000457213
0.00048075
0.000508023
0.000113769
0.000338713
0.000124454
0.000332141
0.000330423
0.000149676
0.000475885
0.000146024
0.000593983
0.000689284
0.000743812
0.000744897
0.000858678
0.000837189
0.000752892
0.000425642
3.74461e-05
0.000107944
0.000551943
0.00029878
0.000261161
0.00025311
0.000261273
0.000454703
0.00049349
0.000523496
0.000533682
0.000500377
0.000498262
0.000305825
0.000402408
0.000245658
0.00022124
0.000196903
0.000179394
0.000156847
0.000137152
0.000125147
0.000116592
0.00011138
0.000105882
0.000101508
9.8834e-05
9.86381e-05
9.96822e-05
0.000105116
0.000110395
0.000114949
0.00012005
0.000332176
0.000132151
0.000136453
0.000137815
0.000137811
0.000133376
0.000332546
0.000115982
0.00010906
9.88743e-05
9.05516e-05
8.0565e-05
6.59527e-05
4.98859e-05
3.68974e-05
2.67072e-05
1.90262e-05
1.37284e-05
1.03526e-05
7.90871e-06
6.4066e-06
5.29237e-06
4.1814e-06
3.4842e-06
9.97615e-06
9.59739e-06
7.65788e-06
6.4079e-06
7.59907e-06
9.66094e-06
1.10005e-05
1.1552e-05
1.33753e-05
2.5675e-05
4.89422e-05
0.000142274
0.00023106
0.00024641
0.000230804
0.0003273
0.000354079
7.22195e-05
0.00027647
0.000227663
0.000209985
0.000196819
0.000219721
0.000276701
0.000326071
9.08866e-05
0.000318851
0.000258318
0.000211687
0.000201012
0.000182531
0.000179075
0.000199963
0.000233057
0.000287728
0.000462152
0.000561918
0.000139775
0.000662956
0.000666581
0.000547815
0.000401136
6.07796e-05
7.25022e-05
0.00046289
0.000257853
0.000324371
0.000194929
0.000188823
0.000193412
0.000205352
0.000217312
0.000230259
0.000242931
0.000244882
0.000240738
0.000228686
0.000214199
0.000198598
0.000187754
0.00017233
0.000156477
0.000141809
0.000127298
0.000281872
0.000111461
0.000103935
9.93256e-05
9.68124e-05
9.60996e-05
9.64254e-05
9.84751e-05
0.000102701
0.00010538
0.000110337
0.000114576
0.000118743
0.000123761
0.000126922
0.000127194
0.000126751
0.000123808
0.000117646
0.000111622
0.000105008
9.8382e-05
8.74393e-05
0.000191136
6.34903e-05
4.71126e-05
3.45638e-05
2.52901e-05
1.7993e-05
1.31649e-05
9.91143e-06
7.63907e-06
6.26362e-06
5.19268e-06
4.02919e-06
3.32715e-06
1.0298e-05
1.09855e-05
9.44933e-06
8.61679e-06
8.93297e-06
8.88039e-06
9.27572e-06
1.12358e-05
1.2877e-05
1.87956e-05
4.64562e-05
0.000131141
0.00024484
2.4418e-05
0.000321905
0.000133347
0.000132027
0.000318002
5.86297e-05
0.000217134
2.2347e-05
0.000148668
0.000158066
0.000208761
2.18999e-05
2.42496e-05
0.000206368
5.135e-05
0.00011387
9.37263e-05
8.35465e-05
7.73475e-05
0.000100975
0.000102073
0.000146503
0.000212881
0.000145113
0.000491101
0.00051655
0.000136602
0.000332143
0.000116016
8.40125e-05
0.000215396
0.000232142
0.000189758
0.000173616
0.000162048
0.000157015
0.000159288
0.000342896
0.000166384
0.000176957
0.000330886
0.000340807
0.000191299
0.000191458
0.000181721
0.000379526
0.000161739
0.000154825
0.000143678
0.000132998
0.000121059
0.000110801
0.000103663
9.73306e-05
9.38365e-05
9.17188e-05
9.09642e-05
0.000221222
9.35461e-05
9.87635e-05
0.00010339
0.000106154
0.000110283
0.000114156
0.000116306
0.000118107
0.000118666
0.000321152
0.000317663
0.000111423
0.000107592
0.000101656
9.55592e-05
8.54988e-05
7.4029e-05
6.00615e-05
4.45909e-05
3.23571e-05
2.38407e-05
1.6975e-05
1.26022e-05
9.487e-06
7.41448e-06
6.10345e-06
5.06317e-06
3.97057e-06
3.18144e-06
1.07899e-05
1.18334e-05
1.07433e-05
9.53807e-06
8.32163e-06
6.39221e-06
5.86496e-06
7.28192e-06
9.84957e-06
1.25933e-05
2.50686e-05
0.000350984
0.000149398
0.000241449
0.000291221
0.000361148
0.000337177
0.000252571
0.000215127
0.000158252
0.000122625
0.00010051
5.48759e-05
0.000136815
0.000157229
4.56564e-05
0.00011298
8.59593e-05
5.2568e-05
5.0017e-05
7.15138e-05
9.34168e-05
9.49071e-05
8.82689e-05
7.60433e-05
7.73374e-05
9.69129e-05
0.000300447
0.000288261
0.000213275
7.87999e-05
0.000121894
0.00021639
0.000224473
0.000186708
0.000359916
0.000147481
0.000142266
0.000137604
0.000136402
0.000342755
0.00014727
0.000155291
0.000159802
0.000164406
0.000167427
0.000164227
0.000160644
0.000155328
0.000321555
0.000143973
0.000132572
0.000122421
0.000111288
0.000100326
9.22493e-05
8.72501e-05
8.45192e-05
8.38348e-05
8.54977e-05
8.73791e-05
8.99583e-05
9.39352e-05
9.84047e-05
0.000103718
0.000106313
0.000108862
0.00011178
0.000112864
0.000112364
0.000110927
0.000302619
0.000107096
0.00010278
9.93486e-05
9.09732e-05
8.23195e-05
7.05802e-05
5.58487e-05
4.1806e-05
3.04776e-05
2.23672e-05
1.61464e-05
1.19951e-05
9.04167e-06
7.19202e-06
5.93486e-06
4.92283e-06
3.89984e-06
3.16715e-06
1.13662e-05
1.19809e-05
1.08048e-05
8.72096e-06
6.24353e-06
3.57099e-06
2.68438e-06
3.51729e-06
5.80524e-06
8.14897e-06
1.22131e-05
2.92562e-05
7.79155e-05
0.000128165
0.000198974
0.000237195
3.18299e-05
4.55662e-05
0.000138265
5.25659e-05
6.91086e-05
5.88087e-05
6.6483e-05
7.50858e-05
7.828e-05
3.67148e-05
0.000167672
9.06401e-05
0.00021389
8.54305e-05
8.09164e-05
9.11926e-05
0.000213323
0.000118064
0.000131823
0.00011063
8.41388e-05
0.000208637
9.66192e-05
0.000242893
0.000125761
0.000175482
0.000214346
0.000390857
0.000160327
0.000144177
0.000286967
0.000131756
0.000279974
0.000128176
0.00030525
0.000137315
0.00014288
0.00014616
0.000329388
0.000151958
0.000151417
0.000149046
0.000144255
0.00013813
0.000130771
0.000118736
0.000108103
0.0002005
8.87742e-05
8.13687e-05
7.73726e-05
7.63792e-05
7.65852e-05
7.81784e-05
7.96561e-05
8.38185e-05
8.90664e-05
9.43912e-05
9.83319e-05
0.00010357
0.000105903
0.000106235
0.000107867
0.00010798
0.000106928
0.000104608
0.000275231
0.00010126
9.52798e-05
8.85675e-05
7.73805e-05
6.66018e-05
5.22067e-05
3.86224e-05
2.85582e-05
2.07892e-05
1.5271e-05
1.13803e-05
8.66623e-06
6.94936e-06
5.75107e-06
4.77857e-06
3.83642e-06
3.14527e-06
1.19249e-05
1.13088e-05
8.46738e-06
6.21806e-06
4.84323e-06
2.61054e-06
1.56795e-06
1.53273e-06
3.08495e-06
5.04587e-06
6.84805e-06
1.21031e-05
2.95037e-05
5.7379e-05
0.000100062
8.72207e-05
0.000114755
8.65284e-05
5.85902e-05
5.10871e-05
3.53354e-05
3.29e-05
3.63869e-05
0.000131888
5.51268e-05
9.08119e-05
0.000119903
0.000100239
0.000167155
6.94114e-05
6.51412e-05
7.02105e-05
7.78606e-05
9.62124e-05
0.000136542
0.000328677
0.000192136
0.000169599
0.00017977
0.000296753
0.000164652
0.000407182
0.000180902
0.000326067
0.000283433
0.000132219
0.000123118
0.00011825
0.000118706
0.000251516
0.000126076
0.00013087
0.000134728
0.000137999
0.000140315
0.000141575
0.000139923
0.000136125
0.000130242
0.00012261
0.000113946
0.000102999
9.29837e-05
8.46085e-05
7.6049e-05
7.04283e-05
6.74736e-05
6.69515e-05
6.8142e-05
7.10211e-05
7.37623e-05
7.72839e-05
8.19117e-05
8.88605e-05
9.46041e-05
9.7804e-05
0.000102249
0.000104485
0.000104669
0.000103715
0.000101865
9.97442e-05
0.000100829
9.71782e-05
9.18151e-05
8.40895e-05
7.33304e-05
6.14352e-05
4.87613e-05
3.59504e-05
2.65933e-05
1.94774e-05
1.44021e-05
1.07497e-05
8.31513e-06
6.69916e-06
5.55443e-06
4.62987e-06
3.77932e-06
3.10373e-06
1.21851e-05
9.39069e-06
6.62597e-06
5.62365e-06
3.16161e-06
1.31748e-06
7.75725e-07
8.41478e-07
1.5491e-06
3.14404e-06
4.41133e-06
6.06534e-06
1.16418e-05
2.59375e-05
4.25445e-05
3.90819e-05
3.75213e-05
3.23215e-05
3.61315e-05
2.65647e-05
1.93158e-05
2.03258e-05
2.48183e-05
3.38739e-05
4.88086e-05
9.05889e-05
0.000104278
8.76395e-05
0.000153346
6.26555e-05
9.46381e-05
5.968e-05
6.65902e-05
8.27692e-05
0.000116971
0.000312286
0.000192158
0.00033703
0.00018912
0.000169701
0.000158201
0.000157324
0.000160383
0.000143548
0.000125591
0.000111888
0.000103495
0.000182861
0.000102957
0.000108354
0.000111881
0.000116403
0.000120859
0.000124295
0.000125976
0.000126323
0.000123351
0.000118785
0.000207655
0.00010457
9.64085e-05
0.000162749
7.87559e-05
7.15541e-05
6.43777e-05
6.00361e-05
5.81643e-05
5.88559e-05
6.05053e-05
6.32914e-05
6.62988e-05
7.0658e-05
7.61723e-05
8.20336e-05
8.84403e-05
9.43112e-05
9.70798e-05
9.94876e-05
0.000101658
0.000101715
0.000100836
9.89096e-05
9.67669e-05
9.33968e-05
8.8047e-05
7.85395e-05
6.89734e-05
5.67922e-05
4.4833e-05
3.34242e-05
2.4564e-05
1.82305e-05
1.34919e-05
1.01647e-05
7.94944e-06
6.43273e-06
5.35315e-06
4.49137e-06
3.70949e-06
3.05638e-06
1.17286e-05
5.84166e-06
4.65443e-06
2.99968e-06
1.86728e-06
4.74431e-07
2.86674e-07
4.07165e-07
8.36557e-07
1.95031e-06
3.01865e-06
3.79035e-06
5.56162e-06
8.99345e-06
1.70795e-05
1.95628e-05
1.74924e-05
1.47585e-05
1.27646e-05
1.00336e-05
9.87813e-06
1.10444e-05
1.32345e-05
1.63526e-05
2.42994e-05
4.7576e-05
0.000120047
8.51289e-05
0.000117872
8.3267e-05
4.15938e-05
4.13652e-05
5.73918e-05
7.4891e-05
0.00010031
0.00013857
0.000168947
0.000355135
0.000165626
0.000147222
0.000139437
0.000143259
0.000134334
0.000117514
0.00016812
9.022e-05
8.35892e-05
8.37774e-05
8.55345e-05
9.07523e-05
9.3793e-05
9.81515e-05
0.00010273
0.000106545
0.000107781
0.000107661
0.00010438
9.96668e-05
9.47933e-05
8.71129e-05
8.04e-05
7.29241e-05
6.49565e-05
5.92657e-05
5.39225e-05
5.0825e-05
4.96846e-05
5.07105e-05
5.28638e-05
5.63739e-05
5.96494e-05
6.34172e-05
6.9061e-05
7.5892e-05
8.16812e-05
8.76287e-05
9.25387e-05
9.55567e-05
9.68008e-05
9.64421e-05
9.63166e-05
9.43551e-05
9.31446e-05
8.93366e-05
8.17334e-05
7.42401e-05
6.337e-05
5.26865e-05
4.10147e-05
3.08295e-05
2.27365e-05
1.70126e-05
1.26002e-05
9.6442e-06
7.58263e-06
6.15635e-06
5.1398e-06
4.36495e-06
3.62069e-06
3.00896e-06
9.90529e-06
4.49737e-06
2.43312e-06
1.73613e-06
9.14091e-07
2.91461e-07
9.38628e-08
1.75679e-07
4.82543e-07
1.25768e-06
2.16755e-06
2.636e-06
3.27247e-06
4.32008e-06
5.44266e-06
5.79036e-06
5.39074e-06
5.3721e-06
5.48622e-06
5.43376e-06
5.81979e-06
6.88546e-06
7.81019e-06
9.07737e-06
1.50471e-05
2.59828e-05
3.87665e-05
8.46025e-05
3.76716e-05
1.9684e-05
1.47204e-05
1.90406e-05
4.09701e-05
6.65459e-05
9.38137e-05
0.00012528
0.000149381
0.000152531
0.000138948
0.000135954
0.000135667
0.000122144
0.000107081
9.24827e-05
8.09304e-05
7.12396e-05
6.63965e-05
6.71103e-05
6.90804e-05
7.3346e-05
7.60843e-05
8.02926e-05
8.46311e-05
8.81503e-05
8.9232e-05
8.92153e-05
8.60624e-05
8.14494e-05
7.69399e-05
7.09315e-05
6.60529e-05
5.95743e-05
5.32056e-05
4.85112e-05
4.45486e-05
4.24999e-05
4.22493e-05
4.36454e-05
4.59218e-05
4.92149e-05
0.000111734
5.71689e-05
6.23735e-05
6.83839e-05
7.53217e-05
8.11972e-05
8.51672e-05
9.00709e-05
9.27965e-05
9.38266e-05
9.34078e-05
9.21753e-05
8.88094e-05
8.28313e-05
7.73965e-05
6.86135e-05
5.87515e-05
4.8048e-05
3.76871e-05
2.81948e-05
2.11075e-05
1.57552e-05
1.17793e-05
9.10981e-06
7.20416e-06
5.87834e-06
4.96408e-06
4.22035e-06
3.5174e-06
2.94664e-06
5.29707e-06
1.59127e-06
8.4158e-07
4.69707e-07
2.7641e-07
1.17347e-07
2.85453e-08
6.74642e-08
2.69506e-07
7.62686e-07
1.5122e-06
1.99481e-06
2.21777e-06
2.49653e-06
2.82973e-06
2.87274e-06
2.87875e-06
2.98256e-06
3.14103e-06
3.31805e-06
3.68007e-06
4.54271e-06
2.23312e-05
7.48216e-06
3.80393e-05
1.21587e-05
1.54404e-05
1.81406e-05
4.24142e-05
9.9049e-06
8.16103e-06
1.20824e-05
2.24624e-05
5.85142e-05
9.13622e-05
0.000115952
0.000127191
0.000131698
0.000128033
0.000124403
0.000158198
9.72577e-05
8.59362e-05
7.29939e-05
6.34495e-05
5.63788e-05
5.27559e-05
5.3371e-05
5.5081e-05
5.85588e-05
6.09598e-05
6.44842e-05
6.81135e-05
7.11816e-05
7.21903e-05
0.000116061
6.95029e-05
6.55758e-05
6.16985e-05
5.67813e-05
5.26877e-05
4.75559e-05
4.2892e-05
3.93023e-05
3.65121e-05
3.52403e-05
3.54164e-05
3.70552e-05
3.96976e-05
4.30375e-05
4.69057e-05
5.05744e-05
5.60979e-05
6.20221e-05
6.78302e-05
7.4646e-05
7.97216e-05
8.34784e-05
8.5669e-05
8.76589e-05
8.8129e-05
8.60906e-05
8.27468e-05
7.83676e-05
7.17001e-05
6.306e-05
5.41273e-05
4.38251e-05
3.4356e-05
2.58032e-05
1.95342e-05
1.45327e-05
1.10625e-05
8.58461e-06
6.82235e-06
5.61678e-06
4.78107e-06
4.0599e-06
3.41081e-06
2.87196e-06
2.77877e-06
3.51457e-07
1.22319e-07
8.51831e-08
7.00897e-08
4.23606e-08
8.91733e-09
2.19299e-08
1.16493e-07
5.13338e-07
1.05949e-06
1.48498e-06
1.65301e-06
1.71851e-06
1.75461e-06
1.73594e-06
1.74891e-06
1.82597e-06
1.93966e-06
2.08362e-06
2.26745e-06
3.27739e-06
4.24447e-06
5.00166e-06
5.35125e-06
5.09254e-06
5.80537e-06
6.86868e-06
6.79311e-06
5.42276e-06
5.25175e-06
2.71553e-05
1.8516e-05
4.99676e-05
8.40446e-05
0.00010222
0.000158291
0.000107493
0.000105929
9.85392e-05
8.89941e-05
7.72199e-05
6.73443e-05
5.66766e-05
4.94806e-05
4.49175e-05
4.25838e-05
4.29585e-05
4.4251e-05
4.67428e-05
4.86311e-05
5.13704e-05
5.41198e-05
5.64312e-05
5.7251e-05
5.83948e-05
5.50955e-05
5.18962e-05
4.88627e-05
4.52077e-05
4.17629e-05
3.78581e-05
3.41826e-05
3.14286e-05
2.9558e-05
2.9011e-05
2.95866e-05
3.13745e-05
3.38644e-05
3.72935e-05
4.098e-05
4.4755e-05
4.96691e-05
5.56732e-05
6.17537e-05
6.74136e-05
7.28556e-05
7.75834e-05
8.04562e-05
8.1869e-05
8.21261e-05
8.07277e-05
7.76684e-05
7.22214e-05
6.55921e-05
5.82267e-05
4.88937e-05
4.00484e-05
3.09723e-05
2.36517e-05
1.79422e-05
1.34357e-05
1.03423e-05
8.05337e-06
6.44075e-06
5.38e-06
4.57418e-06
3.91115e-06
3.29339e-06
2.7916e-06
1.77236e-08
2.7083e-08
2.21547e-08
1.24005e-08
1.59245e-08
1.60397e-08
2.71976e-09
6.44034e-09
3.22425e-08
2.19613e-07
7.60759e-07
1.31491e-06
1.51885e-06
1.493e-06
1.37459e-06
1.18904e-06
9.98619e-07
9.44557e-07
1.04668e-06
1.47566e-06
1.98029e-06
2.17936e-06
1.93217e-06
1.68969e-06
1.47194e-06
1.35962e-06
1.43896e-06
1.68583e-06
1.8628e-06
2.2158e-06
3.61303e-06
7.42734e-06
1.61605e-05
3.00537e-05
6.40694e-05
5.88505e-05
6.91984e-05
6.5174e-05
5.21897e-05
4.5118e-05
3.76545e-05
3.352e-05
2.60185e-05
2.12189e-05
1.88658e-05
1.91118e-05
2.32109e-05
2.83924e-05
3.12221e-05
3.32813e-05
3.44164e-05
3.59098e-05
3.74429e-05
3.86458e-05
3.90557e-05
3.90345e-05
3.69775e-05
3.46247e-05
3.2588e-05
2.98635e-05
2.7614e-05
2.55019e-05
2.30158e-05
2.12687e-05
2.04252e-05
2.05465e-05
2.16296e-05
2.35856e-05
2.60531e-05
2.92173e-05
3.24227e-05
3.62422e-05
4.09123e-05
4.61134e-05
5.16178e-05
5.74893e-05
6.25012e-05
6.65233e-05
6.94077e-05
7.10296e-05
7.16072e-05
7.00742e-05
6.72429e-05
6.29853e-05
5.71786e-05
4.97746e-05
4.22469e-05
3.38353e-05
2.65262e-05
2.03225e-05
1.55025e-05
1.18712e-05
9.23023e-06
7.23206e-06
5.93948e-06
4.9684e-06
4.26027e-06
3.65581e-06
3.09837e-06
2.66844e-06
4.8101e-09
7.46907e-09
7.83569e-09
3.83739e-09
4.16025e-09
5.1935e-09
4.37552e-09
9.39837e-10
2.55728e-09
1.58222e-08
9.07787e-08
2.6214e-07
4.20509e-07
4.99013e-07
5.1685e-07
5.25463e-07
5.56269e-07
6.07601e-07
6.40982e-07
5.94856e-07
4.69503e-07
3.49912e-07
2.67703e-07
2.27484e-07
2.17116e-07
2.20891e-07
2.62584e-07
3.4702e-07
5.27943e-07
9.34114e-07
1.80784e-06
3.36448e-06
5.75032e-06
1.04534e-05
1.40737e-05
1.70931e-05
1.7486e-05
1.57474e-05
1.30101e-05
1.13015e-05
9.85607e-06
7.65595e-06
5.73749e-06
5.05599e-06
5.30834e-06
6.50997e-06
7.4603e-06
7.74662e-06
9.83525e-06
1.27246e-05
1.70664e-05
2.05459e-05
2.27513e-05
2.36172e-05
2.36993e-05
2.31068e-05
2.16498e-05
1.99491e-05
1.85171e-05
1.66988e-05
1.52534e-05
1.38956e-05
1.26285e-05
1.20048e-05
1.21073e-05
1.27228e-05
1.39625e-05
1.56882e-05
1.77738e-05
2.04428e-05
2.32042e-05
2.66758e-05
3.05742e-05
3.50427e-05
3.98437e-05
4.47942e-05
4.90966e-05
5.28208e-05
5.56263e-05
5.75318e-05
5.7967e-05
5.65666e-05
5.40948e-05
5.04977e-05
4.5854e-05
3.98839e-05
3.34192e-05
2.6991e-05
2.09091e-05
1.62548e-05
1.26233e-05
9.79715e-06
7.80052e-06
6.26464e-06
5.21644e-06
4.41785e-06
3.79983e-06
3.30053e-06
2.82721e-06
2.4458e-06
8.31554e-10
2.21941e-09
3.83066e-09
4.78054e-09
3.02869e-09
2.08875e-09
2.31358e-09
1.59291e-09
2.63002e-10
3.82834e-10
4.82431e-10
1.23087e-09
3.74664e-09
8.12398e-09
1.54695e-08
2.56743e-08
3.78581e-08
4.67668e-08
4.68897e-08
4.07495e-08
3.42967e-08
3.03438e-08
2.92725e-08
3.14146e-08
3.66536e-08
4.73007e-08
6.90586e-08
1.22608e-07
2.35618e-07
4.50177e-07
7.43411e-07
1.02583e-06
1.93676e-06
2.70598e-06
2.90608e-06
2.83773e-06
2.62795e-06
2.2365e-06
1.82033e-06
1.60313e-06
1.53075e-06
1.31151e-06
1.12918e-06
1.14369e-06
1.3358e-06
1.68062e-06
1.9836e-06
2.62793e-06
3.69887e-06
4.42855e-06
4.55817e-06
5.83315e-06
7.48992e-06
9.0909e-06
1.13265e-05
1.17013e-05
1.13927e-05
1.05787e-05
9.70182e-06
8.57434e-06
7.90428e-06
7.39666e-06
7.06041e-06
6.93215e-06
7.15178e-06
7.77389e-06
8.76731e-06
1.01064e-05
1.17382e-05
1.39104e-05
1.61955e-05
1.90087e-05
2.23245e-05
2.59351e-05
2.99501e-05
3.39422e-05
3.75371e-05
4.06598e-05
4.32788e-05
4.5088e-05
4.5357e-05
4.42511e-05
4.20445e-05
3.93282e-05
3.57346e-05
3.10944e-05
2.58231e-05
2.08773e-05
1.63815e-05
1.27215e-05
1.00351e-05
8.02056e-06
6.55202e-06
5.31948e-06
4.49846e-06
3.88584e-06
3.36111e-06
2.92448e-06
2.52309e-06
2.2069e-06
1.97991e-10
8.75358e-10
1.84903e-09
2.86291e-09
3.33063e-09
2.41644e-09
1.12171e-09
1.17568e-09
8.59415e-10
9.52734e-11
1.084e-10
8.1557e-11
8.42325e-12
2.04877e-11
4.72051e-11
9.6937e-11
1.64124e-10
2.2896e-10
2.82279e-10
4.28256e-10
4.91058e-10
8.09849e-10
1.54962e-09
3.51832e-09
8.53439e-09
1.80865e-08
3.43273e-08
6.0464e-08
1.00125e-07
1.44078e-07
1.78029e-07
4.06454e-07
5.26577e-07
5.32716e-07
4.83518e-07
4.32154e-07
3.8209e-07
3.27078e-07
2.81099e-07
2.5528e-07
2.43155e-07
2.16479e-07
2.02743e-07
2.22964e-07
2.80542e-07
3.90558e-07
5.55691e-07
8.01462e-07
1.02092e-06
1.23357e-06
1.67324e-06
2.14424e-06
2.39426e-06
2.41048e-06
2.73248e-06
3.10105e-06
3.27568e-06
3.87569e-06
4.39239e-06
4.46719e-06
4.39393e-06
4.18229e-06
4.03409e-06
4.0446e-06
4.26591e-06
4.71068e-06
5.41464e-06
6.3587e-06
7.63478e-06
9.20954e-06
1.09619e-05
1.31265e-05
1.58236e-05
1.88025e-05
2.1956e-05
2.51263e-05
2.79923e-05
3.05778e-05
3.27267e-05
3.43041e-05
3.43117e-05
3.3552e-05
3.19979e-05
2.97131e-05
2.6979e-05
2.34856e-05
1.96523e-05
1.58119e-05
1.24684e-05
9.81028e-06
7.89712e-06
6.42811e-06
5.32162e-06
4.44933e-06
3.83049e-06
3.31963e-06
2.90543e-06
2.55476e-06
2.21796e-06
1.94407e-06
7.08699e-11
4.06994e-10
9.07365e-10
1.46027e-09
1.86199e-09
1.84574e-09
1.10941e-09
5.86642e-10
5.95383e-10
4.74559e-10
8.29742e-11
4.68547e-11
3.67482e-11
6.08759e-13
9.96044e-13
1.44837e-12
1.88871e-12
2.38152e-12
3.18772e-12
5.34521e-12
1.21523e-11
3.4447e-11
1.06789e-10
3.20389e-10
2.26283e-09
5.82619e-09
1.06983e-08
1.59372e-08
2.01889e-08
2.23334e-08
4.64649e-08
6.84338e-08
7.3659e-08
6.88034e-08
5.93121e-08
5.07502e-08
4.33605e-08
3.5273e-08
2.94495e-08
2.68252e-08
2.60525e-08
2.53605e-08
2.8941e-08
4.02338e-08
5.94394e-08
8.90525e-08
1.30672e-07
1.90444e-07
2.72834e-07
3.81136e-07
4.80798e-07
5.6539e-07
7.0308e-07
8.99819e-07
1.03559e-06
1.07144e-06
1.04071e-06
1.19759e-06
1.36394e-06
1.70725e-06
2.09906e-06
2.25721e-06
2.29491e-06
2.37395e-06
2.56501e-06
2.86142e-06
3.32369e-06
3.99532e-06
4.8658e-06
5.94445e-06
7.21492e-06
8.81106e-06
1.09379e-05
1.32629e-05
1.56885e-05
1.81914e-05
2.04131e-05
2.24478e-05
2.40683e-05
2.51291e-05
2.52547e-05
2.47496e-05
2.36626e-05
2.20291e-05
1.98842e-05
1.73387e-05
1.45365e-05
1.17784e-05
9.29726e-06
7.40399e-06
6.09822e-06
5.07881e-06
4.27997e-06
3.64566e-06
3.18749e-06
2.79801e-06
2.46898e-06
2.18064e-06
1.91018e-06
1.67488e-06
1.91521e-11
1.98123e-10
4.50299e-10
7.35076e-10
9.57478e-10
1.01527e-09
8.03756e-10
2.83917e-10
3.06349e-10
2.97511e-10
2.24406e-10
3.73333e-11
2.39917e-11
2.23304e-11
1.399e-11
1.56834e-13
1.78716e-13
1.89526e-13
2.01216e-13
2.41749e-13
4.19956e-13
1.09005e-12
3.42786e-12
1.09476e-11
8.87396e-11
5.29095e-10
1.09711e-09
1.64259e-09
1.99476e-09
2.12565e-09
2.07381e-09
1.91709e-09
1.73466e-09
1.57189e-09
1.44351e-09
1.3729e-09
1.35332e-09
1.37256e-09
1.45909e-09
1.61784e-09
1.84745e-09
2.13656e-09
2.55714e-09
3.12548e-09
4.67564e-09
1.35206e-08
2.45688e-08
3.92128e-08
5.85857e-08
8.49048e-08
1.17941e-07
1.59631e-07
1.98736e-07
2.25148e-07
2.70697e-07
3.42147e-07
3.96861e-07
4.10017e-07
4.42051e-07
5.72837e-07
6.9878e-07
1.03727e-06
1.23553e-06
1.37388e-06
1.54143e-06
1.75538e-06
2.07091e-06
2.51256e-06
3.05797e-06
3.76836e-06
4.65892e-06
5.74124e-06
7.34101e-06
9.08167e-06
1.09546e-05
1.28058e-05
1.44887e-05
1.59983e-05
1.71921e-05
1.79104e-05
1.80467e-05
1.77197e-05
1.69895e-05
1.58561e-05
1.43563e-05
1.24762e-05
1.04792e-05
8.52145e-06
6.7426e-06
5.50918e-06
4.6239e-06
3.93929e-06
3.38126e-06
2.9374e-06
2.59873e-06
2.31204e-06
2.05534e-06
1.82189e-06
1.59838e-06
1.41165e-06
0
9.36257e-11
2.22398e-10
3.67888e-10
4.87471e-10
5.33654e-10
4.67093e-10
2.41995e-10
1.59622e-10
1.65541e-10
1.53793e-10
1.1242e-10
2.6548e-11
1.38902e-11
1.40075e-11
1.22248e-11
7.99695e-12
8.71174e-13
6.13692e-14
6.52736e-14
7.30516e-14
9.41381e-14
1.54313e-13
3.13749e-13
7.20827e-13
1.52401e-12
2.8219e-12
4.45046e-11
9.90398e-11
1.43359e-10
1.72284e-10
1.87428e-10
1.94089e-10
1.97936e-10
2.02303e-10
2.09918e-10
2.26472e-10
2.51022e-10
2.87503e-10
3.40391e-10
4.06348e-10
4.84902e-10
6.08921e-10
7.68068e-10
9.79977e-10
1.26371e-09
1.59506e-09
2.01154e-09
5.50145e-09
1.11475e-08
1.82175e-08
2.73183e-08
3.85166e-08
5.25993e-08
6.48919e-08
7.59986e-08
9.95699e-08
1.29662e-07
1.57978e-07
1.79203e-07
2.58976e-07
3.49083e-07
5.85673e-07
7.59781e-07
9.2079e-07
1.09154e-06
1.30098e-06
1.58209e-06
1.92151e-06
2.38107e-06
2.94507e-06
3.61068e-06
4.76818e-06
6.04968e-06
7.37414e-06
8.70057e-06
9.91155e-06
1.0976e-05
1.18647e-05
1.23516e-05
1.24986e-05
1.22844e-05
1.1796e-05
1.10156e-05
9.99871e-06
8.6968e-06
7.3266e-06
5.96657e-06
4.72534e-06
4.01174e-06
3.44865e-06
2.99772e-06
2.61974e-06
2.31789e-06
2.0728e-06
1.86077e-06
1.67306e-06
1.49457e-06
1.31905e-06
1.16603e-06
0
3.39637e-11
1.0693e-10
1.81335e-10
2.44816e-10
2.76324e-10
2.59226e-10
1.73985e-10
8.51329e-11
9.33989e-11
9.53116e-11
8.69738e-11
6.42427e-11
2.24337e-11
8.31996e-12
8.48059e-12
7.87686e-12
6.27084e-12
3.39714e-12
2.97638e-14
3.27189e-14
3.59863e-14
4.0271e-14
4.72656e-14
6.0221e-14
8.37402e-14
1.20912e-13
1.73153e-13
2.41071e-13
3.28243e-13
4.10994e-13
5.00569e-13
5.87685e-13
3.99468e-12
9.62315e-12
1.64636e-11
2.46146e-11
3.45068e-11
4.74657e-11
6.39623e-11
8.34545e-11
1.05524e-10
1.33511e-10
1.76269e-10
2.30243e-10
3.03984e-10
3.93521e-10
5.02185e-10
6.7533e-10
8.61756e-10
1.08468e-09
1.34156e-09
1.67259e-09
2.05711e-09
4.19833e-09
8.70986e-09
1.42794e-08
2.42213e-08
4.11441e-08
6.06496e-08
8.33216e-08
1.39147e-07
2.14825e-07
3.88823e-07
5.37353e-07
6.78676e-07
8.24553e-07
1.0012e-06
1.22235e-06
1.48851e-06
1.81925e-06
2.19562e-06
2.9956e-06
3.86791e-06
4.76588e-06
5.63892e-06
6.46293e-06
7.20011e-06
7.82175e-06
8.17778e-06
8.29105e-06
8.18648e-06
7.88061e-06
7.37317e-06
6.69486e-06
5.83019e-06
4.90823e-06
3.99016e-06
3.27155e-06
2.85872e-06
2.5138e-06
2.22815e-06
1.99331e-06
1.7957e-06
1.62705e-06
1.47242e-06
1.32824e-06
1.18516e-06
1.04577e-06
9.28467e-07
0
0
4.12817e-11
8.61523e-11
1.20823e-10
1.40851e-10
1.39343e-10
1.09452e-10
4.68119e-11
5.26223e-11
5.64887e-11
5.73218e-11
5.23466e-11
3.87367e-11
1.48296e-11
5.12788e-12
5.17191e-12
4.87865e-12
4.1498e-12
2.82377e-12
6.54315e-13
1.93063e-14
2.10171e-14
2.22867e-14
2.32759e-14
2.43804e-14
2.60155e-14
2.84622e-14
3.17468e-14
3.57944e-14
3.98222e-14
4.45541e-14
5.03183e-14
5.8444e-14
6.96099e-14
8.60104e-14
1.12749e-13
1.46652e-13
3.20998e-12
7.24907e-12
1.21612e-11
1.82715e-11
2.53963e-11
3.54433e-11
4.92764e-11
6.8772e-11
9.23413e-11
1.22766e-10
1.72186e-10
2.32469e-10
3.04235e-10
3.84289e-10
4.89001e-10
6.39304e-10
8.0663e-10
1.02902e-09
1.42694e-09
1.92631e-09
3.15885e-09
1.41153e-08
2.87031e-08
4.99878e-08
9.3988e-08
1.62975e-07
2.92774e-07
4.11644e-07
5.22042e-07
6.33533e-07
7.73125e-07
9.24997e-07
1.10734e-06
1.32687e-06
1.79655e-06
2.34759e-06
2.9197e-06
3.47152e-06
3.9936e-06
4.48394e-06
4.87834e-06
5.12617e-06
5.22392e-06
5.18151e-06
5.00065e-06
4.68465e-06
4.25271e-06
3.70683e-06
3.12351e-06
2.54427e-06
2.23833e-06
2.00191e-06
1.80026e-06
1.62527e-06
1.47257e-06
1.34229e-06
1.23013e-06
1.12618e-06
1.02659e-06
9.25167e-07
8.21758e-07
7.30095e-07
0
0
0
3.12109e-11
5.31082e-11
7.02554e-11
7.39304e-11
6.4296e-11
3.60741e-11
2.8861e-11
3.34272e-11
3.58366e-11
3.52358e-11
3.1126e-11
2.21517e-11
6.94179e-12
3.26361e-12
3.28408e-12
3.14392e-12
2.78419e-12
2.11034e-12
1.01165e-12
1.22502e-14
1.31819e-14
1.37254e-14
1.38534e-14
1.36427e-14
1.32097e-14
1.28036e-14
1.2443e-14
1.22047e-14
1.21219e-14
1.23142e-14
1.281e-14
1.37188e-14
1.51935e-14
1.72936e-14
2.03601e-14
2.46608e-14
3.03265e-14
1.47892e-13
1.64263e-12
3.51456e-12
5.92316e-12
9.15517e-12
1.39667e-11
2.04067e-11
2.89962e-11
4.22569e-11
6.11457e-11
8.38882e-11
1.09295e-10
1.50434e-10
2.01184e-10
2.63925e-10
3.57769e-10
4.69322e-10
6.89417e-10
9.60614e-10
1.34081e-09
8.41385e-09
1.99852e-08
3.89169e-08
7.37099e-08
1.32906e-07
2.27564e-07
3.1862e-07
3.97031e-07
4.78763e-07
5.70577e-07
6.71299e-07
7.90468e-07
9.93996e-07
1.32834e-06
1.67058e-06
2.00526e-06
2.33136e-06
2.62015e-06
2.84938e-06
3.00629e-06
3.07883e-06
3.06327e-06
2.95996e-06
2.7721e-06
2.51194e-06
2.18672e-06
1.8372e-06
1.62417e-06
1.49092e-06
1.36998e-06
1.26248e-06
1.16533e-06
1.07348e-06
9.91512e-07
9.15765e-07
8.44456e-07
7.7199e-07
6.96277e-07
6.20085e-07
5.52908e-07
0
0
0
0
1.63361e-11
2.8093e-11
3.56033e-11
3.61301e-11
2.60605e-11
1.58056e-11
1.82376e-11
2.07234e-11
2.22627e-11
2.1748e-11
1.82265e-11
1.15693e-11
1.94209e-12
2.05231e-12
2.10833e-12
2.07953e-12
1.91993e-12
1.56697e-12
9.85298e-13
1.65108e-13
8.76888e-15
9.05755e-15
9.03492e-15
8.79595e-15
8.37721e-15
7.88032e-15
7.37533e-15
6.92798e-15
6.57585e-15
6.33829e-15
6.24267e-15
6.27807e-15
6.4573e-15
6.82045e-15
7.40088e-15
8.22613e-15
9.44187e-15
1.09909e-14
1.29871e-14
3.68165e-13
1.26173e-12
2.44836e-12
4.16257e-12
6.55521e-12
9.99833e-12
1.55034e-11
2.26921e-11
3.1967e-11
4.62785e-11
6.59747e-11
8.85225e-11
1.22358e-10
1.73977e-10
2.38909e-10
3.5904e-10
5.14107e-10
1.0835e-09
8.12368e-09
1.71202e-08
3.21771e-08
5.84304e-08
1.01107e-07
1.71473e-07
2.34785e-07
2.88132e-07
3.42914e-07
3.99664e-07
4.63599e-07
5.30373e-07
6.59474e-07
8.61479e-07
1.05443e-06
1.23994e-06
1.40053e-06
1.52615e-06
1.61287e-06
1.65633e-06
1.65091e-06
1.59728e-06
1.49788e-06
1.35354e-06
1.17167e-06
1.09589e-06
1.03312e-06
9.70769e-07
9.1184e-07
8.57348e-07
8.07646e-07
7.52046e-07
7.03755e-07
6.57926e-07
6.10999e-07
5.61762e-07
5.09192e-07
4.55223e-07
4.08258e-07
0
0
0
0
0
2.94771e-12
1.26818e-11
1.44503e-11
1.44027e-11
8.9361e-12
1.0874e-11
1.1909e-11
1.28289e-11
1.33328e-11
1.25562e-11
1.00627e-11
5.38172e-12
1.30295e-12
1.35719e-12
1.39488e-12
1.39394e-12
1.32705e-12
1.15721e-12
8.57025e-13
4.11703e-13
6.04391e-15
6.24705e-15
6.27866e-15
6.15136e-15
5.90085e-15
5.57765e-15
5.22782e-15
4.89522e-15
4.6114e-15
4.37405e-15
4.19751e-15
4.07018e-15
4.00628e-15
4.00613e-15
4.09931e-15
4.28495e-15
4.58274e-15
5.01114e-15
5.57053e-15
6.28441e-15
8.38007e-15
5.46333e-13
1.26529e-12
2.27713e-12
3.81175e-12
6.02106e-12
9.24834e-12
1.41836e-11
2.14004e-11
2.99992e-11
4.30104e-11
6.37239e-11
8.90285e-11
1.28254e-10
1.93341e-10
2.80753e-10
2.14288e-09
7.50009e-09
1.40425e-08
2.43442e-08
4.2606e-08
6.73533e-08
1.18132e-07
1.58458e-07
1.96964e-07
2.28402e-07
2.64437e-07
2.99029e-07
3.39548e-07
3.8235e-07
4.4913e-07
5.48586e-07
6.33489e-07
7.03246e-07
7.50573e-07
7.75982e-07
7.76284e-07
7.53022e-07
7.0166e-07
7.0051e-07
6.88742e-07
6.69818e-07
6.46812e-07
6.22198e-07
5.9745e-07
5.73095e-07
5.47823e-07
5.19698e-07
4.92206e-07
4.63516e-07
4.32689e-07
3.993e-07
3.62986e-07
3.25403e-07
2.92134e-07
0
0
0
0
0
0
0
3.13458e-12
4.57699e-12
1.342e-12
5.04298e-12
6.91823e-12
8.06577e-12
8.14487e-12
7.86717e-12
6.96399e-12
5.07409e-12
1.84787e-12
8.59732e-13
9.31631e-13
9.7688e-13
9.86649e-13
9.53789e-13
8.72085e-13
7.15566e-13
4.75415e-13
1.57664e-13
4.38651e-15
4.46669e-15
4.44303e-15
4.33157e-15
4.1554e-15
3.95035e-15
3.73842e-15
3.53324e-15
3.34026e-15
3.16616e-15
3.00625e-15
2.88047e-15
2.78486e-15
2.72704e-15
2.70586e-15
2.7345e-15
2.8246e-15
2.97707e-15
3.20495e-15
3.4797e-15
3.8023e-15
2.73309e-13
7.67554e-13
1.48495e-12
2.54775e-12
4.20381e-12
6.66133e-12
1.00456e-11
1.51092e-11
2.2876e-11
3.24959e-11
4.70729e-11
6.94242e-11
1.02657e-10
1.51706e-10
1.99291e-09
5.60286e-09
1.0083e-08
1.61874e-08
2.74912e-08
4.10031e-08
7.18208e-08
9.88742e-08
1.23492e-07
1.44422e-07
1.6377e-07
1.85824e-07
2.06329e-07
2.29374e-07
2.51576e-07
2.74721e-07
3.00206e-07
3.24127e-07
3.45819e-07
3.65983e-07
3.80691e-07
3.91727e-07
3.98109e-07
4.00684e-07
3.98811e-07
3.93801e-07
3.86856e-07
3.78815e-07
3.69387e-07
3.57628e-07
3.43705e-07
3.2856e-07
3.11939e-07
2.93082e-07
2.7191e-07
2.4842e-07
2.23878e-07
2.02023e-07
0
0
0
0
0
0
0
0
0
4.72358e-14
3.16746e-14
1.17817e-12
3.67868e-12
4.81615e-12
5.21834e-12
4.82427e-12
3.87982e-12
2.37149e-12
4.90605e-13
5.56764e-13
6.19172e-13
6.73241e-13
7.08317e-13
7.18162e-13
6.83239e-13
5.99781e-13
4.67252e-13
2.91198e-13
7.47822e-14
3.22763e-15
3.242e-15
3.20203e-15
3.12129e-15
3.0128e-15
2.89073e-15
2.7588e-15
2.62255e-15
2.47991e-15
2.34224e-15
2.21319e-15
2.09603e-15
1.992e-15
1.90524e-15
1.84432e-15
1.80267e-15
1.78892e-15
1.80934e-15
1.85486e-15
1.9259e-15
1.99711e-15
1.92567e-13
5.52582e-13
1.09114e-12
1.92386e-12
3.16774e-12
5.07795e-12
7.8106e-12
1.13769e-11
1.68235e-11
2.49844e-11
3.59535e-11
5.32485e-11
7.98153e-11
1.12247e-09
3.29269e-09
6.1129e-09
9.31472e-09
1.53717e-08
2.3316e-08
3.68912e-08
5.60971e-08
7.10862e-08
8.51039e-08
9.67061e-08
1.08497e-07
1.20238e-07
1.31765e-07
1.45899e-07
1.58457e-07
1.71239e-07
1.84199e-07
1.95807e-07
2.06285e-07
2.17108e-07
2.25767e-07
2.32068e-07
2.35905e-07
2.37707e-07
2.3786e-07
2.36742e-07
2.34148e-07
2.29534e-07
2.23119e-07
2.15165e-07
2.05496e-07
1.93936e-07
1.80574e-07
1.65556e-07
1.49747e-07
1.35608e-07
0
0
0
0
0
0
0
0
0
0
0
0
1.81103e-14
6.57656e-13
2.12421e-12
2.80799e-12
2.66116e-12
2.13251e-12
1.04454e-12
3.47857e-13
3.80301e-13
4.15023e-13
4.64833e-13
5.11614e-13
5.31566e-13
5.30784e-13
4.97149e-13
4.31578e-13
3.31078e-13
2.0124e-13
4.843e-14
2.38695e-15
2.38953e-15
2.36619e-15
2.31366e-15
2.24209e-15
2.15853e-15
2.0658e-15
1.96944e-15
1.87116e-15
1.77311e-15
1.67356e-15
1.57167e-15
1.47526e-15
1.38596e-15
1.30085e-15
1.22877e-15
1.16549e-15
1.10949e-15
1.06761e-15
1.0335e-15
1.00691e-15
1.72977e-13
4.40757e-13
8.52916e-13
1.49462e-12
2.46365e-12
3.79104e-12
5.74415e-12
8.57536e-12
1.23662e-11
1.77867e-11
2.62755e-11
3.94088e-11
2.14745e-10
1.3716e-09
2.93575e-09
4.60765e-09
7.49955e-09
1.19769e-08
1.7349e-08
2.88286e-08
3.81965e-08
4.64929e-08
5.40568e-08
6.03885e-08
6.78761e-08
7.49213e-08
8.21503e-08
8.95207e-08
9.6724e-08
1.05044e-07
1.13212e-07
1.20165e-07
1.26295e-07
1.31769e-07
1.3632e-07
1.39651e-07
1.41867e-07
1.429e-07
1.42653e-07
1.41007e-07
1.38144e-07
1.34085e-07
1.28743e-07
1.22044e-07
1.14065e-07
1.04915e-07
9.51888e-08
8.6465e-08
0
0
0
0
0
0
0
0
0
0
0
0
0
0
3.06855e-15
1.29947e-13
7.79314e-13
1.19689e-12
9.15458e-13
1.93292e-13
1.96324e-13
2.81086e-13
3.14571e-13
3.44382e-13
3.65672e-13
3.90647e-13
4.06132e-13
4.00837e-13
3.67489e-13
3.13095e-13
2.34909e-13
1.37962e-13
2.59321e-14
1.80146e-15
1.78897e-15
1.76181e-15
1.72989e-15
1.68683e-15
1.64262e-15
1.58991e-15
1.52618e-15
1.45588e-15
1.38168e-15
1.30389e-15
1.22406e-15
1.13673e-15
1.04585e-15
9.55557e-16
8.66235e-16
7.81321e-16
6.99729e-16
6.21533e-16
5.52416e-16
2.79352e-14
1.53368e-13
3.46236e-13
6.52852e-13
1.11101e-12
1.76774e-12
2.7299e-12
4.03899e-12
5.87358e-12
8.51234e-12
1.24204e-11
1.85146e-11
2.59037e-11
1.21909e-10
8.93316e-10
1.79731e-09
3.12313e-09
5.3636e-09
7.89377e-09
1.32616e-08
1.89914e-08
2.39715e-08
2.86852e-08
3.29308e-08
3.71762e-08
4.16763e-08
4.60244e-08
5.09718e-08
5.58833e-08
6.05302e-08
6.51612e-08
6.94607e-08
7.33531e-08
7.67527e-08
7.9724e-08
8.24856e-08
8.43848e-08
8.52954e-08
8.51917e-08
8.41301e-08
8.21333e-08
7.92162e-08
7.53596e-08
7.06199e-08
6.51422e-08
5.92637e-08
5.39324e-08
0
0
0
0
0
0
0
0
0
0
0
0
0
0
0
0
1.57952e-17
2.2079e-14
1.71269e-13
2.59928e-13
2.05254e-17
7.84816e-15
6.63995e-14
1.90841e-13
2.64311e-13
2.90382e-13
3.08198e-13
3.09058e-13
3.03293e-13
2.91149e-13
2.63559e-13
2.19649e-13
1.58635e-13
8.39115e-14
1.37594e-15
1.37989e-15
1.37064e-15
1.35446e-15
1.33461e-15
1.30789e-15
1.27625e-15
1.24732e-15
1.21043e-15
1.16749e-15
1.11017e-15
1.04348e-15
9.71061e-16
8.92629e-16
8.0888e-16
7.18452e-16
6.26667e-16
5.38932e-16
4.54303e-16
3.75562e-16
3.03095e-16
3.27865e-14
1.17036e-13
2.51298e-13
4.54409e-13
7.57649e-13
1.19151e-12
1.79053e-12
2.66825e-12
3.8669e-12
5.70057e-12
8.50099e-12
1.1991e-11
1.6638e-11
2.31566e-11
3.26352e-10
9.46838e-10
1.9767e-09
3.26059e-09
5.62837e-09
8.87971e-09
1.18972e-08
1.47222e-08
1.75348e-08
2.00569e-08
2.29831e-08
2.593e-08
2.88014e-08
3.19255e-08
3.48787e-08
3.76287e-08
4.03924e-08
4.29297e-08
4.50365e-08
4.66428e-08
4.78339e-08
4.84434e-08
4.86229e-08
4.82125e-08
4.7198e-08
4.56178e-08
4.3429e-08
4.07736e-08
3.76654e-08
3.42898e-08
3.12327e-08
0
0
0
0
0
0
0
0
0
0
0
0
0
0
0
0
0
0
1.1508e-17
2.94235e-15
1.47932e-14
0
1.01915e-17
1.45236e-15
8.94919e-15
6.83587e-14
1.70473e-13
2.27422e-13
2.49753e-13
2.46741e-13
2.37036e-13
2.12437e-13
1.80418e-13
1.39945e-13
9.38188e-14
3.90876e-14
7.99094e-16
1.00015e-15
1.04859e-15
1.06185e-15
1.06005e-15
1.04558e-15
1.03016e-15
1.00675e-15
9.765e-16
9.42583e-16
9.01313e-16
8.42793e-16
7.75396e-16
7.03078e-16
6.24709e-16
5.44752e-16
4.61372e-16
3.79643e-16
3.04328e-16
2.35652e-16
1.76002e-16
2.19269e-14
7.6537e-14
1.61767e-13
2.90588e-13
4.76727e-13
7.44006e-13
1.14313e-12
1.66038e-12
2.53197e-12
3.79113e-12
5.47013e-12
7.40217e-12
1.07576e-11
1.53139e-11
2.1751e-11
4.27764e-10
1.07378e-09
2.07964e-09
3.80249e-09
5.56986e-09
7.29264e-09
9.09792e-09
1.07782e-08
1.25072e-08
1.44053e-08
1.61561e-08
1.78767e-08
1.9631e-08
2.12605e-08
2.26752e-08
2.38969e-08
2.50101e-08
2.58022e-08
2.6327e-08
2.64968e-08
2.63415e-08
2.58936e-08
2.5135e-08
2.40258e-08
2.25945e-08
2.08702e-08
1.89885e-08
1.72771e-08
0
0
0
0
0
0
0
0
0
0
0
0
0
0
0
0
0
0
0
0
0
3.46079e-16
0
0
3.33283e-18
1.83585e-17
1.5406e-15
6.7279e-15
3.66036e-14
9.36304e-14
1.49312e-13
1.69995e-13
1.71227e-13
1.50815e-13
1.23229e-13
9.03801e-14
5.13387e-14
8.0199e-15
1.0619e-16
2.55125e-16
4.94112e-16
7.16419e-16
8.40689e-16
8.54511e-16
8.46461e-16
8.25992e-16
8.00069e-16
7.62458e-16
7.2394e-16
6.75706e-16
6.16536e-16
5.49984e-16
4.80737e-16
4.10281e-16
3.41067e-16
2.73254e-16
2.09661e-16
1.53274e-16
1.06571e-16
9.0328e-15
4.35013e-14
9.61169e-14
1.73296e-13
2.8702e-13
4.56864e-13
6.97056e-13
1.07108e-12
1.65186e-12
2.41756e-12
3.40403e-12
4.86045e-12
7.02726e-12
1.01311e-11
1.41198e-11
8.53542e-11
5.20323e-10
1.33628e-09
2.28351e-09
3.33496e-09
4.38555e-09
5.45031e-09
6.46444e-09
7.54524e-09
8.5611e-09
9.46895e-09
1.04073e-08
1.12968e-08
1.20074e-08
1.25496e-08
1.29582e-08
1.3262e-08
1.33873e-08
1.3333e-08
1.30799e-08
1.26168e-08
1.19926e-08
1.12555e-08
1.03657e-08
9.40704e-09
8.52604e-09
0
0
0
0
0
0
0
0
0
0
0
0
0
0
0
0
0
0
0
0
0
0
0
0
0
0
0
4.52268e-18
1.72786e-17
1.94309e-16
1.84198e-15
5.09506e-15
2.03613e-14
4.24948e-14
6.51023e-14
7.67383e-14
6.94452e-14
5.10046e-14
2.19146e-14
2.68661e-19
4.65297e-19
1.91272e-17
8.27933e-17
2.42687e-16
4.83325e-16
6.77094e-16
6.9323e-16
6.81088e-16
6.52269e-16
6.1949e-16
5.77259e-16
5.32056e-16
4.82354e-16
4.28059e-16
3.67963e-16
3.0836e-16
2.51826e-16
1.97184e-16
1.47932e-16
1.03916e-16
6.7477e-17
1.63817e-16
2.20007e-14
5.42026e-14
1.01031e-13
1.7081e-13
2.7563e-13
4.27647e-13
6.94331e-13
1.05326e-12
1.48769e-12
2.17284e-12
3.18863e-12
4.60291e-12
6.47693e-12
9.18272e-12
1.2429e-11
1.20972e-10
5.66804e-10
1.1192e-09
1.69828e-09
2.29632e-09
2.87805e-09
3.41255e-09
3.9652e-09
4.44581e-09
4.8706e-09
5.26239e-09
5.56506e-09
5.76218e-09
5.87607e-09
5.95258e-09
5.95441e-09
5.83422e-09
5.60021e-09
5.27011e-09
4.8705e-09
4.42464e-09
3.95133e-09
3.52232e-09
0
0
0
0
0
0
0
0
0
0
0
0
0
0
0
0
0
0
0
0
0
0
0
0
0
0
0
0
0
0
0
7.22944e-18
1.65171e-17
3.06307e-17
4.9965e-16
1.12608e-15
2.36941e-15
8.077e-15
1.42241e-14
1.49522e-14
1.91387e-15
6.37627e-20
7.87196e-20
2.50551e-19
5.47203e-18
4.64132e-17
1.41371e-16
3.45897e-16
5.09841e-16
5.48473e-16
5.3195e-16
4.97742e-16
4.59126e-16
4.17495e-16
3.70964e-16
3.27008e-16
2.80667e-16
2.33135e-16
1.86e-16
1.42672e-16
1.04552e-16
7.1341e-17
4.49527e-17
2.5902e-17
9.15959e-15
2.90268e-14
5.76129e-14
1.00078e-13
1.61999e-13
2.6434e-13
4.33827e-13
6.41233e-13
9.35782e-13
1.385e-12
2.06671e-12
2.90548e-12
4.15739e-12
5.63164e-12
7.92133e-12
1.11492e-11
1.47119e-11
1.83852e-10
4.71389e-10
7.62795e-10
1.02829e-09
1.26842e-09
1.49545e-09
1.68544e-09
1.82825e-09
1.94732e-09
2.00876e-09
2.02929e-09
1.99765e-09
1.93134e-09
1.81014e-09
1.64572e-09
1.45799e-09
1.26113e-09
1.06017e-09
8.68124e-10
0
0
0
0
0
0
0
0
0
0
0
0
0
0
0
0
0
0
0
0
0
0
0
0
0
0
0
0
0
0
0
0
0
0
0
8.75251e-19
7.04249e-18
1.34945e-17
2.18833e-17
2.41857e-16
5.10489e-16
9.32537e-16
1.39635e-20
2.76003e-20
4.34436e-20
5.73527e-20
1.54288e-19
9.16382e-19
2.43365e-17
7.32702e-17
2.17816e-16
3.44854e-16
4.13226e-16
3.94626e-16
3.63669e-16
3.25458e-16
2.86689e-16
2.47907e-16
2.08048e-16
1.72254e-16
1.37699e-16
1.04388e-16
7.41656e-17
4.92791e-17
3.02131e-17
1.71101e-17
1.5556e-15
1.36785e-14
3.11023e-14
5.70737e-14
9.44798e-14
1.63752e-13
2.59359e-13
3.86411e-13
5.79838e-13
8.72824e-13
1.27997e-12
1.82189e-12
2.53875e-12
3.48917e-12
4.89996e-12
6.55683e-12
8.60816e-12
1.09306e-11
1.3607e-11
1.69726e-11
2.05621e-11
2.50285e-11
3.00973e-11
6.79293e-11
9.7072e-11
1.04665e-10
9.14025e-11
6.35814e-11
7.34313e-11
8.33769e-11
9.43799e-11
1.06126e-10
1.18717e-10
1.30007e-10
0
0
0
0
0
0
0
0
0
0
0
0
0
0
0
0
0
0
0
0
0
0
0
0
0
0
0
0
0
0
0
0
0
0
0
0
0
0
0
0
3.24327e-18
6.79008e-18
8.04576e-18
0
0
8.74981e-21
1.88095e-20
3.15693e-20
4.24868e-20
8.01306e-20
2.04098e-19
7.56992e-18
3.64196e-17
8.52972e-17
1.7611e-16
2.40987e-16
2.72953e-16
2.49332e-16
2.19597e-16
1.86548e-16
1.54279e-16
1.25077e-16
9.72662e-17
7.36797e-17
5.34193e-17
3.49795e-17
2.06866e-17
1.15463e-17
6.49485e-18
4.58398e-15
1.52751e-14
3.09487e-14
5.33956e-14
9.5813e-14
1.50989e-13
2.29204e-13
3.51021e-13
5.33748e-13
7.70327e-13
1.10132e-12
1.5119e-12
2.10572e-12
2.92482e-12
3.78013e-12
4.93567e-12
6.15851e-12
7.73756e-12
9.56221e-12
1.1453e-11
1.39962e-11
1.68127e-11
2.00147e-11
2.39184e-11
2.80532e-11
3.21983e-11
3.70889e-11
4.26273e-11
5.01702e-11
5.78748e-11
6.56709e-11
0
0
0
0
0
0
0
0
0
0
0
0
0
0
0
0
0
0
0
0
0
0
0
0
0
0
0
0
0
0
0
0
0
0
0
0
0
0
0
0
0
0
0
3.86236e-19
1.19272e-18
0
0
0
5.42908e-21
1.18988e-20
2.11357e-20
2.89111e-20
3.45894e-20
8.52081e-20
1.55886e-19
4.86264e-18
2.01924e-17
3.69763e-17
8.20896e-17
1.20736e-16
1.39119e-16
1.34612e-16
1.12328e-16
8.95229e-17
6.83872e-17
5.08889e-17
3.55933e-17
2.44638e-17
1.52259e-17
8.16545e-18
4.40094e-18
2.86058e-18
5.98256e-15
1.55502e-14
2.91326e-14
5.40467e-14
8.57634e-14
1.33961e-13
2.09495e-13
3.16555e-13
4.58325e-13
6.50637e-13
9.06692e-13
1.26703e-12
1.7113e-12
2.1962e-12
2.84529e-12
3.54507e-12
4.47649e-12
5.51169e-12
6.78674e-12
8.30064e-12
9.87789e-12
1.18218e-11
1.42813e-11
1.70774e-11
2.0287e-11
2.39319e-11
2.77302e-11
3.11042e-11
0
0
0
0
0
0
0
0
0
0
0
0
0
0
0
0
0
0
0
0
0
0
0
0
0
0
0
0
0
0
0
0
0
0
0
0
0
0
0
0
0
0
0
0
0
0
0
0
0
0
0
1.65702e-21
6.11634e-21
1.06447e-20
1.57387e-20
1.96011e-20
2.20661e-20
2.93683e-20
7.09822e-20
9.9931e-20
3.68988e-18
1.2459e-17
2.20336e-17
4.52915e-17
5.91467e-17
6.06378e-17
4.77206e-17
3.50022e-17
2.4482e-17
1.62783e-17
1.04559e-17
6.42316e-18
3.29642e-18
1.95139e-18
7.36561e-16
6.75204e-15
1.53484e-14
3.02309e-14
4.8558e-14
7.79225e-14
1.23675e-13
1.85383e-13
2.72447e-13
3.8419e-13
5.5662e-13
7.55513e-13
1.01145e-12
1.3065e-12
1.68957e-12
2.13362e-12
2.69331e-12
3.33533e-12
4.15799e-12
5.11059e-12
6.24344e-12
7.57355e-12
9.00786e-12
1.05785e-11
1.28027e-11
1.49381e-11
0
0
0
0
0
0
0
0
0
0
0
0
0
0
0
0
0
0
0
0
0
0
0
0
0
0
0
0
0
0
0
0
0
0
0
0
0
0
0
0
0
0
0
0
0
0
0
0
0
0
0
0
0
0
0
6.709e-22
3.28326e-21
5.18509e-21
7.68345e-21
9.61722e-21
1.08474e-20
1.1421e-20
1.43497e-20
3.52294e-20
3.70276e-19
3.18943e-18
8.38065e-18
2.02037e-17
2.65909e-17
2.39745e-17
1.70086e-17
1.1282e-17
7.12841e-18
4.4288e-18
2.76818e-18
1.46229e-18
8.83914e-19
2.12457e-15
7.80616e-15
1.65172e-14
2.7909e-14
4.60656e-14
7.31989e-14
1.09776e-13
1.61756e-13
2.40292e-13
3.37147e-13
4.55188e-13
6.0953e-13
7.97228e-13
1.03587e-12
1.32635e-12
1.69625e-12
2.12538e-12
2.6387e-12
3.24098e-12
4.01742e-12
4.91023e-12
5.92246e-12
6.93689e-12
0
0
0
0
0
0
0
0
0
0
0
0
0
0
0
0
0
0
0
0
0
0
0
0
0
0
0
0
0
0
0
0
0
0
0
0
0
0
0
0
0
0
0
0
0
0
0
0
0
0
0
0
0
0
0
0
0
0
0
0
3.02617e-22
1.60212e-21
2.49661e-21
3.56019e-21
4.3979e-21
4.93231e-21
5.33704e-21
1.51471e-20
2.93076e-19
2.62083e-18
7.24736e-18
1.22362e-17
1.18714e-17
7.96025e-18
5.0254e-18
3.05742e-18
1.84599e-18
1.20595e-18
6.14097e-19
1.1118e-19
3.74146e-15
9.02844e-15
1.62757e-14
2.7932e-14
4.37758e-14
6.69917e-14
1.00705e-13
1.46619e-13
2.03517e-13
2.76684e-13
3.73679e-13
4.95757e-13
6.5239e-13
8.44511e-13
1.07879e-12
1.36894e-12
1.72843e-12
2.13256e-12
2.59342e-12
3.05857e-12
0
0
0
0
0
0
0
0
0
0
0
0
0
0
0
0
0
0
0
0
0
0
0
0
0
0
0
0
0
0
0
0
0
0
0
0
0
0
0
0
0
0
0
0
0
0
0
0
0
0
0
0
0
0
0
0
0
0
0
0
0
0
0
0
0
2.34403e-22
8.94771e-22
1.45116e-21
2.022e-21
2.53251e-21
4.73908e-21
1.14884e-20
9.83511e-19
3.27996e-18
5.92144e-18
5.69719e-18
3.51118e-18
2.09994e-18
1.20289e-18
6.51292e-19
4.5509e-19
2.07796e-19
1.44419e-15
4.72172e-15
9.59048e-15
1.68065e-14
2.68827e-14
4.22494e-14
6.21592e-14
8.79234e-14
1.22567e-13
1.69301e-13
2.30799e-13
3.0976e-13
4.1099e-13
5.38513e-13
6.94119e-13
8.80254e-13
1.10525e-12
1.34923e-12
0
0
0
0
0
0
0
0
0
0
0
0
0
0
0
0
0
0
0
0
0
0
0
0
0
0
0
0
0
0
0
0
0
0
0
0
0
0
0
0
0
0
0
0
0
0
0
0
0
0
0
0
0
0
0
0
0
0
0
0
0
0
0
0
0
0
0
0
0
1.73975e-22
5.37113e-22
9.20479e-22
1.37442e-21
2.09562e-21
6.62353e-21
4.54081e-19
1.59491e-18
2.67763e-18
2.45685e-18
1.35634e-18
7.45702e-19
3.42485e-19
1.42001e-19
3.96183e-19
3.80755e-17
2.23249e-15
5.47753e-15
9.84937e-15
1.68227e-14
2.52472e-14
3.67636e-14
5.28186e-14
7.44587e-14
1.034e-13
1.42377e-13
1.93237e-13
2.58209e-13
3.38997e-13
4.42421e-13
5.55794e-13
0
0
0
0
0
0
0
0
0
0
0
0
0
0
0
0
0
0
0
0
0
0
0
0
0
0
0
0
0
0
0
0
0
0
0
0
0
0
0
0
0
0
0
0
0
0
0
0
0
0
0
0
0
0
0
0
0
0
0
0
0
0
0
0
0
0
0
0
0
0
0
0
1.19454e-23
2.49368e-22
4.5741e-22
8.41259e-22
1.47708e-21
4.08918e-21
1.69783e-19
6.35626e-19
9.81719e-19
9.14956e-19
5.17672e-19
2.16113e-19
2.65276e-20
1.18444e-19
8.75157e-20
6.13099e-16
2.71612e-15
5.47029e-15
9.268e-15
1.45807e-14
2.18519e-14
3.18845e-14
4.5703e-14
6.45169e-14
8.86794e-14
1.19011e-13
1.56801e-13
2.00406e-13
0
0
0
0
0
0
0
0
0
0
0
0
0
0
0
0
0
0
0
0
0
0
0
0
0
0
0
0
0
0
0
0
0
0
0
0
0
0
0
0
0
0
0
0
0
0
0
0
0
0
0
0
0
0
0
0
0
0
0
0
0
0
0
0
0
0
0
0
0
0
0
0
0
0
0
0
1.15501e-22
2.2076e-22
5.09825e-22
1.09758e-21
2.48385e-21
4.92062e-20
2.06306e-19
3.5268e-19
1.30697e-19
2.50212e-20
1.39033e-20
3.5214e-20
7.34583e-20
7.98942e-19
7.45551e-16
2.61226e-15
5.09071e-15
7.83985e-15
1.13621e-14
1.67057e-14
2.45586e-14
3.53224e-14
4.90627e-14
6.52419e-14
0
0
0
0
0
0
0
0
0
0
0
0
0
0
0
0
0
0
0
0
0
0
0
0
0
0
0
0
0
0
0
0
0
0
0
0
0
0
0
0
0
0
0
0
0
0
0
0
0
0
0
0
0
0
0
0
0
0
0
0
0
0
0
0
0
0
0
0
0
0
0
0
0
0
0
0
0
0
0
3.7402e-23
7.96084e-23
2.25313e-22
6.55532e-22
8.63337e-22
4.47159e-21
1.42524e-20
3.78806e-20
1.53571e-20
7.79533e-19
2.43345e-18
4.59361e-18
2.03304e-18
3.02694e-18
4.08984e-16
1.79835e-15
3.58752e-15
5.88056e-15
8.85672e-15
1.26371e-14
1.70662e-14
0
0
0
0
0
0
0
0
0
0
0
0
0
0
0
0
0
0
0
0
0
0
0
0
0
0
0
0
0
0
0
0
0
0
0
0
0
0
0
0
0
0
0
0
0
0
0
0
0
0
0
0
0
0
0
0
0
0
0
0
0
0
0
0
0
0
0
0
0
0
0
0
0
0
0
0
0
0
0
0
0
0
4.26065e-24
1.32805e-23
1.31388e-23
4.56296e-24
4.64618e-23
1.33929e-23
4.16488e-20
4.0317e-19
1.53454e-18
4.997e-19
6.92248e-19
7.80092e-19
9.93679e-19
1.24141e-18
1.52562e-18
3.4103e-16
1.33321e-15
2.43258e-15
0
0
0
0
0
0
0
0
0
0
0
0
0
0
0
0
0
0
0
0
0
0
0
0
0
0
0
0
0
0
0
0
0
0
0
0
0
0
0
0
0
0
0
0
0
0
0
0
0
0
0
0
0
0
0
0
0
0
0
0
0
0
0
0
0
0
0
0
0
0
0
0
0
0
0
0
0
0
0
0
0
0
0
0
0
0
8.26795e-27
9.98911e-23
1.99347e-22
3.36621e-23
4.63977e-23
1.75757e-21
5.32836e-20
1.75911e-19
2.21083e-19
4.37032e-19
6.51585e-19
6.57631e-19
8.74733e-19
1.03563e-18
0
0
0
0
0
0
0
0
0
0
0
0
0
0
0
0
0
0
0
0
0
0
0
0
0
0
0
0
0
0
0
0
0
0
0
0
0
0
0
0
0
0
0
0
0
0
0
0
0
0
0
0
0
0
0
0
0
0
0
0
0
0
0
0
0
0
0
0
0
0
0
0
0
0
0
0
0
0
0
0
0
0
0
0
0
0
0
0
0
2.77904e-24
1.9907e-23
3.75293e-23
1.3212e-23
1.33143e-23
4.02951e-23
3.90162e-22
1.9147e-20
7.97493e-20
1.89737e-19
2.21697e-19
0
0
0
0
0
0
0
0
0
0
0
0
0
0
0
0
0
0
0
0
0
0
0
0
0
0
0
0
0
0
0
0
0
0
0
0
0
0
0
0
0
0
0
0
0
0
0
0
0
0
0
0
0
0
0
0
0
0
0
0
0
0
0
0
0
0
0
0
0
0
0
0
0
0
0
0
0
0
0
0
0
0
0
0
0
0
0
0
0
0
0
0
0
1.23287e-24
1.28212e-23
3.5325e-23
3.20485e-23
1.28385e-23
9.17826e-24
1.69554e-23
0
0
0
0
0
0
0
0
0
0
0
0
0
0
0
0
0
0
0
0
0
0
0
0
0
0
0
0
0
0
0
0
0
0
0
0
0
0
0
0
0
0
0
0
0
0
0
0
0
0
0
0
0
0
0
0
0
0
0
0
0
0
0
0
0
0
0
0
0
0
0
0
0
0
0
0
0
0
0
0
0
0
0
0
0
0
0
0
0
0
0
0
0
0
0
0
0
0
0
0
0
0
0
0
0
0
0
0
0
0
0
0
0
0
0
0
0
0
0
0
0
0
0
0
0
0
0
0
0
0
0
0
0
0
0
0
0
0
0
0
0
0
0
0
0
0
0
0
0
0
0
0
0
0
0
0
0
0
0
0
0
0
0
0
0
0
0
0
0
0
0
0
0
0
0
0
0
0
0
0
0
0
0
0
0
0
0
0
0
0
0
0
0
0
0
0
0
0
0
0
0
0
0
0
0
0
0
0
0
0
0
0
0
0
0
0
0
0
0
0
0
0
0
0
0
0
0
0
0
0
0
0
0
0
0
0
0
0
0
0
0
0
0
0
0
0
0
0
0
0
0
0
0
0
0
0
0
0
0
0
0
0
0
0
0
0
0
0
0
0
0
0
0
0
0
0
0
0
0
0
0
0
0
0
0
0
0
0
0
0
0
0
0
0
0
0
0
0
0
0
0
0
0
0
0
0
0
0
0
0
0
0
0
0
0
0
0
0
0
0
0
0
0
0
0
0
0
0
0
0
0
0
0
0
0
0
0
0
0
0
0
0
0
0
0
0
0
0
0
0
0
0
0
0
0
0
0
0
0
0
0
0
0
0
0
0
0
0
0
0
0
0
0
0
0
0
0
0
0
0
0
0
0
0
0
0
0
0
0
0
0
0
0
0
0
0
0
0
0
0
0
0
0
0
0
0
0
0
0
0
0
0
0
0
0
0
0
0
0
0
0
0
0
0
0
0
0
0
0
0
0
0
0
0
0
0
0
0
0
0
0
0
0
0
0
0
0
0
0
0
0
0
0
0
0
0
0
0
0
0
0
0
0
0
0
0
0
0
0
0
0
0
0
0
0
0
0
0
0
0
0
0
0
0
0
0
0
0
0
0
0
0
0
0
0
0
0
0
0
0
0
0
0
0
0
0
0
0
0
0
0
0
0
0
0
0
0
0
0
0
0
0
0
0
0
0
0
0
0
0
0
0
0
0
0
0
0
0
0
0
0
0
0
0
0
0
0
0
0
0
0
0
0
0
0
0
0
0
0
0
0
0
0
0
0
0
0
0
0
0
0
0
0
0
0
0
0
0
0
0
0
0
0
0
0
0
0
0
0
0
0
0
0
0
0
0
0
0
0
0
0
0
0
0
0
0
0
0
0
0
0
0
0
0
0
0
0
0
0
0
0
0
0
0
0
0
0
0
0
0
0
0
0
0
0
0
0
0
0
0
0
0
0
0
0
0
0
0
0
0
0
0
0
0
0
0
0
0
0
0
0
0
0
0
0
0
0
0
0
0
0
0
0
0
0
0
0
0
0
0
0
0
0
0
0
0
0
0
0
0
0
0
0
0
0
0
0
0
0
0
0
0
0
0
0
0
0
0
0
0
0
0
0
0
0
0
0
0
0
0
0
0
0
0
0
0
0
0
0
0
0
0
0
0
0
0
0
0
0
0
0
0
0
0
0
0
0
0
0
0
0
0
0
0
0
0
0
0
0
0
0
0
0
0
0
0
0
0
0
0
0
0
0
0
0
0
0
0
0
0
0
0
0
0
0
0
0
0
0
0
0
0
0
0
0
0
0
0
0
0
0
0
0
0
0
0
0
0
0
0
0
0
0
0
0
0
0
0
0
0
0
0
0
0
0
0
0
0
0
0
0
0
0
0
0
0
0
0
0
0
0
0
0
0
0
0
0
0
0
0
0
0
0
0
0
0
0
0
0
0
0
0
0
0
0
0
0
0
0
0
0
0
0
0
0
0
0
0
0
0
0
0
0
0
0
0
0
0
0
0
0
0
0
0
0
0
0
0
0
0
0
0
0
0
0
0
0
0
0
0
0
0
0
0
0
0
0
0
0
0
0
0
0
0
0
0
0
0
0
0
0
0
0
0
0
0
0
0
0
0
0
0
0
0
0
0
0
0
0
0
0
0
0
0
0
0
0
0
0
0
0
0
0
0
0
0
0
0
0
0
0
0
0
0
0
0
0
0
0
0
0
0
0
0
0
0
0
0
0
0
0
0
0
0
0
0
0
0
0
0
0
0
0
0
0
0
0
0
0
0
0
0
0
0
0
0
0
0
0
0
0
0
0
0
0
0
0
0
0
0
0
0
0
0
0
0
0
0
0
0
0
0
0
0
0
0
0
0
0
0
0
0
0
0
0
0
0
0
0
0
0
0
0
0
0
0
0
0
0
0
0
0
0
0
0
0
0
0
0
0
0
0
0
0
0
0
0
0
0
0
0
0
0
0
0
0
0
0
0
0
0
0
0
0
0
0
0
0
0
0
0
0
0
0
0
0
0
0
0
0
0
0
0
0
0
0
0
0
0
0
0
0
0
0
0
0
0
0
0
0
0
0
0
0
0
0
0
0
0
0
0
0
0
0
0
0
0
0
0
0
0
0
0
0
0
0
0
0
0
0
0
0
0
0
0
0
0
0
0
0
0
0
0
0
0
0
0
0
0
0
0
0
0
0
0
0
0
0
0
0
0
0
0
0
0
0
0
0
0
0
0
0
0
0
0
0
0
0
0
0
0
0
0
0
0
0
0
0
0
0
0
0
0
0
0
0
0
0
0
0
0
0
0
0
0
0
0
0
0
0
0
0
0
0
0
0
0
0
0
0
0
0
0
0
0
0
0
0
0
0
0
0
0
0
0
0
0
0
0
0
0
0
0
0
0
0
0
0
0
0
0
0
0
0
0
0
0
0
0
0
0
0
0
0
0
0
0
0
0
0
0
0
0
0
0
0
0
0
0
0
0
0
0
0
0
0
0
0
0
0
0
0
0
0
0
0
0
0
0
0
0
0
0
0
0
0
0
0
0
0
0
0
0
0
0
0
0
0
0
0
0
0
0
0
0
0
0
0
0
0
0
0
0
0
0
0
0
0
0
0
0
0
0
0
0
0
0
0
0
0
0
0
0
0
0
0
0
0
0
0
)
;

boundaryField
{
    AXIS
    {
        type            empty;
    }
    OUTLET
    {
        type            calculated;
        value           nonuniform List<scalar> 
80
(
4.82115e-06
4.81233e-06
4.79312e-06
4.76374e-06
4.72772e-06
4.68631e-06
4.64008e-06
4.59024e-06
4.53647e-06
4.47723e-06
4.4144e-06
4.34684e-06
4.27551e-06
4.20418e-06
4.12591e-06
4.02556e-06
3.89891e-06
3.76546e-06
3.62656e-06
3.4842e-06
3.32715e-06
3.18144e-06
3.16715e-06
3.14527e-06
3.10373e-06
3.05638e-06
3.00896e-06
2.94664e-06
2.87196e-06
2.7916e-06
2.66844e-06
2.4458e-06
2.2069e-06
1.94407e-06
1.67488e-06
1.41165e-06
1.16603e-06
9.28467e-07
7.30095e-07
5.52908e-07
4.08258e-07
2.92134e-07
2.02023e-07
1.35608e-07
8.6465e-08
5.39324e-08
3.12327e-08
1.72771e-08
8.52604e-09
3.52232e-09
8.68124e-10
1.30007e-10
6.56709e-11
3.11042e-11
1.49381e-11
6.93689e-12
3.05857e-12
1.34923e-12
5.55794e-13
2.00406e-13
6.52419e-14
1.70662e-14
2.43258e-15
1.03563e-18
2.21697e-19
1.69554e-23
0
0
0
0
0
0
0
0
0
0
0
0
0
0
)
;
    }
    COFLOW
    {
        type            calculated;
        value           uniform 0;
    }
    PILOT
    {
        type            calculated;
        value           uniform 5.97308e-06;
    }
    FUEL
    {
        type            calculated;
        value           uniform 0;
    }
    WALL
    {
        type            calculated;
        value           uniform 0;
    }
    front
    {
        type            wedge;
    }
    back
    {
        type            wedge;
    }
}


// ************************************************************************* //
