/*--------------------------------*- C++ -*----------------------------------*\
  =========                 |
  \\      /  F ield         | OpenFOAM: The Open Source CFD Toolbox
   \\    /   O peration     | Website:  https://openfoam.org
    \\  /    A nd           | Version:  6
     \\/     M anipulation  |
\*---------------------------------------------------------------------------*/
FoamFile
{
    version     2.0;
    format      ascii;
    class       volScalarField;
    location    "0.1";
    object      CH3CH2O;
}
// * * * * * * * * * * * * * * * * * * * * * * * * * * * * * * * * * * * * * //

dimensions      [0 0 0 0 0 0 0];

internalField   nonuniform List<scalar> 
8000
(
5.95097e-13
9.56218e-09
1.28529e-07
4.59564e-07
5.75783e-07
4.9695e-07
2.557e-07
8.46519e-08
1.6855e-08
1.23113e-09
2.97591e-11
4.52435e-13
1.03491e-12
3.40043e-09
1.14669e-09
1.697e-10
2.04217e-08
6.19309e-07
1.35263e-07
2.93051e-08
3.41168e-08
8.84845e-08
2.41458e-07
4.61809e-07
3.91331e-07
3.80232e-07
3.88706e-07
3.52199e-07
3.322e-07
2.03538e-06
6.0719e-07
2.80991e-07
2.7395e-07
2.11607e-07
1.7096e-07
1.4717e-07
1.36668e-07
1.44711e-07
1.97676e-07
2.48595e-07
1.73357e-07
1.19126e-07
1.00165e-07
1.02532e-07
1.12817e-07
1.0855e-07
1.02993e-07
1.10563e-07
1.56681e-07
2.84174e-06
3.29372e-08
1.24941e-07
1.23482e-07
1.18163e-07
1.05802e-07
8.9536e-08
7.27465e-08
5.65827e-08
4.02772e-08
2.47326e-08
1.26067e-08
5.54449e-09
4.99141e-09
4.38885e-13
4.16463e-10
7.01923e-11
1.36534e-09
8.73241e-10
8.41017e-10
8.22143e-10
1.32925e-07
7.71374e-10
7.74953e-10
5.19272e-09
5.34667e-09
7.89634e-10
7.88874e-10
8.01226e-10
8.23563e-10
8.3263e-10
8.10929e-10
8.06911e-10
7.80808e-10
4.84135e-09
3.94172e-09
3.15988e-09
2.84669e-09
2.60302e-09
6.29172e-07
2.56216e-09
2.462e-09
2.2393e-09
2.01709e-09
1.84573e-09
1.41657e-09
1.19843e-09
1.08924e-09
1.00563e-09
9.74192e-10
7.50664e-10
1.86184e-13
1.05836e-08
1.42579e-07
4.7847e-07
6.27216e-07
4.94877e-07
2.39099e-07
7.97368e-08
1.47306e-08
8.85459e-10
1.61333e-11
5.65526e-13
3.5595e-12
4.91033e-08
2.51317e-08
2.1004e-09
3.91853e-09
5.92565e-08
6.66303e-08
7.67554e-08
6.08138e-08
1.10977e-07
2.62426e-07
4.71006e-07
3.90903e-07
3.9201e-07
3.85313e-07
3.52572e-07
3.19191e-07
3.81892e-07
2.29989e-07
2.59078e-07
2.5671e-07
2.11316e-07
1.86004e-07
1.69664e-07
1.595e-07
1.64771e-07
2.23146e-07
1.42373e-06
2.15056e-07
1.30556e-07
1.06118e-07
1.06807e-07
1.14827e-07
1.09524e-07
1.02821e-07
1.09873e-07
1.60845e-07
1.20561e-07
1.3063e-07
1.28242e-07
1.23401e-07
1.1513e-07
1.02763e-07
8.65972e-08
6.98447e-08
5.377e-08
3.78705e-08
2.29756e-08
1.1727e-08
5.15853e-09
4.7605e-09
2.20791e-11
1.17078e-10
6.88947e-11
1.35245e-09
8.71455e-10
8.39538e-10
8.19407e-10
8.06899e-10
7.69269e-10
7.74377e-10
5.1523e-09
5.31362e-09
7.89096e-10
7.87585e-10
8.00226e-10
8.22037e-10
8.3291e-10
8.10036e-10
8.06654e-10
7.79851e-10
4.82415e-09
3.94863e-09
3.15407e-09
2.84217e-09
2.59995e-09
2.60194e-09
2.55843e-09
2.45859e-09
2.23585e-09
2.01557e-09
1.84505e-09
1.41373e-09
1.19628e-09
1.08771e-09
1.00432e-09
9.74293e-10
7.49546e-10
6.87618e-14
1.62206e-08
4.48254e-07
7.66185e-07
4.73404e-07
3.44736e-07
1.61357e-07
3.48156e-07
3.62592e-07
5.59628e-10
1.30724e-07
4.99561e-13
8.02227e-12
1.18954e-07
1.66969e-07
7.08562e-09
5.99355e-10
2.9497e-09
1.44657e-07
2.23128e-06
1.55223e-07
1.65255e-07
3.07586e-07
4.8569e-07
3.87804e-07
4.45982e-07
4.01249e-07
3.53046e-07
2.92664e-07
2.513e-07
2.24909e-07
2.39354e-07
2.41462e-07
2.16144e-07
2.19914e-07
2.24922e-07
2.10834e-07
2.06842e-07
2.12619e-07
2.1858e-07
1.67153e-07
1.30141e-07
1.14062e-07
1.13272e-07
1.17773e-07
1.11308e-07
1.02396e-07
1.13422e-07
1.62138e-07
1.40456e-07
1.19469e-07
1.27095e-07
1.14265e-07
1.07015e-07
9.58892e-08
8.0181e-08
6.36334e-08
4.81247e-08
3.32398e-08
2.00932e-08
1.00326e-08
4.41977e-09
4.29668e-09
1.68289e-11
1.59071e-10
6.60945e-11
8.82951e-10
8.6739e-10
8.36425e-10
8.14132e-10
7.98326e-10
7.65336e-10
3.77505e-07
5.0615e-09
5.24232e-09
2.59863e-07
7.84656e-10
7.98064e-10
8.18779e-10
1.08975e-07
8.07984e-10
8.06117e-10
7.77665e-10
4.79038e-09
4.87697e-07
3.14107e-09
2.8337e-09
2.59349e-09
2.56782e-09
2.55149e-09
2.45117e-09
2.22832e-09
9.42323e-07
9.82734e-07
1.4075e-09
1.19162e-09
1.08436e-09
1.00144e-09
1.1749e-06
7.47081e-10
1.41519e-13
3.00027e-08
2.99193e-07
4.26242e-07
3.31599e-07
2.09151e-07
9.16556e-08
2.65555e-08
2.71061e-09
6.03165e-11
6.31339e-13
8.13405e-14
1.32405e-12
1.04919e-06
4.81489e-07
1.44663e-08
2.51363e-10
5.47005e-10
5.08403e-08
1.22033e-07
9.84357e-08
1.77181e-07
3.47692e-07
4.43886e-07
3.82106e-07
1.48719e-07
4.58901e-07
3.53689e-07
2.84798e-07
2.39149e-07
2.20028e-07
2.27058e-07
2.33453e-07
2.21306e-07
2.56887e-07
1.40151e-06
2.8253e-07
1.25836e-06
2.40419e-07
2.11636e-07
1.72181e-07
1.44123e-07
1.25413e-07
1.18895e-07
1.06778e-07
1.00138e-07
1.05302e-07
1.14984e-07
1.57359e-07
1.41808e-07
1.18404e-07
1.17276e-07
6.23269e-10
9.54755e-08
8.60098e-08
7.08506e-08
5.49006e-08
4.06555e-08
2.7372e-08
1.55923e-08
7.97248e-09
7.43941e-09
3.68748e-09
9.5693e-12
2.45536e-10
6.27591e-11
8.76805e-10
8.6036e-10
8.32302e-10
8.07349e-10
2.3432e-07
5.26527e-09
5.29329e-09
4.91692e-09
5.13588e-09
7.76091e-10
7.79943e-10
7.94857e-10
8.14245e-10
8.21204e-10
8.04719e-10
8.05379e-10
7.74075e-10
4.74918e-09
3.81944e-09
3.12044e-09
2.82129e-09
2.58399e-09
2.54247e-09
2.54207e-09
2.44005e-09
2.21708e-09
1.99409e-09
1.78118e-09
1.39786e-09
1.18465e-09
1.07932e-09
9.97082e-10
9.40815e-10
7.43225e-10
8.62497e-14
4.41974e-08
2.20656e-07
5.73424e-07
2.62979e-07
1.27824e-07
4.16492e-08
6.28734e-09
2.70657e-10
2.50499e-12
9.64107e-08
4.31288e-08
4.76881e-08
1.4656e-08
7.58661e-08
1.42487e-09
9.97833e-11
2.82701e-10
1.20249e-08
3.87121e-08
8.61637e-08
2.14208e-07
4.08246e-07
4.47915e-07
3.89626e-07
4.35412e-07
3.9871e-07
3.3345e-07
2.75194e-07
2.40421e-07
2.18946e-07
2.23089e-07
2.31826e-07
2.20234e-07
2.27685e-07
2.35693e-07
2.31215e-07
2.33403e-07
2.38607e-07
1.48881e-06
1.90653e-07
1.59218e-07
1.3359e-07
1.06811e-07
1.08885e-07
1.00325e-07
1.02541e-07
1.15234e-07
1.47845e-07
1.29596e-07
1.10719e-07
1.10907e-07
1.03988e-07
8.49462e-08
7.43092e-08
5.95511e-08
4.4687e-08
3.23081e-08
2.14806e-08
1.20119e-08
5.92532e-09
6.0928e-09
3.01325e-09
2.40026e-12
1.89185e-10
1.45427e-09
8.66252e-10
8.4938e-10
1.16333e-07
7.98886e-10
7.81875e-10
5.04773e-09
4.94036e-09
4.73055e-09
4.99887e-09
7.66347e-10
7.73803e-10
7.90714e-10
8.08976e-10
8.1216e-10
8.0059e-10
1.95593e-07
7.68995e-10
4.46565e-07
3.73539e-09
3.0937e-09
2.80482e-09
2.57101e-09
2.51854e-09
2.53041e-09
2.42535e-09
2.20245e-09
1.97279e-09
1.72712e-09
1.38563e-09
1.17573e-09
1.07265e-09
9.91338e-10
9.11457e-10
7.38364e-10
1.78194e-14
6.25303e-07
6.60761e-07
3.5138e-07
1.43238e-07
6.2075e-08
1.18825e-08
2.6559e-07
1.22144e-11
3.36583e-14
3.37996e-15
1.51292e-15
1.48001e-14
8.97201e-10
2.54559e-09
1.85559e-07
2.36406e-07
2.34853e-07
2.05241e-07
3.11736e-08
1.16486e-07
2.91752e-07
1.70669e-06
5.92056e-07
3.92608e-07
4.12212e-07
3.76483e-07
3.32281e-07
2.86809e-07
2.40904e-07
2.21516e-07
2.25817e-07
2.0661e-07
2.23704e-07
2.19353e-07
2.16298e-07
2.15071e-07
2.18647e-07
2.22275e-07
1.85819e-07
1.61437e-07
1.42677e-07
7.84643e-07
1.08022e-07
9.66833e-08
1.02161e-07
1.10294e-07
1.12959e-07
1.35245e-07
2.71116e-08
9.92191e-08
9.92474e-08
1.48211e-09
7.06517e-08
6.08711e-08
4.74152e-08
3.42972e-08
2.38495e-08
1.53182e-08
8.79621e-09
4.15769e-09
4.80573e-09
2.34381e-09
5.46111e-12
2.16239e-10
1.38311e-09
8.52494e-10
8.34463e-10
8.13324e-10
7.89078e-10
7.70744e-10
4.7831e-09
4.62364e-09
4.56631e-09
4.83414e-09
7.57577e-10
7.67266e-10
7.857e-10
8.02689e-10
8.05095e-10
7.9574e-10
2.19209e-07
5.32715e-09
4.47419e-09
3.66771e-09
3.06148e-09
2.78443e-09
2.55879e-09
2.49814e-09
2.51668e-09
2.40722e-09
2.18472e-09
1.94823e-09
1.00769e-06
1.37124e-09
1.1682e-09
1.06439e-09
9.84305e-10
8.87974e-10
7.32638e-10
2.039e-16
1.20279e-08
2.60056e-07
4.47234e-07
5.33384e-08
1.90169e-08
2.84126e-07
1.9107e-07
6.49178e-08
1.44067e-14
1.1649e-15
8.57748e-15
6.40471e-08
4.61411e-11
9.27864e-11
6.44813e-11
2.48498e-10
1.91172e-09
1.03431e-08
4.82715e-08
1.49244e-06
3.84113e-07
4.36692e-07
3.94813e-07
3.80536e-07
2.32423e-07
2.53738e-07
3.28473e-07
3.54147e-07
2.5931e-07
2.25338e-07
2.08708e-07
2.17304e-07
2.05146e-07
1.97257e-07
1.91572e-07
2.15873e-07
1.87745e-07
1.85481e-07
1.80441e-07
7.46037e-07
1.32482e-07
1.13459e-07
9.37917e-08
9.47904e-08
9.76721e-08
1.95741e-07
1.24244e-07
1.20372e-07
1.05538e-07
8.68737e-08
7.59337e-08
2.80672e-09
5.56999e-08
4.71093e-08
3.55827e-08
2.48591e-08
2.97116e-08
1.10425e-08
6.15547e-09
2.7917e-09
3.6624e-09
7.63712e-12
4.94667e-10
2.32354e-08
8.69567e-10
8.35698e-10
8.17331e-10
7.9989e-10
7.78819e-10
7.61067e-10
4.54109e-09
4.41476e-09
4.40879e-09
4.64602e-09
5.05489e-09
7.60026e-10
7.79618e-10
7.95516e-10
2.06068e-07
7.90279e-10
7.87495e-10
5.09052e-09
4.28323e-09
3.60994e-09
3.02418e-09
2.75963e-09
5.87318e-07
2.50163e-09
2.52821e-09
2.38569e-09
2.16417e-09
1.92332e-09
1.63419e-09
1.35478e-09
1.15926e-09
1.05462e-09
9.76071e-10
8.68193e-10
7.2613e-10
6.87999e-08
3.06901e-07
3.9777e-07
3.69556e-08
1.0521e-08
1.59112e-09
1.88456e-07
8.06825e-12
5.17162e-14
2.63533e-15
4.07705e-08
7.06313e-08
8.3318e-11
1.40196e-07
6.47766e-11
1.16897e-10
1.1781e-09
6.96545e-09
2.48467e-08
7.95667e-08
2.21055e-07
1.92124e-06
4.39072e-07
5.00213e-07
3.98094e-07
3.93483e-07
3.66379e-07
3.23234e-07
2.92753e-07
2.57253e-07
5.30641e-07
2.16611e-07
2.06465e-07
1.96622e-07
1.85481e-07
8.42624e-07
1.94304e-07
1.89636e-07
1.6457e-07
1.52752e-07
1.31609e-07
1.25084e-07
1.10913e-07
9.27546e-08
9.11526e-08
9.03032e-08
9.80962e-08
9.00332e-08
1.0348e-07
8.82031e-08
7.14094e-08
5.73761e-08
1.31694e-08
4.01227e-08
3.33934e-08
2.50987e-08
1.75195e-08
1.17474e-08
7.59301e-09
8.26271e-09
4.76224e-09
1.74939e-08
2.52284e-08
3.02232e-10
6.31726e-11
8.53254e-10
8.17585e-10
7.97693e-10
7.86602e-10
3.51772e-07
4.44741e-07
4.32586e-09
4.20004e-09
4.21745e-09
4.71157e-07
4.76855e-09
5.21979e-09
7.7198e-10
7.88106e-10
2.33348e-07
7.84176e-10
7.77472e-10
4.82324e-09
4.11177e-09
5.49027e-07
2.98247e-09
2.73055e-09
2.54926e-09
2.51716e-09
2.53908e-09
2.37625e-09
2.14102e-09
1.89794e-09
1.60497e-09
1.33669e-09
1.149e-09
1.04342e-09
9.66404e-10
8.50821e-10
7.18926e-10
9.51375e-18
1.8916e-10
3.00163e-07
3.00185e-07
6.47857e-10
2.8319e-11
3.67583e-12
7.9974e-14
3.33945e-15
1.23421e-14
6.24243e-08
1.22643e-07
3.39785e-07
5.44937e-09
2.57859e-07
2.56144e-07
2.34965e-07
2.42032e-08
8.98151e-07
1.39089e-07
2.64747e-07
4.09094e-07
4.10798e-07
3.65791e-07
2.53979e-07
1.65209e-07
3.57477e-07
3.37631e-07
2.68621e-07
2.65696e-07
2.45346e-07
2.36289e-07
2.26844e-07
2.18952e-07
2.03591e-07
1.85592e-07
7.59099e-07
1.73314e-07
1.62214e-07
7.17966e-07
1.29067e-07
1.1086e-07
9.88621e-08
9.18524e-08
8.6624e-08
8.20898e-08
8.11593e-08
7.65652e-08
8.48461e-08
6.99069e-08
6.02836e-08
4.37656e-08
3.38308e-08
2.67053e-08
3.71359e-08
1.63591e-08
1.12177e-08
7.8197e-09
4.97772e-09
6.10515e-09
1.86757e-08
8.97617e-08
1.79763e-11
2.67624e-08
1.3913e-09
8.31982e-10
7.97942e-10
7.77646e-10
2.8089e-07
7.48773e-10
4.59604e-09
4.08291e-09
3.96201e-09
3.99928e-09
4.28248e-09
4.5225e-09
4.96483e-09
7.63361e-10
2.76286e-07
7.79724e-10
3.20122e-07
3.79904e-07
4.56837e-09
3.94606e-09
5.56892e-07
2.93185e-09
2.6976e-09
2.54159e-09
2.53245e-09
2.53822e-09
2.37165e-09
2.1156e-09
1.86351e-09
1.57223e-09
1.31713e-09
1.13748e-09
1.03109e-09
9.53971e-10
8.3511e-10
7.11057e-10
3.30226e-19
3.03085e-12
3.72702e-10
2.19476e-07
8.36727e-12
8.51566e-14
1.26768e-07
3.14866e-15
3.78867e-08
7.94066e-08
4.8253e-12
1.96777e-07
5.01433e-08
8.44683e-07
1.54764e-08
8.25409e-09
1.4692e-08
5.95355e-08
1.30152e-06
1.48699e-06
1.60821e-06
4.10776e-07
3.89201e-07
3.48066e-07
3.5456e-07
1.98379e-07
3.49271e-07
3.30678e-07
2.97369e-07
2.74235e-07
2.66623e-07
2.56793e-07
2.8658e-07
3.57557e-07
5.13528e-07
2.18731e-07
2.00978e-07
1.83936e-07
1.71668e-07
1.52125e-07
1.28857e-07
1.12275e-07
9.9868e-08
9.00011e-08
8.53819e-08
7.61971e-08
6.88981e-08
6.22991e-08
6.59614e-08
5.24086e-08
4.44067e-08
3.71349e-08
2.38297e-08
1.87965e-08
1.43444e-08
1.0859e-08
7.80714e-08
8.45881e-08
6.79415e-09
4.39238e-09
2.60494e-09
1.3327e-11
1.81669e-10
6.82981e-11
6.83158e-08
1.34907e-07
7.77577e-10
7.56332e-10
3.9704e-07
4.72213e-09
4.22046e-09
3.82708e-09
3.72476e-09
3.77702e-09
4.02533e-09
4.3242e-09
4.80205e-07
4.28129e-07
7.69125e-10
7.675e-10
7.64583e-10
5.27608e-09
4.35688e-09
3.78176e-09
3.31722e-09
2.98208e-09
2.66051e-09
2.52749e-09
2.54709e-09
2.53689e-09
2.3664e-09
2.08265e-09
1.82958e-09
1.54083e-09
1.29606e-09
1.12477e-09
1.0179e-09
9.40234e-10
8.20498e-10
7.02582e-10
1.28333e-20
9.25416e-08
1.13835e-07
3.62334e-08
4.73877e-14
7.96074e-15
2.49676e-15
5.59529e-08
5.75428e-08
9.72637e-08
1.81805e-07
1.38869e-07
1.47675e-06
1.39352e-06
6.36019e-08
2.34594e-08
6.27813e-07
8.56718e-08
2.17045e-07
3.19737e-07
3.79821e-07
4.1173e-07
3.74611e-07
3.31291e-07
3.28503e-07
3.63574e-07
3.373e-07
3.21038e-07
3.08357e-07
2.80656e-07
2.73401e-07
2.82201e-07
2.85527e-07
2.75469e-07
2.66713e-07
3.42203e-07
2.42388e-07
4.05174e-07
1.91025e-07
5.12207e-07
1.36084e-07
1.17722e-07
1.0342e-07
9.07428e-08
8.08782e-08
6.88561e-08
5.58776e-08
4.87512e-08
1.02386e-07
3.72819e-08
3.09475e-08
2.57105e-08
2.11524e-08
1.2265e-08
9.69954e-08
6.86437e-09
6.98017e-08
6.94063e-09
4.80296e-09
3.05629e-09
2.73333e-11
5.25788e-08
2.21371e-10
1.39283e-09
8.21737e-10
7.78876e-10
7.56547e-10
7.34527e-10
4.85831e-09
5.08185e-07
3.85797e-09
3.58604e-09
3.51406e-09
3.58955e-09
3.77547e-09
4.08772e-09
4.44736e-09
5.02125e-09
7.58186e-10
4.23367e-07
5.26688e-09
4.87765e-09
4.14686e-09
3.64839e-09
3.17325e-09
2.91384e-09
2.61844e-09
2.51247e-09
2.54504e-09
7.48692e-07
2.35774e-09
2.04872e-09
1.79097e-09
1.5103e-09
1.27206e-09
1.10945e-09
1.0035e-09
9.25488e-10
8.0067e-10
6.92856e-10
1.03283e-08
1.15803e-07
1.27874e-07
1.25363e-07
4.98264e-14
4.59712e-08
2.40363e-13
8.03692e-08
1.1437e-07
1.43521e-07
2.26028e-07
4.77347e-09
1.47803e-07
1.92625e-06
1.33272e-07
3.97012e-08
3.97115e-08
1.01045e-07
3.15016e-07
2.05962e-06
4.02945e-07
3.70371e-07
5.34672e-07
3.15024e-07
3.1394e-07
2.15258e-07
1.57888e-07
3.08885e-07
3.13428e-07
1.91249e-07
2.98675e-07
2.89806e-07
2.78395e-07
2.68512e-07
2.57423e-07
2.89816e-07
2.51475e-07
2.61702e-07
3.52133e-07
1.79847e-07
1.44626e-07
1.22181e-07
1.05239e-07
9.11483e-08
7.79224e-08
6.0165e-08
4.59881e-08
3.643e-08
3.23929e-08
2.57084e-08
1.35925e-07
1.3802e-07
1.37705e-07
1.25022e-08
9.9606e-09
8.25645e-09
6.40561e-09
4.84881e-09
3.29075e-09
1.11063e-11
3.31442e-12
3.26699e-08
6.59953e-11
8.34575e-10
7.88091e-10
7.49244e-10
4.4616e-07
5.06891e-07
4.24612e-09
3.8931e-09
3.58031e-09
3.34922e-09
3.30736e-09
3.40072e-09
3.58029e-09
3.84352e-09
4.22188e-09
4.63731e-09
5.24451e-09
5.08063e-09
4.90333e-09
4.54445e-09
3.9372e-09
3.51303e-09
3.06823e-09
2.84002e-09
2.57328e-09
2.49448e-09
2.54051e-09
2.53457e-09
2.33652e-09
9.13151e-07
1.74506e-09
1.48102e-09
1.24407e-09
1.09131e-09
9.88045e-10
9.0982e-10
7.85351e-10
6.82126e-10
1.19084e-08
1.48087e-17
5.33338e-16
1.38952e-13
2.85491e-12
1.21888e-07
2.60548e-11
1.56852e-07
9.96751e-10
4.15206e-09
7.34922e-09
2.49782e-08
1.75579e-07
5.22656e-07
1.52678e-07
5.42298e-08
6.10526e-08
1.29589e-07
2.94487e-07
3.87907e-07
4.10494e-07
3.67095e-07
4.56522e-07
2.97356e-07
2.98278e-07
2.59745e-07
3.1258e-07
2.9683e-07
1.2708e-07
3.13009e-07
1.45411e-07
3.27423e-07
3.44643e-07
3.30999e-07
2.90533e-07
2.76943e-07
2.89048e-07
2.75191e-07
2.15999e-07
1.83407e-07
2.69396e-07
3.00749e-07
1.07595e-07
9.08955e-08
1.87873e-07
4.77024e-08
3.40593e-08
2.19862e-07
1.59768e-08
1.74911e-08
1.79457e-07
1.12969e-08
9.46446e-09
8.28322e-09
8.3139e-08
6.22022e-08
4.46335e-09
1.25647e-08
5.64459e-12
8.13797e-12
1.0155e-10
5.22984e-08
8.81428e-08
8.01193e-10
2.59326e-07
7.19533e-10
5.04481e-07
3.95009e-09
3.77167e-09
3.5423e-09
3.28816e-09
3.12869e-09
3.1142e-09
3.21013e-09
3.39099e-09
3.63608e-09
3.96258e-09
4.36494e-09
4.7422e-07
4.68873e-09
4.55442e-09
4.87311e-07
3.73878e-09
3.3774e-09
2.96587e-09
2.77945e-09
2.5288e-09
2.47041e-09
2.53724e-09
2.49739e-09
8.338e-07
1.99825e-09
1.69874e-09
1.45102e-09
1.21498e-09
1.07209e-09
9.70971e-10
8.88781e-10
7.70178e-10
6.71045e-10
1.00618e-17
6.14902e-08
1.38972e-14
1.20048e-07
2.42553e-07
2.50453e-09
3.33471e-09
2.95773e-07
5.26333e-07
1.41526e-06
6.57673e-08
1.48159e-06
2.33599e-07
1.37289e-06
1.57357e-06
8.33977e-08
1.10679e-07
1.52571e-06
1.61679e-06
2.07337e-06
3.6618e-07
5.11941e-07
3.16793e-07
2.89055e-07
2.79495e-07
2.69018e-07
2.63567e-07
2.63843e-07
2.67973e-07
2.76419e-07
2.70187e-07
3.11118e-07
3.26309e-07
1.26624e-07
2.97273e-07
2.83162e-07
2.70763e-07
2.57706e-07
1.75413e-07
1.73563e-07
1.55673e-07
1.25156e-07
1.02455e-07
8.32003e-08
1.6116e-07
3.59066e-08
2.22109e-08
1.3247e-08
8.55793e-09
5.81017e-09
3.50771e-09
2.39639e-09
3.66842e-09
6.55465e-08
7.61864e-08
3.83785e-09
3.06593e-09
1.76855e-07
9.20434e-12
9.89158e-11
4.76949e-11
5.64645e-11
1.19108e-07
7.65249e-10
7.22287e-10
3.97331e-09
3.80052e-09
3.48428e-09
3.39581e-09
3.20981e-09
3.05202e-09
2.95862e-09
2.96133e-09
3.04888e-09
3.20546e-09
3.44413e-09
3.71604e-09
4.0998e-09
4.5188e-09
4.39892e-09
4.32038e-09
4.0776e-09
3.57478e-09
5.67992e-07
2.97313e-09
5.40705e-07
5.93887e-07
2.44512e-09
2.51863e-09
2.45939e-09
2.27952e-09
1.96819e-09
1.65178e-09
1.41554e-09
1.18539e-09
1.05194e-09
9.5076e-10
8.67838e-10
7.54939e-10
6.59847e-10
1.27539e-07
1.07286e-12
1.45515e-11
1.9505e-07
2.2787e-06
6.8005e-08
7.52064e-07
1.01896e-07
1.40429e-06
2.10963e-07
1.44523e-06
1.4851e-06
2.58991e-07
1.38409e-06
1.48731e-06
1.34947e-07
1.92289e-07
1.53528e-06
3.60436e-07
1.8691e-06
3.52939e-07
3.09163e-07
4.48768e-07
2.53557e-07
2.56998e-07
2.37539e-07
2.39485e-07
2.32678e-07
2.23204e-07
2.40349e-07
2.49645e-07
2.41341e-07
1.64822e-07
2.64755e-07
1.41022e-07
2.60182e-07
2.4973e-07
9.06487e-08
1.37653e-07
1.60923e-07
1.43006e-07
1.19668e-07
9.38827e-08
6.85065e-08
4.37476e-08
2.37131e-08
1.26731e-08
6.64474e-09
3.01029e-09
8.50061e-08
2.63129e-10
4.71997e-10
2.28356e-10
1.13074e-10
2.00843e-11
1.84288e-07
1.07709e-11
2.6529e-10
1.06802e-10
6.15864e-08
1.33693e-09
8.03096e-10
7.67049e-10
7.29138e-10
4.05115e-09
3.52869e-09
3.3139e-09
3.11979e-09
5.99887e-07
2.96744e-09
2.9655e-09
2.89402e-09
2.91475e-09
2.90598e-09
3.04876e-09
3.25561e-09
3.5155e-09
3.81014e-09
5.11159e-07
4.15167e-09
4.08377e-09
3.81925e-09
3.41374e-09
3.09693e-09
2.85689e-09
2.66928e-09
2.50402e-09
2.46678e-09
2.48547e-09
2.41369e-09
8.58362e-07
1.93017e-09
1.61404e-09
1.38019e-09
1.16515e-09
1.0315e-09
9.29775e-10
8.46922e-10
7.39623e-10
6.48098e-10
1.5296e-08
1.81322e-09
2.76868e-09
1.863e-06
1.46451e-06
1.60336e-06
1.77725e-07
1.50424e-06
1.4896e-06
2.91823e-07
3.06166e-07
1.45123e-06
3.52925e-07
3.89987e-07
2.75179e-07
1.44684e-06
2.59451e-07
3.01132e-07
3.44095e-07
3.70586e-07
5.99413e-07
4.4817e-07
2.39864e-07
4.29041e-07
3.38399e-07
2.94071e-07
3.11896e-07
1.88292e-07
1.80439e-07
1.87748e-07
2.28683e-07
2.032e-07
1.90698e-07
1.81981e-07
1.86344e-07
1.1728e-07
1.12323e-07
2.17054e-07
1.87948e-07
1.50089e-07
1.2494e-07
1.00308e-07
1.29854e-07
4.89403e-08
2.47424e-07
1.29876e-08
2.4391e-07
1.98131e-09
4.68435e-10
1.7337e-07
1.96207e-11
9.67367e-11
1.43438e-10
1.87399e-10
2.01421e-10
2.22806e-10
1.48263e-10
5.85985e-08
6.55101e-08
1.26047e-09
1.51339e-07
2.22497e-07
7.16925e-10
4.1013e-09
3.47195e-09
3.08052e-09
2.88554e-09
2.79204e-09
2.88254e-09
2.80947e-09
2.74297e-09
2.72148e-09
2.73962e-09
2.83256e-09
5.20068e-07
3.05172e-09
3.29064e-09
5.81493e-07
3.8797e-09
5.42629e-07
3.77774e-09
3.58575e-09
3.22413e-09
2.95064e-09
2.74003e-09
5.72954e-07
2.48158e-09
2.496e-09
2.47979e-09
8.00291e-07
2.14499e-09
1.87807e-09
1.57213e-09
1.33813e-09
1.14024e-09
1.00625e-09
9.0385e-10
8.20537e-10
7.21294e-10
6.33661e-10
2.4174e-08
2.70028e-08
5.82515e-08
1.66589e-07
3.16828e-07
2.20188e-07
2.69333e-07
3.57731e-07
3.41451e-07
3.43032e-07
1.43085e-06
1.40708e-06
1.36251e-06
4.31408e-07
1.43932e-06
3.0909e-07
3.15528e-07
1.48963e-06
1.83912e-06
3.30071e-07
2.65261e-07
2.37725e-07
1.96217e-07
1.84789e-07
3.47743e-07
3.4728e-07
3.56709e-07
1.5037e-07
3.77438e-07
1.35753e-07
1.29133e-07
1.29029e-07
1.25532e-07
1.2527e-07
1.31522e-07
1.37889e-07
1.35367e-07
1.33424e-07
1.5196e-07
1.20561e-07
1.3142e-07
1.04185e-07
1.39165e-07
2.89956e-08
1.25117e-08
4.87174e-09
5.93553e-10
4.22682e-13
3.89673e-10
8.79608e-10
8.18313e-11
4.48694e-08
4.58749e-08
4.63348e-08
5.653e-11
4.77015e-11
6.34562e-08
1.03023e-07
7.99541e-10
2.00231e-07
2.86094e-07
4.58603e-07
3.64835e-09
3.392e-09
2.9933e-09
2.69222e-09
2.62768e-09
2.605e-09
2.61797e-09
2.6245e-09
2.59824e-09
2.58641e-09
2.61382e-09
2.67948e-09
2.78063e-09
2.85994e-09
3.0381e-09
3.22346e-09
3.48578e-09
3.49824e-09
3.49843e-09
3.33373e-09
3.04031e-09
2.88721e-09
2.64536e-09
2.48714e-09
2.4475e-09
2.49389e-09
2.48266e-09
2.30671e-09
2.03328e-09
1.80477e-09
1.52065e-09
1.28897e-09
1.10685e-09
9.7444e-10
8.72858e-10
7.94606e-10
6.98396e-10
6.16168e-10
6.95406e-08
2.24205e-08
1.92892e-07
2.47666e-07
2.54244e-07
1.87438e-07
1.47855e-07
1.81465e-07
2.35764e-07
3.0045e-07
1.7663e-06
4.43264e-07
4.61963e-07
1.32272e-06
1.38895e-06
1.39312e-06
3.58271e-07
3.43397e-07
1.53948e-06
2.60556e-07
8.93934e-07
1.92325e-07
1.74752e-07
1.44928e-07
4.31146e-07
1.26837e-07
1.15486e-07
1.08777e-07
4.7415e-07
8.75889e-08
4.12136e-07
4.10291e-07
8.02537e-08
8.11946e-08
3.62705e-07
8.4073e-08
8.85748e-08
9.48184e-08
9.40317e-08
1.73521e-07
7.10402e-08
4.94635e-08
2.80502e-08
3.23792e-07
4.41899e-09
4.01258e-10
8.76971e-11
6.49157e-10
7.58406e-10
8.18919e-10
8.34286e-10
7.0874e-08
8.41916e-10
8.42275e-08
8.25205e-10
1.07705e-07
1.185e-07
1.83696e-07
7.33306e-10
7.01112e-10
6.69612e-10
3.24918e-09
3.01527e-09
2.88258e-09
5.73924e-07
2.50277e-09
2.42864e-09
2.4174e-09
6.13686e-07
6.07284e-07
2.47646e-09
2.48096e-09
2.48406e-09
2.55412e-09
2.64409e-09
2.76043e-09
2.83155e-09
2.96766e-09
3.14418e-09
3.19638e-09
3.20211e-09
3.09604e-09
5.29314e-07
2.72168e-09
2.54327e-09
2.47092e-09
2.41815e-09
2.46933e-09
2.46281e-09
8.34215e-07
1.96382e-09
1.71314e-09
1.47043e-09
1.22925e-09
1.06941e-09
9.37776e-10
8.40567e-10
7.69715e-10
6.75216e-10
5.97544e-10
7.93485e-08
5.67847e-08
1.52151e-07
2.19157e-07
1.64735e-07
7.38397e-08
3.61896e-08
1.22343e-08
4.97607e-08
1.41337e-07
2.72017e-07
3.83664e-07
4.50442e-07
4.91299e-07
1.37664e-06
4.14984e-07
3.72485e-07
1.91283e-06
2.96438e-07
2.21483e-07
1.7938e-07
8.13491e-07
7.45348e-07
5.10731e-07
4.70075e-07
8.96542e-08
7.68981e-08
7.2675e-08
5.96542e-08
5.28905e-08
5.26051e-07
4.20016e-08
4.25267e-08
4.53129e-07
4.82014e-08
5.48498e-08
3.60465e-07
6.33596e-08
6.08129e-08
5.49716e-08
4.15324e-08
2.88128e-07
1.31422e-08
4.97406e-09
3.08355e-07
2.11337e-07
2.18164e-07
7.67109e-10
7.57619e-10
7.59369e-10
7.72538e-10
1.75033e-07
1.73725e-07
7.7543e-10
7.6278e-10
7.5198e-10
7.37624e-10
7.04624e-10
6.73399e-10
3.18778e-09
2.91846e-09
6.18622e-07
2.58731e-09
5.84667e-07
2.43211e-09
2.3537e-09
2.36149e-09
2.38376e-09
2.41254e-09
2.43771e-09
6.30784e-07
2.4536e-09
2.46055e-09
2.47177e-09
2.5173e-09
2.63491e-09
2.72308e-09
2.8559e-09
2.89239e-09
5.65096e-07
2.96798e-09
2.9082e-09
2.7916e-09
2.61686e-09
2.46643e-09
2.43673e-09
2.46164e-09
2.43888e-09
2.39563e-09
2.15716e-09
1.88779e-09
1.62272e-09
1.40191e-09
1.17788e-09
1.03193e-09
9.00396e-10
8.08223e-10
7.44252e-10
6.52173e-10
5.77393e-10
7.98509e-08
8.03977e-08
1.79457e-07
2.24728e-07
2.30421e-07
2.79583e-07
2.57751e-07
1.30542e-07
3.26419e-08
4.59223e-09
9.39856e-08
1.38693e-06
3.85832e-07
1.63098e-06
4.52189e-07
4.11989e-07
3.62621e-07
2.72166e-07
2.23759e-07
1.79708e-07
1.36783e-07
1.40481e-06
9.27659e-08
8.20967e-08
6.18135e-08
5.39393e-08
4.36637e-08
6.3572e-07
3.64529e-08
5.96021e-07
2.5829e-08
2.4408e-08
5.22626e-07
2.19601e-08
4.96689e-07
3.17002e-08
3.55224e-08
3.88407e-08
4.01955e-08
3.29683e-08
2.08515e-08
1.10457e-08
4.40813e-09
3.47458e-07
1.01951e-10
6.88964e-10
4.37741e-09
3.88033e-09
3.92539e-09
4.05456e-09
4.67173e-07
4.49111e-07
4.31464e-07
7.10641e-10
4.61153e-07
6.86549e-10
3.71087e-09
5.44221e-07
2.94966e-09
2.70217e-09
2.49957e-09
2.41939e-09
2.35285e-09
2.31961e-09
2.30782e-09
2.28646e-09
2.34992e-09
2.38854e-09
2.40777e-09
2.41017e-09
2.40683e-09
2.39673e-09
2.40725e-09
2.43893e-09
2.45999e-09
2.51297e-09
5.70684e-07
2.66483e-09
2.75909e-09
2.83939e-09
2.85877e-09
2.81134e-09
5.66139e-07
2.49623e-09
2.44383e-09
2.38649e-09
2.46409e-09
2.44113e-09
2.29535e-09
2.04446e-09
1.80056e-09
1.56128e-09
1.33368e-09
1.13455e-09
9.94208e-10
8.62567e-10
7.79789e-10
7.17047e-10
6.28872e-10
5.57109e-10
7.99536e-08
8.28375e-08
1.39401e-07
2.4311e-07
3.16623e-07
3.59395e-07
4.07158e-07
3.80939e-07
1.75551e-07
3.07459e-08
2.95693e-10
8.68512e-08
2.21006e-07
3.29931e-07
3.52791e-07
3.28779e-07
2.82371e-07
9.24786e-07
1.78061e-07
1.33979e-07
9.68407e-08
7.1652e-08
5.68647e-08
4.60338e-08
3.68718e-08
7.58389e-07
2.44189e-08
1.96113e-08
1.49296e-08
1.20662e-08
9.24895e-09
8.0697e-09
9.18651e-09
1.16317e-08
1.56222e-08
1.54329e-08
1.97026e-08
4.21905e-07
2.12287e-08
1.64495e-08
8.51392e-09
3.19914e-09
3.612e-07
2.6979e-11
6.30791e-10
3.75816e-09
5.52984e-07
3.05776e-09
3.06752e-09
3.19605e-09
3.4672e-09
3.53439e-09
3.50251e-09
3.48353e-09
3.29033e-09
3.06461e-09
2.90369e-09
2.7089e-09
2.52614e-09
2.38683e-09
2.25316e-09
2.18996e-09
2.21105e-09
2.22725e-09
6.7647e-07
2.29912e-09
2.29502e-09
2.33931e-09
2.39302e-09
2.43452e-09
2.44373e-09
2.44333e-09
2.43082e-09
2.38887e-09
2.42043e-09
2.44962e-09
2.47046e-09
2.53632e-09
2.60446e-09
2.64411e-09
2.67185e-09
2.65907e-09
2.5293e-09
2.44537e-09
2.40233e-09
2.43659e-09
2.41533e-09
7.66478e-07
2.24426e-09
1.94803e-09
1.69584e-09
1.48564e-09
1.25633e-09
1.08173e-09
9.42823e-10
8.2349e-10
7.50659e-10
6.88182e-10
6.04279e-10
5.36496e-10
8.00888e-08
8.05798e-08
9.57065e-08
1.56171e-07
1.95571e-07
1.84113e-07
2.3619e-07
3.75047e-07
3.6237e-07
1.31144e-07
1.22368e-08
2.03523e-09
8.24181e-08
1.23963e-06
2.56265e-07
5.31972e-07
5.44813e-07
1.68353e-07
1.0548e-06
8.40152e-08
1.67539e-06
4.53783e-08
3.19935e-08
2.0093e-08
1.52688e-06
1.47402e-06
7.7448e-09
7.68621e-07
4.19769e-09
2.88531e-09
1.91853e-09
1.39468e-09
5.63012e-07
2.48043e-09
4.52193e-09
7.21501e-09
3.59285e-07
9.25066e-09
8.64745e-09
3.50313e-07
2.07235e-09
3.7307e-07
6.23612e-11
2.59786e-09
3.21941e-09
2.894e-09
2.71697e-09
2.60132e-09
2.61295e-09
2.71104e-09
5.86315e-07
2.73162e-09
2.73049e-09
6.12332e-07
6.12191e-07
2.53814e-09
2.47006e-09
2.33708e-09
5.97547e-07
2.1542e-09
2.10428e-09
2.0983e-09
2.16427e-09
2.20978e-09
2.22159e-09
2.23667e-09
2.24651e-09
2.30741e-09
2.35895e-09
2.38342e-09
7.18627e-07
2.38292e-09
2.40959e-09
2.42083e-09
2.39131e-09
2.41082e-09
2.42994e-09
2.43395e-09
2.46924e-09
2.50602e-09
5.9594e-07
5.99594e-07
2.43741e-09
2.41097e-09
2.39146e-09
2.43084e-09
2.4156e-09
2.30948e-09
2.1552e-09
1.86461e-09
1.59789e-09
1.40501e-09
1.18392e-09
1.03133e-09
8.94166e-10
7.91173e-10
7.19785e-10
6.5728e-10
5.78606e-10
5.18318e-10
8.02036e-08
7.82293e-08
7.43212e-08
8.33347e-08
8.4061e-08
7.1123e-08
9.91639e-08
2.15807e-07
3.55839e-07
2.64678e-07
6.33356e-08
4.14009e-09
9.37485e-09
8.22939e-08
1.38499e-07
1.48464e-07
1.19769e-07
9.44271e-08
6.13317e-08
4.71173e-08
3.12794e-08
1.86202e-08
1.22799e-06
8.2048e-09
5.06061e-09
8.21701e-07
1.62982e-09
6.76939e-07
4.88644e-10
4.61897e-10
9.31062e-10
1.61559e-09
1.70405e-09
1.4906e-09
1.02383e-09
8.75575e-10
1.30064e-09
2.19588e-09
1.75844e-09
9.24841e-10
6.68816e-11
1.26055e-09
2.55411e-09
2.95398e-09
2.60204e-09
5.55869e-07
2.35495e-09
2.33498e-09
2.35793e-09
2.36748e-09
6.02863e-07
2.37614e-09
2.3708e-09
2.38804e-09
2.33033e-09
2.23588e-09
2.15623e-09
2.11502e-09
2.08685e-09
6.51889e-07
2.03225e-09
2.02137e-09
2.06958e-09
2.10851e-09
2.0806e-09
2.06081e-09
2.08345e-09
2.14343e-09
2.22427e-09
2.30633e-09
2.35758e-09
2.36531e-09
2.35744e-09
2.36824e-09
2.40935e-09
2.38468e-09
2.3808e-09
2.4065e-09
2.42057e-09
2.42337e-09
2.42633e-09
6.24002e-07
2.40855e-09
2.36458e-09
2.41895e-09
2.37385e-09
2.3889e-09
2.24068e-09
2.02915e-09
1.76869e-09
1.51722e-09
1.32219e-09
1.12859e-09
9.79215e-10
8.46268e-10
7.58462e-10
6.87945e-10
6.27387e-10
5.53202e-10
4.98285e-10
8.01635e-08
7.35625e-08
6.2354e-08
5.22294e-08
3.98696e-08
2.74234e-08
3.92057e-08
1.06574e-07
2.4198e-07
2.9983e-07
1.49362e-07
2.62112e-08
1.75141e-09
1.33686e-08
4.20135e-08
5.90382e-08
1.46517e-06
1.40618e-06
3.07257e-08
1.29345e-06
8.83153e-09
4.28728e-09
2.15742e-09
1.23605e-09
8.16684e-10
2.33444e-11
3.83682e-07
9.91196e-10
2.64927e-07
1.24657e-09
1.03344e-09
1.5157e-09
2.68972e-07
2.18114e-09
2.30925e-09
1.49951e-09
7.47194e-10
4.05822e-07
8.54004e-10
4.77933e-07
1.32465e-09
1.99169e-09
2.65511e-09
5.22528e-07
2.21594e-09
2.14975e-09
6.41148e-07
2.17474e-09
6.57846e-07
2.2486e-09
6.47474e-07
2.17282e-09
2.15948e-09
2.16514e-09
6.41436e-07
2.05188e-09
2.01797e-09
2.00402e-09
1.97749e-09
1.93688e-09
1.90085e-09
1.87031e-09
1.87574e-09
7.66241e-07
1.88761e-09
1.87602e-09
1.89848e-09
1.99355e-09
2.09043e-09
2.16263e-09
2.19926e-09
2.26507e-09
2.29901e-09
2.34028e-09
2.34455e-09
2.40212e-09
2.39464e-09
2.35127e-09
2.37587e-09
2.39038e-09
2.39912e-09
2.40099e-09
6.6382e-07
2.40891e-09
2.38525e-09
2.38166e-09
2.28691e-09
2.16214e-09
1.92424e-09
1.64757e-09
1.43701e-09
1.23126e-09
1.06637e-09
9.23629e-10
8.06172e-10
7.2392e-10
6.56775e-10
5.959e-10
5.30979e-10
4.77648e-10
7.96845e-08
6.48617e-08
4.51839e-08
3.03138e-08
1.62585e-08
8.84381e-09
1.60773e-08
5.44404e-08
1.50355e-07
2.48557e-07
2.04019e-07
7.29173e-08
1.22153e-08
4.14866e-10
6.69643e-09
1.04543e-06
1.8657e-08
1.22046e-08
1.09791e-06
2.45661e-09
7.57008e-10
3.24977e-10
1.55543e-10
3.16714e-07
3.09926e-11
1.43576e-10
4.0052e-10
1.34244e-09
3.07683e-07
9.17447e-10
5.63155e-10
6.4893e-10
9.33282e-10
1.42684e-09
2.52148e-09
2.6837e-07
2.84768e-09
2.27021e-09
2.14403e-09
5.21496e-07
1.78364e-09
4.97214e-07
2.10272e-09
5.96587e-07
6.451e-07
1.82451e-09
1.83656e-09
1.88724e-09
1.99465e-09
6.9934e-07
2.0442e-09
2.00062e-09
1.99114e-09
2.01006e-09
1.97596e-09
1.91212e-09
1.87246e-09
1.8442e-09
1.79172e-09
1.72232e-09
1.67682e-09
1.6525e-09
1.63492e-09
1.65778e-09
1.64082e-09
1.64849e-09
1.69249e-09
1.783e-09
1.90187e-09
2.0115e-09
2.09158e-09
2.12922e-09
2.16254e-09
2.26255e-09
2.33268e-09
2.3352e-09
2.39078e-09
2.39611e-09
2.37877e-09
2.3593e-09
2.34129e-09
2.34805e-09
2.40396e-09
2.37926e-09
2.36758e-09
2.3174e-09
2.2124e-09
2.02925e-09
1.82311e-09
1.55111e-09
1.34754e-09
1.16267e-09
1.00886e-09
8.69929e-10
7.68507e-10
6.88985e-10
6.25162e-10
5.65589e-10
5.08422e-10
4.57085e-10
7.7031e-08
5.10861e-08
2.48422e-08
1.15858e-08
4.40709e-09
2.62682e-09
7.49173e-09
2.9916e-08
9.37036e-08
1.8635e-07
2.03525e-07
1.1433e-07
3.43377e-08
7.95328e-09
5.95154e-10
1.94337e-10
5.2179e-10
1.68281e-10
7.48995e-11
1.4396e-10
6.38629e-10
6.12599e-10
3.75823e-10
2.37704e-10
4.84407e-11
2.2583e-11
8.78555e-11
1.03593e-09
3.41749e-07
5.37023e-10
3.24607e-07
1.02747e-10
2.88378e-10
8.07093e-10
1.71964e-09
2.63958e-07
2.966e-09
4.20607e-07
2.34407e-09
1.74814e-09
1.51554e-09
1.5408e-09
1.66271e-09
1.55673e-09
1.41163e-09
1.31254e-09
1.32997e-09
7.67821e-07
1.56885e-09
1.70371e-09
1.65448e-09
1.65288e-09
1.68986e-09
1.73154e-09
1.7072e-09
1.65787e-09
1.61109e-09
1.57552e-09
7.51475e-07
1.44804e-09
1.41398e-09
8.0077e-07
1.3887e-09
1.40542e-09
1.39925e-09
1.42122e-09
1.48336e-09
1.59848e-09
1.71793e-09
1.82105e-09
1.92143e-09
1.98528e-09
2.06061e-09
2.13987e-09
2.24364e-09
2.32963e-09
2.34015e-09
2.35118e-09
2.38647e-09
2.38945e-09
2.39378e-09
2.39698e-09
2.37243e-09
2.35367e-09
2.33084e-09
2.21101e-09
2.12329e-09
1.91192e-09
1.69597e-09
1.46274e-09
1.25417e-09
1.09379e-09
9.44717e-10
8.20882e-10
7.29249e-10
6.54991e-10
5.92332e-10
5.39463e-10
4.85227e-10
4.37285e-10
6.92212e-08
2.96354e-08
7.80429e-09
2.39253e-09
9.20404e-10
1.09723e-09
3.69246e-09
1.59029e-08
5.76236e-08
1.35392e-07
1.76752e-07
1.31423e-07
5.87724e-08
2.08839e-08
7.65226e-09
4.35907e-09
3.27289e-09
2.70297e-09
2.23195e-09
2.28136e-09
1.94755e-09
1.31623e-09
7.78592e-10
3.98381e-10
2.40544e-10
7.98585e-11
3.68028e-07
1.85752e-10
4.03949e-07
3.87105e-07
6.51128e-12
8.06683e-12
1.24871e-11
3.52749e-10
1.05728e-09
1.71534e-09
2.33081e-09
4.33717e-07
1.79986e-09
1.25374e-09
1.09656e-09
1.12312e-09
1.09673e-09
9.65074e-10
7.70976e-07
8.00152e-10
8.39548e-10
1.00032e-09
1.10029e-09
1.22378e-09
1.1994e-09
1.23443e-09
1.29949e-09
1.36555e-09
1.35869e-09
1.32534e-09
1.29128e-09
1.25918e-09
1.21975e-09
1.16822e-09
1.15919e-09
1.168e-09
1.13539e-09
1.15941e-09
1.17519e-09
1.21454e-09
1.28436e-09
1.39618e-09
1.52171e-09
1.64767e-09
1.76666e-09
1.81227e-09
1.90642e-09
2.03279e-09
2.12546e-09
2.22166e-09
2.30126e-09
2.33157e-09
2.33906e-09
2.3257e-09
2.34545e-09
2.33703e-09
2.34989e-09
2.31416e-09
2.2078e-09
2.13787e-09
1.98195e-09
1.79877e-09
1.57127e-09
1.36481e-09
1.17391e-09
1.02823e-09
8.83897e-10
7.77989e-10
6.90374e-10
6.19735e-10
5.60899e-10
5.13412e-10
4.6246e-10
4.17376e-10
5.46609e-08
9.11702e-09
1.22049e-09
5.00034e-10
4.27995e-10
6.35575e-10
1.69493e-09
7.4679e-09
3.32733e-08
9.49149e-08
1.44508e-07
1.28881e-07
7.57759e-08
3.65524e-08
1.81795e-08
1.1747e-08
8.86198e-09
7.09815e-09
5.80684e-09
4.92351e-09
3.57705e-09
2.03452e-09
1.24266e-09
6.60621e-10
3.24508e-10
1.8938e-10
3.97664e-11
5.16697e-07
5.64656e-11
6.24296e-11
4.884e-11
7.41297e-11
1.08775e-11
7.65141e-11
5.64013e-10
1.13116e-09
1.65518e-09
1.71068e-09
1.10856e-09
8.4461e-10
7.4668e-10
6.47407e-10
5.48873e-10
4.58643e-10
4.14005e-10
4.02429e-10
4.54959e-10
5.86251e-10
6.86087e-10
8.00705e-10
7.89575e-10
8.4642e-10
9.25748e-10
9.96909e-10
1.00931e-09
9.93541e-10
9.80316e-10
9.56527e-10
9.27209e-10
9.05435e-10
9.21035e-10
9.31307e-10
9.1514e-10
9.39266e-10
9.69362e-10
1.02129e-09
1.10575e-09
1.21743e-09
1.33736e-09
1.45753e-09
8.90352e-07
1.66348e-09
1.75575e-09
1.86962e-09
2.00838e-09
2.10989e-09
2.16979e-09
2.26039e-09
2.30838e-09
2.33383e-09
2.33943e-09
2.34523e-09
2.29112e-09
2.19113e-09
2.13992e-09
2.01235e-09
1.87058e-09
1.66209e-09
1.46756e-09
1.26308e-09
1.10102e-09
9.57453e-10
8.29194e-10
7.33279e-10
6.52832e-10
5.84682e-10
5.34617e-10
4.87066e-10
4.39624e-10
3.97539e-10
8.95217e-09
1.14768e-09
3.94763e-10
3.5986e-10
3.43046e-10
3.80857e-10
6.75456e-10
2.97087e-09
1.72289e-08
6.16026e-08
1.12429e-07
1.16394e-07
8.28929e-08
4.97634e-08
3.04086e-08
2.16407e-08
1.68451e-08
1.3476e-08
1.07462e-08
8.2852e-09
5.48344e-09
2.52383e-09
2.91103e-07
9.49757e-10
5.64368e-07
3.57405e-10
1.98384e-10
1.56986e-10
6.45874e-07
1.61743e-10
1.41109e-10
3.57838e-11
6.0905e-11
5.07369e-13
1.95778e-10
6.13263e-10
1.05878e-09
9.13603e-10
6.02678e-10
4.33241e-10
7.55642e-07
2.32852e-10
1.77904e-10
1.3677e-10
1.26286e-10
1.43448e-10
1.92753e-10
2.88449e-10
3.70092e-10
4.50168e-10
4.72874e-10
5.33751e-10
6.08269e-10
6.77331e-10
7.03592e-10
8.33652e-07
7.0549e-10
6.96528e-10
6.81704e-10
6.78246e-10
6.94103e-10
7.10017e-10
7.19934e-10
7.50878e-10
7.91794e-10
8.50464e-10
9.35184e-10
1.04516e-09
1.17014e-09
1.29203e-09
1.41378e-09
1.49551e-09
1.61131e-09
1.73139e-09
1.84398e-09
1.9846e-09
2.08426e-09
2.14674e-09
2.1768e-09
2.22798e-09
2.25667e-09
2.2278e-09
2.1726e-09
2.11619e-09
2.02158e-09
1.88064e-09
1.74621e-09
1.53685e-09
1.35779e-09
1.17378e-09
1.03134e-09
8.89377e-10
7.82027e-10
6.90051e-10
6.13531e-10
5.5426e-10
5.06657e-10
4.61838e-10
4.17108e-10
3.77859e-10
4.66275e-10
2.58854e-10
2.98688e-10
2.74813e-10
2.3767e-10
2.1154e-10
2.52391e-10
9.94765e-10
7.13645e-09
3.67754e-08
8.20443e-08
9.84333e-08
8.16818e-08
5.7629e-08
4.04979e-08
3.09604e-08
2.482e-08
1.9902e-08
1.55298e-08
1.1377e-08
7.26571e-09
3.75361e-09
2.38553e-09
1.4725e-09
1.00385e-09
8.52877e-10
5.89363e-10
3.63024e-10
2.70461e-10
2.56365e-10
1.74925e-10
5.99984e-07
5.58036e-11
1.5245e-11
1.22629e-11
1.75366e-10
6.882e-07
3.03675e-10
1.58642e-10
7.74328e-11
2.74643e-11
2.71832e-11
8.81182e-07
5.27819e-12
6.62357e-12
1.74421e-11
4.53981e-11
1.01942e-10
1.60295e-10
2.17784e-10
2.49504e-10
3.04652e-10
3.67183e-10
4.25289e-10
4.5665e-10
4.80026e-10
4.80991e-10
4.82656e-10
4.82646e-10
4.98043e-10
5.12885e-10
5.37052e-10
5.55583e-10
5.89872e-10
6.37323e-10
7.03602e-10
7.88317e-10
8.94267e-10
1.00985e-09
1.13222e-09
1.25043e-09
1.34527e-09
1.45143e-09
1.58395e-09
1.71305e-09
1.82593e-09
1.9445e-09
2.04265e-09
2.09133e-09
2.12223e-09
2.1399e-09
2.12429e-09
2.07636e-09
1.9807e-09
1.8809e-09
1.76672e-09
1.59482e-09
1.42778e-09
1.2412e-09
1.09143e-09
9.5657e-10
8.29669e-10
7.33167e-10
6.47512e-10
5.75989e-10
5.24842e-10
4.7918e-10
4.37203e-10
3.94857e-10
3.58042e-10
1.30692e-10
1.66816e-10
1.44906e-10
1.05724e-10
9.47535e-11
9.00487e-11
8.15961e-11
2.8813e-10
1.87066e-09
1.41663e-08
4.66111e-08
6.95968e-08
6.9436e-08
5.91626e-08
4.86505e-08
4.03801e-08
3.3431e-08
2.68937e-08
2.04969e-08
1.459e-08
9.65466e-09
6.3106e-09
4.5312e-09
3.55301e-09
3.04594e-09
2.64789e-09
2.04699e-09
1.44915e-09
1.03043e-09
6.68275e-10
3.5202e-10
1.35264e-10
6.07997e-11
4.60089e-11
8.22387e-07
1.45645e-11
1.67105e-12
3.15661e-12
1.08259e-11
9.82178e-12
1.11493e-11
7.87266e-12
8.22165e-12
7.13772e-12
4.66309e-12
3.14558e-12
2.44839e-12
2.43718e-14
5.5523e-12
2.57252e-11
4.65634e-11
8.04704e-11
1.20546e-10
1.59359e-10
1.88742e-10
2.10726e-10
2.23712e-10
2.34334e-10
2.47871e-10
2.63136e-10
2.88216e-10
3.23281e-10
3.48598e-10
3.84093e-10
4.34622e-10
4.99924e-10
5.80255e-10
6.80288e-10
7.85918e-10
9.00933e-10
1.00686e-09
1.11635e-09
1.22574e-09
1.34526e-09
1.46963e-09
1.60073e-09
1.71235e-09
1.79329e-09
1.84854e-09
1.88405e-09
1.90521e-09
1.87726e-09
1.82818e-09
1.76278e-09
1.67643e-09
1.54389e-09
1.4085e-09
1.23101e-09
1.09165e-09
9.61804e-10
8.42974e-10
7.42519e-10
6.59076e-10
5.80471e-10
5.25945e-10
4.78117e-10
4.3747e-10
3.98673e-10
3.60274e-10
3.29531e-10
4.83173e-11
5.97286e-11
5.60871e-11
4.28812e-11
4.61061e-11
5.10083e-11
5.16155e-11
4.21293e-11
1.4046e-10
9.83008e-10
6.01866e-09
1.71221e-08
2.56426e-08
2.7818e-08
2.65542e-08
2.39948e-08
2.10932e-08
1.75077e-08
1.35481e-08
9.94847e-09
7.31663e-09
5.75703e-09
4.92691e-09
4.50782e-09
4.28042e-09
4.08186e-09
3.70001e-09
3.02589e-09
2.13369e-09
1.20886e-09
5.65503e-10
2.4613e-10
8.05951e-11
4.26577e-11
4.13927e-11
3.26386e-11
2.32961e-11
2.17459e-11
2.23209e-11
1.85718e-11
1.65033e-11
1.44264e-11
1.20309e-11
1.28735e-11
1.0242e-11
1.33372e-12
6.79762e-13
5.25945e-12
2.30935e-12
1.96619e-12
1.09316e-12
1.4958e-14
3.06485e-12
1.30973e-11
2.67773e-11
3.98842e-11
5.23415e-11
6.45204e-11
7.96451e-11
9.55157e-11
1.17527e-10
1.43133e-10
1.70447e-10
2.03716e-10
2.46525e-10
3.01256e-10
3.71197e-10
4.54116e-10
5.43765e-10
6.43657e-10
7.38646e-10
8.44403e-10
9.44085e-10
1.05442e-09
1.16716e-09
1.2824e-09
1.38114e-09
1.46061e-09
1.51999e-09
1.56224e-09
1.57507e-09
1.54701e-09
1.50228e-09
1.44587e-09
1.38189e-09
1.27557e-09
1.14667e-09
1.01972e-09
8.9516e-10
8.0125e-10
7.09636e-10
6.26511e-10
5.62647e-10
5.03556e-10
4.57851e-10
4.17384e-10
3.81259e-10
3.49273e-10
3.17274e-10
2.89707e-10
8.69375e-12
1.8471e-11
2.81708e-11
3.51621e-11
3.25295e-11
3.26346e-11
3.50205e-11
2.82706e-11
1.31361e-11
2.12396e-11
2.78839e-11
7.34124e-11
2.38109e-10
5.39018e-10
1.05753e-09
1.77006e-09
2.46406e-09
2.78611e-09
2.65015e-09
2.31683e-09
2.00711e-09
1.80438e-09
1.72723e-09
1.81109e-09
2.08587e-09
2.52584e-09
2.90378e-09
2.86436e-09
2.2917e-09
1.45134e-09
7.26954e-10
3.20986e-10
1.51978e-10
8.43199e-11
5.63541e-11
4.05762e-11
3.25551e-11
2.87918e-11
2.67126e-11
2.41006e-11
1.99615e-11
1.64136e-11
1.27622e-11
8.28531e-12
3.88127e-12
1.53289e-12
4.9386e-12
7.21556e-12
7.62888e-13
4.95851e-13
3.54948e-12
1.87342e-12
8.14613e-13
1.51196e-12
1.99138e-13
7.38081e-15
8.24069e-13
4.17426e-12
1.11981e-11
2.14409e-11
3.60276e-11
5.35926e-11
7.43805e-11
9.93374e-11
1.31047e-10
1.72855e-10
2.25483e-10
2.88861e-10
3.59587e-10
4.4384e-10
5.25605e-10
6.16253e-10
7.07727e-10
7.97713e-10
8.95768e-10
9.89767e-10
1.07405e-09
1.14275e-09
1.20028e-09
1.24201e-09
1.25067e-09
1.22901e-09
1.18811e-09
1.15045e-09
1.10022e-09
1.0198e-09
9.14028e-10
8.21148e-10
7.35083e-10
6.56294e-10
5.86797e-10
5.27334e-10
4.78137e-10
4.29878e-10
3.91998e-10
3.6056e-10
3.307e-10
3.02278e-10
2.75815e-10
2.52611e-10
2.08115e-12
7.39777e-12
1.5095e-11
2.25046e-11
2.7931e-11
2.63771e-11
2.2876e-11
2.36688e-11
1.85991e-11
4.97772e-12
6.09684e-12
4.87807e-12
2.96736e-13
7.87991e-13
1.93405e-12
4.20014e-12
7.49355e-12
1.05746e-11
1.34257e-11
2.31732e-11
2.47572e-11
4.28431e-11
8.81354e-11
2.19063e-10
5.5154e-10
1.06423e-09
1.57463e-09
1.78887e-09
1.58943e-09
1.14091e-09
6.99458e-10
4.08143e-10
2.46279e-10
1.64123e-10
1.23844e-10
9.85851e-11
8.10948e-11
6.90562e-11
5.78758e-11
4.63558e-11
3.54035e-11
2.67007e-11
1.9685e-11
1.43112e-11
1.0306e-11
6.87939e-12
3.59998e-12
1.18884e-12
1.593e-12
5.08159e-12
3.04968e-12
1.04975e-13
5.84291e-13
2.32355e-12
1.4031e-12
5.28784e-13
6.08969e-13
7.00058e-13
7.46846e-16
5.62391e-13
4.801e-12
1.37585e-11
2.69908e-11
4.40017e-11
6.59215e-11
9.45421e-11
1.30543e-10
1.75246e-10
2.30398e-10
2.93747e-10
3.59731e-10
4.33815e-10
5.09616e-10
5.86123e-10
6.6413e-10
7.40657e-10
8.08269e-10
8.6705e-10
9.15281e-10
9.50845e-10
9.56008e-10
9.45508e-10
9.21948e-10
8.88003e-10
8.50602e-10
7.92816e-10
7.24228e-10
6.51909e-10
5.90985e-10
5.3449e-10
4.82449e-10
4.37069e-10
3.97096e-10
3.6262e-10
3.33193e-10
3.06524e-10
2.82607e-10
2.58911e-10
2.36361e-10
2.17369e-10
6.47248e-13
3.52726e-12
7.95201e-12
1.33064e-11
1.69721e-11
1.84708e-11
1.59748e-11
1.41218e-11
1.42223e-11
1.18713e-11
3.35337e-12
2.73416e-12
2.27724e-12
1.93866e-14
3.31771e-14
5.01506e-14
6.64817e-14
8.59235e-14
1.18012e-13
2.02155e-13
4.90213e-13
1.46601e-12
4.97714e-12
1.60148e-11
1.48253e-10
3.61439e-10
5.74788e-10
6.8292e-10
6.45028e-10
5.17632e-10
3.99878e-10
3.04138e-10
2.3229e-10
1.82959e-10
1.48014e-10
1.20597e-10
9.83743e-11
7.90399e-11
6.25762e-11
4.8872e-11
3.73899e-11
2.77175e-11
2.01474e-11
1.44958e-11
1.05153e-11
7.80376e-12
5.83414e-12
4.07644e-12
2.28097e-12
8.31814e-13
6.51732e-13
2.44866e-12
3.06986e-12
7.25336e-13
1.61945e-14
6.56113e-13
1.34624e-12
5.62232e-13
2.5707e-13
4.82409e-13
2.96832e-16
1.11241e-12
6.46926e-12
1.63004e-11
3.04007e-11
4.88826e-11
7.24725e-11
1.03084e-10
1.41315e-10
1.86286e-10
2.35974e-10
2.94787e-10
3.53593e-10
4.1429e-10
4.752e-10
5.36652e-10
5.90333e-10
6.37967e-10
6.76497e-10
7.03096e-10
7.12778e-10
7.1037e-10
6.97945e-10
6.76904e-10
6.46874e-10
6.09208e-10
5.62339e-10
5.15077e-10
4.70446e-10
4.2804e-10
3.90873e-10
3.57836e-10
3.27874e-10
3.01727e-10
2.78586e-10
2.57279e-10
2.37823e-10
2.18692e-10
1.99883e-10
1.84113e-10
0
2.0468e-12
4.29499e-12
7.16284e-12
9.66493e-12
1.11837e-11
1.03689e-11
7.63385e-12
8.11984e-12
7.92598e-12
6.37077e-12
1.70412e-12
1.44128e-12
1.39546e-12
9.04809e-13
4.85119e-15
5.67964e-15
6.03407e-15
6.60949e-15
8.13726e-15
1.46453e-14
3.88992e-14
1.31524e-13
4.45654e-13
5.66797e-12
3.65723e-11
7.32148e-11
1.01722e-10
1.13047e-10
1.08948e-10
9.6776e-11
8.29364e-11
7.05312e-11
6.03146e-11
5.19101e-11
4.51613e-11
3.94273e-11
3.41882e-11
2.95554e-11
2.53915e-11
2.1417e-11
1.74209e-11
1.36927e-11
1.04412e-11
7.7447e-12
6.07416e-12
4.73025e-12
3.72136e-12
2.89016e-12
2.04682e-12
1.16243e-12
4.49396e-13
3.3452e-13
1.22455e-12
1.85932e-12
5.75363e-13
8.54655e-15
4.96342e-13
6.75913e-13
1.72866e-13
3.43226e-13
6.48065e-15
4.53369e-13
4.10293e-12
1.1862e-11
2.3309e-11
3.85735e-11
5.83621e-11
8.30387e-11
1.13154e-10
1.49481e-10
1.91062e-10
2.34624e-10
2.80024e-10
3.28561e-10
3.74735e-10
4.17181e-10
4.54249e-10
4.84066e-10
5.05633e-10
5.17414e-10
5.20219e-10
5.16114e-10
5.05359e-10
4.87607e-10
4.61595e-10
4.30876e-10
3.99605e-10
3.68498e-10
3.39362e-10
3.12607e-10
2.88356e-10
2.66418e-10
2.46893e-10
2.29307e-10
2.12572e-10
1.97042e-10
1.81721e-10
1.66917e-10
1.54101e-10
0
1.02014e-12
2.30417e-12
3.76952e-12
5.43572e-12
6.11206e-12
6.10147e-12
5.01025e-12
4.60634e-12
4.66496e-12
4.40112e-12
3.4942e-12
1.17531e-12
8.42976e-13
8.75784e-13
7.86066e-13
5.2663e-13
5.68555e-14
1.89294e-15
2.04801e-15
2.3313e-15
3.08608e-15
5.16284e-15
1.07584e-14
2.60838e-14
5.73225e-14
1.1002e-13
3.08667e-12
6.86236e-12
9.69516e-12
1.12919e-11
1.18828e-11
1.18617e-11
1.16438e-11
1.13052e-11
1.09584e-11
1.06583e-11
1.03581e-11
9.99969e-12
9.61133e-12
8.97306e-12
8.07843e-12
7.03198e-12
5.87618e-12
4.75262e-12
3.68983e-12
2.78972e-12
2.12289e-12
1.75281e-12
1.47366e-12
1.16806e-12
8.07567e-13
4.22556e-13
1.54626e-13
2.6775e-13
8.77137e-13
6.91261e-13
3.17081e-14
1.42435e-13
4.60538e-13
1.27104e-13
2.1502e-13
5.13512e-15
3.62719e-13
3.30644e-12
9.59519e-12
1.89503e-11
3.12883e-11
4.67612e-11
6.64758e-11
9.00991e-11
1.17687e-10
1.47887e-10
1.81146e-10
2.16079e-10
2.5009e-10
2.81944e-10
3.10519e-10
3.33826e-10
3.52354e-10
3.65304e-10
3.71519e-10
3.72216e-10
3.67475e-10
3.58055e-10
3.43313e-10
3.24712e-10
3.03894e-10
2.83552e-10
2.6379e-10
2.45123e-10
2.28135e-10
2.12712e-10
1.98443e-10
1.8545e-10
1.72883e-10
1.60783e-10
1.48666e-10
1.36984e-10
1.26819e-10
0
4.57571e-16
1.2733e-12
2.08537e-12
2.62792e-12
3.35662e-12
3.55173e-12
3.02013e-12
2.53914e-12
2.78951e-12
2.85049e-12
2.65167e-12
2.09904e-12
9.25044e-13
5.0636e-13
5.2856e-13
5.02828e-13
4.09911e-13
2.26725e-13
9.02718e-16
1.00202e-15
1.11704e-15
1.26912e-15
1.51261e-15
1.95895e-15
2.77829e-15
4.10529e-15
6.01112e-15
8.26816e-15
1.17456e-14
1.47691e-14
1.84505e-14
2.15441e-14
2.46627e-13
5.92601e-13
9.67135e-13
1.35002e-12
1.75557e-12
2.13383e-12
2.44994e-12
2.62599e-12
2.6821e-12
2.58902e-12
2.41695e-12
2.14826e-12
1.83548e-12
1.50634e-12
1.1998e-12
9.50819e-13
7.64146e-13
6.25401e-13
4.98016e-13
3.64014e-13
2.09999e-13
8.13771e-14
9.0104e-14
3.86112e-13
3.84297e-13
1.79738e-14
9.65008e-14
2.7611e-13
7.12769e-14
1.64495e-13
3.4692e-16
3.84304e-13
2.88964e-12
7.96579e-12
1.53349e-11
2.49806e-11
3.69873e-11
5.15012e-11
6.87093e-11
8.8701e-11
1.10857e-10
1.34296e-10
1.58006e-10
1.80959e-10
2.0204e-10
2.20925e-10
2.37033e-10
2.49398e-10
2.573e-10
2.61104e-10
2.6075e-10
2.56387e-10
2.48425e-10
2.37891e-10
2.25515e-10
2.12939e-10
2.00308e-10
1.88186e-10
1.7706e-10
1.66532e-10
1.56466e-10
1.47029e-10
1.37694e-10
1.28506e-10
1.19297e-10
1.10199e-10
1.02496e-10
0
0
3.0497e-14
1.10562e-12
1.68097e-12
1.75465e-12
1.7758e-12
1.77951e-12
1.46714e-12
1.59614e-12
1.67701e-12
1.7325e-12
1.66514e-12
1.31793e-12
6.14821e-13
3.12805e-13
3.21681e-13
3.10193e-13
2.70215e-13
1.88036e-13
4.40531e-14
5.84816e-16
6.43762e-16
6.90689e-16
7.28277e-16
7.68885e-16
8.31951e-16
9.20008e-16
1.02917e-15
1.18103e-15
1.32154e-15
1.49869e-15
1.7117e-15
2.00576e-15
2.44835e-15
2.98361e-15
4.07706e-15
5.40826e-15
1.62742e-13
3.29505e-13
4.72403e-13
5.8501e-13
6.66953e-13
7.18883e-13
7.30234e-13
6.9867e-13
6.37849e-13
5.53874e-13
4.68197e-13
3.88159e-13
3.25621e-13
2.75438e-13
2.27774e-13
1.70562e-13
9.99335e-14
3.78307e-14
5.19552e-14
2.16528e-13
1.69223e-13
3.66656e-15
9.64854e-14
1.61625e-13
4.05698e-14
1.24718e-13
1.15075e-17
3.86919e-13
2.40336e-12
6.29743e-12
1.18907e-11
1.90187e-11
2.76032e-11
3.79906e-11
5.00992e-11
6.37563e-11
7.85795e-11
9.40738e-11
1.09639e-10
1.25149e-10
1.39406e-10
1.52194e-10
1.62859e-10
1.7074e-10
1.75873e-10
1.78122e-10
1.7756e-10
1.74585e-10
1.6958e-10
1.63073e-10
1.55719e-10
1.48271e-10
1.40829e-10
1.33826e-10
1.27104e-10
1.20314e-10
1.13818e-10
1.0726e-10
1.00655e-10
9.39588e-11
8.73568e-11
8.15328e-11
0
0
0
3.4453e-15
6.81182e-13
9.78977e-13
1.13071e-12
1.00325e-12
8.09198e-13
8.8963e-13
1.02569e-12
1.08616e-12
1.0705e-12
9.80903e-13
7.60201e-13
3.12194e-13
1.99772e-13
2.05271e-13
2.00987e-13
1.81937e-13
1.40734e-13
6.85715e-14
3.69096e-16
4.00272e-16
4.20464e-16
4.2708e-16
4.24427e-16
4.1269e-16
4.0421e-16
3.95335e-16
3.90306e-16
3.9006e-16
3.98946e-16
4.18571e-16
4.50209e-16
5.06292e-16
5.79752e-16
6.89168e-16
8.54e-16
1.07027e-15
6.57963e-15
6.78366e-14
1.21399e-13
1.64966e-13
1.97647e-13
2.16417e-13
2.21256e-13
2.1799e-13
2.0362e-13
1.82007e-13
1.58837e-13
1.39613e-13
1.23129e-13
1.05097e-13
8.0044e-14
4.60938e-14
1.71673e-14
3.84214e-14
1.40795e-13
7.56218e-14
9.10981e-16
9.20514e-14
9.95018e-14
2.83036e-14
9.01129e-14
1.18797e-16
2.96985e-13
1.75173e-12
4.51619e-12
8.45619e-12
1.34056e-11
1.93723e-11
2.63152e-11
3.43119e-11
4.31418e-11
5.28028e-11
6.30469e-11
7.32571e-11
8.3257e-11
9.2696e-11
1.01113e-10
1.07989e-10
1.13171e-10
1.16531e-10
1.18077e-10
1.17999e-10
1.16446e-10
1.13738e-10
1.10369e-10
1.06637e-10
1.02587e-10
9.8501e-11
9.47062e-11
9.05185e-11
8.61964e-11
8.16757e-11
7.7078e-11
7.2341e-11
6.76562e-11
6.34908e-11
0
0
0
0
9.20029e-18
1.55251e-13
5.14266e-13
5.96877e-13
5.85153e-13
5.00196e-13
5.29846e-13
6.23457e-13
6.79782e-13
6.77933e-13
5.89555e-13
4.0797e-13
1.16414e-13
1.25155e-13
1.31279e-13
1.32541e-13
1.25379e-13
1.0465e-13
6.70686e-14
1.11683e-14
2.65625e-16
2.75567e-16
2.76086e-16
2.71042e-16
2.59263e-16
2.45612e-16
2.3075e-16
2.17917e-16
2.07675e-16
2.01039e-16
1.99283e-16
2.0165e-16
2.08181e-16
2.22394e-16
2.42907e-16
2.70921e-16
3.15713e-16
3.74403e-16
4.49679e-16
1.46831e-14
4.12439e-14
6.25846e-14
7.77203e-14
8.58261e-14
8.7784e-14
8.38532e-14
7.66759e-14
7.06644e-14
6.531e-14
6.00737e-14
5.32231e-14
4.1405e-14
2.37223e-14
9.11202e-15
2.83134e-14
9.02077e-14
3.82967e-14
7.29199e-16
7.54425e-14
7.04848e-14
2.13274e-14
7.14437e-14
9.65817e-20
1.51171e-13
1.03313e-12
2.80778e-12
5.39187e-12
8.6542e-12
1.25035e-11
1.69685e-11
2.20963e-11
2.78344e-11
3.40003e-11
4.04306e-11
4.69966e-11
5.34296e-11
5.94773e-11
6.48625e-11
6.94411e-11
7.29744e-11
7.53957e-11
7.67398e-11
7.72e-11
7.68332e-11
7.58456e-11
7.43731e-11
7.24398e-11
7.00768e-11
6.84286e-11
6.60291e-11
6.33762e-11
6.05411e-11
5.75309e-11
5.43571e-11
5.11986e-11
4.83743e-11
0
0
0
0
0
0
3.42474e-16
1.17204e-13
2.77736e-13
2.98543e-13
3.66174e-13
3.67927e-13
3.69202e-13
4.01297e-13
3.96021e-13
3.37549e-13
2.0476e-13
7.81569e-14
8.34377e-14
8.74944e-14
8.91427e-14
8.64987e-14
7.68993e-14
5.79936e-14
2.82643e-14
1.81745e-16
1.89245e-16
1.91749e-16
1.88858e-16
1.8181e-16
1.72333e-16
1.61894e-16
1.52275e-16
1.44061e-16
1.36945e-16
1.32207e-16
1.28465e-16
1.27247e-16
1.27683e-16
1.31482e-16
1.38666e-16
1.49672e-16
1.64968e-16
1.84632e-16
2.1032e-16
2.92572e-16
1.7482e-14
3.04943e-14
3.88743e-14
4.25359e-14
4.26464e-14
4.01882e-14
3.68986e-14
3.41263e-14
3.23215e-14
2.98849e-14
2.41817e-14
1.40347e-14
5.63585e-15
1.87282e-14
5.76217e-14
2.69716e-14
4.91275e-16
5.35704e-14
5.76875e-14
1.67404e-14
5.49628e-14
1.70597e-15
3.97831e-14
4.57369e-13
1.46224e-12
3.01872e-12
5.04976e-12
7.47054e-12
1.02781e-11
1.34787e-11
1.70454e-11
2.09032e-11
2.49448e-11
2.90842e-11
3.3221e-11
3.71363e-11
4.06365e-11
4.35847e-11
4.61104e-11
4.80307e-11
4.93463e-11
5.01021e-11
5.0365e-11
5.01959e-11
4.96115e-11
4.88293e-11
4.80681e-11
4.68835e-11
4.54347e-11
4.37675e-11
4.19321e-11
3.99386e-11
3.78962e-11
3.60407e-11
0
0
0
0
0
0
0
0
2.06837e-16
1.78503e-14
1.66173e-13
2.23024e-13
2.73455e-13
2.54956e-13
2.37707e-13
2.12737e-13
1.75691e-13
8.24439e-14
5.30784e-14
5.76449e-14
6.10324e-14
6.30418e-14
6.24849e-14
5.82267e-14
4.84946e-14
3.26106e-14
1.08358e-14
1.32066e-16
1.34949e-16
1.34893e-16
1.32156e-16
1.27386e-16
1.21715e-16
1.15755e-16
1.09748e-16
1.03987e-16
9.87469e-17
9.38867e-17
9.04729e-17
8.7708e-17
8.63692e-17
8.61811e-17
8.75128e-17
9.09737e-17
9.64862e-17
1.04917e-16
1.15267e-16
1.27643e-16
8.22942e-15
1.67151e-14
2.16978e-14
2.34256e-14
2.29324e-14
2.15284e-14
2.02423e-14
1.92183e-14
1.77567e-14
1.46876e-14
8.98401e-15
3.61527e-15
1.07054e-14
3.62959e-14
2.3085e-14
3.6036e-16
3.00336e-14
4.92807e-14
1.58429e-14
2.87524e-14
1.48174e-14
2.30153e-15
1.38097e-13
6.23036e-13
1.48987e-12
2.69015e-12
4.19473e-12
5.95054e-12
7.93864e-12
1.01308e-11
1.24958e-11
1.50337e-11
1.76547e-11
2.02417e-11
2.27331e-11
2.50777e-11
2.71785e-11
2.89603e-11
3.0391e-11
3.14777e-11
3.22356e-11
3.26812e-11
3.28192e-11
3.28076e-11
3.26203e-11
3.21543e-11
3.14843e-11
3.06326e-11
2.96313e-11
2.84874e-11
2.72768e-11
2.6153e-11
0
0
0
0
0
0
0
0
0
0
1.58597e-19
1.6326e-14
1.1618e-13
1.48975e-13
1.83917e-13
1.6284e-13
1.31415e-13
8.53694e-14
2.9239e-14
3.48128e-14
3.98514e-14
4.37202e-14
4.61829e-14
4.69995e-14
4.51678e-14
4.04176e-14
3.20536e-14
2.02106e-14
5.14125e-15
9.73548e-17
9.80267e-17
9.71256e-17
9.50345e-17
9.1995e-17
8.84433e-17
8.46852e-17
8.08241e-17
7.67532e-17
7.28812e-17
6.91574e-17
6.56433e-17
6.24761e-17
6.00751e-17
5.83961e-17
5.72971e-17
5.71778e-17
5.83118e-17
6.02621e-17
6.31855e-17
6.62969e-17
4.95775e-15
9.74863e-15
1.22146e-14
1.28737e-14
1.24885e-14
1.19062e-14
1.14882e-14
1.08564e-14
9.11131e-15
5.67487e-15
2.26904e-15
5.35503e-15
2.11564e-14
1.93393e-14
6.6314e-16
1.16929e-14
3.78767e-14
1.68748e-14
1.10719e-14
2.71694e-14
6.18634e-17
2.46622e-14
2.17171e-13
6.57715e-13
1.34393e-12
2.24184e-12
3.33448e-12
4.57272e-12
5.9474e-12
7.43881e-12
9.01319e-12
1.06466e-11
1.23001e-11
1.39064e-11
1.54331e-11
1.6835e-11
1.80948e-11
1.91503e-11
1.99961e-11
2.06278e-11
2.10578e-11
2.13553e-11
2.14836e-11
2.14299e-11
2.12207e-11
2.08683e-11
2.03924e-11
1.98002e-11
1.91459e-11
1.8517e-11
0
0
0
0
0
0
0
0
0
0
0
0
9.05442e-20
7.1738e-15
6.45668e-14
9.03458e-14
8.99774e-14
8.32207e-14
4.53768e-14
2.19663e-14
2.36137e-14
2.54763e-14
2.97718e-14
3.44172e-14
3.60477e-14
3.61992e-14
3.39584e-14
2.94967e-14
2.27173e-14
1.38636e-14
3.30869e-15
7.19313e-17
7.24281e-17
7.20392e-17
7.05244e-17
6.84432e-17
6.60037e-17
6.33222e-17
6.05756e-17
5.76725e-17
5.48204e-17
5.19845e-17
4.90984e-17
4.63046e-17
4.35985e-17
4.10306e-17
3.89163e-17
3.71288e-17
3.55475e-17
3.44745e-17
3.36405e-17
3.30804e-17
3.45268e-15
5.61568e-15
6.54136e-15
6.70326e-15
6.60957e-15
6.48518e-15
6.1908e-15
5.30229e-15
3.47339e-15
1.45294e-15
2.52619e-15
1.10123e-14
1.18187e-14
1.19041e-15
2.83955e-15
2.32882e-14
1.55714e-14
5.43224e-15
1.74048e-14
3.16646e-15
2.01423e-15
6.48804e-14
2.71663e-13
6.4136e-13
1.16409e-12
1.81709e-12
2.58274e-12
3.43215e-12
4.36315e-12
5.35363e-12
6.37477e-12
7.41232e-12
8.45011e-12
9.43705e-12
1.03532e-11
1.11705e-11
1.1875e-11
1.24644e-11
1.29443e-11
1.33236e-11
1.35838e-11
1.37269e-11
1.37629e-11
1.3698e-11
1.3542e-11
1.32997e-11
1.30058e-11
1.27031e-11
0
0
0
0
0
0
0
0
0
0
0
0
0
0
1.58287e-20
4.97241e-19
1.56778e-14
3.99967e-14
3.13504e-14
8.74494e-15
1.47481e-14
1.89567e-14
2.05314e-14
2.21201e-14
2.32774e-14
2.55118e-14
2.76588e-14
2.80895e-14
2.58681e-14
2.21137e-14
1.65885e-14
9.70816e-15
1.76421e-15
5.43317e-17
5.37464e-17
5.29036e-17
5.2342e-17
5.13988e-17
5.03389e-17
4.88614e-17
4.69484e-17
4.48502e-17
4.27114e-17
4.0399e-17
3.80654e-17
3.55256e-17
3.28992e-17
3.01335e-17
2.73483e-17
2.48016e-17
2.23397e-17
1.99532e-17
1.78654e-17
6.34291e-16
2.20834e-15
2.97551e-15
3.25478e-15
3.32978e-15
3.35992e-15
3.28922e-15
2.85881e-15
1.89337e-15
8.11168e-16
1.23977e-15
5.64512e-15
6.5849e-15
9.05938e-16
5.27208e-16
1.08647e-14
1.062e-14
3.75344e-15
7.15357e-15
6.76452e-15
9.37422e-18
1.6563e-14
1.0619e-13
2.97094e-13
5.88539e-13
9.68159e-13
1.42759e-12
1.95027e-12
2.51843e-12
3.13245e-12
3.7693e-12
4.41201e-12
5.04933e-12
5.67108e-12
6.25526e-12
6.78164e-12
7.24826e-12
7.64942e-12
7.98879e-12
8.2585e-12
8.46066e-12
8.59886e-12
8.67106e-12
8.68409e-12
8.6384e-12
8.55324e-12
8.44559e-12
0
0
0
0
0
0
0
0
0
0
0
0
0
0
0
0
8.26545e-23
1.03026e-19
1.82387e-15
7.57082e-15
0
4.55414e-18
4.891e-15
1.45279e-14
1.83437e-14
1.95994e-14
2.048e-14
2.04309e-14
1.99387e-14
1.96286e-14
1.82931e-14
1.56721e-14
1.14498e-14
6.04258e-15
4.31723e-17
4.30025e-17
4.2466e-17
4.16743e-17
4.07491e-17
3.97092e-17
3.86248e-17
3.80982e-17
3.72596e-17
3.60782e-17
3.43343e-17
3.23292e-17
3.01883e-17
2.78088e-17
2.53262e-17
2.26326e-17
1.98055e-17
1.70557e-17
1.44491e-17
1.20105e-17
9.74245e-18
5.83164e-16
1.19794e-15
1.45785e-15
1.54663e-15
1.60893e-15
1.6127e-15
1.42993e-15
9.76472e-16
4.23104e-16
6.33257e-16
2.891e-15
3.65585e-15
6.33116e-16
1.01759e-16
3.71539e-15
5.47741e-15
2.38539e-15
2.773e-15
5.84213e-15
4.65627e-17
3.47249e-15
3.83274e-14
1.29208e-13
2.8174e-13
4.95031e-13
7.61074e-13
1.0721e-12
1.41525e-12
1.78303e-12
2.17037e-12
2.56334e-12
2.95032e-12
3.3206e-12
3.6771e-12
4.00916e-12
4.31146e-12
4.57944e-12
4.81063e-12
5.00329e-12
5.15531e-12
5.26775e-12
5.34414e-12
5.38877e-12
5.40982e-12
5.40844e-12
0
0
0
0
0
0
0
0
0
0
0
0
0
0
0
0
0
0
6.16543e-23
1.53871e-20
6.15181e-20
0
0
1.56514e-23
7.36826e-18
5.2693e-15
1.3563e-14
1.6455e-14
1.7541e-14
1.70387e-14
1.62104e-14
1.44748e-14
1.22521e-14
9.47731e-15
6.47155e-15
2.73861e-15
2.47151e-17
3.3409e-17
3.39043e-17
3.36403e-17
3.32388e-17
3.25178e-17
3.17139e-17
3.07418e-17
2.97861e-17
2.90339e-17
2.79637e-17
2.61592e-17
2.40922e-17
2.19188e-17
1.95023e-17
1.70848e-17
1.45473e-17
1.20194e-17
9.65081e-18
7.50279e-18
5.62702e-18
3.1833e-16
5.95072e-16
6.69273e-16
7.21353e-16
7.50096e-16
6.90025e-16
4.88071e-16
2.1875e-16
3.15373e-16
1.4412e-15
1.97364e-15
3.8638e-16
3.41081e-17
1.42209e-15
2.00502e-15
1.20422e-15
9.2189e-16
3.33312e-15
3.4138e-16
4.61665e-16
1.22828e-14
5.20991e-14
1.26529e-13
2.36894e-13
3.80177e-13
5.51283e-13
7.47739e-13
9.63068e-13
1.18797e-12
1.41911e-12
1.64937e-12
1.87231e-12
2.08607e-12
2.28887e-12
2.47958e-12
2.65438e-12
2.8105e-12
2.94406e-12
3.05727e-12
3.14678e-12
3.21659e-12
3.27897e-12
3.32186e-12
0
0
0
0
0
0
0
0
0
0
0
0
0
0
0
0
0
0
0
0
0
1.84153e-21
0
0
0
0
1.73295e-23
5.61604e-18
2.77427e-15
7.68985e-15
1.19562e-14
1.27395e-14
1.2449e-14
1.08064e-14
8.72982e-15
6.35088e-15
3.58569e-15
5.56073e-16
8.53185e-19
5.7282e-18
1.40378e-17
2.30994e-17
2.74524e-17
2.71469e-17
2.65798e-17
2.56732e-17
2.46143e-17
2.32843e-17
2.23255e-17
2.09988e-17
1.92028e-17
1.71423e-17
1.50186e-17
1.28439e-17
1.07086e-17
8.61531e-18
6.6466e-18
4.86727e-18
3.38824e-18
1.14013e-16
2.70991e-16
3.14739e-16
3.31114e-16
3.24644e-16
2.48994e-16
1.15242e-16
1.30568e-16
6.95767e-16
1.0401e-15
2.65059e-16
8.18527e-18
6.27357e-16
1.15881e-15
6.05973e-16
3.0212e-16
1.30109e-15
6.26377e-16
7.5306e-18
2.65555e-15
1.70317e-14
5.00088e-14
1.0324e-13
1.7606e-13
2.6601e-13
3.6981e-13
4.85434e-13
6.0807e-13
7.32792e-13
8.62286e-13
9.91786e-13
1.11998e-12
1.24404e-12
1.35968e-12
1.47039e-12
1.57148e-12
1.66279e-12
1.74326e-12
1.81573e-12
1.8813e-12
1.93676e-12
0
0
0
0
0
0
0
0
0
0
0
0
0
0
0
0
0
0
0
0
0
0
0
0
0
0
0
0
0
1.88107e-24
2.1406e-23
5.0007e-18
1.46724e-15
3.52308e-15
5.4983e-15
6.31271e-15
5.37933e-15
3.811e-15
1.60603e-15
2.31147e-28
5.14702e-28
9.67569e-20
6.63175e-19
5.84112e-18
1.4487e-17
2.27734e-17
2.22378e-17
2.15258e-17
2.04154e-17
1.9182e-17
1.77455e-17
1.64142e-17
1.50013e-17
1.33783e-17
1.15028e-17
9.64696e-18
7.90137e-18
6.19228e-18
4.66416e-18
3.29125e-18
2.14309e-18
2.66093e-18
1.16652e-16
1.47391e-16
1.56794e-16
1.33888e-16
7.17143e-17
4.29051e-17
2.48805e-16
5.48513e-16
2.06122e-16
4.30598e-18
2.20799e-16
6.49262e-16
4.32639e-16
1.62279e-16
3.28279e-16
5.65995e-16
2.08919e-17
2.28209e-16
3.90199e-15
1.5416e-14
3.71895e-14
6.9941e-14
1.13573e-13
1.66077e-13
2.2552e-13
2.90181e-13
3.58249e-13
4.27117e-13
4.97356e-13
5.67516e-13
6.36063e-13
7.01727e-13
7.64144e-13
8.26245e-13
8.86408e-13
9.45451e-13
1.0044e-12
1.05275e-12
0
0
0
0
0
0
0
0
0
0
0
0
0
0
0
0
0
0
0
0
0
0
0
0
0
0
0
0
0
0
0
0
0
0
5.62771e-24
1.85166e-19
2.58955e-18
5.88873e-16
1.21188e-15
1.2881e-15
1.56047e-16
0
0
2.43845e-28
3.08289e-20
3.48033e-19
2.67175e-18
9.9192e-18
1.68352e-17
1.78138e-17
1.6924e-17
1.56915e-17
1.43428e-17
1.29381e-17
1.14281e-17
1.01523e-17
8.77226e-18
7.31201e-18
5.83511e-18
4.47939e-18
3.29075e-18
2.24783e-18
1.42115e-18
8.21651e-19
4.29815e-17
6.86462e-17
7.38372e-17
5.34302e-17
2.12251e-17
4.4549e-17
2.43812e-16
1.79887e-16
1.04594e-17
4.27565e-17
3.26971e-16
3.14479e-16
1.38817e-16
1.08626e-16
3.23778e-16
8.98226e-17
9.38469e-19
3.71766e-16
2.82671e-15
9.59718e-15
2.17371e-14
3.93105e-14
6.19078e-14
8.91106e-14
1.19799e-13
1.53288e-13
1.8839e-13
2.23704e-13
2.6023e-13
2.96511e-13
3.3252e-13
3.67544e-13
4.04544e-13
4.43462e-13
4.84468e-13
5.21447e-13
0
0
0
0
0
0
0
0
0
0
0
0
0
0
0
0
0
0
0
0
0
0
0
0
0
0
0
0
0
0
0
0
0
0
0
0
0
0
0
2.69354e-24
4.48739e-19
6.37107e-17
0
0
0
0
1.31153e-28
3.68085e-21
1.59701e-19
6.09498e-19
5.8463e-18
1.08084e-17
1.37857e-17
1.27142e-17
1.1576e-17
1.02839e-17
8.9882e-18
7.7183e-18
6.44282e-18
5.36522e-18
4.31744e-18
3.2849e-18
2.33368e-18
1.55191e-18
9.52398e-19
5.3971e-19
7.15823e-18
3.04131e-17
3.37814e-17
2.26334e-17
7.07649e-18
6.69834e-17
1.2975e-16
3.15382e-17
2.14401e-18
1.04091e-16
2.01149e-16
1.23192e-16
5.16898e-17
1.23556e-16
1.60487e-16
3.70227e-18
3.43577e-17
5.35965e-16
2.06454e-15
4.91922e-15
9.27832e-15
1.53372e-14
2.31586e-14
3.37189e-14
4.62597e-14
6.0214e-14
7.53812e-14
9.16634e-14
1.12728e-13
1.36553e-13
1.63539e-13
1.94608e-13
2.29766e-13
2.63881e-13
0
0
0
0
0
0
0
0
0
0
0
0
0
0
0
0
0
0
0
0
0
0
0
0
0
0
0
0
0
0
0
0
0
0
0
0
0
0
0
0
0
0
0
0
0
0
0
0
0
4.4653e-29
2.25995e-28
4.08769e-20
2.85359e-19
1.5673e-18
4.88415e-18
7.58248e-18
9.18705e-18
8.09862e-18
7.03037e-18
5.9295e-18
4.87038e-18
3.91819e-18
3.02938e-18
2.30163e-18
1.68038e-18
1.1031e-18
6.51709e-19
3.63711e-19
2.03914e-19
9.94974e-18
1.61719e-17
9.50482e-18
3.19573e-18
4.3481e-17
5.66e-17
2.03547e-18
1.25637e-17
9.86077e-17
8.61674e-17
3.88817e-17
3.95618e-17
1.10198e-16
2.49859e-17
7.68303e-19
1.32918e-16
7.78585e-16
2.17505e-15
4.45565e-15
7.69485e-15
1.1911e-14
1.72321e-14
2.36762e-14
3.15552e-14
4.0812e-14
5.16685e-14
6.49284e-14
8.0746e-14
9.9518e-14
1.20927e-13
1.42579e-13
0
0
0
0
0
0
0
0
0
0
0
0
0
0
0
0
0
0
0
0
0
0
0
0
0
0
0
0
0
0
0
0
0
0
0
0
0
0
0
0
0
0
0
0
0
0
0
0
0
0
0
0
0
7.18598e-29
1.77375e-28
2.69609e-20
1.51472e-19
3.10277e-19
2.06222e-18
3.5472e-18
4.53955e-18
4.46185e-18
3.62861e-18
2.86201e-18
2.16978e-18
1.59981e-18
1.11083e-18
7.68016e-19
4.80737e-19
2.5705e-19
1.3804e-19
8.94092e-20
6.37018e-18
4.33046e-18
1.80364e-18
2.65865e-17
1.65819e-17
1.31279e-19
2.80589e-17
5.0382e-17
2.95171e-17
1.40168e-17
4.72732e-17
2.8582e-17
1.17713e-22
3.82942e-17
3.1741e-16
1.02437e-15
2.27439e-15
4.12785e-15
6.60608e-15
9.78498e-15
1.3728e-14
1.84741e-14
2.43147e-14
3.13103e-14
3.96264e-14
4.96873e-14
6.15058e-14
7.3281e-14
0
0
0
0
0
0
0
0
0
0
0
0
0
0
0
0
0
0
0
0
0
0
0
0
0
0
0
0
0
0
0
0
0
0
0
0
0
0
0
0
0
0
0
0
0
0
0
0
0
0
0
0
0
0
0
0
0
8.95221e-30
7.2505e-29
1.17724e-28
1.95698e-20
9.69047e-20
2.71189e-19
1.21504e-18
1.83558e-18
2.04043e-18
1.5451e-18
1.11935e-18
7.75286e-19
5.10348e-19
3.27769e-19
2.02462e-19
1.03409e-19
6.09125e-20
7.938e-19
1.6243e-18
1.11858e-18
1.7625e-17
3.62586e-18
1.918e-18
2.28991e-17
1.82417e-17
5.72211e-18
1.68529e-17
1.77474e-17
9.05725e-21
1.76177e-17
1.63226e-16
5.56219e-16
1.26712e-15
2.34541e-15
3.83792e-15
5.79488e-15
8.27706e-15
1.13338e-14
1.50869e-14
1.96928e-14
2.52339e-14
3.1918e-14
3.88387e-14
0
0
0
0
0
0
0
0
0
0
0
0
0
0
0
0
0
0
0
0
0
0
0
0
0
0
0
0
0
0
0
0
0
0
0
0
0
0
0
0
0
0
0
0
0
0
0
0
0
0
0
0
0
0
0
0
0
0
0
0
0
0
4.13079e-30
3.66348e-29
1.97771e-21
2.01544e-20
7.07654e-20
5.44471e-19
8.53279e-19
7.87984e-19
5.46196e-19
3.58327e-19
2.23717e-19
1.38596e-19
8.70222e-20
4.56996e-20
2.75169e-20
3.81184e-19
9.25208e-19
7.62398e-18
9.37302e-19
3.84306e-18
1.28394e-17
5.1681e-18
5.39569e-18
6.63926e-18
3.25024e-21
1.20725e-17
1.03841e-16
3.41002e-16
7.6762e-16
1.42601e-15
2.35054e-15
3.58013e-15
5.15219e-15
7.14155e-15
9.62182e-15
1.27e-14
1.64177e-14
2.03406e-14
0
0
0
0
0
0
0
0
0
0
0
0
0
0
0
0
0
0
0
0
0
0
0
0
0
0
0
0
0
0
0
0
0
0
0
0
0
0
0
0
0
0
0
0
0
0
0
0
0
0
0
0
0
0
0
0
0
0
0
0
0
0
0
0
0
0
0
1.46404e-29
1.65665e-21
2.03151e-20
1.63186e-19
3.76203e-19
3.9323e-19
2.5586e-19
1.59576e-19
9.5783e-20
5.76171e-20
3.78072e-20
1.91319e-20
3.28145e-21
8.69577e-19
2.86034e-18
1.00217e-19
4.82765e-18
3.82569e-18
8.01124e-19
3.2179e-18
1.3046e-20
1.37424e-17
9.10489e-17
2.43525e-16
5.06137e-16
9.20665e-16
1.50737e-15
2.30017e-15
3.34007e-15
4.66569e-15
6.35689e-15
8.44748e-15
1.07561e-14
0
0
0
0
0
0
0
0
0
0
0
0
0
0
0
0
0
0
0
0
0
0
0
0
0
0
0
0
0
0
0
0
0
0
0
0
0
0
0
0
0
0
0
0
0
0
0
0
0
0
0
0
0
0
0
0
0
0
0
0
0
0
0
0
0
0
0
0
0
0
2.45447e-30
1.19166e-29
6.82411e-21
6.42854e-20
1.80133e-19
1.88916e-19
1.12745e-19
6.65374e-20
3.75824e-20
2.02272e-20
1.41989e-20
6.32451e-21
6.93698e-19
2.05345e-19
9.81682e-19
3.28097e-18
2.84305e-19
7.81517e-19
6.61574e-19
1.74392e-17
7.32032e-17
1.91834e-16
3.88957e-16
6.64696e-16
1.04385e-15
1.57278e-15
2.288e-15
3.25122e-15
4.49497e-15
5.91113e-15
0
0
0
0
0
0
0
0
0
0
0
0
0
0
0
0
0
0
0
0
0
0
0
0
0
0
0
0
0
0
0
0
0
0
0
0
0
0
0
0
0
0
0
0
0
0
0
0
0
0
0
0
0
0
0
0
0
0
0
0
0
0
0
0
0
0
0
0
0
0
0
0
0
9.23831e-32
5.90806e-30
2.91854e-21
2.89045e-20
8.07932e-20
8.15964e-20
4.34628e-20
2.35653e-20
1.06329e-20
4.32016e-21
1.23404e-20
2.17353e-20
1.37192e-19
1.13063e-18
1.16694e-19
2.33999e-20
3.36504e-18
3.09854e-17
8.7394e-17
1.78113e-16
3.17623e-16
5.33787e-16
8.44535e-16
1.26527e-15
1.84174e-15
2.65292e-15
3.59817e-15
0
0
0
0
0
0
0
0
0
0
0
0
0
0
0
0
0
0
0
0
0
0
0
0
0
0
0
0
0
0
0
0
0
0
0
0
0
0
0
0
0
0
0
0
0
0
0
0
0
0
0
0
0
0
0
0
0
0
0
0
0
0
0
0
0
0
0
0
0
0
0
0
0
0
0
0
0
2.78145e-30
8.73144e-22
8.41277e-21
2.87643e-20
3.06591e-20
1.65928e-20
6.81267e-21
7.18597e-22
3.63592e-21
2.67834e-21
1.08674e-19
9.79824e-20
1.71141e-18
1.56173e-17
4.41097e-17
9.22275e-17
1.78183e-16
3.24588e-16
5.57594e-16
8.47145e-16
1.18203e-15
1.55611e-15
1.95161e-15
0
0
0
0
0
0
0
0
0
0
0
0
0
0
0
0
0
0
0
0
0
0
0
0
0
0
0
0
0
0
0
0
0
0
0
0
0
0
0
0
0
0
0
0
0
0
0
0
0
0
0
0
0
0
0
0
0
0
0
0
0
0
0
0
0
0
0
0
0
0
0
0
0
0
0
0
0
0
0
0
9.80822e-31
2.52183e-22
1.73098e-21
9.78863e-21
4.29814e-21
7.3204e-22
4.06116e-22
1.06661e-21
2.27002e-21
2.51869e-20
3.38517e-18
2.1668e-17
5.31426e-17
6.77858e-17
7.59181e-17
1.19855e-16
2.12705e-16
3.34406e-16
4.5474e-16
5.76798e-16
0
0
0
0
0
0
0
0
0
0
0
0
0
0
0
0
0
0
0
0
0
0
0
0
0
0
0
0
0
0
0
0
0
0
0
0
0
0
0
0
0
0
0
0
0
0
0
0
0
0
0
0
0
0
0
0
0
0
0
0
0
0
0
0
0
0
0
0
0
0
0
0
0
0
0
0
0
0
0
0
0
0
0
1.71607e-31
2.21936e-23
1.11499e-22
9.22869e-22
4.72705e-22
2.56908e-20
7.85336e-20
1.47284e-19
6.46241e-20
9.57686e-20
2.57156e-18
8.75226e-18
1.57574e-17
2.21359e-17
3.22119e-17
4.46772e-17
5.85455e-17
0
0
0
0
0
0
0
0
0
0
0
0
0
0
0
0
0
0
0
0
0
0
0
0
0
0
0
0
0
0
0
0
0
0
0
0
0
0
0
0
0
0
0
0
0
0
0
0
0
0
0
0
0
0
0
0
0
0
0
0
0
0
0
0
0
0
0
0
0
0
0
0
0
0
0
0
0
0
0
0
0
0
0
0
0
0
2.6969e-33
5.057e-33
2.23331e-22
3.50252e-21
4.39406e-20
1.65467e-20
2.25145e-20
2.5057e-20
3.17356e-20
3.94146e-20
4.82081e-20
1.54186e-18
6.64881e-18
1.11235e-17
0
0
0
0
0
0
0
0
0
0
0
0
0
0
0
0
0
0
0
0
0
0
0
0
0
0
0
0
0
0
0
0
0
0
0
0
0
0
0
0
0
0
0
0
0
0
0
0
0
0
0
0
0
0
0
0
0
0
0
0
0
0
0
0
0
0
0
0
0
0
0
0
0
0
0
0
0
0
0
0
0
0
0
0
0
0
0
0
0
0
3.79226e-32
7.54398e-24
3.96536e-22
3.01222e-21
6.36412e-21
1.43821e-20
2.13037e-20
2.11616e-20
2.8016e-20
3.30257e-20
0
0
0
0
0
0
0
0
0
0
0
0
0
0
0
0
0
0
0
0
0
0
0
0
0
0
0
0
0
0
0
0
0
0
0
0
0
0
0
0
0
0
0
0
0
0
0
0
0
0
0
0
0
0
0
0
0
0
0
0
0
0
0
0
0
0
0
0
0
0
0
0
0
0
0
0
0
0
0
0
0
0
0
0
0
0
0
0
0
0
0
0
0
0
3.15687e-32
1.46261e-31
9.78013e-23
6.58782e-22
3.9388e-21
6.1835e-21
0
0
0
0
0
0
0
0
0
0
0
0
0
0
0
0
0
0
0
0
0
0
0
0
0
0
0
0
0
0
0
0
0
0
0
0
0
0
0
0
0
0
0
0
0
0
0
0
0
0
0
0
0
0
0
0
0
0
0
0
0
0
0
0
0
0
0
0
0
0
0
0
0
0
0
0
0
0
0
0
0
0
0
0
0
0
0
0
0
0
0
0
0
0
0
0
0
0
0
0
0
0
0
0
0
0
0
0
0
0
0
0
0
0
0
0
0
0
0
0
0
0
0
0
0
0
0
0
0
0
0
0
0
0
0
0
0
0
0
0
0
0
0
0
0
0
0
0
0
0
0
0
0
0
0
0
0
0
0
0
0
0
0
0
0
0
0
0
0
0
0
0
0
0
0
0
0
0
0
0
0
0
0
0
0
0
0
0
0
0
0
0
0
0
0
0
0
0
0
0
0
0
0
0
0
0
0
0
0
0
0
0
0
0
0
0
0
0
0
0
0
0
0
0
0
0
0
0
0
0
0
0
0
0
0
0
0
0
0
0
0
0
0
0
0
0
0
0
0
0
0
0
0
0
0
0
0
0
0
0
0
0
0
0
0
0
0
0
0
0
0
0
0
0
0
0
0
0
0
0
0
0
0
0
0
0
0
0
0
0
0
0
0
0
0
0
0
0
0
0
0
0
0
0
0
0
0
0
0
0
0
0
0
0
0
0
0
0
0
0
0
0
0
0
0
0
0
0
0
0
0
0
0
0
0
0
0
0
0
0
0
0
0
0
0
0
0
0
0
0
0
0
0
0
0
0
0
0
0
0
0
0
0
0
0
0
0
0
0
0
0
0
0
0
0
0
0
0
0
0
0
0
0
0
0
0
0
0
0
0
0
0
0
0
0
0
0
0
0
0
0
0
0
0
0
0
0
0
0
0
0
0
0
0
0
0
0
0
0
0
0
0
0
0
0
0
0
0
0
0
0
0
0
0
0
0
0
0
0
0
0
0
0
0
0
0
0
0
0
0
0
0
0
0
0
0
0
0
0
0
0
0
0
0
0
0
0
0
0
0
0
0
0
0
0
0
0
0
0
0
0
0
0
0
0
0
0
0
0
0
0
0
0
0
0
0
0
0
0
0
0
0
0
0
0
0
0
0
0
0
0
0
0
0
0
0
0
0
0
0
0
0
0
0
0
0
0
0
0
0
0
0
0
0
0
0
0
0
0
0
0
0
0
0
0
0
0
0
0
0
0
0
0
0
0
0
0
0
0
0
0
0
0
0
0
0
0
0
0
0
0
0
0
0
0
0
0
0
0
0
0
0
0
0
0
0
0
0
0
0
0
0
0
0
0
0
0
0
0
0
0
0
0
0
0
0
0
0
0
0
0
0
0
0
0
0
0
0
0
0
0
0
0
0
0
0
0
0
0
0
0
0
0
0
0
0
0
0
0
0
0
0
0
0
0
0
0
0
0
0
0
0
0
0
0
0
0
0
0
0
0
0
0
0
0
0
0
0
0
0
0
0
0
0
0
0
0
0
0
0
0
0
0
0
0
0
0
0
0
0
0
0
0
0
0
0
0
0
0
0
0
0
0
0
0
0
0
0
0
0
0
0
0
0
0
0
0
0
0
0
0
0
0
0
0
0
0
0
0
0
0
0
0
0
0
0
0
0
0
0
0
0
0
0
0
0
0
0
0
0
0
0
0
0
0
0
0
0
0
0
0
0
0
0
0
0
0
0
0
0
0
0
0
0
0
0
0
0
0
0
0
0
0
0
0
0
0
0
0
0
0
0
0
0
0
0
0
0
0
0
0
0
0
0
0
0
0
0
0
0
0
0
0
0
0
0
0
0
0
0
0
0
0
0
0
0
0
0
0
0
0
0
0
0
0
0
0
0
0
0
0
0
0
0
0
0
0
0
0
0
0
0
0
0
0
0
0
0
0
0
0
0
0
0
0
0
0
0
0
0
0
0
0
0
0
0
0
0
0
0
0
0
0
0
0
0
0
0
0
0
0
0
0
0
0
0
0
0
0
0
0
0
0
0
0
0
0
0
0
0
0
0
0
0
0
0
0
0
0
0
0
0
0
0
0
0
0
0
0
0
0
0
0
0
0
0
0
0
0
0
0
0
0
0
0
0
0
0
0
0
0
0
0
0
0
0
0
0
0
0
0
0
0
0
0
0
0
0
0
0
0
0
0
0
0
0
0
0
0
0
0
0
0
0
0
0
0
0
0
0
0
0
0
0
0
0
0
0
0
0
0
0
0
0
0
0
0
0
0
0
0
0
0
0
0
0
0
0
0
0
0
0
0
0
0
0
0
0
0
0
0
0
0
0
0
0
0
0
0
0
0
0
0
0
0
0
0
0
0
0
0
0
0
0
0
0
0
0
0
0
0
0
0
0
0
0
0
0
0
0
0
0
0
0
0
0
0
0
0
0
0
0
0
0
0
0
0
0
0
0
0
0
0
0
0
0
0
0
0
0
0
0
0
0
0
0
0
0
0
0
0
0
0
0
0
0
0
0
0
0
0
0
0
0
0
0
0
0
0
0
0
0
0
0
0
0
0
0
0
0
0
0
0
0
0
0
0
0
0
0
0
0
0
0
0
0
0
0
0
0
0
0
0
0
0
0
0
0
0
0
0
0
0
0
0
0
0
0
0
0
0
0
0
0
0
0
0
0
0
0
0
0
0
0
0
0
0
0
0
0
0
0
0
0
0
0
0
0
0
0
0
0
0
0
0
0
0
0
0
0
0
0
0
0
0
0
0
0
0
0
0
0
0
0
0
0
0
0
0
0
0
0
0
0
0
0
0
0
0
0
0
0
0
0
0
0
0
0
0
0
0
0
0
0
0
0
0
0
0
0
0
0
0
0
0
0
0
0
0
0
0
0
0
0
0
0
0
0
0
0
0
0
0
0
0
0
0
0
0
0
0
0
0
0
0
0
0
0
0
0
0
0
0
0
0
0
0
0
0
0
0
0
0
0
0
0
0
0
0
0
0
0
0
0
0
0
0
0
0
0
0
0
0
0
0
0
0
0
0
0
0
0
0
0
0
0
0
0
0
0
0
0
0
0
0
0
0
0
0
0
0
0
0
0
0
0
0
0
0
0
0
0
0
0
0
0
0
0
0
0
0
0
0
0
0
0
0
0
0
0
0
0
0
0
0
0
0
0
0
0
0
0
0
0
0
0
0
0
0
0
0
0
0
0
0
0
0
0
0
0
0
0
0
0
0
0
0
0
0
0
0
0
0
0
0
0
0
0
0
0
0
0
0
0
0
0
0
0
0
0
0
0
0
0
0
0
0
0
0
0
0
0
0
0
0
0
0
0
0
0
0
0
0
0
0
0
0
0
0
0
0
0
0
0
0
0
0
0
0
0
)
;

boundaryField
{
    AXIS
    {
        type            empty;
    }
    OUTLET
    {
        type            calculated;
        value           nonuniform List<scalar> 
80
(
7.50664e-10
7.49546e-10
7.47081e-10
7.43225e-10
7.38364e-10
7.32638e-10
7.2613e-10
7.18926e-10
7.11057e-10
7.02582e-10
6.92856e-10
6.82126e-10
6.71045e-10
6.59847e-10
6.48098e-10
6.33661e-10
6.16168e-10
5.97544e-10
5.77393e-10
5.57109e-10
5.36496e-10
5.18318e-10
4.98285e-10
4.77648e-10
4.57085e-10
4.37285e-10
4.17376e-10
3.97539e-10
3.77859e-10
3.58042e-10
3.29531e-10
2.89707e-10
2.52611e-10
2.17369e-10
1.84113e-10
1.54101e-10
1.26819e-10
1.02496e-10
8.15328e-11
6.34908e-11
4.83743e-11
3.60407e-11
2.6153e-11
1.8517e-11
1.27031e-11
8.44559e-12
5.40844e-12
3.32186e-12
1.93676e-12
1.05275e-12
5.21447e-13
2.63881e-13
1.42579e-13
7.3281e-14
3.88387e-14
2.03406e-14
1.07561e-14
5.91113e-15
3.59817e-15
1.95161e-15
5.76798e-16
5.85455e-17
1.11235e-17
3.30257e-20
6.1835e-21
0
0
0
0
0
0
0
0
0
0
0
0
0
0
0
)
;
    }
    COFLOW
    {
        type            calculated;
        value           uniform 0;
    }
    PILOT
    {
        type            calculated;
        value           uniform 2.67954e-09;
    }
    FUEL
    {
        type            calculated;
        value           uniform 0;
    }
    WALL
    {
        type            calculated;
        value           uniform 0;
    }
    front
    {
        type            wedge;
    }
    back
    {
        type            wedge;
    }
}


// ************************************************************************* //
