/*--------------------------------*- C++ -*----------------------------------*\
  =========                 |
  \\      /  F ield         | OpenFOAM: The Open Source CFD Toolbox
   \\    /   O peration     | Website:  https://openfoam.org
    \\  /    A nd           | Version:  6
     \\/     M anipulation  |
\*---------------------------------------------------------------------------*/
FoamFile
{
    version     2.0;
    format      ascii;
    class       volScalarField;
    location    "0.1";
    object      CH3CHOH;
}
// * * * * * * * * * * * * * * * * * * * * * * * * * * * * * * * * * * * * * //

dimensions      [0 0 0 0 0 0 0];

internalField   nonuniform List<scalar> 
8000
(
2.78303e-12
1.6389e-07
6.20368e-06
4.59567e-05
0.000105106
5.15296e-05
1.52793e-05
3.09791e-06
3.39451e-07
1.2324e-08
1.62321e-10
2.3937e-12
5.59268e-12
2.29412e-08
5.49041e-09
8.0255e-10
1.053e-07
4.37856e-05
1.14701e-06
1.63348e-07
1.91933e-07
6.37321e-07
4.00907e-06
3.19026e-05
0.000134136
0.000262948
0.000326966
0.000316836
0.000299111
0.000118405
3.00626e-05
0.000102027
4.15354e-05
1.87585e-05
1.08778e-05
8.02949e-06
7.42922e-06
8.89917e-06
1.58144e-05
2.84767e-05
2.02348e-05
1.69707e-05
1.90812e-05
2.70599e-05
4.4129e-05
7.91637e-05
0.000149604
0.000272326
0.000420214
0.000122964
3.31078e-05
0.000506481
0.000560009
0.000561605
0.000557575
0.000548838
0.000539408
0.000533806
0.000531429
0.00052973
0.000527547
0.000525398
0.000496818
0.000442875
0.000289744
0.000102872
0.000141979
9.71138e-05
8.72717e-05
8.16066e-05
0.00012817
6.6137e-05
6.71761e-05
5.53326e-05
5.7301e-05
7.19878e-05
7.17752e-05
7.54204e-05
8.20037e-05
8.45929e-05
7.77643e-05
7.6366e-05
6.84731e-05
5.18211e-05
4.00943e-05
2.968e-05
2.40444e-05
1.9142e-05
5.11706e-05
1.20274e-05
8.81445e-06
6.24317e-06
4.54513e-06
3.4694e-06
2.05127e-06
1.50294e-06
1.21664e-06
1.03092e-06
9.64688e-07
6.059e-07
9.05526e-13
1.76517e-07
7.11948e-06
5.20309e-05
0.000139423
5.23768e-05
1.42684e-05
2.90365e-06
2.83952e-07
8.43698e-09
7.4816e-11
2.96926e-12
1.87494e-11
8.47717e-07
2.54315e-07
1.02241e-08
1.92699e-08
6.30184e-07
6.56848e-07
8.14486e-07
4.36856e-07
9.12864e-07
5.26583e-06
3.63903e-05
0.000143676
0.000283238
0.000334899
0.000319028
0.000287556
0.000282646
0.00015708
8.48745e-05
3.91515e-05
2.06763e-05
1.45618e-05
1.19741e-05
1.10421e-05
1.23911e-05
2.03557e-05
3.76821e-05
2.8078e-05
2.08546e-05
2.24612e-05
3.09489e-05
4.89784e-05
8.56032e-05
0.000156576
0.000276151
0.000414372
0.000484896
0.000541612
0.000553087
0.000561561
0.000559878
0.000555902
0.000547859
0.000539426
0.000534371
0.000532126
0.000529309
0.000525893
0.000524763
0.000492366
0.000416327
0.000205155
0.00010181
0.000140619
9.65417e-05
8.6854e-05
8.0882e-05
7.68973e-05
6.55676e-05
6.70641e-05
5.48409e-05
5.68908e-05
7.18634e-05
7.14179e-05
7.51558e-05
8.16006e-05
8.47077e-05
7.75142e-05
7.63186e-05
6.82196e-05
5.15704e-05
4.0152e-05
2.96005e-05
2.39869e-05
1.91039e-05
1.55977e-05
1.20015e-05
8.80122e-06
6.23264e-06
4.53913e-06
3.47034e-06
2.04639e-06
1.49998e-06
1.21468e-06
1.02931e-06
9.65813e-07
6.04811e-07
3.8597e-13
2.41662e-07
1.49348e-05
6.73721e-05
6.16373e-05
3.04199e-05
9.12769e-06
6.6206e-06
2.27288e-06
3.76233e-09
3.39162e-08
2.65418e-12
4.2327e-11
8.97203e-07
2.96575e-06
3.45972e-08
2.77994e-09
1.38111e-08
9.8824e-07
3.57871e-05
1.18732e-06
1.62313e-06
8.38483e-06
4.66014e-05
0.000162369
0.000338721
0.000354033
0.000323994
0.000260099
0.000203402
0.000132414
7.40922e-05
3.92841e-05
2.56688e-05
2.40545e-05
2.41648e-05
2.10495e-05
2.20363e-05
2.51733e-05
3.06446e-05
2.68384e-05
2.63657e-05
2.94793e-05
3.91857e-05
5.93021e-05
9.9452e-05
0.000172674
0.000297369
0.000418927
0.000491621
0.000521039
0.000557837
0.000555961
0.000555096
0.00055271
0.000546396
0.000539395
0.000535403
0.000533271
0.000541367
0.000522541
0.000524027
0.000482123
0.00041209
0.000204103
9.95604e-05
0.000101301
9.52346e-05
8.59929e-05
7.94287e-05
7.44212e-05
6.45282e-05
0.000101626
5.37436e-05
5.60134e-05
0.000116664
7.06338e-05
7.45831e-05
8.07406e-05
0.000129675
7.69536e-05
7.6223e-05
6.76388e-05
5.10712e-05
8.02653e-05
2.94232e-05
2.38686e-05
1.90213e-05
1.53942e-05
1.19505e-05
8.7725e-06
6.20955e-06
1.74183e-05
1.48877e-05
2.03558e-06
1.49352e-06
1.21036e-06
1.02577e-06
8.04133e-06
6.02403e-07
7.97491e-13
4.452e-07
2.97652e-05
4.3474e-05
3.06422e-05
1.50026e-05
4.39105e-06
7.21413e-07
3.52706e-08
3.74737e-10
3.01754e-12
4.50273e-13
7.39528e-12
2.24889e-06
4.82203e-05
6.20203e-08
1.20759e-09
2.53539e-09
3.02534e-07
9.32908e-07
7.05965e-07
2.37477e-06
1.37824e-05
6.43297e-05
0.000182901
2.52656e-05
0.000371717
0.000329224
0.000252178
0.000174391
0.000122649
7.26398e-05
4.43747e-05
3.37029e-05
3.79794e-05
3.92236e-05
3.88962e-05
4.13458e-05
3.92415e-05
3.96604e-05
3.71603e-05
3.88829e-05
4.16214e-05
5.18189e-05
7.76792e-05
0.00013312
0.000204336
0.000329317
0.00043511
0.00048572
0.000530894
0.00055768
1.98693e-05
0.000549836
0.000550225
0.000545434
0.00053936
0.000536022
0.000532603
0.000523746
0.000518539
0.000512521
0.000465247
0.000393865
0.000201964
9.65583e-05
9.84725e-05
9.31033e-05
8.48727e-05
7.74853e-05
0.00011909
5.62752e-05
5.66265e-05
5.20375e-05
5.47203e-05
6.84495e-05
6.94462e-05
7.37373e-05
7.95016e-05
8.13253e-05
7.60706e-05
7.61017e-05
6.66984e-05
5.04361e-05
3.86741e-05
2.91446e-05
2.3692e-05
1.88982e-05
1.52169e-05
1.18785e-05
8.72923e-06
6.17526e-06
4.46793e-06
3.31822e-06
2.01849e-06
1.4838e-06
1.20392e-06
1.02037e-06
9.13781e-07
5.98581e-07
4.88332e-13
3.94951e-07
3.59812e-05
5.84621e-05
1.84622e-05
7.16339e-06
1.49778e-06
1.14278e-07
2.31995e-09
1.16231e-11
9.85825e-10
1.47972e-10
1.93527e-10
7.74395e-08
7.96679e-07
6.54489e-09
4.87466e-10
1.33653e-09
6.12139e-08
2.2194e-07
6.79306e-07
4.31976e-06
2.58547e-05
9.17879e-05
0.000205945
0.000354892
0.000359161
0.000312816
0.000247607
0.000175403
0.000124957
8.0603e-05
5.55763e-05
4.4469e-05
4.26621e-05
4.22421e-05
3.97127e-05
4.3253e-05
5.16959e-05
3.16468e-05
5.62552e-05
5.95895e-05
6.01514e-05
7.16769e-05
9.76089e-05
0.000164126
0.000260201
0.000385628
0.000454924
0.000519442
0.000536619
0.000559813
0.000510367
0.000551193
0.000550029
0.000545028
0.000538389
0.000535011
0.000538281
0.000517354
0.000515268
0.000501501
0.000441011
0.000302194
0.000152235
0.000146928
9.49316e-05
8.99888e-05
0.000128365
7.51852e-05
6.98946e-05
5.36339e-05
5.23473e-05
4.99017e-05
5.30821e-05
6.58362e-05
6.79666e-05
7.26434e-05
7.79771e-05
7.8725e-05
7.49642e-05
0.00012277
6.53678e-05
9.02985e-05
3.76444e-05
2.87873e-05
2.34581e-05
1.87349e-05
1.5041e-05
1.17862e-05
8.67179e-06
6.13066e-06
4.41068e-06
3.19838e-06
1.99672e-06
1.471e-06
1.19547e-06
1.01319e-06
8.71328e-07
5.93948e-07
1.04226e-13
1.07413e-06
0.00011163
2.36636e-05
7.4495e-06
2.48134e-06
2.61765e-07
5.96998e-07
6.42364e-11
1.81683e-13
2.03303e-14
1.54659e-14
1.43722e-13
4.31292e-09
1.2439e-08
3.09493e-08
5.7421e-08
6.36941e-08
3.03826e-07
1.74716e-07
1.30772e-06
8.88917e-06
3.61523e-05
7.07519e-05
0.000239844
0.000347006
0.00035323
0.000317684
0.000267657
0.000187424
0.000140212
9.83262e-05
7.66299e-05
6.14985e-05
5.56702e-05
5.18646e-05
5.06309e-05
5.46381e-05
6.40956e-05
7.77616e-05
7.70573e-05
9.26358e-05
6.15767e-05
9.24546e-05
0.000132207
0.000206918
0.000331713
0.000421928
0.000469841
1.73656e-05
0.000538919
0.000561928
1.42329e-05
0.000550861
0.000549854
0.000544357
0.000534603
0.000524284
0.000517209
0.000509779
0.000515532
0.000484201
0.000407522
0.000284724
0.000147635
0.000139554
9.08296e-05
8.58916e-05
7.97312e-05
7.26168e-05
6.71511e-05
5.05541e-05
4.85779e-05
4.767e-05
5.11723e-05
6.34857e-05
6.62894e-05
7.13212e-05
7.62158e-05
7.66968e-05
7.36751e-05
0.000120505
5.70228e-05
4.708e-05
3.67959e-05
2.83585e-05
2.31725e-05
1.85528e-05
1.48548e-05
1.16752e-05
8.60042e-06
6.07628e-06
4.34989e-06
1.38456e-05
1.97107e-06
1.4575e-06
1.18479e-06
1.00444e-06
8.37616e-07
5.88638e-07
2.43069e-15
8.58204e-08
1.20567e-05
9.10903e-06
1.7286e-06
4.53757e-07
8.53019e-07
1.7823e-07
7.68112e-09
8.17558e-14
1.19697e-14
8.33272e-14
2.39322e-09
2.27406e-10
4.49198e-10
3.17718e-10
1.17143e-09
9.20758e-09
5.26559e-08
2.93019e-07
9.68245e-06
1.70378e-05
6.3435e-05
0.000149059
0.000254145
3.04409e-05
3.14431e-05
0.000327789
4.02205e-05
0.000230688
0.000168223
0.000132956
0.000104238
9.00517e-05
8.24545e-05
7.66051e-05
7.02914e-05
7.64052e-05
8.56714e-05
0.000104458
6.68122e-05
9.8271e-05
9.57873e-05
0.00011662
0.000154895
0.000261958
2.72115e-05
0.000445731
0.000475725
0.000506007
0.000537466
0.000549127
1.46714e-05
0.000550465
0.000547576
0.000537913
0.000523858
1.67543e-05
0.000508452
0.000502229
0.000520588
0.000458642
0.000404841
0.000271885
0.00013538
9.65011e-05
8.63041e-05
8.12393e-05
7.61958e-05
6.99665e-05
6.47025e-05
4.73979e-05
4.54292e-05
4.53327e-05
4.90547e-05
5.3869e-05
6.44504e-05
6.97852e-05
7.43093e-05
0.000121813
7.22253e-05
7.12176e-05
5.41266e-05
4.47887e-05
3.60583e-05
2.78615e-05
2.28333e-05
5.47386e-05
1.47325e-05
1.16162e-05
8.51591e-06
6.01313e-06
4.28633e-06
2.99971e-06
1.94134e-06
1.44139e-06
1.17241e-06
9.94359e-07
8.10158e-07
5.82657e-07
2.39547e-10
2.14735e-07
3.22524e-06
8.07318e-07
1.79722e-07
1.61068e-08
1.93055e-07
3.80741e-11
2.81766e-13
2.59094e-14
1.65572e-10
2.21444e-09
3.96193e-10
4.73763e-08
3.14947e-10
5.61071e-10
5.64616e-09
3.48582e-08
1.40666e-07
6.744e-07
3.60978e-06
3.48034e-05
9.00476e-05
7.09595e-05
0.000294275
0.000370362
0.000364899
0.00033802
0.000309819
0.000251919
5.12941e-05
0.000170917
0.000151366
0.000134825
0.000125823
6.07392e-05
0.000103771
0.000103978
0.000120589
0.00012666
0.000119461
0.000103163
0.000105847
0.000135963
0.000174764
0.000271098
0.000390992
0.000443728
0.000476198
0.000503321
0.00053335
0.000535068
1.55844e-05
0.000549702
0.000545742
0.000537443
0.000526947
0.000508671
0.000498536
0.000487775
0.000481018
0.000481648
0.000350084
0.000189521
9.00131e-05
9.08658e-05
8.15686e-05
7.62747e-05
7.28642e-05
0.000107097
9.40866e-05
4.42328e-05
4.23294e-05
4.29261e-05
8.8242e-05
5.05355e-05
5.59194e-05
6.80059e-05
7.23597e-05
0.000119316
7.0643e-05
6.86917e-05
5.10268e-05
4.26729e-05
7.10274e-05
2.73054e-05
2.24423e-05
1.81684e-05
1.46372e-05
1.15448e-05
8.44774e-06
5.94089e-06
4.22006e-06
2.91723e-06
1.90854e-06
1.42284e-06
1.15829e-06
9.82656e-07
7.86901e-07
5.76068e-07
1.12884e-16
8.84011e-10
7.29873e-07
7.33218e-07
5.37524e-09
1.47034e-10
1.7331e-11
4.31246e-13
3.32076e-14
1.18342e-13
3.35282e-10
1.14003e-08
4.80787e-07
3.56661e-08
1.80481e-07
1.44543e-07
3.53732e-07
1.32282e-07
2.15304e-06
1.85016e-06
6.63584e-06
2.58296e-05
7.5716e-05
0.000170107
3.39238e-05
2.63057e-05
0.000376012
0.000366198
3.33199e-05
0.000282729
0.000247675
0.00022867
0.000225799
0.000209384
0.000176557
0.000161993
5.96945e-05
0.0001492
0.000160724
6.29967e-05
0.00013798
0.000130504
0.000137944
0.000160537
0.000195202
0.000280425
0.000363065
0.000446681
0.000476446
0.000499135
0.00051062
0.000527298
0.000524004
0.000521765
1.73046e-05
0.000512746
0.000507208
0.000499932
0.000488745
0.00046686
0.00044105
0.000405209
0.000262383
0.000139508
0.0001339
8.52062e-05
7.66783e-05
7.13082e-05
0.000115425
6.2761e-05
4.8653e-05
4.08138e-05
3.93218e-05
4.04653e-05
4.39849e-05
4.7394e-05
5.28784e-05
6.5934e-05
0.000115411
6.99253e-05
0.00011012
0.000102242
4.8084e-05
4.06167e-05
6.99796e-05
2.66514e-05
2.20054e-05
1.79198e-05
1.4525e-05
1.14401e-05
8.38277e-06
5.86076e-06
4.13452e-06
2.84002e-06
1.87281e-06
1.40191e-06
1.1425e-06
9.69231e-07
7.66261e-07
5.68826e-07
4.08247e-18
1.45309e-11
2.29277e-09
1.30102e-07
3.87819e-11
4.5914e-13
3.03582e-09
2.91787e-14
1.47559e-10
6.78375e-10
2.63516e-11
4.05968e-08
4.23844e-07
2.94981e-06
9.19414e-08
4.18963e-08
7.58218e-08
3.70563e-07
5.52448e-06
1.4614e-05
3.048e-05
3.45692e-05
7.97125e-05
0.000168013
0.00029201
2.99493e-05
0.000377104
0.000369885
0.00034025
0.000309245
0.00029154
0.000288269
0.000350305
2.86072e-05
3.69714e-05
0.000252373
0.000230949
0.000217767
0.0002127
0.000189107
0.000165217
0.000157595
0.000167091
0.00019067
0.00025017
0.000306194
0.000369934
0.000452105
0.000477245
0.000493671
0.000502648
0.000504814
0.000512423
0.000511421
0.000506503
0.000501998
1.94831e-05
4.43785e-05
0.000465794
0.000435254
0.000396451
0.000337755
0.000174461
8.71048e-05
0.000117251
0.000122351
7.18512e-05
6.63457e-05
0.000102902
5.02841e-05
4.31164e-05
3.74298e-05
3.67789e-05
3.80113e-05
4.10574e-05
4.44852e-05
8.91885e-05
9.68665e-05
6.76222e-05
6.69997e-05
6.58498e-05
5.65618e-05
4.54872e-05
3.86101e-05
3.24675e-05
2.66959e-05
2.15269e-05
1.76288e-05
1.43956e-05
1.13238e-05
8.31291e-06
5.77078e-06
4.04708e-06
2.76691e-06
1.84271e-06
1.37884e-06
1.1253e-06
9.54131e-07
7.47692e-07
5.60803e-07
1.60445e-19
1.81917e-09
1.98796e-08
1.51819e-08
2.57766e-13
4.71473e-14
2.64976e-14
9.94314e-11
2.84342e-10
3.06952e-09
2.10295e-08
1.73358e-07
6.23392e-06
1.47733e-05
4.0965e-07
1.25247e-07
1.03462e-06
5.63457e-07
2.74794e-06
8.44988e-06
2.03228e-05
4.6206e-05
9.76956e-05
0.000173313
0.000270792
0.00036887
0.000384851
0.000377379
0.000371197
0.000343601
0.00033341
0.000351877
0.000369502
0.000360719
0.000341661
2.84045e-05
0.000330822
3.0096e-05
0.000285995
3.99757e-05
0.000229408
0.00020003
0.000208966
0.000256181
0.000293946
0.000336415
0.000377368
0.000453503
2.44484e-05
0.000486408
0.000490473
0.000492811
0.000493252
0.00049811
2.02913e-05
0.000490909
4.90387e-05
0.000470165
0.00043583
0.000392023
0.000340955
0.000247522
0.000130067
0.00012883
8.22709e-05
7.27612e-05
6.71299e-05
6.15493e-05
5.20512e-05
8.57959e-05
3.82152e-05
3.47284e-05
3.44198e-05
3.58225e-05
3.82957e-05
4.17767e-05
4.64799e-05
5.36594e-05
6.49602e-05
9.75893e-05
5.65252e-05
5.17985e-05
4.29122e-05
3.68434e-05
3.07722e-05
2.58777e-05
2.10006e-05
1.73108e-05
1.42089e-05
3.25578e-05
8.232e-06
5.6796e-06
3.95413e-06
2.69874e-06
1.81499e-06
1.35392e-06
1.10584e-06
9.37886e-07
7.247e-07
5.52213e-07
5.76213e-12
6.40939e-11
3.38386e-09
3.25611e-09
2.94477e-13
2.26003e-10
1.45485e-12
2.99109e-09
8.00741e-09
1.73643e-08
5.87083e-08
2.24064e-08
1.03928e-06
3.63437e-05
9.83158e-07
2.1582e-07
2.15508e-07
6.84255e-07
5.47529e-06
3.04463e-05
2.92525e-05
6.69655e-05
7.45928e-05
0.00018897
0.000269399
3.14785e-05
2.80346e-05
0.000388413
0.000398873
2.89583e-05
0.000392639
0.000390205
0.000392746
0.000384603
0.000373684
0.000375909
0.000364764
0.000376128
3.12404e-05
0.000336091
0.000291498
0.000271889
0.000280536
0.000319725
0.000351112
0.000363727
0.000415891
0.000442482
0.000465776
0.000474997
2.50274e-05
2.50138e-05
2.49774e-05
0.00048189
0.000479883
0.000474919
0.000466763
0.000438965
0.000394543
0.000310236
0.000242783
0.000149201
8.17265e-05
8.54318e-05
7.5278e-05
6.64119e-05
9.92694e-05
8.99991e-05
4.43846e-05
3.90919e-05
3.43549e-05
3.21094e-05
3.21017e-05
3.36262e-05
3.60031e-05
3.91008e-05
4.33463e-05
4.92812e-05
5.63745e-05
5.4354e-05
5.21949e-05
4.77489e-05
4.0377e-05
3.50645e-05
2.94172e-05
2.50215e-05
2.04405e-05
1.69699e-05
1.40061e-05
1.10115e-05
8.13086e-06
1.92961e-05
3.85549e-06
2.6331e-06
1.78516e-06
1.32636e-06
1.08452e-06
9.20082e-07
7.05767e-07
5.4284e-07
7.22172e-12
1.71672e-16
5.74081e-15
8.01772e-13
1.50109e-11
4.0426e-09
1.3077e-10
3.3445e-08
4.79407e-09
2.05583e-08
3.71754e-08
1.31583e-07
1.24904e-06
1.06475e-05
1.09805e-06
3.05156e-07
3.59968e-07
9.80369e-07
4.90312e-06
1.66455e-05
3.85297e-05
9.16746e-05
6.88621e-05
0.000205701
0.000271671
3.97664e-05
0.000379168
0.000381613
2.50709e-05
0.00041148
2.5505e-05
0.000412992
0.000406608
0.000404401
0.000402368
0.000399176
0.000392711
0.000393627
0.000383029
0.000381197
3.07496e-05
3.56546e-05
0.000343086
0.000397017
2.98283e-05
0.000375484
0.00041594
3.11626e-05
0.000430083
0.000452752
3.6179e-05
0.000451248
0.000453646
0.000460257
8.55694e-05
0.000186277
0.000433775
0.000451023
0.000285016
0.00028306
0.000157897
0.000119184
0.000123023
7.81799e-05
0.000115607
6.04027e-05
9.18216e-05
4.28882e-05
3.83002e-05
3.43978e-05
3.11569e-05
2.96773e-05
2.99323e-05
3.14497e-05
3.37818e-05
3.67614e-05
4.04923e-05
4.55163e-05
9.15184e-05
4.98418e-05
4.81147e-05
8.61685e-05
3.80154e-05
3.32975e-05
2.81253e-05
2.42419e-05
1.98728e-05
1.6594e-05
1.37971e-05
1.07429e-05
2.45295e-05
5.48501e-06
3.75664e-06
2.56913e-06
1.75295e-06
1.29732e-06
1.06171e-06
8.94603e-07
6.87698e-07
5.3306e-07
1.19653e-16
9.16522e-11
1.37746e-13
8.13126e-09
3.81805e-07
1.22029e-08
1.6327e-08
4.80561e-07
9.34782e-07
3.91295e-06
4.11063e-07
3.68861e-06
1.84502e-06
2.35695e-05
5.08797e-06
5.11106e-07
7.58254e-07
7.32032e-06
2.33366e-05
3.45924e-05
5.24074e-05
7.52084e-05
0.000213575
0.000217029
0.000264788
0.000309122
0.000341656
0.000351781
0.000393639
0.000404535
0.000419874
0.000417267
0.000419434
2.48464e-05
0.000418181
0.000416716
0.000419185
0.000421819
2.59787e-05
0.000406871
0.000401732
0.000396181
0.000404836
0.000432527
2.87029e-05
0.000370741
0.000351622
0.000333464
0.000388838
0.000402827
0.000383173
0.000379222
0.000415651
0.000182348
0.000192774
0.00041012
0.000386841
0.000292314
0.000289827
0.000162566
7.79597e-05
7.37528e-05
0.000110543
7.10487e-05
6.19839e-05
4.9686e-05
4.32933e-05
3.7128e-05
3.39247e-05
3.06985e-05
2.85272e-05
2.76554e-05
2.80899e-05
2.95357e-05
3.16338e-05
3.45439e-05
3.78116e-05
4.20527e-05
4.79103e-05
4.59891e-05
4.46921e-05
4.13402e-05
3.59491e-05
7.01769e-05
2.76813e-05
6.47169e-05
5.58539e-05
1.61933e-05
1.35432e-05
1.04585e-05
7.80821e-06
5.35763e-06
3.65483e-06
2.50987e-06
1.71887e-06
1.26736e-06
1.03662e-06
8.69237e-07
6.69974e-07
5.2346e-07
2.80829e-09
6.3922e-12
7.69177e-11
2.44511e-07
2.88367e-05
3.78112e-07
1.4395e-06
7.86461e-07
5.64961e-06
1.82832e-06
5.76554e-06
5.19126e-06
2.2641e-06
1.61834e-05
7.38767e-06
9.52702e-07
1.64068e-06
1.37048e-05
9.36162e-06
3.97643e-05
6.74081e-05
0.000125663
7.1435e-05
0.000196454
0.000258512
0.000295045
3.92484e-05
0.000331563
0.000341383
0.000385372
0.000407837
0.000414022
2.66627e-05
0.000425817
2.52533e-05
0.000434944
0.000439537
2.36665e-05
2.51637e-05
0.000424951
0.000421973
0.000429112
0.000437599
0.000449488
0.000424648
0.000341531
0.000310304
0.000283392
0.000259944
0.000157166
0.000170426
0.000327451
0.000318164
0.000312888
0.000291824
0.000253235
0.000302633
0.000243163
0.000169232
0.000118358
0.000117955
7.83217e-05
7.17132e-05
6.40999e-05
5.31742e-05
4.25649e-05
3.68879e-05
3.25158e-05
7.11978e-05
2.78382e-05
2.70602e-05
2.64479e-05
2.70708e-05
2.77866e-05
2.97551e-05
3.23739e-05
3.55404e-05
3.88663e-05
8.52004e-05
4.24911e-05
4.13895e-05
3.83736e-05
3.3935e-05
2.98784e-05
2.63317e-05
2.2713e-05
1.90222e-05
1.59713e-05
1.32499e-05
1.01492e-05
2.31824e-05
5.22923e-06
3.55969e-06
2.45115e-06
1.69131e-06
1.24186e-06
1.01022e-06
8.42792e-07
6.52665e-07
5.12923e-07
1.09707e-07
7.74905e-09
1.22218e-08
3.65156e-06
3.05712e-05
4.92604e-06
1.57838e-06
1.47889e-05
1.20575e-05
3.4679e-06
3.70349e-06
1.30228e-05
4.23172e-06
4.65724e-06
2.58062e-06
5.94069e-06
2.94484e-06
5.14366e-06
1.11388e-05
2.795e-05
6.36034e-05
7.67343e-05
0.000142442
7.25089e-05
6.29479e-05
4.33089e-05
4.363e-05
0.000287768
0.000294957
0.000337697
3.16576e-05
3.02821e-05
0.000391583
0.000394445
0.000413726
2.45481e-05
2.43982e-05
0.000438727
0.000439998
2.82069e-05
0.000443965
0.00045774
2.7281e-05
0.000436577
3.79106e-05
0.00029661
6.8021e-05
0.000212427
0.000172964
0.000171844
0.000131543
0.000183607
0.000211126
0.000226722
0.000231522
0.000238915
0.000200159
0.00015968
0.000117694
0.000112999
0.000108311
0.000111022
6.24836e-05
5.59584e-05
4.33214e-05
3.57217e-05
3.11443e-05
2.82445e-05
2.74149e-05
2.55323e-05
2.44814e-05
2.43168e-05
2.49773e-05
2.64745e-05
7.21722e-05
3.00112e-05
3.29223e-05
7.18263e-05
3.90314e-05
7.85212e-05
3.77994e-05
3.55409e-05
3.1615e-05
2.80646e-05
2.49081e-05
6.08992e-05
1.84471e-05
1.57021e-05
1.29809e-05
2.80313e-05
7.21469e-06
5.06484e-06
3.45248e-06
2.3803e-06
1.65773e-06
1.22379e-06
9.75986e-07
8.10037e-07
6.31579e-07
4.99847e-07
1.94795e-07
1.55932e-07
2.41227e-07
7.85151e-07
2.30726e-06
1.44682e-06
3.37784e-06
8.82237e-06
6.59785e-06
6.38178e-06
2.64123e-05
2.41973e-05
2.49985e-05
6.56087e-06
1.45717e-05
4.12055e-06
5.70036e-06
2.7328e-05
3.67588e-05
3.39914e-05
5.6914e-05
8.13899e-05
0.000114791
0.000164245
6.47072e-05
6.15611e-05
6.16805e-05
0.000238033
6.14081e-05
0.000273626
0.000291
0.000303916
0.000310018
0.00033069
0.000349152
0.000388539
0.000396885
0.000409816
2.87296e-05
0.000447103
2.84629e-05
2.47892e-05
2.75264e-05
0.000369139
0.000296708
0.000236449
7.23441e-05
4.23407e-05
7.58372e-05
0.000121185
0.000148354
0.000181791
0.000175116
0.000174738
0.000122362
0.000111819
0.000125231
0.000119525
7.75376e-05
0.000110289
0.000109882
0.00010096
5.24718e-05
4.3608e-05
3.51976e-05
2.98157e-05
2.71011e-05
2.51405e-05
2.3906e-05
2.28807e-05
2.23229e-05
2.23283e-05
2.31027e-05
2.44276e-05
2.61218e-05
2.76556e-05
2.99946e-05
3.22623e-05
3.47765e-05
3.48088e-05
3.44321e-05
3.25159e-05
2.92964e-05
2.68205e-05
2.35478e-05
2.04895e-05
1.77273e-05
1.52442e-05
1.26307e-05
9.40655e-06
6.78335e-06
4.82813e-06
3.32205e-06
2.29583e-06
1.61834e-06
1.20079e-06
9.34696e-07
7.75966e-07
6.06347e-07
4.82968e-07
7.1272e-07
1.19267e-07
9.37364e-07
1.18905e-06
1.50502e-06
1.37696e-06
2.23231e-06
4.26687e-06
4.68868e-06
7.72319e-06
4.15431e-05
1.56892e-05
1.25552e-05
2.77326e-05
2.15921e-05
2.58999e-05
1.22179e-05
1.92528e-05
4.47901e-05
5.70572e-05
5.66689e-05
7.49533e-05
9.60477e-05
0.00014933
7.20181e-05
0.000188471
0.000183374
0.000186126
7.1193e-05
0.000205752
6.27348e-05
5.71809e-05
0.000261553
0.000302457
4.31912e-05
0.000290962
0.000313305
0.000341387
0.000379305
3.09543e-05
0.000424037
0.000423127
0.000363699
4.09803e-05
0.000236605
6.35264e-05
4.5955e-05
8.6043e-05
8.6039e-05
8.2927e-05
8.55183e-05
0.000116161
8.77656e-05
0.000117148
8.33767e-05
0.000108577
0.000107252
0.000110571
6.57666e-05
6.01655e-05
5.48253e-05
4.90248e-05
4.11491e-05
3.5053e-05
7.45149e-05
2.62181e-05
2.36944e-05
2.21413e-05
6.00853e-05
5.93929e-05
2.04033e-05
2.05722e-05
2.12589e-05
2.26091e-05
2.42013e-05
2.60779e-05
2.7529e-05
2.93336e-05
3.10834e-05
3.13426e-05
3.11405e-05
2.97489e-05
7.20543e-05
2.49144e-05
2.21798e-05
1.97199e-05
1.70116e-05
1.46859e-05
1.21825e-05
2.56673e-05
6.448e-06
4.57635e-06
3.1904e-06
2.20524e-06
1.57767e-06
1.1742e-06
9.1199e-07
7.43315e-07
5.81515e-07
4.64449e-07
8.60104e-07
4.04171e-07
8.93593e-07
1.20798e-06
1.05236e-06
7.08037e-07
8.76941e-07
1.45542e-06
2.43948e-06
6.31389e-06
1.88836e-05
2.58932e-05
2.01779e-05
1.90094e-05
3.4868e-05
1.89184e-05
2.54685e-05
3.87611e-05
3.92733e-05
4.80266e-05
6.12456e-05
5.93499e-05
6.13492e-05
7.25602e-05
7.49963e-05
0.000150812
0.00014573
0.000139644
0.000130696
0.000146605
7.39158e-05
0.000153489
0.000170728
6.66136e-05
0.000191754
0.000203388
6.20174e-05
0.000280551
0.000305382
0.000332076
0.000342797
4.03578e-05
0.000287014
0.000231761
5.21332e-05
0.000170614
0.000126909
6.81517e-05
6.6836e-05
6.79566e-05
7.15125e-05
0.000118428
0.000117
7.31472e-05
7.08137e-05
6.89258e-05
6.64707e-05
6.06726e-05
5.53507e-05
5.17639e-05
4.50979e-05
7.67192e-05
3.35407e-05
7.29591e-05
2.57318e-05
2.30932e-05
2.1367e-05
2.02355e-05
1.95616e-05
1.91611e-05
5.30372e-05
1.92728e-05
2.00433e-05
2.10794e-05
2.23977e-05
2.42646e-05
2.58794e-05
2.76155e-05
2.82135e-05
7.27503e-05
2.84453e-05
2.74567e-05
2.58643e-05
2.34207e-05
2.09826e-05
1.8856e-05
1.66052e-05
1.41062e-05
1.15652e-05
8.50485e-06
6.11096e-06
4.33078e-06
3.04414e-06
2.11756e-06
1.53747e-06
1.1442e-06
8.92462e-07
7.11149e-07
5.56445e-07
4.45161e-07
8.71986e-07
7.4509e-07
1.34675e-06
1.48972e-06
1.70874e-06
2.47975e-06
2.66092e-06
1.82085e-06
1.5948e-06
4.88219e-06
1.46831e-05
4.92046e-05
3.10654e-05
4.4248e-05
3.04248e-05
3.65036e-05
4.44168e-05
4.74892e-05
4.69779e-05
4.56073e-05
5.21722e-05
4.64655e-05
6.6636e-05
8.72993e-05
0.000109912
0.000116526
0.000124872
6.64023e-05
7.84623e-05
6.7962e-05
7.72595e-05
7.66633e-05
7.28128e-05
0.000118704
7.53422e-05
0.000153182
0.00018486
0.000203954
0.000228419
0.000274909
0.000275302
0.000252146
0.000142572
5.12403e-05
4.26143e-05
7.08072e-05
5.60569e-05
4.91746e-05
4.83086e-05
5.01334e-05
9.7125e-05
0.00010058
0.000102846
6.06579e-05
0.000100254
5.71996e-05
5.7312e-05
9.13001e-05
4.57217e-05
4.10556e-05
3.6449e-05
3.28811e-05
2.8845e-05
2.54824e-05
2.28063e-05
2.06887e-05
1.94695e-05
1.86075e-05
1.80563e-05
1.77353e-05
1.7686e-05
1.78458e-05
1.86863e-05
1.98424e-05
2.10332e-05
2.25144e-05
6.52642e-05
2.52811e-05
2.63636e-05
2.67935e-05
2.67982e-05
2.59518e-05
6.62358e-05
2.19074e-05
2.00997e-05
1.79197e-05
1.60121e-05
1.36598e-05
1.08736e-05
7.94364e-06
5.75449e-06
4.13053e-06
2.89604e-06
2.03296e-06
1.49374e-06
1.11125e-06
8.75843e-07
7.01555e-07
5.29882e-07
4.2555e-07
8.75908e-07
8.55392e-07
1.2644e-06
1.98676e-06
2.68735e-06
3.25405e-06
3.89748e-06
4.05395e-06
2.70299e-06
3.20077e-06
1.3611e-05
2.81401e-05
5.04274e-05
5.75637e-05
5.51969e-05
8.05543e-05
8.63797e-05
5.62058e-05
6.1834e-05
4.83804e-05
4.35537e-05
4.08916e-05
4.68959e-05
6.17686e-05
7.46537e-05
6.13606e-05
7.1826e-05
5.56623e-05
4.41793e-05
4.19949e-05
3.76792e-05
3.73959e-05
4.26558e-05
5.04444e-05
6.382e-05
0.000109959
0.000140364
7.46031e-05
0.000177673
0.000185788
0.000174675
0.000122045
6.29336e-05
3.46435e-05
6.32524e-05
4.82604e-05
7.68141e-05
3.66258e-05
3.59203e-05
3.72087e-05
4.00563e-05
4.22883e-05
4.43805e-05
4.64388e-05
4.63457e-05
4.51709e-05
4.29066e-05
3.99733e-05
3.68209e-05
3.40752e-05
3.09254e-05
2.79299e-05
2.52202e-05
2.26709e-05
4.90952e-05
1.88672e-05
1.74454e-05
1.68001e-05
1.65584e-05
1.65776e-05
1.66784e-05
1.70012e-05
1.77172e-05
1.85276e-05
1.9785e-05
2.11402e-05
2.227e-05
2.34361e-05
2.43147e-05
2.45623e-05
2.45957e-05
2.40512e-05
2.24702e-05
2.08139e-05
1.91223e-05
1.74638e-05
1.52312e-05
3.39863e-05
1.0348e-05
7.45525e-06
5.37618e-06
3.89151e-06
2.73398e-06
1.94524e-06
1.43238e-06
1.07484e-06
8.58503e-07
6.91134e-07
5.09245e-07
4.03939e-07
8.86845e-07
8.94396e-07
9.69395e-07
1.45987e-06
1.82856e-06
1.74448e-06
2.23997e-06
3.71008e-06
4.22255e-06
3.1887e-06
7.27462e-06
2.95614e-05
5.22373e-05
4.50837e-05
7.61134e-05
7.14827e-05
7.06226e-05
7.35247e-05
5.33454e-05
4.56607e-05
4.36051e-05
3.04439e-05
3.28911e-05
4.46327e-05
4.35058e-05
4.4657e-05
4.334e-05
5.79091e-05
2.25501e-05
1.87102e-05
1.73956e-05
1.82075e-05
5.93379e-05
2.33185e-05
3.2632e-05
4.87111e-05
7.50433e-05
0.000122001
0.00013425
8.25249e-05
0.000101918
8.26899e-05
3.4762e-05
4.33194e-05
4.27696e-05
3.52484e-05
3.1553e-05
2.9383e-05
2.89309e-05
2.9919e-05
7.50171e-05
3.2038e-05
3.37755e-05
7.644e-05
7.74674e-05
3.56202e-05
3.49836e-05
3.29378e-05
6.90351e-05
2.86914e-05
2.67794e-05
2.4503e-05
2.2485e-05
2.04007e-05
1.83881e-05
1.67908e-05
1.56673e-05
1.52391e-05
1.50969e-05
1.51743e-05
3.89224e-05
1.56809e-05
1.65533e-05
1.7635e-05
1.86023e-05
1.99233e-05
2.09846e-05
2.17203e-05
2.23755e-05
2.26674e-05
6.3967e-05
6.34733e-05
2.10318e-05
1.97614e-05
1.82343e-05
1.66666e-05
1.46307e-05
1.22691e-05
9.68541e-06
7.00635e-06
5.01868e-06
3.6565e-06
2.57311e-06
1.86109e-06
1.37066e-06
1.04477e-06
8.38015e-07
6.76568e-07
5.04885e-07
3.85361e-07
9.00901e-07
8.94788e-07
8.24072e-07
8.8029e-07
8.57476e-07
6.84517e-07
8.87994e-07
1.92054e-06
3.48653e-06
3.48145e-06
3.69285e-06
1.03181e-05
3.28969e-05
5.26783e-05
6.66454e-05
8.64862e-05
7.96492e-05
5.68038e-05
4.63596e-05
3.34503e-05
2.51198e-05
1.99114e-05
4.79686e-05
2.87871e-05
3.42706e-05
6.12513e-05
2.51758e-05
5.5922e-05
1.21204e-05
9.82269e-06
1.01055e-05
1.29087e-05
1.48022e-05
1.69558e-05
1.95586e-05
2.33671e-05
2.87879e-05
7.84206e-05
8.05448e-05
6.62535e-05
3.58356e-05
2.96122e-05
4.24109e-05
4.06294e-05
3.29826e-05
6.56335e-05
2.55512e-05
2.44977e-05
2.42521e-05
2.47846e-05
6.57156e-05
2.7058e-05
2.83987e-05
2.93638e-05
2.98962e-05
2.99901e-05
2.91067e-05
2.80595e-05
2.68301e-05
5.29022e-05
2.35673e-05
2.13705e-05
1.96247e-05
1.78301e-05
1.59036e-05
1.44319e-05
1.35883e-05
1.33081e-05
1.3375e-05
1.37615e-05
1.41642e-05
1.45961e-05
1.53226e-05
1.63611e-05
1.76631e-05
1.87459e-05
1.95945e-05
2.04596e-05
2.1e-05
2.1134e-05
2.11252e-05
5.95173e-05
1.98925e-05
1.85842e-05
1.74887e-05
1.56391e-05
1.38675e-05
1.15524e-05
8.94588e-06
6.53014e-06
4.70205e-06
3.4231e-06
2.43357e-06
1.77304e-06
1.30639e-06
1.01427e-06
8.16781e-07
6.59624e-07
4.98374e-07
3.87722e-07
9.14091e-07
8.51419e-07
7.34495e-07
5.88862e-07
4.10875e-07
2.41325e-07
3.05845e-07
8.05387e-07
1.97387e-06
2.92384e-06
2.49351e-06
4.21826e-06
1.33668e-05
2.8569e-05
4.4283e-05
5.44633e-05
4.43673e-05
4.65895e-05
2.97112e-05
4.32308e-05
1.38328e-05
1.14961e-05
1.36979e-05
1.67878e-05
1.83656e-05
1.19468e-05
4.51592e-05
1.18114e-05
3.26031e-05
6.42483e-06
5.42806e-06
7.79305e-06
3.29318e-05
1.28194e-05
1.96974e-05
2.38969e-05
2.40153e-05
7.68247e-05
2.6616e-05
8.68149e-05
2.88151e-05
3.45512e-05
3.78179e-05
6.91214e-05
2.65836e-05
2.33904e-05
4.66327e-05
2.09015e-05
4.65878e-05
2.18348e-05
5.26176e-05
2.35875e-05
2.46167e-05
2.54241e-05
5.63471e-05
2.58263e-05
2.53312e-05
2.44973e-05
2.33142e-05
2.19084e-05
2.02042e-05
1.81857e-05
1.65616e-05
3.18486e-05
1.35404e-05
1.23361e-05
1.16936e-05
1.16592e-05
1.18619e-05
1.22276e-05
1.2585e-05
1.32485e-05
1.41341e-05
1.52675e-05
1.63521e-05
1.77319e-05
1.85566e-05
1.9059e-05
1.96762e-05
1.99119e-05
1.99641e-05
1.96571e-05
5.0721e-05
1.78881e-05
1.64986e-05
1.49403e-05
1.28808e-05
1.07836e-05
8.30695e-06
6.02072e-06
4.38728e-06
3.17939e-06
2.29462e-06
1.68018e-06
1.25101e-06
9.80273e-07
7.93959e-07
6.41121e-07
4.93904e-07
3.88554e-07
9.19771e-07
7.70612e-07
5.22802e-07
3.37961e-07
2.21641e-07
1.10738e-07
1.35481e-07
3.54779e-07
1.03003e-06
1.95778e-06
2.09858e-06
1.83194e-06
4.35398e-06
1.46142e-05
2.43808e-05
4.63691e-05
2.66616e-05
1.96241e-05
4.25462e-05
1.08983e-05
6.7235e-06
5.19753e-06
6.50005e-06
2.29469e-05
1.04505e-05
7.28144e-06
6.57767e-06
8.26278e-06
2.672e-05
4.1747e-06
2.95538e-06
3.49673e-06
4.87642e-06
8.00562e-06
1.64431e-05
5.71232e-05
3.27239e-05
3.30433e-05
3.55615e-05
7.84174e-05
3.13745e-05
6.89731e-05
2.93338e-05
5.12279e-05
4.32659e-05
1.8955e-05
1.75848e-05
1.71005e-05
1.77653e-05
4.02498e-05
1.97856e-05
2.04969e-05
2.13294e-05
2.21599e-05
2.24633e-05
2.23288e-05
2.17925e-05
2.09114e-05
1.97196e-05
1.83271e-05
1.67899e-05
1.51284e-05
1.36962e-05
1.25626e-05
1.1235e-05
1.03582e-05
9.92766e-06
9.97045e-06
1.0289e-05
1.08252e-05
1.1339e-05
1.19214e-05
1.27279e-05
1.40248e-05
1.53027e-05
1.63462e-05
1.7441e-05
1.82143e-05
1.86282e-05
1.87222e-05
1.86526e-05
1.83727e-05
1.79664e-05
1.68468e-05
1.56377e-05
1.39875e-05
1.20549e-05
9.88892e-06
7.70076e-06
5.57561e-06
4.0777e-06
2.96499e-06
2.16103e-06
1.58542e-06
1.19942e-06
9.45865e-07
7.67451e-07
6.21931e-07
4.89366e-07
3.86596e-07
8.9233e-07
5.97582e-07
3.36907e-07
2.19979e-07
8.95657e-08
3.81004e-08
6.32276e-08
1.9157e-07
5.55555e-07
1.25358e-06
1.64999e-06
1.34992e-06
1.44956e-06
4.09404e-06
1.07246e-05
1.40008e-05
1.16278e-05
9.56576e-06
8.02135e-06
3.07901e-06
1.47743e-06
1.41574e-06
1.54082e-06
1.71953e-06
1.69069e-06
2.22923e-06
2.77554e-06
6.1288e-06
2.41821e-05
2.81142e-06
1.46155e-05
1.42916e-06
2.23856e-06
4.87909e-06
1.13937e-05
4.64314e-05
2.93677e-05
7.19347e-05
3.25205e-05
2.92505e-05
2.68487e-05
2.46634e-05
2.2563e-05
1.93256e-05
1.62756e-05
1.41328e-05
1.3213e-05
2.73498e-05
1.40769e-05
1.54862e-05
1.59547e-05
1.66979e-05
1.76063e-05
1.84196e-05
1.86533e-05
1.85566e-05
1.80169e-05
1.72294e-05
3.09391e-05
1.48801e-05
1.36434e-05
2.49967e-05
1.11999e-05
1.02597e-05
9.22242e-06
8.58337e-06
8.34364e-06
8.54108e-06
8.92207e-06
9.43711e-06
9.98084e-06
1.06546e-05
1.15717e-05
1.2694e-05
1.39921e-05
1.53252e-05
1.618e-05
1.69449e-05
1.76194e-05
1.78696e-05
1.79419e-05
1.76694e-05
1.68778e-05
1.58916e-05
1.47196e-05
1.29324e-05
1.12144e-05
9.09212e-06
7.03283e-06
5.15617e-06
3.76202e-06
2.76335e-06
2.02171e-06
1.49584e-06
1.14502e-06
9.09558e-07
7.4005e-07
6.05322e-07
4.82011e-07
3.83422e-07
8.13536e-07
3.15542e-07
1.58667e-07
8.03224e-08
5.26954e-08
1.32341e-08
2.78664e-08
9.92654e-08
3.11009e-07
8.09641e-07
1.22738e-06
1.14556e-06
8.74018e-07
1.0046e-06
2.63141e-06
3.15486e-06
2.63971e-06
1.95814e-06
1.38261e-06
8.5957e-07
7.99646e-07
8.25451e-07
8.89715e-07
9.29413e-07
1.29821e-06
2.03232e-06
1.44482e-05
2.95221e-06
1.73264e-05
1.24584e-05
7.54839e-07
7.46117e-07
1.07833e-06
2.86953e-06
7.36949e-06
1.52219e-05
2.37369e-05
6.14353e-05
2.54521e-05
2.2844e-05
2.05508e-05
1.82915e-05
1.58044e-05
1.33636e-05
2.32396e-05
9.91039e-06
9.42505e-06
1.0024e-05
1.06626e-05
1.18146e-05
1.22219e-05
1.29664e-05
1.38751e-05
1.46905e-05
1.49079e-05
1.48428e-05
1.44102e-05
1.37606e-05
1.29888e-05
1.18652e-05
1.09489e-05
1.00084e-05
8.95025e-06
8.22648e-06
7.49468e-06
7.06682e-06
6.95481e-06
7.19479e-06
7.61984e-06
8.20735e-06
8.81542e-06
9.39053e-06
1.03059e-05
1.1512e-05
1.26914e-05
1.3957e-05
1.50585e-05
1.5882e-05
1.64013e-05
1.65867e-05
1.67544e-05
1.64578e-05
1.59178e-05
1.49289e-05
1.3512e-05
1.20811e-05
1.02401e-05
8.36407e-06
6.40156e-06
4.74148e-06
3.46997e-06
2.5731e-06
1.88391e-06
1.41619e-06
1.09172e-06
8.6958e-07
7.10584e-07
5.89432e-07
4.71991e-07
3.79883e-07
6.43786e-07
1.64683e-07
6.98807e-08
5.26709e-08
2.86446e-08
1.21055e-08
1.14016e-08
4.56848e-08
1.78626e-07
5.25356e-07
9.07509e-07
9.4873e-07
7.30463e-07
5.75509e-07
5.57111e-07
5.78358e-07
4.78793e-07
4.60786e-07
4.58146e-07
4.37493e-07
4.54162e-07
5.14824e-07
5.47756e-07
5.48666e-07
1.14066e-06
1.74603e-06
1.60547e-06
1.04918e-05
1.44935e-06
6.54225e-07
3.62057e-07
5.50489e-07
7.67089e-07
1.58676e-06
5.21875e-06
1.15037e-05
1.81163e-05
1.98907e-05
1.85231e-05
1.68349e-05
1.38182e-05
1.17131e-05
1.00176e-05
8.39915e-06
7.26262e-06
6.43712e-06
6.34712e-06
7.03687e-06
7.69971e-06
8.6529e-06
8.99576e-06
9.73166e-06
1.05771e-05
1.13263e-05
1.15633e-05
1.15424e-05
1.12407e-05
1.06995e-05
1.00541e-05
9.26238e-06
8.6719e-06
7.88581e-06
7.08065e-06
6.51541e-06
6.00579e-06
5.75117e-06
5.76569e-06
6.04888e-06
6.47183e-06
7.0255e-06
1.9588e-05
8.31081e-06
9.16089e-06
1.02287e-05
1.15019e-05
1.27081e-05
1.36381e-05
1.46611e-05
1.53562e-05
1.57259e-05
1.58446e-05
1.56358e-05
1.4856e-05
1.36874e-05
1.26273e-05
1.10818e-05
9.43009e-06
7.58847e-06
5.84777e-06
4.32757e-06
3.20663e-06
2.37947e-06
1.75555e-06
1.33413e-06
1.03638e-06
8.29584e-07
6.878e-07
5.70263e-07
4.59945e-07
3.73855e-07
1.27638e-07
3.83647e-08
2.63489e-08
1.56618e-08
1.02107e-08
5.94571e-09
4.16918e-09
1.78693e-08
9.60331e-08
3.21621e-07
6.57724e-07
7.73334e-07
6.4483e-07
4.76901e-07
3.84088e-07
3.28575e-07
2.95692e-07
2.80656e-07
2.7377e-07
2.70267e-07
2.81064e-07
3.237e-07
2.38482e-06
8.50889e-07
4.60625e-06
1.35202e-06
1.41907e-06
1.34928e-06
6.48163e-06
5.13455e-07
2.43096e-07
2.62388e-07
6.35693e-07
1.15367e-06
3.50553e-06
7.95681e-06
1.23255e-05
1.26853e-05
1.17527e-05
9.61018e-06
1.96218e-05
6.57777e-06
5.47739e-06
4.43625e-06
3.84815e-06
3.65765e-06
3.88247e-06
4.59749e-06
5.24457e-06
5.98547e-06
6.37349e-06
7.04927e-06
7.80484e-06
8.46758e-06
8.72608e-06
1.80908e-05
8.56343e-06
8.15238e-06
7.65715e-06
7.08953e-06
6.64068e-06
6.05179e-06
5.50555e-06
5.09901e-06
4.76687e-06
4.63265e-06
4.70804e-06
5.0193e-06
5.4701e-06
6.02139e-06
6.66811e-06
7.2435e-06
8.11497e-06
9.14993e-06
1.02352e-05
1.15005e-05
1.25439e-05
1.33757e-05
1.39592e-05
1.44393e-05
1.46535e-05
1.43413e-05
1.3633e-05
1.27645e-05
1.15954e-05
1.01263e-05
8.62655e-06
6.88866e-06
5.31184e-06
3.9439e-06
2.96092e-06
2.189e-06
1.64312e-06
1.25547e-06
9.79177e-07
7.92644e-07
6.61938e-07
5.48894e-07
4.47329e-07
3.66236e-07
5.63958e-08
1.2347e-08
5.54067e-09
4.32417e-09
3.60556e-09
2.60984e-09
1.47213e-09
5.84089e-09
4.0471e-08
2.0444e-07
4.55813e-07
6.07538e-07
5.61643e-07
4.43834e-07
3.47867e-07
2.88063e-07
2.50177e-07
2.2425e-07
2.04145e-07
1.88633e-07
1.76858e-07
3.56533e-07
5.94801e-07
7.63795e-07
8.31058e-07
7.89104e-07
8.45164e-07
8.33401e-07
6.70688e-07
4.07716e-07
2.1937e-07
5.77986e-06
6.63181e-07
1.24151e-06
2.03056e-06
4.30639e-06
2.04737e-05
6.76639e-06
5.48671e-06
4.22889e-06
3.01819e-06
2.70747e-06
1.14001e-05
1.57467e-06
1.41734e-06
1.53504e-06
1.92883e-06
2.63542e-06
3.26022e-06
3.88626e-06
4.28945e-06
4.90053e-06
5.55095e-06
6.11026e-06
6.372e-06
6.59875e-06
6.34856e-06
6.05977e-06
5.725e-06
5.36342e-06
5.01289e-06
4.60105e-06
4.21181e-06
3.92364e-06
3.72508e-06
3.69687e-06
3.83143e-06
4.1458e-06
4.5692e-06
5.12787e-06
5.72088e-06
6.31565e-06
7.10286e-06
8.11269e-06
9.20156e-06
1.02713e-05
1.13172e-05
1.22469e-05
1.2891e-05
1.32817e-05
1.34496e-05
1.32273e-05
1.26017e-05
1.16522e-05
1.055e-05
9.29266e-06
7.76848e-06
6.26226e-06
4.78091e-06
3.59895e-06
2.7149e-06
2.01627e-06
1.53113e-06
1.17427e-06
9.22034e-07
7.58399e-07
6.32763e-07
5.2855e-07
4.32654e-07
3.57394e-07
2.28919e-09
2.8675e-09
2.19892e-09
1.02703e-09
1.04491e-09
1.01363e-09
4.61454e-10
1.64622e-09
1.07214e-08
8.28031e-08
2.99645e-07
4.9242e-07
5.24324e-07
4.69708e-07
3.94953e-07
3.17695e-07
2.44677e-07
1.96383e-07
1.7826e-07
2.29261e-07
3.07717e-07
3.39932e-07
2.94055e-07
2.54354e-07
2.18823e-07
1.99902e-07
2.08937e-07
2.44111e-07
2.52948e-07
2.61478e-07
3.5555e-07
5.6535e-07
7.77196e-07
1.4657e-06
9.07619e-06
2.00947e-06
1.72861e-06
1.74747e-06
2.37954e-06
2.50465e-06
2.36647e-06
2.01631e-06
1.69444e-06
1.37517e-06
1.11153e-06
9.89061e-07
7.51867e-07
6.72308e-07
9.03967e-07
1.37202e-06
1.75694e-06
2.27976e-06
2.81223e-06
3.25679e-06
3.52558e-06
3.69047e-06
3.62301e-06
3.48766e-06
3.35351e-06
3.14599e-06
2.99015e-06
2.83049e-06
2.61377e-06
2.46395e-06
2.40879e-06
2.4738e-06
2.67975e-06
3.00405e-06
3.40428e-06
3.90126e-06
4.40303e-06
5.00914e-06
5.74299e-06
6.61597e-06
7.57295e-06
8.60937e-06
9.55154e-06
1.0328e-05
1.09305e-05
1.13154e-05
1.14989e-05
1.12696e-05
1.07586e-05
1.00434e-05
9.09996e-06
7.90143e-06
6.65759e-06
5.27468e-06
4.06388e-06
3.07946e-06
2.33237e-06
1.76964e-06
1.35954e-06
1.04915e-06
8.47464e-07
6.97872e-07
5.87779e-07
4.93457e-07
4.08289e-07
3.44245e-07
7.61839e-10
9.61307e-10
8.84403e-10
4.16111e-10
4.01146e-10
4.64021e-10
4.44691e-10
2.31061e-10
7.77527e-10
5.50774e-09
3.46652e-08
1.0459e-07
1.65418e-07
1.8639e-07
1.82368e-07
1.70783e-07
1.61905e-07
1.53019e-07
1.40234e-07
1.17736e-07
8.75752e-08
6.51408e-08
5.10675e-08
4.42264e-08
4.19025e-08
4.10841e-08
4.43842e-08
5.1274e-08
7.06702e-08
1.24758e-07
2.58032e-07
4.39932e-07
5.28766e-07
9.15785e-07
1.28511e-06
1.33587e-06
1.2215e-06
1.15039e-06
1.17971e-06
1.11582e-06
9.7319e-07
7.408e-07
5.42797e-07
4.56858e-07
3.69619e-07
2.76264e-07
3.08966e-07
5.25122e-07
5.55003e-07
6.34516e-07
4.88757e-07
4.86529e-07
6.426e-07
9.02912e-07
1.14613e-06
1.3046e-06
1.37277e-06
1.38628e-06
1.39975e-06
1.35433e-06
1.32964e-06
1.28606e-06
1.22593e-06
1.22314e-06
1.29893e-06
1.43065e-06
1.63309e-06
1.9001e-06
2.22417e-06
2.62825e-06
3.04864e-06
3.58161e-06
4.19975e-06
4.93496e-06
5.75417e-06
6.60916e-06
7.38667e-06
8.07092e-06
8.6149e-06
9.003e-06
9.14167e-06
8.94304e-06
8.53851e-06
7.97124e-06
7.24608e-06
6.29491e-06
5.22895e-06
4.17331e-06
3.1847e-06
2.43765e-06
1.88215e-06
1.44743e-06
1.13852e-06
9.01527e-07
7.37945e-07
6.15851e-07
5.21802e-07
4.45408e-07
3.73103e-07
3.15301e-07
1.32705e-10
2.94709e-10
4.628e-10
5.46984e-10
3.56021e-10
2.59402e-10
2.82331e-10
2.18439e-10
7.09784e-11
1.15275e-10
1.54804e-10
4.11391e-10
1.31553e-09
2.95558e-09
5.75882e-09
9.71832e-09
1.38895e-08
1.62576e-08
1.56976e-08
1.36205e-08
1.16533e-08
1.03922e-08
9.91365e-09
1.03833e-08
1.18391e-08
1.44715e-08
1.818e-08
2.40907e-08
3.52655e-08
6.06769e-08
1.00881e-07
1.41976e-07
3.92017e-07
5.68134e-07
5.97125e-07
5.59314e-07
5.06917e-07
4.34411e-07
3.6038e-07
3.15417e-07
2.84842e-07
2.33194e-07
1.86666e-07
1.59967e-07
1.42852e-07
1.38104e-07
1.77358e-07
1.8958e-07
1.51532e-07
1.80639e-07
3.07853e-07
3.56318e-07
3.80786e-07
3.91004e-07
2.75291e-07
2.72122e-07
2.86388e-07
3.249e-07
3.79947e-07
4.12571e-07
4.64251e-07
5.13208e-07
5.59704e-07
6.11458e-07
6.8885e-07
8.05038e-07
9.60859e-07
1.15994e-06
1.40402e-06
1.72031e-06
2.05777e-06
2.48129e-06
3.00544e-06
3.59793e-06
4.27005e-06
4.95176e-06
5.58362e-06
6.1492e-06
6.62938e-06
6.97023e-06
7.06581e-06
6.91886e-06
6.58457e-06
6.16141e-06
5.61076e-06
4.87217e-06
4.01311e-06
3.20117e-06
2.46958e-06
1.88691e-06
1.47948e-06
1.17126e-06
9.42993e-07
7.56695e-07
6.30498e-07
5.37816e-07
4.58985e-07
3.91443e-07
3.31431e-07
2.84402e-07
3.07097e-11
1.19514e-10
2.42039e-10
3.5944e-10
4.16988e-10
3.13214e-10
1.71642e-10
1.78608e-10
1.37743e-10
2.66958e-11
3.25798e-11
2.60808e-11
2.16069e-12
5.44748e-12
1.28917e-11
2.71085e-11
4.6835e-11
6.55919e-11
8.18102e-11
1.34174e-10
1.46029e-10
2.46014e-10
4.88375e-10
1.17462e-09
2.95305e-09
5.92313e-09
9.64153e-09
1.31989e-08
1.64655e-08
1.90712e-08
2.07872e-08
7.78692e-08
1.13173e-07
1.18965e-07
1.08749e-07
9.80719e-08
8.61311e-08
7.31351e-08
6.23701e-08
5.64851e-08
5.37657e-08
4.71997e-08
4.32513e-08
4.58965e-08
5.32599e-08
6.29338e-08
6.77261e-08
6.8956e-08
8.35361e-08
1.06031e-07
9.31775e-08
8.06152e-08
1.01269e-07
1.64514e-07
1.71035e-07
1.55061e-07
1.55634e-07
1.21076e-07
9.71249e-08
1.07151e-07
1.44957e-07
1.91655e-07
2.38886e-07
2.8997e-07
3.55897e-07
4.39934e-07
5.48039e-07
6.86637e-07
8.69687e-07
1.09162e-06
1.34485e-06
1.66207e-06
2.08507e-06
2.56632e-06
3.09159e-06
3.62679e-06
4.12577e-06
4.58102e-06
4.96569e-06
5.25308e-06
5.29714e-06
5.20031e-06
4.97067e-06
4.62621e-06
4.20276e-06
3.64584e-06
3.02286e-06
2.39822e-06
1.85516e-06
1.43424e-06
1.14593e-06
9.24324e-07
7.57121e-07
6.26474e-07
5.31215e-07
4.54033e-07
3.92329e-07
3.39339e-07
2.89989e-07
2.50763e-07
1.05982e-11
5.55364e-11
1.26248e-10
2.03966e-10
2.53622e-10
2.53529e-10
1.65493e-10
1.02535e-10
1.0341e-10
8.52986e-11
2.00429e-11
1.45193e-11
1.20442e-11
1.5213e-13
2.54255e-13
3.75489e-13
4.92038e-13
6.2706e-13
8.46495e-13
1.42708e-12
3.32207e-12
9.60244e-12
3.08008e-11
9.50527e-11
7.97324e-10
1.97687e-09
3.2759e-09
4.16597e-09
4.3252e-09
3.913e-09
8.25772e-09
1.2581e-08
1.36903e-08
1.2791e-08
1.09969e-08
9.35425e-09
7.93566e-09
6.35289e-09
5.19268e-09
4.63875e-09
4.44357e-09
4.25373e-09
4.98196e-09
7.4266e-09
1.15918e-08
1.74344e-08
2.3966e-08
2.98571e-08
3.29247e-08
3.30784e-08
3.67879e-08
4.81731e-08
4.90251e-08
3.83523e-08
3.72676e-08
4.97702e-08
7.16442e-08
6.65142e-08
6.28051e-08
5.49555e-08
4.54585e-08
5.90403e-08
8.91807e-08
1.27783e-07
1.75852e-07
2.32384e-07
3.03858e-07
4.02099e-07
5.23639e-07
6.72162e-07
8.50899e-07
1.07913e-06
1.40645e-06
1.77754e-06
2.17623e-06
2.59176e-06
2.97112e-06
3.32304e-06
3.60932e-06
3.80776e-06
3.85697e-06
3.79616e-06
3.6385e-06
3.39321e-06
3.0608e-06
2.65748e-06
2.2046e-06
1.75786e-06
1.35633e-06
1.06287e-06
8.70718e-07
7.18573e-07
5.98223e-07
5.04318e-07
4.3541e-07
3.78357e-07
3.3046e-07
2.88085e-07
2.47935e-07
2.13669e-07
1.24907e-12
3.01597e-11
6.55194e-11
1.08651e-10
1.41556e-10
1.52481e-10
1.23063e-10
5.42937e-11
5.78701e-11
5.63555e-11
4.45366e-11
9.884e-12
7.60857e-12
7.34436e-12
4.7467e-12
3.92195e-14
4.52934e-14
4.8e-14
5.17269e-14
6.27679e-14
1.10244e-13
2.87157e-13
9.26625e-13
3.00889e-12
3.0634e-11
1.89988e-10
3.82157e-10
5.37579e-10
6.06504e-10
5.95384e-10
5.37786e-10
4.66974e-10
4.01402e-10
3.47022e-10
3.02934e-10
2.69649e-10
2.43883e-10
2.22554e-10
2.07574e-10
1.98689e-10
1.95315e-10
1.966e-10
2.09327e-10
2.3375e-10
4.32409e-10
2.23678e-09
4.48299e-09
7.17205e-09
9.91467e-09
1.22427e-08
1.32489e-08
1.32055e-08
1.44842e-08
1.83309e-08
1.93912e-08
1.49876e-08
1.37477e-08
2.0139e-08
2.8863e-08
2.68594e-08
2.94566e-08
2.21307e-08
2.97672e-08
5.04231e-08
8.09439e-08
1.177e-07
1.66639e-07
2.30369e-07
3.05903e-07
4.02264e-07
5.26322e-07
6.75737e-07
9.17038e-07
1.18909e-06
1.48952e-06
1.7919e-06
2.07242e-06
2.32826e-06
2.53564e-06
2.67035e-06
2.71301e-06
2.67736e-06
2.57417e-06
2.40428e-06
2.17137e-06
1.87642e-06
1.55902e-06
1.2461e-06
9.5983e-07
7.72294e-07
6.44384e-07
5.44915e-07
4.64357e-07
4.00382e-07
3.50877e-07
3.08295e-07
2.70192e-07
2.3604e-07
2.0465e-07
1.79009e-07
0
1.47855e-11
3.35732e-11
5.52674e-11
7.80356e-11
8.37477e-11
7.50909e-11
4.41826e-11
3.23382e-11
3.28459e-11
3.08122e-11
2.39634e-11
6.99711e-12
4.43625e-12
4.59602e-12
4.11233e-12
2.74817e-12
3.0016e-13
1.54709e-14
1.65872e-14
1.86779e-14
2.43235e-14
4.00716e-14
8.17752e-14
1.92001e-13
4.10938e-13
7.69764e-13
1.58438e-11
3.50554e-11
4.95461e-11
5.79184e-11
6.12099e-11
6.13754e-11
6.04602e-11
5.92056e-11
5.80435e-11
5.74249e-11
5.72929e-11
5.74882e-11
5.83904e-11
5.89548e-11
5.89538e-11
6.13021e-11
6.54313e-11
7.34716e-11
8.65701e-11
1.02373e-10
1.22767e-10
7.58891e-10
1.71331e-09
2.6194e-09
3.32428e-09
3.63994e-09
3.74796e-09
4.60657e-09
5.82407e-09
5.37486e-09
4.38845e-09
6.20266e-09
1.16283e-08
1.21559e-08
1.47375e-08
1.23266e-08
1.82754e-08
3.39622e-08
5.74407e-08
8.83537e-08
1.27462e-07
1.73651e-07
2.37671e-07
3.13675e-07
4.03925e-07
5.73097e-07
7.69488e-07
9.7695e-07
1.1868e-06
1.38314e-06
1.56023e-06
1.70829e-06
1.80014e-06
1.83772e-06
1.81704e-06
1.7497e-06
1.63387e-06
1.47689e-06
1.27589e-06
1.06026e-06
8.46202e-07
6.51249e-07
5.50257e-07
4.70699e-07
4.05921e-07
3.5141e-07
3.0772e-07
2.72973e-07
2.43404e-07
2.17117e-07
1.91766e-07
1.67444e-07
1.46513e-07
0
2.22641e-12
1.8221e-11
2.9168e-11
3.764e-11
4.49176e-11
4.41807e-11
3.0599e-11
1.78119e-11
1.95218e-11
1.98453e-11
1.83324e-11
1.42418e-11
5.72157e-12
2.66154e-12
2.77265e-12
2.63033e-12
2.13721e-12
1.1792e-12
7.47547e-15
8.25744e-15
9.13695e-15
1.02868e-14
1.2144e-14
1.55534e-14
2.17773e-14
3.17051e-14
4.57824e-14
6.29328e-14
8.74872e-14
1.09338e-13
1.34601e-13
1.57078e-13
1.30109e-12
3.07545e-12
5.01566e-12
7.0562e-12
9.23294e-12
1.14701e-11
1.35642e-11
1.51942e-11
1.64097e-11
1.72952e-11
1.86307e-11
2.02265e-11
2.28362e-11
2.62141e-11
3.0568e-11
3.88598e-11
4.67244e-11
5.47284e-11
5.95653e-11
6.19936e-11
5.99895e-11
1.89235e-10
4.68196e-10
9.32833e-10
1.22868e-09
1.30384e-09
2.33239e-09
5.20904e-09
6.20838e-09
8.49473e-09
8.08501e-09
1.33129e-08
2.58527e-08
4.41122e-08
6.71682e-08
9.73781e-08
1.34435e-07
1.78423e-07
2.27578e-07
3.42468e-07
4.72221e-07
6.07956e-07
7.43199e-07
8.72156e-07
9.90605e-07
1.09327e-06
1.15856e-06
1.18654e-06
1.17902e-06
1.1384e-06
1.06453e-06
9.61566e-07
8.29741e-07
6.86906e-07
5.43668e-07
4.34764e-07
3.79061e-07
3.32612e-07
2.94075e-07
2.61726e-07
2.34237e-07
2.10937e-07
1.89494e-07
1.6916e-07
1.49027e-07
1.29645e-07
1.14011e-07
0
0
3.10817e-12
1.50523e-11
2.20985e-11
2.30613e-11
2.24859e-11
1.89791e-11
1.02403e-11
1.11357e-11
1.17214e-11
1.20732e-11
1.14416e-11
8.85939e-12
3.80791e-12
1.6406e-12
1.68599e-12
1.6224e-12
1.40849e-12
9.77334e-13
2.29324e-13
4.85889e-15
5.31974e-15
5.6733e-15
5.95055e-15
6.25117e-15
6.71111e-15
7.36942e-15
8.21504e-15
9.33236e-15
1.03873e-14
1.16866e-14
1.32372e-14
1.54096e-14
1.85459e-14
2.26119e-14
3.02355e-14
3.95071e-14
8.59483e-13
1.75524e-12
2.58129e-12
3.32551e-12
3.96101e-12
4.62788e-12
5.27706e-12
6.05509e-12
6.89547e-12
7.98109e-12
1.00781e-11
1.26632e-11
1.55513e-11
1.78118e-11
1.99238e-11
2.19056e-11
2.11617e-11
2.03089e-11
2.76997e-11
4.49426e-11
7.8381e-11
4.01253e-10
1.21453e-09
2.97981e-09
4.01522e-09
5.74647e-09
6.06221e-09
1.05092e-08
1.99935e-08
3.34675e-08
5.10918e-08
7.19353e-08
9.59135e-08
1.25388e-07
1.90033e-07
2.69003e-07
3.52441e-07
4.35091e-07
5.14443e-07
5.92453e-07
6.57317e-07
7.00617e-07
7.21503e-07
7.20198e-07
6.96988e-07
6.52209e-07
5.88479e-07
5.07347e-07
4.19449e-07
3.31453e-07
2.8993e-07
2.58855e-07
2.31642e-07
2.07967e-07
1.87327e-07
1.69415e-07
1.54439e-07
1.41057e-07
1.27928e-07
1.14509e-07
1.00966e-07
8.90651e-08
0
0
0
2.13146e-12
9.51386e-12
1.29314e-11
1.36059e-11
1.10489e-11
6.73793e-12
6.09726e-12
7.13894e-12
7.575e-12
7.41956e-12
6.7409e-12
5.10294e-12
1.86903e-12
1.04762e-12
1.07328e-12
1.04754e-12
9.45667e-13
7.30126e-13
3.55367e-13
3.07997e-15
3.32897e-15
3.48282e-15
3.52618e-15
3.48825e-15
3.38298e-15
3.29612e-15
3.21136e-15
3.15836e-15
3.14314e-15
3.20098e-15
3.33939e-15
3.57861e-15
3.98624e-15
4.53781e-15
5.35426e-15
6.5426e-15
8.09735e-15
3.74926e-14
3.65946e-13
6.73221e-13
9.58158e-13
1.2288e-12
1.50618e-12
1.79753e-12
2.15254e-12
2.68588e-12
3.45384e-12
4.34906e-12
5.19046e-12
6.47718e-12
7.58196e-12
8.1213e-12
8.33195e-12
8.1995e-12
1.26959e-11
2.08028e-11
2.06597e-11
2.36324e-10
9.67932e-10
2.22916e-09
3.10045e-09
4.27335e-09
4.6924e-09
8.05508e-09
1.47599e-08
2.40434e-08
3.55031e-08
4.89488e-08
6.52868e-08
9.19549e-08
1.37194e-07
1.84734e-07
2.33228e-07
2.82675e-07
3.27709e-07
3.65013e-07
3.91612e-07
4.05673e-07
4.0642e-07
3.93673e-07
3.67707e-07
3.30258e-07
2.82935e-07
2.31406e-07
2.0242e-07
1.86108e-07
1.71047e-07
1.57418e-07
1.45052e-07
1.33564e-07
1.23023e-07
1.13192e-07
1.03711e-07
9.41901e-08
8.43486e-08
7.44643e-08
6.58567e-08
0
0
0
0
1.06531e-12
3.35765e-12
6.4237e-12
6.78308e-12
5.23056e-12
3.44556e-12
3.70683e-12
4.26953e-12
4.69019e-12
4.69605e-12
4.01846e-12
2.69402e-12
6.11577e-13
6.58031e-13
6.89677e-13
6.9403e-13
6.53354e-13
5.42646e-13
3.46431e-13
5.81259e-14
2.21451e-15
2.29291e-15
2.29274e-15
2.24277e-15
2.14084e-15
2.02136e-15
1.89503e-15
1.78433e-15
1.69668e-15
1.63799e-15
1.61799e-15
1.63082e-15
1.6785e-15
1.78106e-15
1.93479e-15
2.14885e-15
2.47954e-15
2.90551e-15
3.44843e-15
7.97717e-14
2.30442e-13
3.68582e-13
4.99871e-13
6.28845e-13
7.76741e-13
9.89495e-13
1.25652e-12
1.6031e-12
2.10993e-12
2.703e-12
3.09901e-12
3.41602e-12
3.68107e-12
3.8024e-12
6.29182e-12
1.04842e-11
2.47322e-11
2.41074e-10
8.92417e-10
1.81728e-09
2.44057e-09
3.33909e-09
3.51406e-09
5.5802e-09
9.71401e-09
1.56154e-08
2.28685e-08
3.1242e-08
4.03802e-08
5.64767e-08
8.26214e-08
1.10217e-07
1.37012e-07
1.61365e-07
1.81652e-07
1.95938e-07
2.03822e-07
2.04448e-07
1.98246e-07
1.85257e-07
1.6527e-07
1.39442e-07
1.30557e-07
1.23636e-07
1.16484e-07
1.0951e-07
1.02855e-07
9.65699e-08
8.99801e-08
8.39123e-08
7.83034e-08
7.26174e-08
6.66345e-08
6.02465e-08
5.37089e-08
4.79815e-08
0
0
0
0
0
1.93972e-13
8.3585e-13
2.01828e-12
2.70477e-12
2.09174e-12
2.49643e-12
2.53353e-12
2.58506e-12
2.73397e-12
2.6796e-12
2.26797e-12
1.31989e-12
4.11051e-13
4.36189e-13
4.56682e-13
4.65148e-13
4.51206e-13
4.00414e-13
3.01001e-13
1.46218e-13
1.52017e-15
1.57858e-15
1.5946e-15
1.56727e-15
1.50639e-15
1.42592e-15
1.33805e-15
1.25596e-15
1.18588e-15
1.12585e-15
1.08369e-15
1.05128e-15
1.03764e-15
1.03846e-15
1.06516e-15
1.1172e-15
1.19831e-15
1.31232e-15
1.45946e-15
1.64963e-15
2.15127e-15
9.78224e-14
1.81231e-13
2.55322e-13
3.30387e-13
4.15663e-13
5.33334e-13
7.10946e-13
9.58455e-13
1.18304e-12
1.447e-12
1.72376e-12
1.75896e-12
1.90731e-12
3.21673e-12
5.38134e-12
7.70111e-11
2.2693e-10
7.11552e-10
1.39244e-09
1.78908e-09
2.54574e-09
2.41607e-09
3.43942e-09
5.75422e-09
9.11849e-09
1.3262e-08
1.78535e-08
2.32647e-08
2.93212e-08
3.82672e-08
5.14268e-08
6.35147e-08
7.36172e-08
8.10206e-08
8.60027e-08
8.73907e-08
8.4724e-08
7.78668e-08
7.87222e-08
7.82727e-08
7.68103e-08
7.4695e-08
7.22061e-08
6.95396e-08
6.67719e-08
6.38485e-08
6.06487e-08
5.74017e-08
5.39584e-08
5.0282e-08
4.63144e-08
4.20092e-08
3.75578e-08
3.36136e-08
0
0
0
0
0
0
0
2.04715e-13
3.04173e-13
1.51151e-13
1.1393e-12
1.5688e-12
1.85599e-12
1.7424e-12
1.6377e-12
1.45505e-12
1.14488e-12
4.85768e-13
2.74504e-13
3.01236e-13
3.2044e-13
3.29346e-13
3.24297e-13
3.0141e-13
2.50795e-13
1.6858e-13
5.61854e-14
1.10645e-15
1.12847e-15
1.1252e-15
1.09973e-15
1.05808e-15
1.009e-15
9.57795e-16
9.06882e-16
8.58315e-16
8.1421e-16
7.73462e-16
7.43325e-16
7.19376e-16
7.06207e-16
7.02126e-16
7.10508e-16
7.35396e-16
7.76078e-16
8.37831e-16
9.12964e-16
1.00097e-15
4.65224e-14
1.01584e-13
1.49373e-13
1.96435e-13
2.57508e-13
3.4224e-13
4.52704e-13
5.9521e-13
7.62664e-13
8.50292e-13
8.99948e-13
9.8831e-13
1.58783e-12
2.78226e-12
7.89113e-11
1.69089e-10
4.51214e-10
9.65889e-10
1.20099e-09
1.68624e-09
1.59845e-09
2.01295e-09
3.04519e-09
4.79838e-09
7.06707e-09
9.81454e-09
1.28004e-08
1.59706e-08
1.91776e-08
2.26662e-08
2.65011e-08
3.02067e-08
3.36208e-08
3.66712e-08
3.90882e-08
4.10455e-08
4.24024e-08
4.31235e-08
4.3299e-08
4.30631e-08
4.25538e-08
4.18897e-08
4.0988e-08
3.98096e-08
3.83637e-08
3.67156e-08
3.49035e-08
3.28257e-08
3.04752e-08
2.78519e-08
2.5095e-08
2.26249e-08
0
0
0
0
0
0
0
0
0
3.08046e-15
1.84526e-15
1.35454e-13
7.99959e-13
1.06336e-12
1.23727e-12
1.09557e-12
8.77962e-13
5.5579e-13
1.53483e-13
1.78593e-13
2.03082e-13
2.23884e-13
2.38311e-13
2.4465e-13
2.35528e-13
2.09491e-13
1.65124e-13
1.03846e-13
2.66192e-14
8.14131e-16
8.19335e-16
8.11115e-16
7.9281e-16
7.66705e-16
7.36185e-16
7.03627e-16
6.70147e-16
6.353e-16
6.01977e-16
5.70229e-16
5.40562e-16
5.13944e-16
4.92856e-16
4.77871e-16
4.67579e-16
4.64837e-16
4.71538e-16
4.8449e-16
5.0433e-16
5.24782e-16
2.8889e-14
6.26664e-14
9.27218e-14
1.25739e-13
1.68793e-13
2.31684e-13
3.06997e-13
3.74028e-13
4.38799e-13
4.76346e-13
4.90646e-13
7.61802e-13
1.40969e-12
4.81233e-11
9.89074e-11
2.30752e-10
5.67287e-10
7.30711e-10
9.49022e-10
1.1014e-09
1.12348e-09
1.52845e-09
2.37349e-09
3.57735e-09
5.01488e-09
6.57998e-09
8.33934e-09
1.03478e-08
1.23333e-08
1.43012e-08
1.61576e-08
1.78576e-08
1.95137e-08
2.11844e-08
2.26255e-08
2.37443e-08
2.45476e-08
2.50802e-08
2.53639e-08
2.54291e-08
2.52816e-08
2.49082e-08
2.43137e-08
2.35192e-08
2.25153e-08
2.12877e-08
1.98503e-08
1.82189e-08
1.64864e-08
1.49231e-08
0
0
0
0
0
0
0
0
0
0
0
0
1.05626e-15
6.55883e-14
4.45437e-13
6.33226e-13
6.22345e-13
5.38407e-13
2.77702e-13
1.14756e-13
1.23928e-13
1.34216e-13
1.53566e-13
1.7402e-13
1.83043e-13
1.846e-13
1.74197e-13
1.52266e-13
1.17535e-13
7.17767e-14
1.7203e-14
6.01678e-16
6.04561e-16
6.00369e-16
5.87512e-16
5.69897e-16
5.49412e-16
5.26779e-16
5.03464e-16
4.78824e-16
4.54264e-16
4.29737e-16
4.04956e-16
3.81152e-16
3.58365e-16
3.36687e-16
3.18564e-16
3.0284e-16
2.88796e-16
2.78611e-16
2.70272e-16
2.63851e-16
2.13423e-14
4.01592e-14
5.86507e-14
8.17352e-14
1.12965e-13
1.48293e-13
1.87814e-13
2.20288e-13
2.29849e-13
2.36006e-13
3.51379e-13
6.5453e-13
8.72187e-12
4.13818e-11
9.52946e-11
2.6687e-10
3.90734e-10
4.82143e-10
6.5589e-10
5.94293e-10
7.68427e-10
1.12483e-09
1.71964e-09
2.46209e-09
3.3673e-09
4.35682e-09
5.3805e-09
6.39739e-09
7.49337e-09
8.70563e-09
9.88047e-09
1.0937e-08
1.18929e-08
1.27049e-08
1.33719e-08
1.38828e-08
1.42566e-08
1.44887e-08
1.45723e-08
1.45049e-08
1.43018e-08
1.39581e-08
1.3465e-08
1.28176e-08
1.20239e-08
1.10941e-08
1.0092e-08
9.18244e-09
0
0
0
0
0
0
0
0
0
0
0
0
0
0
1.8272e-16
6.44239e-15
1.16747e-13
2.7375e-13
2.19506e-13
5.12781e-14
7.01356e-14
9.72427e-14
1.06758e-13
1.15745e-13
1.2227e-13
1.32296e-13
1.40714e-13
1.4135e-13
1.30552e-13
1.11889e-13
8.42624e-14
4.95769e-14
9.18924e-15
4.54937e-16
4.50608e-16
4.43523e-16
4.37398e-16
4.28244e-16
4.18551e-16
4.05856e-16
3.89835e-16
3.72356e-16
3.54291e-16
3.34748e-16
3.14677e-16
2.93002e-16
2.70625e-16
2.47509e-16
2.24382e-16
2.02879e-16
1.82096e-16
1.61994e-16
1.44297e-16
3.80766e-15
1.50343e-14
2.49774e-14
3.6551e-14
5.12936e-14
6.89303e-14
8.77115e-14
1.00848e-13
1.06006e-13
1.08965e-13
1.55469e-13
2.92701e-13
3.67635e-13
3.04321e-12
2.65271e-11
9.4452e-11
1.71023e-10
2.21343e-10
3.12933e-10
3.14043e-10
3.73984e-10
5.23059e-10
8.07124e-10
1.20202e-09
1.67169e-09
2.20016e-09
2.77674e-09
3.41595e-09
4.0816e-09
4.73267e-09
5.34739e-09
5.91015e-09
6.45375e-09
6.9635e-09
7.43509e-09
7.8412e-09
8.15384e-09
8.35519e-09
8.44398e-09
8.42346e-09
8.29607e-09
8.06898e-09
7.73638e-09
7.30106e-09
6.77474e-09
6.19337e-09
5.65331e-09
0
0
0
0
0
0
0
0
0
0
0
0
0
0
0
0
9.42348e-19
1.22147e-15
1.70326e-14
5.26947e-14
8.33899e-19
2.22333e-16
2.19733e-14
6.93853e-14
9.35785e-14
1.01285e-13
1.06644e-13
1.06494e-13
1.04323e-13
1.01397e-13
9.31881e-14
7.8797e-14
5.73604e-14
3.03951e-14
3.56216e-16
3.55552e-16
3.51853e-16
3.46235e-16
3.39616e-16
3.31667e-16
3.22903e-16
3.17256e-16
3.09313e-16
2.99083e-16
2.84557e-16
2.67877e-16
2.49907e-16
2.29819e-16
2.08749e-16
1.86081e-16
1.62568e-16
1.39824e-16
1.18123e-16
9.78521e-17
7.90577e-17
3.71042e-15
9.25191e-15
1.48404e-14
2.14812e-14
2.9762e-14
3.79586e-14
4.39401e-14
4.6897e-14
4.76476e-14
6.82365e-14
1.2978e-13
1.66669e-13
1.35515e-13
1.70126e-13
1.49365e-11
5.26155e-11
8.38922e-11
1.27803e-10
1.57294e-10
1.73286e-10
2.42651e-10
3.70518e-10
5.7122e-10
8.17752e-10
1.10923e-09
1.43639e-09
1.78061e-09
2.1474e-09
2.52269e-09
2.89205e-09
3.25899e-09
3.60042e-09
3.90141e-09
4.15385e-09
4.35249e-09
4.48985e-09
4.56764e-09
4.58173e-09
4.53181e-09
4.41991e-09
4.24265e-09
4.02235e-09
3.75133e-09
3.44248e-09
3.15369e-09
0
0
0
0
0
0
0
0
0
0
0
0
0
0
0
0
0
0
6.89391e-19
1.75859e-16
7.63763e-16
0
4.77842e-19
9.5036e-18
3.31001e-16
2.36634e-14
6.36455e-14
8.25261e-14
8.9775e-14
8.77757e-14
8.39561e-14
7.50081e-14
6.36076e-14
4.93069e-14
3.33377e-14
1.39912e-14
2.04338e-16
2.69792e-16
2.77308e-16
2.76769e-16
2.74245e-16
2.6908e-16
2.63497e-16
2.56228e-16
2.48261e-16
2.40987e-16
2.31488e-16
2.16507e-16
1.99391e-16
1.81249e-16
1.61092e-16
1.40743e-16
1.1957e-16
9.8607e-17
7.90686e-17
6.13181e-17
4.58509e-17
2.15511e-15
5.17806e-15
8.19193e-15
1.19016e-14
1.56151e-14
1.85824e-14
1.99879e-14
1.99144e-14
2.91886e-14
5.60245e-14
7.57546e-14
5.91413e-14
7.47565e-14
1.85344e-13
3.40428e-13
1.82567e-11
4.06823e-11
6.73315e-11
7.4768e-11
1.09181e-10
1.66855e-10
2.6333e-10
3.88085e-10
5.40666e-10
7.21626e-10
9.12933e-10
1.11317e-09
1.31398e-09
1.51583e-09
1.7033e-09
1.8687e-09
2.02825e-09
2.16062e-09
2.26833e-09
2.34023e-09
2.37877e-09
2.38515e-09
2.35108e-09
2.28074e-09
2.17288e-09
2.03024e-09
1.86585e-09
1.70773e-09
0
0
0
0
0
0
0
0
0
0
0
0
0
0
0
0
0
0
0
0
0
2.07481e-17
0
0
1.61765e-19
7.9194e-19
1.07385e-17
2.52593e-16
1.19939e-14
3.49549e-14
5.65213e-14
6.30931e-14
6.30522e-14
5.50841e-14
4.47099e-14
3.26673e-14
1.84809e-14
2.87066e-15
1.35161e-17
5.28673e-17
1.19317e-16
1.88505e-16
2.23762e-16
2.23097e-16
2.19191e-16
2.1253e-16
2.04617e-16
1.94032e-16
1.85265e-16
1.7373e-16
1.58737e-16
1.41689e-16
1.24074e-16
1.06015e-16
8.82092e-17
7.08219e-17
5.45096e-17
3.98623e-17
2.77084e-17
8.11934e-16
2.63081e-15
4.37857e-15
6.17213e-15
7.7037e-15
8.44872e-15
8.47583e-15
1.17112e-14
2.37992e-14
3.36741e-14
2.75296e-14
3.20258e-14
7.52043e-14
1.53571e-13
1.85119e-13
2.76903e-12
1.85676e-11
2.79003e-11
4.38052e-11
6.942e-11
1.11648e-10
1.72652e-10
2.49026e-10
3.37585e-10
4.3192e-10
5.30655e-10
6.36154e-10
7.43187e-10
8.40614e-10
9.27582e-10
1.00266e-09
1.06237e-09
1.10484e-09
1.13145e-09
1.13694e-09
1.12038e-09
1.08216e-09
1.03319e-09
9.66366e-10
8.87611e-10
8.10898e-10
0
0
0
0
0
0
0
0
0
0
0
0
0
0
0
0
0
0
0
0
0
0
0
0
0
0
0
2.18705e-19
7.73794e-19
2.47297e-18
1.36022e-17
2.16865e-16
6.40962e-15
1.56657e-14
2.50358e-14
2.96048e-14
2.62932e-14
1.91038e-14
8.13326e-15
2.06987e-22
4.56705e-22
2.28287e-18
1.0541e-17
5.24847e-17
1.20919e-16
1.8353e-16
1.82305e-16
1.77117e-16
1.68564e-16
1.59057e-16
1.4753e-16
1.36221e-16
1.24079e-16
1.10456e-16
9.49577e-17
7.96383e-17
6.51767e-17
5.10324e-17
3.83448e-17
2.7002e-17
1.75526e-17
2.07425e-17
1.23153e-15
2.27264e-15
3.17617e-15
3.68761e-15
3.75315e-15
4.41496e-15
9.19383e-15
1.52371e-14
1.2953e-14
1.37769e-14
2.84088e-14
6.61144e-14
8.65859e-14
1.03772e-13
1.43495e-13
2.88334e-12
1.06998e-11
2.16681e-11
3.81011e-11
6.32262e-11
9.61827e-11
1.35013e-10
1.80056e-10
2.27014e-10
2.74614e-10
3.20309e-10
3.61082e-10
3.95839e-10
4.27011e-10
4.53155e-10
4.71564e-10
4.78555e-10
4.73231e-10
4.5762e-10
4.32183e-10
3.97953e-10
3.5831e-10
3.20708e-10
0
0
0
0
0
0
0
0
0
0
0
0
0
0
0
0
0
0
0
0
0
0
0
0
0
0
0
0
0
0
0
3.47464e-19
7.54177e-19
1.25665e-18
4.70286e-18
1.6063e-17
1.09825e-16
2.57145e-15
5.34671e-15
5.84722e-15
7.40827e-16
2.16228e-24
2.58628e-24
2.17436e-22
7.20136e-19
5.83818e-18
2.64782e-17
8.40118e-17
1.36356e-16
1.45445e-16
1.38943e-16
1.29224e-16
1.18526e-16
1.07261e-16
9.49257e-17
8.40496e-17
7.24276e-17
6.02928e-17
4.81078e-17
3.69298e-17
2.71106e-17
1.84937e-17
1.16661e-17
6.72915e-18
4.8366e-16
1.1342e-15
1.63149e-15
1.78848e-15
1.76824e-15
2.85434e-15
6.37315e-15
6.73337e-15
5.91468e-15
9.76852e-15
2.69489e-14
4.01464e-14
4.79857e-14
6.11639e-14
8.7177e-14
9.69683e-14
1.24279e-13
3.5247e-12
1.09882e-11
2.19856e-11
3.59445e-11
5.18672e-11
6.90961e-11
8.68675e-11
1.03734e-10
1.19603e-10
1.32164e-10
1.41823e-10
1.46675e-10
1.46906e-10
1.41921e-10
1.32277e-10
1.20013e-10
1.0502e-10
8.79028e-11
7.04951e-11
0
0
0
0
0
0
0
0
0
0
0
0
0
0
0
0
0
0
0
0
0
0
0
0
0
0
0
0
0
0
0
0
0
0
0
4.20309e-20
3.36166e-19
6.06252e-19
8.88787e-19
2.51165e-18
2.02444e-17
2.81575e-16
6.20322e-25
1.05341e-24
1.51616e-24
1.94924e-24
1.1768e-22
8.62512e-20
2.99719e-18
9.41788e-18
5.05799e-17
8.89157e-17
1.11464e-16
1.0406e-16
9.50138e-17
8.46215e-17
7.41802e-17
6.38781e-17
5.34139e-17
4.43675e-17
3.56057e-17
2.7053e-17
1.9218e-17
1.27784e-17
7.83651e-18
4.43161e-18
8.14692e-17
5.08956e-16
8.05241e-16
9.02586e-16
9.246e-16
2.16788e-15
3.45704e-15
2.83998e-15
3.53059e-15
8.73423e-15
1.7746e-14
2.23813e-14
2.67378e-14
3.8007e-14
4.68622e-14
5.39353e-14
7.22734e-14
1.03634e-13
1.57332e-13
2.41195e-13
3.56188e-13
5.13876e-13
7.10751e-13
2.757e-12
4.59966e-12
5.21564e-12
4.40995e-12
2.34319e-12
2.87309e-12
3.44046e-12
4.077e-12
4.76027e-12
5.48696e-12
6.15776e-12
0
0
0
0
0
0
0
0
0
0
0
0
0
0
0
0
0
0
0
0
0
0
0
0
0
0
0
0
0
0
0
0
0
0
0
0
0
0
0
0
1.54199e-19
3.06602e-19
3.21898e-19
0
0
3.88708e-25
7.5153e-25
1.11901e-24
1.49457e-24
4.10948e-23
2.00887e-22
9.59869e-19
4.62731e-18
1.5721e-17
4.18027e-17
6.22891e-17
7.40217e-17
6.61086e-17
5.75958e-17
4.86889e-17
4.00921e-17
3.23512e-17
2.50628e-17
1.90131e-17
1.38407e-17
9.0758e-18
5.36274e-18
2.99156e-18
1.67492e-18
1.67798e-16
3.78131e-16
4.38858e-16
4.98184e-16
1.29549e-15
1.72068e-15
1.38799e-15
2.41198e-15
6.85391e-15
9.98929e-15
1.19303e-14
1.56633e-14
2.19161e-14
2.42112e-14
3.05344e-14
4.29843e-14
6.54022e-14
1.03389e-13
1.5735e-13
2.25062e-13
3.17152e-13
4.34455e-13
5.82108e-13
7.61483e-13
9.64817e-13
1.18482e-12
1.43547e-12
1.72808e-12
2.154e-12
2.6082e-12
3.06106e-12
0
0
0
0
0
0
0
0
0
0
0
0
0
0
0
0
0
0
0
0
0
0
0
0
0
0
0
0
0
0
0
0
0
0
0
0
0
0
0
0
0
0
0
1.83358e-20
5.6108e-20
0
0
0
2.41185e-25
5.12497e-25
7.73771e-25
1.05043e-24
1.29656e-24
6.47166e-23
1.5774e-22
6.31914e-19
2.54821e-18
4.76582e-18
1.8224e-17
2.9781e-17
3.68774e-17
3.61647e-17
2.96592e-17
2.34539e-17
1.78276e-17
1.31909e-17
9.18174e-18
6.33059e-18
3.95245e-18
2.11372e-18
1.13496e-18
7.34373e-19
1.46874e-16
2.08205e-16
2.68381e-16
7.33139e-16
7.55344e-16
7.8551e-16
2.06435e-15
4.22572e-15
5.24255e-15
6.53725e-15
9.543e-15
1.0798e-14
1.3537e-14
1.82102e-14
2.82987e-14
4.50662e-14
7.15562e-14
1.08416e-13
1.57085e-13
2.17972e-13
2.89393e-13
3.782e-13
4.97867e-13
6.40217e-13
8.08698e-13
1.00235e-12
1.2153e-12
1.41497e-12
0
0
0
0
0
0
0
0
0
0
0
0
0
0
0
0
0
0
0
0
0
0
0
0
0
0
0
0
0
0
0
0
0
0
0
0
0
0
0
0
0
0
0
0
0
0
0
0
0
0
0
7.36127e-26
2.71717e-25
4.31346e-25
5.80674e-25
7.48123e-25
9.03738e-25
8.93336e-24
6.49797e-23
1.04929e-22
4.60354e-19
1.58391e-18
3.3159e-18
1.05015e-17
1.5133e-17
1.64402e-17
1.26196e-17
9.17106e-18
6.37404e-18
4.21093e-18
2.70236e-18
1.66428e-18
8.49959e-19
5.00649e-19
1.79634e-17
8.66106e-17
1.43104e-16
4.32986e-16
3.40046e-16
4.97282e-16
1.51328e-15
2.23857e-15
2.69313e-15
3.91e-15
4.82394e-15
5.86519e-15
8.21711e-15
1.28185e-14
2.15281e-14
3.48549e-14
5.37739e-14
7.88003e-14
1.12964e-13
1.56884e-13
2.10925e-13
2.7465e-13
3.48371e-13
4.31794e-13
5.52918e-13
6.7243e-13
0
0
0
0
0
0
0
0
0
0
0
0
0
0
0
0
0
0
0
0
0
0
0
0
0
0
0
0
0
0
0
0
0
0
0
0
0
0
0
0
0
0
0
0
0
0
0
0
0
0
0
0
0
0
0
2.98045e-26
1.45858e-25
2.30346e-25
2.96313e-25
3.69687e-25
4.78508e-25
5.99014e-25
4.38477e-24
3.31615e-23
4.62199e-20
3.93109e-19
1.08232e-18
4.69736e-18
6.96312e-18
6.4053e-18
4.46842e-18
2.94208e-18
1.84432e-18
1.14233e-18
7.15101e-19
3.75503e-19
2.26093e-19
2.50501e-17
7.84143e-17
2.04295e-16
1.77659e-16
3.74026e-16
1.00926e-15
1.17895e-15
1.60133e-15
2.02384e-15
2.58323e-15
3.69752e-15
6.22388e-15
1.08079e-14
1.79453e-14
2.83188e-14
4.2954e-14
6.18063e-14
8.54206e-14
1.14956e-13
1.54385e-13
2.02237e-13
2.58787e-13
3.15455e-13
0
0
0
0
0
0
0
0
0
0
0
0
0
0
0
0
0
0
0
0
0
0
0
0
0
0
0
0
0
0
0
0
0
0
0
0
0
0
0
0
0
0
0
0
0
0
0
0
0
0
0
0
0
0
0
0
0
0
0
0
1.34437e-26
7.11736e-26
1.10911e-25
1.39042e-25
1.95993e-25
3.35821e-25
5.26714e-25
1.36734e-23
3.86981e-20
3.33276e-19
1.50117e-18
3.10884e-18
3.18699e-18
2.09202e-18
1.30959e-18
7.89288e-19
4.74676e-19
3.10575e-19
1.57151e-19
2.69545e-20
4.27613e-17
9.37406e-17
9.56034e-17
3.31152e-16
5.28853e-16
6.22052e-16
8.79457e-16
1.11263e-15
1.75467e-15
3.33208e-15
5.89059e-15
9.84481e-15
1.58629e-14
2.40125e-14
3.48099e-14
4.91861e-14
6.77231e-14
8.99178e-14
1.16242e-13
1.43999e-13
0
0
0
0
0
0
0
0
0
0
0
0
0
0
0
0
0
0
0
0
0
0
0
0
0
0
0
0
0
0
0
0
0
0
0
0
0
0
0
0
0
0
0
0
0
0
0
0
0
0
0
0
0
0
0
0
0
0
0
0
0
0
0
0
0
1.04133e-26
3.97499e-26
5.9344e-26
1.19612e-25
3.19142e-25
2.76984e-24
1.15119e-23
1.22823e-19
6.25657e-19
1.49334e-18
1.53e-18
9.21625e-19
5.45865e-19
3.09548e-19
1.66602e-19
1.1662e-19
5.19318e-20
1.92257e-17
3.02836e-17
7.8195e-17
2.36657e-16
2.4919e-16
3.46177e-16
4.80567e-16
9.10332e-16
1.82653e-15
3.46567e-15
6.07174e-15
9.68576e-15
1.44697e-14
2.09941e-14
2.95494e-14
4.03366e-14
5.42115e-14
6.99886e-14
0
0
0
0
0
0
0
0
0
0
0
0
0
0
0
0
0
0
0
0
0
0
0
0
0
0
0
0
0
0
0
0
0
0
0
0
0
0
0
0
0
0
0
0
0
0
0
0
0
0
0
0
0
0
0
0
0
0
0
0
0
0
0
0
0
0
0
0
0
7.72879e-27
2.38611e-26
4.79961e-26
2.38147e-25
6.31337e-25
6.20489e-24
5.59687e-20
2.90936e-19
6.7125e-19
6.5999e-19
3.55132e-19
1.93188e-19
8.7509e-20
3.55881e-20
1.01359e-19
4.65526e-19
1.56714e-17
7.86193e-17
9.27055e-17
1.27e-16
2.38404e-16
6.52598e-16
1.38838e-15
2.48649e-15
4.03124e-15
6.29446e-15
9.51268e-15
1.38464e-14
1.95086e-14
2.7203e-14
3.63077e-14
0
0
0
0
0
0
0
0
0
0
0
0
0
0
0
0
0
0
0
0
0
0
0
0
0
0
0
0
0
0
0
0
0
0
0
0
0
0
0
0
0
0
0
0
0
0
0
0
0
0
0
0
0
0
0
0
0
0
0
0
0
0
0
0
0
0
0
0
0
0
0
0
5.30671e-28
1.10781e-26
1.83494e-26
2.07008e-25
5.35566e-25
3.4547e-24
2.01972e-20
9.8489e-20
2.41024e-19
2.46757e-19
1.35468e-19
5.57917e-20
5.90633e-21
2.99611e-20
2.20035e-20
7.54057e-18
2.29391e-17
6.36818e-17
2.35006e-16
5.62461e-16
1.07278e-15
1.89245e-15
3.20341e-15
5.28521e-15
8.17915e-15
1.19493e-14
1.6625e-14
2.20672e-14
0
0
0
0
0
0
0
0
0
0
0
0
0
0
0
0
0
0
0
0
0
0
0
0
0
0
0
0
0
0
0
0
0
0
0
0
0
0
0
0
0
0
0
0
0
0
0
0
0
0
0
0
0
0
0
0
0
0
0
0
0
0
0
0
0
0
0
0
0
0
0
0
0
0
0
0
5.13109e-27
9.27902e-27
1.72754e-25
4.98746e-25
1.78438e-24
5.93011e-21
2.63339e-20
8.3362e-20
3.46945e-20
5.96864e-21
3.32134e-21
8.74922e-21
1.86722e-20
2.06998e-19
3.2889e-17
1.89665e-16
5.186e-16
9.50118e-16
1.46065e-15
2.3062e-15
3.80632e-15
6.22772e-15
9.56496e-15
1.35501e-14
0
0
0
0
0
0
0
0
0
0
0
0
0
0
0
0
0
0
0
0
0
0
0
0
0
0
0
0
0
0
0
0
0
0
0
0
0
0
0
0
0
0
0
0
0
0
0
0
0
0
0
0
0
0
0
0
0
0
0
0
0
0
0
0
0
0
0
0
0
0
0
0
0
0
0
0
0
0
0
1.66157e-27
3.5552e-27
9.49089e-26
3.45876e-25
5.42229e-25
5.18669e-22
1.76821e-21
8.1717e-21
3.87697e-21
2.0836e-19
6.41142e-19
1.20521e-18
5.30296e-19
7.87202e-19
9.4632e-17
4.33665e-16
8.6652e-16
1.42654e-15
2.15333e-15
3.07837e-15
4.16058e-15
0
0
0
0
0
0
0
0
0
0
0
0
0
0
0
0
0
0
0
0
0
0
0
0
0
0
0
0
0
0
0
0
0
0
0
0
0
0
0
0
0
0
0
0
0
0
0
0
0
0
0
0
0
0
0
0
0
0
0
0
0
0
0
0
0
0
0
0
0
0
0
0
0
0
0
0
0
0
0
0
0
0
1.89278e-28
5.89981e-28
4.04402e-27
2.60025e-27
2.34262e-26
1.38974e-26
5.00224e-21
5.23036e-20
3.71198e-19
1.33603e-19
1.83426e-19
2.04743e-19
2.59832e-19
3.23447e-19
3.96244e-19
8.25166e-17
3.21377e-16
5.87207e-16
0
0
0
0
0
0
0
0
0
0
0
0
0
0
0
0
0
0
0
0
0
0
0
0
0
0
0
0
0
0
0
0
0
0
0
0
0
0
0
0
0
0
0
0
0
0
0
0
0
0
0
0
0
0
0
0
0
0
0
0
0
0
0
0
0
0
0
0
0
0
0
0
0
0
0
0
0
0
0
0
0
0
0
0
0
0
3.67301e-31
1.02219e-25
1.75388e-25
3.96873e-26
1.44988e-25
1.87847e-22
6.69902e-21
3.10371e-20
5.35979e-20
1.16317e-19
1.73255e-19
1.72806e-19
2.2914e-19
2.7055e-19
0
0
0
0
0
0
0
0
0
0
0
0
0
0
0
0
0
0
0
0
0
0
0
0
0
0
0
0
0
0
0
0
0
0
0
0
0
0
0
0
0
0
0
0
0
0
0
0
0
0
0
0
0
0
0
0
0
0
0
0
0
0
0
0
0
0
0
0
0
0
0
0
0
0
0
0
0
0
0
0
0
0
0
0
0
0
0
0
0
1.23458e-28
8.84361e-28
9.6973e-27
6.48386e-27
1.26095e-26
4.96107e-26
8.55668e-24
2.32151e-21
1.02132e-20
3.73123e-20
5.26239e-20
0
0
0
0
0
0
0
0
0
0
0
0
0
0
0
0
0
0
0
0
0
0
0
0
0
0
0
0
0
0
0
0
0
0
0
0
0
0
0
0
0
0
0
0
0
0
0
0
0
0
0
0
0
0
0
0
0
0
0
0
0
0
0
0
0
0
0
0
0
0
0
0
0
0
0
0
0
0
0
0
0
0
0
0
0
0
0
0
0
0
0
0
0
5.47697e-29
5.69577e-28
6.39363e-27
8.38227e-27
6.31153e-27
7.86591e-27
1.69482e-26
0
0
0
0
0
0
0
0
0
0
0
0
0
0
0
0
0
0
0
0
0
0
0
0
0
0
0
0
0
0
0
0
0
0
0
0
0
0
0
0
0
0
0
0
0
0
0
0
0
0
0
0
0
0
0
0
0
0
0
0
0
0
0
0
0
0
0
0
0
0
0
0
0
0
0
0
0
0
0
0
0
0
0
0
0
0
0
0
0
0
0
0
0
0
0
0
0
0
0
0
0
0
0
0
0
0
0
0
0
0
0
0
0
0
0
0
0
0
0
0
0
0
0
0
0
0
0
0
0
0
0
0
0
0
0
0
0
0
0
0
0
0
0
0
0
0
0
0
0
0
0
0
0
0
0
0
0
0
0
0
0
0
0
0
0
0
0
0
0
0
0
0
0
0
0
0
0
0
0
0
0
0
0
0
0
0
0
0
0
0
0
0
0
0
0
0
0
0
0
0
0
0
0
0
0
0
0
0
0
0
0
0
0
0
0
0
0
0
0
0
0
0
0
0
0
0
0
0
0
0
0
0
0
0
0
0
0
0
0
0
0
0
0
0
0
0
0
0
0
0
0
0
0
0
0
0
0
0
0
0
0
0
0
0
0
0
0
0
0
0
0
0
0
0
0
0
0
0
0
0
0
0
0
0
0
0
0
0
0
0
0
0
0
0
0
0
0
0
0
0
0
0
0
0
0
0
0
0
0
0
0
0
0
0
0
0
0
0
0
0
0
0
0
0
0
0
0
0
0
0
0
0
0
0
0
0
0
0
0
0
0
0
0
0
0
0
0
0
0
0
0
0
0
0
0
0
0
0
0
0
0
0
0
0
0
0
0
0
0
0
0
0
0
0
0
0
0
0
0
0
0
0
0
0
0
0
0
0
0
0
0
0
0
0
0
0
0
0
0
0
0
0
0
0
0
0
0
0
0
0
0
0
0
0
0
0
0
0
0
0
0
0
0
0
0
0
0
0
0
0
0
0
0
0
0
0
0
0
0
0
0
0
0
0
0
0
0
0
0
0
0
0
0
0
0
0
0
0
0
0
0
0
0
0
0
0
0
0
0
0
0
0
0
0
0
0
0
0
0
0
0
0
0
0
0
0
0
0
0
0
0
0
0
0
0
0
0
0
0
0
0
0
0
0
0
0
0
0
0
0
0
0
0
0
0
0
0
0
0
0
0
0
0
0
0
0
0
0
0
0
0
0
0
0
0
0
0
0
0
0
0
0
0
0
0
0
0
0
0
0
0
0
0
0
0
0
0
0
0
0
0
0
0
0
0
0
0
0
0
0
0
0
0
0
0
0
0
0
0
0
0
0
0
0
0
0
0
0
0
0
0
0
0
0
0
0
0
0
0
0
0
0
0
0
0
0
0
0
0
0
0
0
0
0
0
0
0
0
0
0
0
0
0
0
0
0
0
0
0
0
0
0
0
0
0
0
0
0
0
0
0
0
0
0
0
0
0
0
0
0
0
0
0
0
0
0
0
0
0
0
0
0
0
0
0
0
0
0
0
0
0
0
0
0
0
0
0
0
0
0
0
0
0
0
0
0
0
0
0
0
0
0
0
0
0
0
0
0
0
0
0
0
0
0
0
0
0
0
0
0
0
0
0
0
0
0
0
0
0
0
0
0
0
0
0
0
0
0
0
0
0
0
0
0
0
0
0
0
0
0
0
0
0
0
0
0
0
0
0
0
0
0
0
0
0
0
0
0
0
0
0
0
0
0
0
0
0
0
0
0
0
0
0
0
0
0
0
0
0
0
0
0
0
0
0
0
0
0
0
0
0
0
0
0
0
0
0
0
0
0
0
0
0
0
0
0
0
0
0
0
0
0
0
0
0
0
0
0
0
0
0
0
0
0
0
0
0
0
0
0
0
0
0
0
0
0
0
0
0
0
0
0
0
0
0
0
0
0
0
0
0
0
0
0
0
0
0
0
0
0
0
0
0
0
0
0
0
0
0
0
0
0
0
0
0
0
0
0
0
0
0
0
0
0
0
0
0
0
0
0
0
0
0
0
0
0
0
0
0
0
0
0
0
0
0
0
0
0
0
0
0
0
0
0
0
0
0
0
0
0
0
0
0
0
0
0
0
0
0
0
0
0
0
0
0
0
0
0
0
0
0
0
0
0
0
0
0
0
0
0
0
0
0
0
0
0
0
0
0
0
0
0
0
0
0
0
0
0
0
0
0
0
0
0
0
0
0
0
0
0
0
0
0
0
0
0
0
0
0
0
0
0
0
0
0
0
0
0
0
0
0
0
0
0
0
0
0
0
0
0
0
0
0
0
0
0
0
0
0
0
0
0
0
0
0
0
0
0
0
0
0
0
0
0
0
0
0
0
0
0
0
0
0
0
0
0
0
0
0
0
0
0
0
0
0
0
0
0
0
0
0
0
0
0
0
0
0
0
0
0
0
0
0
0
0
0
0
0
0
0
0
0
0
0
0
0
0
0
0
0
0
0
0
0
0
0
0
0
0
0
0
0
0
0
0
0
0
0
0
0
0
0
0
0
0
0
0
0
0
0
0
0
0
0
0
0
0
0
0
0
0
0
0
0
0
0
0
0
0
0
0
0
0
0
0
0
0
0
0
0
0
0
0
0
0
0
0
0
0
0
0
0
0
0
0
0
0
0
0
0
0
0
0
0
0
0
0
0
0
0
0
0
0
0
0
0
0
0
0
0
0
0
0
0
0
0
0
0
0
0
0
0
0
0
0
0
0
0
0
0
0
0
0
0
0
0
0
0
0
0
0
0
0
0
0
0
0
0
0
0
0
0
0
0
0
0
0
0
0
0
0
0
0
0
0
0
0
0
0
0
0
0
0
0
0
0
0
0
0
0
0
0
0
0
0
0
0
0
0
0
0
0
0
0
0
0
0
0
0
0
0
0
0
0
0
0
0
0
0
0
0
0
0
0
0
0
0
0
0
0
0
0
0
0
0
0
0
0
0
0
0
0
0
0
0
0
0
0
0
0
0
0
0
0
0
0
0
0
0
0
0
0
0
0
0
0
0
0
0
0
0
0
0
0
0
0
0
0
0
0
0
0
0
0
0
0
0
0
0
0
0
0
0
0
0
0
0
0
0
0
0
0
0
0
0
0
0
0
0
0
0
0
0
0
0
0
0
0
0
0
0
0
0
0
0
0
0
0
0
0
)
;

boundaryField
{
    AXIS
    {
        type            empty;
    }
    OUTLET
    {
        type            calculated;
        value           nonuniform List<scalar> 
80
(
6.059e-07
6.04811e-07
6.02403e-07
5.98581e-07
5.93948e-07
5.88638e-07
5.82657e-07
5.76068e-07
5.68826e-07
5.60803e-07
5.52213e-07
5.4284e-07
5.3306e-07
5.2346e-07
5.12923e-07
4.99847e-07
4.82968e-07
4.64449e-07
4.45161e-07
4.2555e-07
4.03939e-07
3.85361e-07
3.87722e-07
3.88554e-07
3.86596e-07
3.83422e-07
3.79883e-07
3.73855e-07
3.66236e-07
3.57394e-07
3.44245e-07
3.15301e-07
2.84402e-07
2.50763e-07
2.13669e-07
1.79009e-07
1.46513e-07
1.14011e-07
8.90651e-08
6.58567e-08
4.79815e-08
3.36136e-08
2.26249e-08
1.49231e-08
9.18244e-09
5.65331e-09
3.15369e-09
1.70773e-09
8.10898e-10
3.20708e-10
7.04951e-11
6.15776e-12
3.06106e-12
1.41497e-12
6.7243e-13
3.15455e-13
1.43999e-13
6.99886e-14
3.63077e-14
2.20672e-14
1.35501e-14
4.16058e-15
5.87207e-16
2.7055e-19
5.26239e-20
1.69482e-26
0
0
0
0
0
0
0
0
0
0
0
0
0
0
)
;
    }
    COFLOW
    {
        type            calculated;
        value           uniform 0;
    }
    PILOT
    {
        type            calculated;
        value           uniform 2.92319e-08;
    }
    FUEL
    {
        type            calculated;
        value           uniform 0;
    }
    WALL
    {
        type            calculated;
        value           uniform 0;
    }
    front
    {
        type            wedge;
    }
    back
    {
        type            wedge;
    }
}


// ************************************************************************* //
