/*--------------------------------*- C++ -*----------------------------------*\
  =========                 |
  \\      /  F ield         | OpenFOAM: The Open Source CFD Toolbox
   \\    /   O peration     | Website:  https://openfoam.org
    \\  /    A nd           | Version:  6
     \\/     M anipulation  |
\*---------------------------------------------------------------------------*/
FoamFile
{
    version     2.0;
    format      ascii;
    class       volScalarField;
    location    "0.1";
    object      CH3O;
}
// * * * * * * * * * * * * * * * * * * * * * * * * * * * * * * * * * * * * * //

dimensions      [0 0 0 0 0 0 0];

internalField   nonuniform List<scalar> 
8000
(
1.0474e-09
5.81925e-08
1.2985e-07
2.20873e-07
3.03574e-07
2.44546e-07
1.70217e-07
1.23899e-07
7.34997e-08
2.40576e-08
5.11954e-09
2.95178e-09
9.66874e-09
8.98756e-08
8.60297e-08
9.03594e-08
9.0196e-08
7.88444e-10
7.65193e-08
1.25861e-07
1.17394e-07
6.74585e-08
4.14945e-08
6.7238e-08
1.10947e-07
1.69125e-07
1.9715e-07
1.80162e-07
1.78393e-07
1.67943e-06
3.70614e-09
8.23768e-08
5.03494e-08
3.26042e-08
2.80139e-08
2.80064e-08
2.90407e-08
3.02637e-08
3.68693e-08
4.72938e-08
3.15448e-08
2.0844e-08
1.63766e-08
1.63395e-08
1.97456e-08
2.39931e-08
3.12818e-08
4.80173e-08
9.80651e-08
2.58976e-06
5.69902e-13
1.19978e-07
1.12536e-07
1.06939e-07
9.72469e-08
8.45901e-08
7.01903e-08
5.4633e-08
3.78762e-08
2.20134e-08
1.03299e-08
4.08093e-09
3.21782e-09
2.4455e-13
1.98208e-10
2.88556e-11
5.03316e-10
3.02649e-10
2.65685e-10
2.46934e-10
1.09952e-09
1.97001e-10
1.99913e-10
1.2781e-09
1.34177e-09
2.16509e-10
2.15927e-10
2.27137e-10
2.48387e-10
2.5544e-10
2.31607e-10
2.26358e-10
2.02233e-10
1.14737e-09
8.37031e-10
5.87371e-10
4.77228e-10
3.95711e-10
2.16425e-08
3.03352e-10
2.56138e-10
2.11878e-10
1.79474e-10
1.56802e-10
1.21175e-10
1.06093e-10
9.9712e-11
9.49838e-11
9.21562e-11
8.17004e-11
9.69206e-10
6.50131e-08
1.30946e-07
2.29741e-07
3.56054e-07
2.44037e-07
1.65179e-07
1.20437e-07
6.92689e-08
2.02758e-08
4.22475e-09
3.59379e-09
1.95649e-08
1.21171e-07
1.30187e-07
1.14054e-07
1.41162e-07
1.144e-07
1.08349e-07
1.08319e-07
1.03374e-07
6.35203e-08
4.21403e-08
7.20254e-08
1.16512e-07
1.83613e-07
2.00141e-07
1.79983e-07
1.63359e-07
2.13847e-07
9.35876e-08
6.67373e-08
4.56232e-08
3.26922e-08
3.03243e-08
3.08695e-08
3.16839e-08
3.28714e-08
4.11602e-08
5.78656e-08
3.95363e-08
2.31299e-08
1.78231e-08
1.77087e-08
2.11245e-08
2.53869e-08
3.2303e-08
4.79514e-08
9.6327e-08
9.53087e-08
1.14979e-07
1.15809e-07
1.12553e-07
1.05162e-07
9.5073e-08
8.19885e-08
6.72127e-08
5.15673e-08
3.52647e-08
2.02559e-08
9.52081e-09
3.76558e-09
3.04614e-09
1.22232e-11
5.54054e-11
2.8172e-11
4.96177e-10
3.01235e-10
2.64685e-10
2.44806e-10
2.3078e-10
1.95512e-10
1.99757e-10
1.26456e-09
1.33041e-09
2.16274e-10
2.14965e-10
2.2644e-10
2.47194e-10
2.56031e-10
2.30963e-10
2.26357e-10
2.01637e-10
1.14204e-09
8.39651e-10
5.85924e-10
4.76166e-10
3.95106e-10
3.65176e-10
3.02744e-10
2.55801e-10
2.11588e-10
1.79401e-10
1.56819e-10
1.21006e-10
1.05974e-10
9.9646e-11
9.49373e-11
9.21674e-11
8.16675e-11
1.51571e-09
9.25876e-08
6.50888e-07
2.5137e-07
2.544e-07
1.96956e-07
1.43409e-07
6.37671e-07
7.09265e-07
2.24393e-08
7.59649e-07
4.10296e-09
3.38143e-08
9.43273e-08
1.05357e-07
1.41646e-07
1.32729e-07
1.47037e-07
7.28132e-08
3.14408e-09
7.17181e-08
5.61667e-08
4.438e-08
8.23088e-08
1.26388e-07
2.35546e-07
2.18859e-07
1.79784e-07
1.39481e-07
1.09623e-07
7.36748e-08
5.47603e-08
4.20216e-08
3.42691e-08
3.68844e-08
4.09343e-08
3.99189e-08
4.04726e-08
4.12632e-08
4.28258e-08
3.2135e-08
2.43213e-08
2.03581e-08
2.0316e-08
2.37954e-08
2.84094e-08
3.45979e-08
5.09483e-08
9.43164e-08
1.00517e-07
9.79909e-08
1.15862e-07
1.07998e-07
1.00015e-07
8.96623e-08
7.60047e-08
6.08192e-08
4.55033e-08
3.0346e-08
1.73483e-08
7.99341e-09
3.17055e-09
2.70612e-09
9.19055e-12
7.43454e-11
2.67192e-11
3.20538e-10
2.97927e-10
2.62674e-10
2.40634e-10
2.23277e-10
1.92832e-10
1.73312e-09
1.2343e-09
1.30603e-09
1.77303e-09
2.12854e-10
2.24935e-10
2.44676e-10
9.80349e-10
2.29522e-10
2.26382e-10
2.00254e-10
1.13177e-09
3.47689e-09
5.82659e-10
4.74073e-10
3.93843e-10
3.55463e-10
3.01659e-10
2.55071e-10
2.10954e-10
9.54906e-08
1.04461e-07
1.20633e-10
1.05717e-10
9.95016e-11
9.48348e-11
2.03626e-07
8.15947e-11
3.64606e-09
1.1584e-07
1.68846e-07
2.07871e-07
1.90804e-07
1.55795e-07
1.15483e-07
7.72905e-08
3.11216e-08
5.34874e-09
1.07506e-09
1.50989e-09
1.45829e-08
1.16873e-06
6.3568e-15
1.29166e-07
1.18277e-07
1.34827e-07
1.04356e-07
8.4488e-08
8.12531e-08
5.20685e-08
4.8924e-08
8.59445e-08
1.35779e-07
1.67843e-13
2.62823e-07
1.78814e-07
1.27659e-07
9.03098e-08
6.39095e-08
4.98256e-08
4.22327e-08
3.74147e-08
4.58479e-08
5.14023e-08
5.46159e-08
1.50823e-07
5.05223e-08
4.5332e-08
3.61035e-08
2.9632e-08
2.46496e-08
2.36931e-08
2.4273e-08
2.89635e-08
3.95152e-08
5.48767e-08
9.29167e-08
1.00069e-07
9.64144e-08
1.10033e-07
4.4668e-18
9.11124e-08
8.07739e-08
6.68066e-08
5.1855e-08
3.76408e-08
2.43091e-08
1.30609e-08
6.19148e-09
5.20655e-09
2.26957e-09
5.12383e-12
1.12672e-10
2.49446e-11
3.13295e-10
2.92163e-10
2.60239e-10
2.35182e-10
1.62454e-09
1.31078e-09
1.32131e-09
1.187e-09
1.27016e-09
2.06658e-10
2.09642e-10
2.22717e-10
2.41101e-10
2.45718e-10
2.27225e-10
2.26494e-10
1.9796e-10
1.1196e-09
8.02242e-10
5.77429e-10
4.70964e-10
3.92006e-10
3.48559e-10
3.00224e-10
2.53975e-10
2.1001e-10
1.77729e-10
1.52166e-10
1.2005e-10
1.05332e-10
9.92837e-11
9.46789e-11
9.08862e-11
8.14795e-11
2.60183e-09
1.17792e-07
1.53097e-10
2.35514e-07
1.64144e-07
1.27973e-07
8.63561e-08
3.97673e-08
8.99364e-09
1.09752e-09
5.93961e-07
5.98581e-07
6.56967e-07
1.38246e-07
1.29749e-07
1.3434e-07
9.32847e-08
1.26107e-07
1.43376e-07
1.16744e-07
7.91958e-08
4.78797e-08
6.1234e-08
1.04948e-07
1.47292e-07
2.34755e-07
2.13962e-07
1.63704e-07
1.18898e-07
8.58653e-08
6.21614e-08
5.13536e-08
4.67079e-08
4.18056e-08
4.35158e-08
4.6167e-08
4.6091e-08
4.91211e-08
5.41939e-08
1.10857e-07
4.46778e-08
3.744e-08
2.98262e-08
2.40045e-08
2.80059e-08
3.33333e-08
4.34441e-08
5.92646e-08
9.06342e-08
9.39708e-08
9.0215e-08
1.01496e-07
9.94112e-08
7.96021e-08
6.89765e-08
5.5344e-08
4.14933e-08
2.91561e-08
1.83884e-08
9.68849e-09
4.4663e-09
4.13626e-09
1.80239e-09
1.25306e-12
8.48081e-11
5.65452e-10
3.0317e-10
2.83265e-10
1.26364e-09
2.28812e-10
2.10714e-10
1.23712e-09
1.19923e-09
1.12794e-09
1.22472e-09
1.99353e-10
2.05665e-10
2.1987e-10
2.36778e-10
2.37845e-10
2.24363e-10
1.29634e-09
1.94636e-10
2.31706e-09
7.76532e-10
5.70726e-10
4.66823e-10
3.89542e-10
3.42085e-10
2.98478e-10
2.52526e-10
2.0878e-10
1.76002e-10
1.48068e-10
1.19311e-10
1.04847e-10
9.89976e-11
9.44719e-11
8.95604e-11
8.1334e-11
1.07825e-09
1.4489e-06
2.82535e-07
1.62955e-07
1.30706e-07
1.00513e-07
5.44497e-08
6.91876e-07
2.54653e-09
3.36361e-10
1.80267e-10
4.78069e-10
2.48028e-09
1.1708e-07
1.28329e-07
1.50569e-06
1.81661e-06
1.64716e-06
1.67958e-06
1.22917e-07
6.66245e-08
4.72874e-08
1.26737e-08
1.11158e-10
1.58729e-07
2.11205e-07
1.94301e-07
1.61031e-07
1.25231e-07
8.78891e-08
6.69808e-08
5.86837e-08
4.89148e-08
5.03467e-08
4.87492e-08
4.80586e-08
4.83915e-08
5.11019e-08
5.50313e-08
4.91587e-08
4.17532e-08
3.90524e-08
1.34482e-08
2.72089e-08
2.7817e-08
3.88445e-08
5.32259e-08
6.19514e-08
8.50038e-08
4.50109e-15
8.01617e-08
8.8459e-08
2.36149e-18
6.51484e-08
5.54315e-08
4.31024e-08
3.11356e-08
2.08703e-08
1.25634e-08
6.79185e-09
3.03515e-09
3.15156e-09
1.35646e-09
2.76514e-12
9.43265e-11
5.23847e-10
2.91011e-10
2.71207e-10
2.46478e-10
2.21816e-10
2.03346e-10
1.15129e-09
1.09537e-09
1.07307e-09
1.17191e-09
1.92861e-10
2.0126e-10
2.16449e-10
2.3178e-10
2.32008e-10
2.21066e-10
1.45639e-09
1.3293e-09
1.03066e-09
7.56774e-10
5.62721e-10
4.61673e-10
3.87106e-10
3.36664e-10
2.96497e-10
2.50731e-10
2.07285e-10
1.74073e-10
1.2167e-07
1.18454e-10
1.04556e-10
9.86443e-11
9.4218e-11
8.85224e-11
8.1161e-11
2.8014e-10
1.2892e-07
1.28758e-07
7.15658e-07
1.0145e-07
7.00382e-08
7.1325e-07
9.02862e-07
6.64203e-07
3.80614e-10
3.60875e-10
1.49147e-09
7.6283e-07
6.25318e-08
8.01454e-08
7.64276e-08
1.12971e-07
1.52754e-07
1.55192e-07
1.05869e-07
5.3699e-07
5.26658e-08
8.18983e-08
1.17521e-07
1.59055e-07
9.04255e-13
1.22178e-12
1.6053e-07
4.28981e-12
1.01688e-07
7.71157e-08
6.35382e-08
6.22545e-08
5.63718e-08
5.34611e-08
5.13835e-08
5.71942e-08
5.0709e-08
5.20738e-08
5.49966e-08
1.51576e-08
3.6453e-08
2.95878e-08
2.5179e-08
2.96417e-08
4.07942e-08
5.56435e-13
7.05624e-08
7.516e-08
7.4409e-08
6.70798e-08
6.44855e-08
1.0174e-16
5.00136e-08
4.17303e-08
3.13549e-08
2.18434e-08
6.16494e-15
8.63115e-09
4.52362e-09
1.97085e-09
2.31387e-09
4.25979e-12
2.41621e-10
3.97631e-10
3.19846e-10
2.77557e-10
2.57287e-10
2.36723e-10
2.14806e-10
1.97051e-10
1.07116e-09
1.02148e-09
1.0189e-09
1.11344e-09
1.26015e-09
1.96417e-10
2.12494e-10
2.26458e-10
1.66339e-09
2.1741e-10
2.13707e-10
1.24851e-09
9.6803e-10
7.40868e-10
5.5351e-10
4.55487e-10
2.19646e-08
3.34875e-10
2.97471e-10
2.48624e-10
2.05626e-10
1.72231e-10
1.41262e-10
1.17513e-10
1.04207e-10
9.82258e-11
9.39211e-11
8.7665e-11
8.09627e-11
4.16161e-07
1.11908e-06
8.27574e-07
1.03667e-07
6.22635e-08
2.89432e-08
8.56059e-07
5.34096e-09
7.80076e-10
5.58113e-10
5.6157e-07
8.36523e-07
3.50388e-08
1.07138e-06
6.67648e-08
8.91177e-08
1.36252e-07
1.57895e-07
1.34484e-07
8.30311e-08
4.63695e-08
1.38501e-08
9.82928e-08
4.32005e-11
1.79228e-07
2.08287e-07
1.87958e-07
1.60062e-07
1.36664e-07
1.06952e-07
3.24825e-10
7.82534e-08
7.26828e-08
6.66335e-08
6.17569e-08
2.68374e-08
6.20226e-08
6.01211e-08
5.36388e-08
4.93861e-08
3.95147e-08
3.48408e-08
3.04119e-08
2.69877e-08
3.0475e-08
3.77418e-08
4.89328e-08
4.95419e-08
6.30702e-08
5.93922e-08
5.25771e-08
4.60033e-08
2.28739e-15
3.46403e-08
2.84585e-08
2.126e-08
1.47577e-08
9.40336e-09
5.61455e-09
5.74139e-09
3.23759e-09
3.76184e-11
1.47087e-10
1.41444e-10
2.57155e-11
3.0362e-10
2.63452e-10
2.42512e-10
2.27758e-10
2.63021e-09
2.80413e-09
9.96953e-10
9.48139e-10
9.56277e-10
3.58073e-09
1.16475e-09
1.32704e-09
2.07884e-10
2.21113e-10
1.86956e-09
2.13465e-10
2.06912e-10
1.16118e-09
9.13029e-10
5.3861e-09
5.43275e-10
4.48292e-10
3.81656e-10
3.35059e-10
2.98327e-10
2.47798e-10
2.03792e-10
1.7046e-10
1.39533e-10
1.16513e-10
1.03809e-10
9.77445e-11
9.35548e-11
8.69362e-11
8.07472e-11
2.17137e-11
4.35311e-08
8.53214e-07
7.65549e-07
2.04424e-08
5.49017e-09
3.20745e-09
9.66084e-10
7.46624e-10
1.96704e-09
8.03001e-07
1.17038e-06
1.13487e-06
1.16416e-07
1.33754e-06
1.47175e-06
1.69296e-06
1.41211e-07
1.33873e-06
6.32e-08
4.26819e-08
5.44312e-08
8.27068e-08
1.16892e-07
1.52146e-12
3.75392e-13
1.86606e-07
1.70557e-07
1.73426e-12
1.17252e-07
1.02396e-07
9.72819e-08
9.91577e-08
9.33196e-08
8.15086e-08
7.30175e-08
1.0684e-08
6.4682e-08
6.25749e-08
6.54675e-09
4.18692e-08
3.34517e-08
2.98417e-08
2.96103e-08
3.11252e-08
3.45065e-08
3.91207e-08
4.15361e-08
5.08536e-08
4.56096e-08
4.24272e-08
3.30943e-08
2.70914e-08
2.1965e-08
7.59575e-15
1.32213e-08
9.03837e-09
5.92334e-09
3.46783e-09
3.99049e-09
3.14556e-11
3.62424e-11
9.08422e-12
4.32046e-10
5.43661e-10
2.86027e-10
2.48915e-10
2.27864e-10
2.86125e-09
1.95321e-10
1.11849e-09
9.1538e-10
8.71864e-10
8.87618e-10
9.89545e-10
1.08232e-09
1.24032e-09
2.02522e-10
2.2313e-09
2.1342e-10
2.0913e-09
2.13736e-09
1.07916e-09
8.61545e-10
6.01613e-09
5.30675e-10
4.40334e-10
3.77393e-10
3.35314e-10
2.97864e-10
2.4749e-10
2.01835e-10
1.67983e-10
1.37568e-10
1.15448e-10
1.0337e-10
9.72215e-11
9.29829e-11
8.62995e-11
8.0507e-11
1.85512e-12
7.43109e-09
2.9968e-08
7.98171e-07
3.22725e-09
8.0002e-10
6.84167e-07
6.96783e-10
5.27113e-07
1.02537e-06
2.43309e-08
1.51532e-06
1.26875e-07
1.09314e-06
1.42898e-07
1.47557e-07
1.47157e-07
1.14035e-07
8.33873e-07
3.70923e-07
5.5656e-08
5.94791e-08
8.01997e-08
1.09457e-07
1.57935e-07
6.16126e-13
1.80275e-07
1.66481e-07
1.4529e-07
1.26577e-07
1.19938e-07
1.19079e-07
1.56201e-07
1.08226e-10
3.72726e-10
1.02755e-07
9.07866e-08
8.13934e-08
7.30795e-08
6.11741e-08
4.65678e-08
3.79527e-08
3.39717e-08
3.26267e-08
3.34264e-08
3.31202e-08
3.33582e-08
3.39219e-08
3.93932e-08
3.34315e-08
2.99787e-08
2.64669e-08
1.77304e-08
1.4538e-08
1.10297e-08
8.31707e-09
2.02212e-14
3.47993e-12
4.44442e-09
2.69056e-09
1.5395e-09
7.17983e-12
8.64896e-11
2.8851e-11
1.44092e-09
2.37307e-09
2.34696e-10
2.13258e-10
3.46345e-09
1.18455e-09
9.83842e-10
8.34519e-10
7.99855e-10
8.20805e-10
9.06385e-10
1.01292e-09
3.6665e-09
2.93715e-09
2.08173e-10
2.05396e-10
2.00929e-10
1.33934e-09
1.00891e-09
8.13178e-10
6.58318e-10
5.33165e-10
4.31855e-10
3.72756e-10
3.35634e-10
2.97413e-10
2.47185e-10
1.99192e-10
1.65589e-10
1.35714e-10
1.14458e-10
1.02878e-10
9.66808e-11
9.23414e-11
8.57078e-11
8.02299e-11
1.23384e-13
5.01106e-07
6.91098e-07
5.464e-07
6.31137e-10
4.20528e-10
8.3986e-10
5.56308e-07
7.55749e-07
1.06916e-06
1.56095e-06
1.85398e-06
4.57622e-07
3.36651e-07
1.13954e-07
1.34252e-07
1.59621e-06
9.19862e-08
5.58893e-08
4.50642e-08
4.86726e-08
6.66358e-08
8.6861e-08
1.05749e-07
1.37828e-07
1.82818e-07
1.75841e-07
1.63104e-07
1.55459e-07
1.39611e-07
1.34351e-07
1.42784e-07
1.55951e-07
1.49552e-07
1.3995e-07
9.44703e-11
1.28087e-07
1.59346e-10
9.32191e-08
3.81044e-10
5.63586e-08
4.52484e-08
3.99176e-08
3.7188e-08
3.48379e-08
3.13988e-08
2.75277e-08
2.66155e-08
9.32027e-14
2.33585e-08
2.00542e-08
1.72965e-08
1.47229e-08
8.91246e-09
3.30775e-14
4.95605e-09
3.41212e-12
4.64058e-09
2.93778e-09
1.74986e-09
1.49257e-11
3.5058e-10
9.94926e-11
5.56902e-10
2.91327e-10
2.45956e-10
2.20705e-10
1.99226e-10
1.26313e-09
5.44356e-09
8.62742e-10
7.59246e-10
7.34884e-10
7.62558e-10
8.29893e-10
9.35773e-10
1.06866e-09
1.27642e-09
2.01003e-10
2.78799e-09
1.3491e-09
1.20214e-09
9.40568e-10
7.72436e-10
6.19502e-10
5.17685e-10
4.22465e-10
3.68023e-10
3.339e-10
6.04723e-08
2.46704e-10
1.96502e-10
1.62833e-10
1.33956e-10
1.13314e-10
1.02216e-10
9.60914e-11
9.16599e-11
8.47398e-11
7.98566e-11
7.26693e-08
4.21264e-07
6.77531e-07
6.96356e-07
1.65946e-09
6.39934e-07
7.08127e-09
9.1492e-07
1.14467e-06
1.28303e-06
1.61363e-06
1.43734e-07
8.99939e-08
1.10953e-08
8.99619e-08
1.21681e-07
1.19424e-07
7.94418e-08
4.57828e-08
3.14175e-08
5.47317e-08
6.97907e-08
8.93953e-11
1.06203e-07
1.29254e-07
8.44072e-13
3.40558e-13
1.60091e-07
1.68906e-07
5.71056e-13
1.61064e-07
1.5695e-07
1.54888e-07
1.48525e-07
1.41037e-07
1.61807e-07
1.39209e-07
1.48233e-07
9.38616e-11
9.00773e-08
6.71934e-08
5.31901e-08
4.56653e-08
4.1989e-08
3.71841e-08
2.874e-08
2.30109e-08
1.94469e-08
1.8437e-08
1.569e-08
1.79884e-13
1.71865e-13
1.41212e-13
8.46905e-09
6.78726e-09
5.58477e-09
4.26421e-09
3.00394e-09
1.87964e-09
5.92995e-12
1.67754e-12
1.27959e-09
2.80507e-11
3.15772e-10
2.64441e-10
2.24581e-10
4.80442e-09
5.95481e-09
1.04876e-09
8.97495e-10
7.69837e-10
6.86844e-10
6.72562e-10
7.04592e-10
7.68292e-10
8.59693e-10
9.91238e-10
1.14931e-09
1.36295e-09
1.29564e-09
1.22409e-09
1.09177e-09
8.7442e-10
7.31755e-10
5.89923e-10
5.01227e-10
4.1253e-10
3.62835e-10
3.31884e-10
2.9557e-10
2.45011e-10
1.06819e-07
1.59415e-10
1.32332e-10
1.11859e-10
1.01354e-10
9.54518e-11
9.09391e-11
8.4217e-11
7.94101e-11
7.58136e-08
2.34323e-11
2.61135e-10
3.56704e-09
1.78476e-08
9.54949e-07
5.62047e-08
1.27047e-06
1.16128e-07
1.38338e-07
1.46514e-07
1.4937e-07
9.30941e-08
6.90213e-08
9.04748e-08
1.17954e-07
1.09993e-07
6.98507e-08
4.19823e-08
4.47064e-08
6.0385e-08
8.18974e-08
2.62435e-11
1.05464e-07
1.22028e-07
1.56412e-12
1.56503e-07
1.49052e-07
1.78215e-13
1.75859e-07
2.60549e-13
1.85911e-07
1.98745e-07
1.91086e-07
1.65197e-07
1.58015e-07
1.66051e-07
1.5892e-07
1.19772e-07
9.88284e-08
1.20668e-12
2.40836e-12
5.15789e-08
4.58951e-08
5.2688e-13
2.3515e-08
1.71229e-08
8.64483e-13
8.62076e-09
1.00838e-08
4.93198e-13
6.66925e-09
5.73602e-09
5.21752e-09
1.00952e-11
2.40624e-11
2.75091e-09
9.73001e-11
3.01061e-12
4.0519e-12
4.77872e-11
2.8438e-09
4.26931e-09
2.86311e-10
8.09094e-09
2.04887e-10
7.86669e-09
9.80496e-10
8.85313e-10
7.79769e-10
6.7929e-10
6.22811e-10
6.16976e-10
6.4862e-10
7.09434e-10
7.9519e-10
9.079e-10
1.05473e-09
3.79449e-09
1.16458e-09
1.10971e-09
4.57571e-09
8.14733e-10
6.91721e-10
5.61683e-10
4.86996e-10
4.02661e-10
3.56617e-10
3.29999e-10
2.90226e-10
8.78179e-08
1.92807e-10
1.56001e-10
1.30647e-10
1.10348e-10
1.00452e-10
9.47007e-11
8.99114e-11
8.3697e-11
7.89904e-11
3.29269e-11
3.44839e-07
3.56854e-09
1.19308e-06
1.32788e-06
1.41533e-07
1.50343e-07
1.54008e-06
1.51907e-06
7.05819e-07
1.41979e-07
6.97124e-07
9.44279e-08
2.81993e-08
5.08608e-07
1.1411e-07
9.49189e-08
4.32899e-07
5.35854e-08
1.26953e-08
6.01713e-08
7.67555e-11
1.13122e-07
1.02779e-07
1.1025e-07
1.18131e-07
1.24406e-07
1.26278e-07
1.39226e-07
1.47078e-07
1.51309e-07
1.75252e-07
1.91634e-07
1.59619e-13
1.757e-07
1.67691e-07
1.62805e-07
1.56539e-07
3.11341e-13
9.54087e-08
8.22236e-08
6.39977e-08
5.22692e-08
4.43011e-08
3.46114e-13
1.75532e-08
1.0607e-08
6.36493e-09
4.34749e-09
3.13778e-09
1.87038e-09
1.30923e-09
2.05558e-09
3.49834e-11
4.94538e-11
2.24021e-09
1.74347e-09
7.12199e-11
4.59253e-12
4.59694e-11
2.08972e-11
2.33455e-11
7.26058e-09
2.57765e-10
2.16363e-10
1.07228e-09
9.66189e-10
8.21628e-10
7.59644e-10
6.74837e-10
6.0813e-10
5.71363e-10
5.71129e-10
6.01262e-10
6.54234e-10
7.35154e-10
8.32182e-10
9.6457e-10
1.11935e-09
1.06553e-09
1.02761e-09
9.32681e-10
7.64119e-10
8.89211e-09
5.51122e-10
1.87846e-08
2.82979e-08
3.502e-10
3.26273e-10
2.84931e-10
2.39545e-10
1.90475e-10
1.52574e-10
1.28508e-10
1.0881e-10
9.95077e-11
9.36786e-11
8.89095e-11
8.31668e-11
7.86071e-11
8.67893e-07
6.47741e-08
7.15596e-08
2.01275e-06
6.01865e-09
9.56932e-08
1.42592e-06
1.11789e-07
6.12064e-07
1.04534e-07
5.36614e-07
5.77035e-07
9.25358e-08
6.04636e-08
2.57618e-07
1.0373e-07
7.7269e-08
1.48824e-07
3.89423e-08
4.55468e-09
6.5282e-08
7.82356e-08
2.21918e-11
8.45845e-08
9.79155e-08
1.01053e-07
1.07948e-12
1.0574e-07
1.05515e-07
1.20048e-07
1.32835e-07
1.31358e-07
3.8141e-13
1.52289e-07
1.95097e-13
1.59841e-07
1.56275e-07
6.6553e-14
1.86637e-13
8.87568e-08
7.63301e-08
6.37709e-08
5.01814e-08
3.7416e-08
2.24823e-08
1.10632e-08
5.6742e-09
2.96489e-09
1.42162e-09
2.25686e-11
1.29347e-10
2.39045e-10
1.18408e-10
6.08467e-11
1.0747e-11
5.39746e-11
5.63962e-12
1.31094e-10
5.00333e-11
3.71331e-09
5.47431e-10
3.09246e-10
2.70928e-10
2.31061e-10
1.14276e-09
9.0268e-10
7.94896e-10
6.97887e-10
1.44541e-08
5.98444e-10
5.66223e-10
5.38647e-10
5.43387e-10
5.58475e-10
6.08057e-10
6.77603e-10
7.69063e-10
8.72685e-10
5.91843e-09
9.80194e-10
9.47361e-10
8.52788e-10
7.15323e-10
6.1378e-10
5.22097e-10
4.58022e-10
3.91486e-10
3.50764e-10
3.20988e-10
2.78742e-10
1.01933e-07
1.87395e-10
1.50053e-10
1.26401e-10
1.08148e-10
9.86577e-11
9.26248e-11
8.79425e-11
8.26301e-11
7.81974e-11
1.34496e-09
9.54072e-07
2.96259e-07
5.13988e-07
1.85579e-09
4.17927e-07
6.46617e-08
1.73585e-07
2.37677e-07
6.48579e-08
6.71929e-08
1.74852e-07
7.402e-08
7.62202e-08
8.75674e-08
5.25027e-07
5.93378e-08
4.16872e-08
3.56646e-08
4.55317e-08
1.47956e-10
4.97867e-11
6.41894e-08
1.29346e-11
3.45881e-12
1.76427e-12
2.56638e-12
7.83085e-08
7.73306e-08
8.74833e-08
1.04165e-12
6.45517e-13
9.74246e-08
9.39214e-08
1.01551e-07
1.35993e-13
1.23864e-13
1.30083e-07
1.06409e-07
2.77628e-13
6.79756e-08
5.60218e-08
1.62069e-13
2.57964e-08
1.4666e-12
5.63035e-09
4.01649e-12
8.03e-10
1.99076e-10
7.72918e-11
8.71976e-12
4.49077e-11
6.79343e-11
9.10502e-11
9.69109e-11
1.08018e-10
7.06503e-11
2.66198e-09
4.06632e-09
5.02899e-10
1.08438e-08
1.46099e-08
2.32927e-10
1.20866e-09
9.15863e-10
7.39818e-10
6.47057e-10
5.88617e-10
5.79224e-10
5.3652e-10
5.02528e-10
4.88422e-10
4.9431e-10
5.24686e-10
1.51291e-08
6.17751e-10
6.99231e-10
9.20501e-09
8.99391e-10
7.53055e-09
8.51755e-10
7.79756e-10
6.60521e-10
5.7256e-10
4.92168e-10
2.5364e-08
3.83841e-10
3.51985e-10
3.18957e-10
9.05522e-08
2.25085e-10
1.83256e-10
1.47545e-10
1.24071e-10
1.0736e-10
9.78577e-11
9.13374e-11
8.66313e-11
8.19872e-11
7.77029e-11
4.90203e-10
5.35087e-09
1.64803e-07
1.35643e-07
7.20839e-08
5.68204e-08
3.27771e-08
3.38917e-08
3.71096e-08
3.99524e-08
3.43801e-08
4.48782e-08
3.73306e-08
6.5515e-08
1.26739e-07
5.9781e-08
4.46898e-08
4.09814e-08
9.85957e-09
4.34929e-08
4.39257e-08
4.73181e-08
4.55582e-08
5.3194e-08
4.05594e-12
4.89571e-12
5.96495e-12
5.66861e-08
8.4562e-12
5.48078e-08
5.53861e-08
5.61558e-08
5.55754e-08
5.74805e-08
6.30058e-08
7.01632e-08
6.96065e-08
6.93811e-08
2.7043e-13
6.52619e-08
1.12698e-13
8.21043e-14
2.21512e-13
1.43328e-08
5.44907e-09
1.91104e-09
2.1797e-10
1.51802e-13
1.44586e-10
3.39543e-10
3.22942e-11
5.91811e-10
6.56792e-10
6.9072e-10
2.42564e-11
2.06404e-11
3.42755e-09
6.12778e-09
3.07664e-10
1.37414e-08
1.82675e-08
2.27678e-08
1.07982e-09
9.22597e-10
7.34301e-10
6.0166e-10
5.44529e-10
5.10421e-10
4.93395e-10
4.74935e-10
4.53808e-10
4.44847e-10
4.53157e-10
4.78245e-10
5.17032e-10
5.59653e-10
6.24232e-10
6.88633e-10
7.74837e-10
7.72165e-10
7.63826e-10
7.03059e-10
6.08975e-10
5.43794e-10
4.64991e-10
4.12813e-10
3.73747e-10
3.48309e-10
3.16929e-10
2.64204e-10
2.13521e-10
1.77396e-10
1.44385e-10
1.21436e-10
1.06096e-10
9.67285e-11
8.98292e-11
8.56067e-11
8.10256e-11
7.70887e-11
8.99737e-10
1.41029e-09
1.82795e-08
7.29543e-08
5.21604e-08
1.98602e-08
9.51584e-09
1.20252e-08
1.73647e-08
2.45618e-08
2.43163e-09
4.6551e-08
5.08466e-08
2.75473e-08
6.42976e-08
5.27142e-08
4.07392e-08
3.82623e-08
1.62189e-09
4.31596e-08
1.22035e-10
3.62454e-08
3.77055e-08
3.90402e-08
1.46573e-11
4.03996e-08
3.6272e-08
3.48913e-08
3.23583e-11
3.09703e-08
1.27594e-11
1.14952e-11
3.14055e-08
3.51793e-08
5.45425e-12
3.60008e-08
3.87532e-08
4.30711e-08
4.58515e-08
2.7336e-13
3.56732e-08
2.5193e-08
1.38453e-08
3.34107e-12
1.7633e-09
1.41764e-10
2.8625e-11
2.05779e-10
2.45845e-10
2.74676e-10
2.93615e-10
1.52889e-09
3.21079e-10
3.61846e-09
3.16498e-10
6.88614e-09
8.26615e-09
1.24043e-08
2.53787e-10
2.31077e-10
2.09859e-10
9.52959e-10
8.17688e-10
7.25636e-10
4.71823e-08
5.17742e-10
4.68335e-10
4.43514e-10
3.9051e-08
3.46164e-08
4.13717e-10
4.09556e-10
4.14611e-10
4.39287e-10
4.73234e-10
5.19561e-10
5.61259e-10
6.11636e-10
6.69971e-10
6.79913e-10
6.75114e-10
6.35578e-10
1.61586e-08
5.00618e-10
4.38428e-10
4.01557e-10
3.64271e-10
3.41241e-10
3.11781e-10
1.12872e-07
2.06473e-10
1.69672e-10
1.41357e-10
1.17804e-10
1.04549e-10
9.5152e-11
8.86217e-11
8.4703e-11
8.0107e-11
7.63761e-11
8.81128e-10
1.18762e-09
5.90597e-09
1.24319e-08
9.91489e-09
3.05337e-09
1.31964e-09
5.01767e-10
2.51012e-09
9.27961e-09
2.68472e-08
4.43295e-08
4.94466e-08
5.60807e-08
1.72941e-08
4.8688e-08
4.58343e-08
5.63852e-09
4.14737e-08
3.34517e-08
3.03888e-08
6.37142e-11
7.28178e-11
3.84947e-11
3.08239e-11
2.44835e-08
2.05802e-08
1.9123e-08
1.51981e-08
1.46844e-08
7.17797e-11
1.22049e-08
1.33599e-08
2.39366e-11
1.63081e-08
1.90684e-08
6.34059e-12
2.47851e-08
2.54311e-08
2.41352e-08
1.86184e-08
2.30901e-12
5.66262e-09
1.9684e-09
4.16069e-11
6.3928e-10
1.84269e-09
2.1498e-10
2.1613e-10
2.24665e-10
2.43511e-10
5.68868e-09
7.12297e-09
2.67349e-10
2.62488e-10
2.60924e-10
2.5531e-10
2.3146e-10
2.10804e-10
9.54473e-10
8.29988e-10
5.34521e-08
6.4473e-10
6.18541e-08
5.14093e-10
4.52935e-10
4.24879e-10
4.10297e-10
4.03534e-10
3.98433e-10
4.25716e-08
3.89308e-10
3.94845e-10
4.09404e-10
4.34652e-10
4.79029e-10
5.18686e-10
5.6386e-10
5.9283e-10
1.60475e-08
6.06584e-10
5.81438e-10
5.30504e-10
4.70011e-10
4.16666e-10
3.88999e-10
3.6645e-10
3.33884e-10
3.00873e-10
2.45398e-10
1.98776e-10
1.62048e-10
1.36643e-10
1.14958e-10
1.03053e-10
9.35681e-11
8.74648e-11
8.37773e-11
7.92434e-11
7.55003e-11
8.0237e-10
1.1074e-09
3.65884e-09
7.24834e-09
7.57264e-09
7.42477e-09
6.65237e-09
3.8688e-09
1.18135e-09
2.32689e-10
8.01892e-09
4.66992e-11
4.82478e-08
2.19261e-09
5.88172e-08
5.77496e-08
5.49723e-08
4.14298e-08
3.35208e-08
2.63237e-08
2.12433e-08
2.60694e-10
1.63113e-08
1.68302e-08
1.39417e-08
1.25655e-08
1.06172e-08
1.23551e-10
7.30519e-09
1.86221e-10
5.36824e-09
5.11948e-09
1.32486e-10
5.381e-09
6.10704e-11
8.85602e-09
1.11335e-08
1.29895e-08
1.43914e-08
1.26019e-08
8.26765e-09
4.33417e-09
1.6339e-09
1.00092e-10
3.16926e-11
1.91807e-10
1.12705e-09
9.6466e-10
9.97139e-10
1.06931e-09
9.89146e-09
1.21889e-08
1.40907e-08
2.18831e-10
1.84595e-08
2.13946e-10
1.14937e-09
3.45061e-08
8.39514e-10
7.37179e-10
6.48055e-10
5.91219e-10
5.36473e-10
4.97451e-10
4.51078e-10
4.10422e-10
3.96115e-10
3.87147e-10
3.80432e-10
3.73966e-10
3.68537e-10
3.6617e-10
3.72209e-10
3.89549e-10
4.09134e-10
4.42061e-10
2.83832e-08
5.0726e-10
5.41169e-10
5.619e-10
5.63101e-10
5.446e-10
2.58328e-08
4.37815e-10
4.04519e-10
3.73895e-10
3.62578e-10
3.30953e-10
2.85575e-10
2.31863e-10
1.90406e-10
1.57612e-10
1.32129e-10
1.13047e-10
1.01569e-10
9.20069e-11
8.6737e-11
8.30206e-11
7.83638e-11
7.46305e-11
7.82108e-10
9.97947e-10
2.04689e-09
4.6659e-09
6.36842e-09
6.59706e-09
7.73254e-09
8.67306e-09
5.18966e-09
1.28605e-09
2.08558e-11
9.87434e-09
3.37785e-08
5.4968e-08
5.80209e-08
6.62274e-08
5.87349e-08
2.5793e-10
3.03962e-08
2.00501e-08
1.37408e-08
9.80787e-09
8.30925e-09
7.78312e-09
6.98092e-09
1.35626e-10
4.64954e-09
3.25601e-09
2.21421e-09
1.78527e-09
1.33309e-09
1.20559e-09
1.49294e-09
2.04496e-09
3.07396e-09
3.49705e-09
5.12218e-09
4.39407e-13
6.55953e-09
5.51878e-09
3.03002e-09
1.09447e-09
2.20343e-10
7.96273e-12
1.68165e-10
9.19556e-10
1.03857e-08
6.76989e-10
6.93033e-10
7.56107e-10
8.81184e-10
9.38474e-10
9.5378e-10
9.6999e-10
9.23247e-10
8.60197e-10
8.10307e-10
7.33332e-10
6.5794e-10
5.9292e-10
5.31351e-10
4.8932e-10
4.64227e-10
4.3978e-10
1.15009e-07
3.86387e-10
3.63991e-10
3.58473e-10
3.58712e-10
3.60253e-10
3.59049e-10
3.59371e-10
3.625e-10
3.67942e-10
3.89027e-10
4.15622e-10
4.38064e-10
4.65155e-10
4.91576e-10
5.04686e-10
5.10963e-10
5.0219e-10
4.5664e-10
4.18213e-10
3.90295e-10
3.75436e-10
3.50262e-10
1.0199e-07
2.77191e-10
2.20542e-10
1.80258e-10
1.51865e-10
1.26812e-10
1.1027e-10
9.89413e-11
9.03075e-11
8.59479e-11
8.21248e-11
7.74237e-11
7.37457e-11
8.02405e-10
9.58846e-10
1.2508e-09
2.28119e-09
3.01436e-09
2.88012e-09
4.06988e-09
7.58502e-09
9.26397e-09
4.588e-09
6.86824e-10
2.14599e-10
1.25459e-08
4.00905e-11
4.89289e-08
5.20452e-11
6.24418e-11
3.14983e-08
2.31503e-10
1.22032e-08
6.13464e-10
5.37981e-09
3.91606e-09
2.86979e-09
6.75757e-10
4.73281e-10
1.162e-09
5.48387e-12
4.63493e-10
2.96139e-10
1.97524e-10
1.63342e-10
4.14273e-12
3.3327e-10
7.07798e-10
1.4044e-09
5.20218e-14
2.28774e-09
2.34814e-09
2.46197e-11
6.61073e-10
3.93818e-10
1.73142e-11
6.60874e-10
7.4624e-10
6.25725e-10
5.49255e-10
5.13436e-10
5.2795e-10
5.76704e-10
3.83442e-08
6.49512e-10
6.67489e-10
4.7899e-08
5.41996e-08
6.46601e-10
6.2133e-10
5.73229e-10
9.6285e-08
4.91099e-10
4.55237e-10
4.29966e-10
4.19595e-10
4.03546e-10
3.77211e-10
3.53128e-10
3.36633e-10
3.35523e-10
3.36883e-10
3.37634e-10
8.23283e-08
3.37596e-10
3.46866e-10
3.60579e-10
3.71248e-10
3.95216e-10
4.14466e-10
4.30171e-10
4.49229e-10
4.61438e-10
3.41285e-08
3.38346e-08
4.28001e-10
4.03116e-10
3.81051e-10
3.68126e-10
3.45382e-10
3.06996e-10
2.64103e-10
2.10783e-10
1.70898e-10
1.45451e-10
1.2186e-10
1.07719e-10
9.65059e-11
8.93203e-11
8.49192e-11
8.11958e-11
7.65514e-11
7.32967e-11
8.43634e-10
9.89189e-10
1.01384e-09
1.20588e-09
1.33042e-09
1.24701e-09
1.9143e-09
4.57018e-09
8.63385e-09
7.96325e-09
2.6866e-09
1.55625e-10
1.06254e-09
1.24903e-08
2.42298e-08
3.03426e-08
2.34482e-08
1.53254e-08
8.97991e-09
5.87526e-09
3.37428e-09
1.7898e-09
1.33254e-09
9.34696e-10
6.46727e-10
6.4385e-10
2.05164e-10
8.33754e-12
4.35375e-11
3.67631e-11
7.40219e-11
1.43501e-10
1.62335e-10
1.5824e-10
1.32663e-10
1.43353e-10
2.53877e-10
4.79439e-10
4.27268e-10
2.40874e-10
1.79305e-11
3.21977e-10
6.2462e-10
6.60258e-10
5.28943e-10
4.16624e-08
4.25733e-10
4.1509e-10
4.30588e-10
4.5829e-10
6.49334e-08
5.06763e-10
5.21455e-10
5.4218e-10
5.35672e-10
5.16103e-10
4.9391e-10
4.73503e-10
4.56105e-10
1.49531e-07
4.04936e-10
3.81893e-10
3.71641e-10
3.5802e-10
3.30774e-10
3.07214e-10
2.96472e-10
2.97254e-10
3.04117e-10
3.13469e-10
3.20613e-10
3.23445e-10
3.28264e-10
3.41171e-10
3.62267e-10
3.77388e-10
3.9177e-10
4.1022e-10
4.24209e-10
4.3081e-10
4.3639e-10
4.4936e-08
4.12026e-10
3.86174e-10
3.78723e-10
3.53664e-10
3.37036e-10
2.94504e-10
2.46949e-10
2.00258e-10
1.63743e-10
1.39023e-10
1.18616e-10
1.04904e-10
9.41034e-11
8.82695e-11
8.38285e-11
8.02614e-11
7.56678e-11
7.29313e-11
8.98797e-10
9.98678e-10
9.77504e-10
8.89682e-10
7.38482e-10
5.91765e-10
9.86726e-10
2.80735e-09
6.45524e-09
8.65114e-09
5.15382e-09
1.26383e-09
1.30182e-10
1.41896e-09
5.81012e-09
9.27347e-09
1.93346e-09
2.77582e-09
3.58789e-09
4.07559e-09
7.23508e-10
3.24351e-10
1.73008e-10
1.09184e-10
7.78218e-11
2.21165e-12
6.18854e-11
8.48944e-11
5.58593e-11
8.51613e-11
6.72246e-11
1.09809e-10
5.40694e-11
1.91623e-10
2.55404e-10
2.11771e-10
1.28976e-10
5.19991e-11
1.90181e-10
7.95355e-10
3.03174e-10
4.41654e-10
5.68316e-10
3.86361e-08
4.01742e-10
3.68817e-10
8.76021e-08
3.53029e-10
9.57626e-08
3.98863e-10
1.04128e-07
4.20062e-10
4.32069e-10
4.47796e-10
1.25816e-07
4.32691e-10
4.22973e-10
4.12626e-10
3.96874e-10
3.75339e-10
3.49906e-10
3.27428e-10
3.13765e-10
2.12199e-07
2.83064e-10
2.66061e-10
2.58355e-10
2.65425e-10
2.74963e-10
2.82954e-10
2.88673e-10
3.00031e-10
3.1028e-10
3.26736e-10
3.41528e-10
3.67788e-10
3.80774e-10
3.87172e-10
4.02755e-10
4.1157e-10
4.18099e-10
4.17985e-10
6.82837e-08
3.85393e-10
3.66756e-10
3.49267e-10
3.1862e-10
2.81752e-10
2.32991e-10
1.87001e-10
1.56558e-10
1.3175e-10
1.14711e-10
1.01668e-10
9.24482e-11
8.69376e-11
8.27994e-11
7.90024e-11
7.5221e-11
7.24841e-11
9.62103e-10
9.85314e-10
8.10349e-10
6.11266e-10
4.30141e-10
3.06872e-10
6.88583e-10
2.23308e-09
5.26342e-09
7.98333e-09
6.73823e-09
2.78159e-09
6.21488e-10
2.97938e-11
6.52295e-10
5.7972e-09
2.02669e-09
1.15651e-09
6.24809e-09
1.80743e-10
4.71278e-11
1.90737e-11
9.5551e-12
3.23665e-09
2.20217e-12
1.02267e-11
2.90485e-11
1.00327e-10
1.51223e-10
5.55384e-11
3.1968e-11
3.81785e-11
5.89037e-11
1.04434e-10
2.48852e-10
7.82831e-12
4.40447e-10
4.05505e-10
4.224e-10
6.02817e-09
3.54922e-10
3.40943e-08
3.94347e-10
8.41189e-08
1.09522e-07
2.84513e-10
2.77605e-10
2.82758e-10
3.0909e-10
1.3829e-07
3.50684e-10
3.53906e-10
3.65298e-10
3.81367e-10
3.81408e-10
3.71029e-10
3.61831e-10
3.51024e-10
3.3233e-10
3.08875e-10
2.87239e-10
2.70008e-10
2.57018e-10
2.4986e-10
2.34087e-10
2.23993e-10
2.21866e-10
2.2928e-10
2.41996e-10
2.55006e-10
2.6619e-10
2.7356e-10
2.83474e-10
3.06924e-10
3.29729e-10
3.46309e-10
3.68179e-10
3.82432e-10
3.90467e-10
3.93873e-10
3.9608e-10
3.97083e-10
3.9212e-10
3.72949e-10
3.58256e-10
3.35187e-10
3.04561e-10
2.62268e-10
2.19812e-10
1.76858e-10
1.48481e-10
1.26733e-10
1.11231e-10
9.86509e-11
9.09837e-11
8.56022e-11
8.16273e-11
7.77855e-11
7.47399e-11
7.19782e-11
1.00414e-09
8.80967e-10
5.78266e-10
3.65516e-10
1.80823e-10
1.64387e-10
6.52e-10
2.33833e-09
5.02007e-09
7.51245e-09
7.36984e-09
4.1927e-09
1.4112e-09
4.13043e-10
3.97534e-11
1.44234e-11
3.7672e-11
1.12186e-11
4.79745e-12
7.84263e-12
3.13214e-11
2.9826e-11
1.88999e-11
1.26228e-11
2.75147e-12
1.35353e-12
5.48384e-12
7.14828e-11
3.31226e-10
3.06898e-11
9.36306e-10
5.35028e-12
1.58138e-11
5.15034e-11
1.4454e-10
2.4086e-10
4.18915e-10
1.18788e-09
4.04385e-10
3.01967e-10
2.63922e-10
2.65897e-10
2.78373e-10
2.48506e-10
2.12868e-10
1.89307e-10
1.87185e-10
1.94491e-07
2.2768e-10
2.61086e-10
2.61952e-10
2.70346e-10
2.86703e-10
3.03921e-10
3.04612e-10
2.97832e-10
2.89131e-10
2.79435e-10
2.73506e-07
2.42713e-10
2.27601e-10
2.88286e-07
2.07326e-10
2.02137e-10
1.91974e-10
1.86894e-10
1.88967e-10
1.99937e-10
2.12697e-10
2.24921e-10
2.38091e-10
2.48532e-10
2.63413e-10
2.82405e-10
3.0877e-10
3.35323e-10
3.49926e-10
3.64155e-10
3.80357e-10
3.88125e-10
3.94372e-10
3.94698e-10
3.78184e-10
3.62197e-10
3.46957e-10
3.15423e-10
2.89505e-10
2.45712e-10
2.04217e-10
1.67874e-10
1.40244e-10
1.21762e-10
1.069e-10
9.60549e-11
8.92234e-11
8.43184e-11
8.02054e-11
7.71028e-11
7.41221e-11
7.15226e-11
9.95526e-10
5.86995e-10
2.7253e-10
1.21087e-10
7.51844e-11
1.62067e-10
8.25326e-10
2.81533e-09
5.3604e-09
7.41159e-09
7.5697e-09
5.22818e-09
2.36662e-09
8.98442e-10
3.88653e-10
2.35617e-10
1.74389e-10
1.38352e-10
1.09203e-10
1.06183e-10
8.94023e-11
6.0597e-11
3.66363e-11
1.94114e-11
1.25721e-11
4.65292e-12
7.36464e-09
1.19674e-11
3.9354e-09
2.635e-09
3.27222e-13
3.95895e-13
6.38243e-13
2.06235e-11
7.75314e-11
1.66394e-10
2.93425e-10
7.5952e-09
2.71845e-10
1.92482e-10
1.70842e-10
1.74232e-10
1.67037e-10
1.42087e-10
2.48628e-07
1.0922e-10
1.12626e-10
1.34879e-10
1.52171e-10
1.76755e-10
1.78294e-10
1.89548e-10
2.06827e-10
2.24361e-10
2.26763e-10
2.22827e-10
2.17356e-10
2.09919e-10
1.99214e-10
1.85235e-10
1.7761e-10
1.72907e-10
1.63137e-10
1.61198e-10
1.56868e-10
1.56187e-10
1.60526e-10
1.71326e-10
1.84857e-10
1.99251e-10
2.14388e-10
2.22134e-10
2.38281e-10
2.62427e-10
2.8524e-10
3.11647e-10
3.34986e-10
3.51392e-10
3.62777e-10
3.68004e-10
3.76642e-10
3.75014e-10
3.67192e-10
3.50215e-10
3.23827e-10
3.01763e-10
2.67931e-10
2.30009e-10
1.89295e-10
1.57813e-10
1.33369e-10
1.1716e-10
1.02965e-10
9.40628e-11
8.75324e-11
8.2751e-11
7.88855e-11
7.64235e-11
7.34507e-11
7.1022e-11
9.26203e-10
2.99686e-10
8.40142e-11
6.1895e-11
8.99552e-11
2.65313e-10
1.15511e-09
3.56282e-09
6.06134e-09
7.59412e-09
7.68805e-09
5.88261e-09
3.31651e-09
1.62211e-09
8.3245e-10
5.56106e-10
4.22573e-10
3.38388e-10
2.74392e-10
2.30887e-10
1.67316e-10
9.58018e-11
6.00673e-11
3.28802e-11
1.7688e-11
1.1485e-11
2.51459e-12
2.98723e-08
3.35403e-12
3.33695e-12
2.44966e-12
3.62324e-12
5.45353e-13
4.25808e-12
3.92556e-11
1.02147e-10
1.87964e-10
2.21612e-10
1.50126e-10
1.17799e-10
1.06226e-10
9.24835e-11
7.79102e-11
6.40292e-11
5.63505e-11
5.35057e-11
5.98218e-11
7.74232e-11
9.24932e-11
1.11521e-10
1.12793e-10
1.2449e-10
1.40537e-10
1.55695e-10
1.5993e-10
1.58326e-10
1.57014e-10
1.52264e-10
1.44852e-10
1.37884e-10
1.36383e-10
1.33872e-10
1.28403e-10
1.28103e-10
1.27637e-10
1.30004e-10
1.36885e-10
1.47753e-10
1.60603e-10
1.73891e-10
2.21943e-07
2.00453e-10
2.15596e-10
2.36755e-10
2.64134e-10
2.89084e-10
3.08453e-10
3.3257e-10
3.49267e-10
3.60487e-10
3.66951e-10
3.67467e-10
3.51159e-10
3.26599e-10
3.09901e-10
2.81196e-10
2.51215e-10
2.12199e-10
1.77676e-10
1.47824e-10
1.2742e-10
1.11841e-10
9.96231e-11
9.17421e-11
8.58884e-11
8.10951e-11
7.82662e-11
7.56072e-11
7.28448e-11
7.0486e-11
1.74417e-10
8.32409e-11
9.27214e-11
1.51707e-10
2.26302e-10
4.61718e-10
1.47263e-09
4.34214e-09
7.02794e-09
7.99059e-09
7.82388e-09
6.33254e-09
4.14895e-09
2.46006e-09
1.52064e-09
1.10366e-09
8.6563e-10
6.88646e-10
5.43225e-10
4.17913e-10
2.78553e-10
1.29728e-10
4.78484e-08
5.58207e-11
7.68713e-08
2.41175e-11
1.35811e-11
1.04334e-11
5.6946e-08
9.25949e-12
7.45392e-12
1.81235e-12
3.1048e-12
2.90427e-14
1.37095e-11
5.34294e-11
1.11876e-10
1.07387e-10
7.52034e-11
5.64717e-11
2.63615e-07
3.17191e-11
2.44246e-11
1.87819e-11
1.71865e-11
1.92628e-11
2.56897e-11
3.8495e-11
5.0013e-11
6.20327e-11
6.6547e-11
7.69659e-11
9.00889e-11
1.02668e-10
1.07985e-10
4.0594e-07
1.09543e-10
1.07722e-10
1.03782e-10
1.01186e-10
1.01309e-10
1.00916e-10
1.00349e-10
1.02119e-10
1.04349e-10
1.08508e-10
1.15961e-10
1.26892e-10
1.39934e-10
1.53363e-10
1.67772e-10
1.78383e-10
1.9545e-10
2.15964e-10
2.38447e-10
2.66743e-10
2.90402e-10
3.08948e-10
3.2234e-10
3.37148e-10
3.46746e-10
3.4205e-10
3.27056e-10
3.11355e-10
2.89605e-10
2.60923e-10
2.33476e-10
1.96342e-10
1.65393e-10
1.39244e-10
1.21898e-10
1.06901e-10
9.70447e-11
8.96006e-11
8.3857e-11
8.00128e-11
7.73817e-11
7.48134e-11
7.21883e-11
6.99717e-11
1.6126e-11
1.08306e-10
4.10467e-10
5.0408e-10
5.20396e-10
6.87572e-10
1.61437e-09
4.79534e-09
8.17072e-09
8.7822e-09
8.12124e-09
6.74326e-09
4.89665e-09
3.33239e-09
2.34041e-09
1.80674e-09
1.44611e-09
1.14591e-09
8.85163e-10
6.51901e-10
4.26047e-10
2.33898e-10
1.64151e-10
1.09641e-10
7.91412e-11
7.03275e-11
4.76899e-11
2.77199e-11
1.92117e-11
1.66783e-11
1.0253e-11
2.67384e-08
3.11722e-12
9.58314e-13
8.92533e-13
1.51771e-11
1.0059e-07
3.39515e-11
1.896e-11
9.84214e-12
3.63807e-12
3.68533e-12
4.63032e-07
7.49887e-13
9.46196e-13
2.47536e-12
6.39159e-12
1.42415e-11
2.24558e-11
3.07287e-11
3.57507e-11
4.437e-11
5.44572e-11
6.41244e-11
6.95113e-11
7.34427e-11
7.40499e-11
7.42268e-11
7.33458e-11
7.44103e-11
7.53586e-11
7.69995e-11
7.84571e-11
8.15041e-11
8.54572e-11
9.12616e-11
9.91212e-11
1.09668e-10
1.2169e-10
1.34828e-10
1.48115e-10
1.59877e-10
1.74814e-10
1.95795e-10
2.18595e-10
2.41803e-10
2.66384e-10
2.89074e-10
3.0407e-10
3.15208e-10
3.22623e-10
3.20245e-10
3.08288e-10
2.88098e-10
2.67349e-10
2.43681e-10
2.12805e-10
1.82991e-10
1.52891e-10
1.31686e-10
1.15678e-10
1.02853e-10
9.41539e-11
8.73763e-11
8.19278e-11
7.90567e-11
7.64183e-11
7.40118e-11
7.15042e-11
6.9327e-11
9.22232e-10
1.08273e-09
1.02047e-09
7.96847e-10
6.45264e-10
6.76967e-10
1.33442e-09
4.23958e-09
8.92605e-09
1.0435e-08
9.4989e-09
8.06135e-09
6.48343e-09
5.11709e-09
4.07831e-09
3.32342e-09
2.67641e-09
2.0924e-09
1.58881e-09
1.18159e-09
8.55495e-10
6.31238e-10
5.21307e-10
4.5737e-10
4.18512e-10
3.65771e-10
2.61851e-10
1.63264e-10
1.01949e-10
5.74489e-11
2.6633e-11
9.49112e-12
4.25324e-12
3.41376e-12
1.5898e-07
1.3982e-12
1.79966e-13
3.67455e-13
1.38849e-12
1.36391e-12
1.6349e-12
1.20253e-12
1.34938e-12
1.22316e-12
8.13829e-13
5.44015e-13
4.14952e-13
4.01933e-15
8.98276e-13
4.0843e-12
7.41458e-12
1.2809e-11
1.92244e-11
2.54796e-11
3.02157e-11
3.38222e-11
3.61071e-11
3.78803e-11
3.97143e-11
4.17546e-11
4.50047e-11
4.90944e-11
5.24047e-11
5.66053e-11
6.20229e-11
6.87063e-11
7.70976e-11
8.74654e-11
9.81319e-11
1.09989e-10
1.21249e-10
1.33705e-10
1.47923e-10
1.65753e-10
1.85886e-10
2.08944e-10
2.30452e-10
2.48574e-10
2.63016e-10
2.73739e-10
2.80852e-10
2.77011e-10
2.66874e-10
2.53372e-10
2.3648e-10
2.12521e-10
1.88614e-10
1.59845e-10
1.37702e-10
1.20016e-10
1.06852e-10
9.72077e-11
8.99037e-11
8.36511e-11
8.01728e-11
7.73033e-11
7.49686e-11
7.26929e-11
7.03799e-11
6.87675e-11
3.56907e-10
5.3484e-10
6.42597e-10
6.9863e-10
7.19601e-10
7.85356e-10
1.09355e-09
2.52824e-09
6.8351e-09
1.16728e-08
1.31933e-08
1.23301e-08
1.06677e-08
8.99732e-09
7.40624e-09
5.93531e-09
4.59735e-09
3.51612e-09
2.75446e-09
2.29211e-09
2.08872e-09
2.08771e-09
2.15846e-09
2.1413e-09
1.93517e-09
1.5683e-09
1.09832e-09
6.75458e-10
3.66495e-10
1.65951e-10
6.56772e-11
2.60862e-11
8.33243e-12
4.6494e-12
5.12155e-12
4.49911e-12
3.54981e-12
3.63023e-12
4.24196e-12
3.89077e-12
3.65769e-12
3.49281e-12
3.23797e-12
3.67404e-12
2.9567e-12
3.71624e-13
1.79139e-13
1.29344e-12
5.35265e-13
4.34527e-13
2.34803e-13
3.11898e-15
6.23669e-13
2.6149e-12
5.26687e-12
7.80272e-12
1.02567e-11
1.26601e-11
1.5467e-11
1.83783e-11
2.21645e-11
2.63387e-11
3.06945e-11
3.56844e-11
4.1575e-11
4.83944e-11
5.65378e-11
6.548e-11
7.47673e-11
8.48209e-11
9.45508e-11
1.05662e-10
1.17817e-10
1.32679e-10
1.4941e-10
1.67688e-10
1.85267e-10
2.00604e-10
2.13308e-10
2.23417e-10
2.28229e-10
2.24699e-10
2.17143e-10
2.07162e-10
1.95112e-10
1.772e-10
1.56404e-10
1.36697e-10
1.18527e-10
1.06555e-10
9.72937e-11
8.95491e-11
8.44215e-11
8.03323e-11
7.73221e-11
7.49125e-11
7.28028e-11
7.1128e-11
6.92901e-11
6.75307e-11
7.14079e-11
1.75898e-10
3.04149e-10
4.61524e-10
6.1386e-10
7.35139e-10
8.82516e-10
1.22461e-09
2.37177e-09
5.21437e-09
9.34916e-09
1.415e-08
1.76984e-08
1.80022e-08
1.56745e-08
1.23585e-08
9.49534e-09
7.69414e-09
6.89195e-09
6.79215e-09
7.03893e-09
7.21509e-09
6.96917e-09
6.18686e-09
4.97953e-09
3.64751e-09
2.42634e-09
1.46898e-09
8.00435e-10
3.82875e-10
1.61619e-10
6.63819e-11
3.23395e-11
1.9541e-11
1.49177e-11
1.21097e-11
1.09054e-11
1.09096e-11
1.14496e-11
1.12725e-11
9.7683e-12
8.83715e-12
7.52268e-12
4.98749e-12
2.25506e-12
8.22473e-13
2.41127e-12
3.18711e-12
3.0746e-13
1.83281e-13
1.22604e-12
6.08764e-13
2.51568e-13
4.48117e-13
5.7076e-14
2.07905e-15
2.30097e-13
1.15762e-12
3.04484e-12
5.71051e-12
9.32071e-12
1.34688e-11
1.80418e-11
2.2978e-11
2.84438e-11
3.48547e-11
4.20218e-11
4.97385e-11
5.76535e-11
6.66797e-11
7.50979e-11
8.44572e-11
9.51018e-11
1.06659e-10
1.20032e-10
1.3405e-10
1.47545e-10
1.5957e-10
1.70364e-10
1.78748e-10
1.82016e-10
1.79591e-10
1.73441e-10
1.67199e-10
1.58587e-10
1.45885e-10
1.29966e-10
1.16353e-10
1.04463e-10
9.50244e-11
8.87153e-11
8.38775e-11
8.00879e-11
7.6922e-11
7.44006e-11
7.27546e-11
7.12731e-11
6.95254e-11
6.80416e-11
6.66134e-11
2.17191e-11
6.96841e-11
1.50367e-10
2.50702e-10
3.80576e-10
5.13903e-10
6.53455e-10
8.15497e-10
1.09101e-09
1.58668e-09
2.61011e-09
5.02143e-09
9.21979e-09
1.39173e-08
1.7173e-08
1.80214e-08
1.73193e-08
1.63013e-08
1.55682e-08
1.49588e-08
1.43823e-08
1.33988e-08
1.19373e-08
9.9758e-09
7.76917e-09
5.62333e-09
3.80152e-09
2.40499e-09
1.42716e-09
8.00529e-10
4.37867e-10
2.49442e-10
1.59513e-10
1.18571e-10
1.03219e-10
9.30952e-11
8.54684e-11
8.16723e-11
7.54717e-11
6.38031e-11
4.97369e-11
3.95714e-11
2.99602e-11
2.08461e-11
1.36562e-11
8.02814e-12
3.68031e-12
1.06734e-12
1.26638e-12
3.61172e-12
1.97548e-12
6.2298e-14
3.21442e-13
1.20074e-12
6.88466e-13
2.51005e-13
2.81628e-13
3.17442e-13
3.27022e-16
2.37003e-13
1.92136e-12
5.21244e-12
9.56882e-12
1.44109e-11
1.96869e-11
2.5449e-11
3.16251e-11
3.82131e-11
4.56186e-11
5.32078e-11
6.05629e-11
6.85136e-11
7.75174e-11
8.7008e-11
9.72792e-11
1.07954e-10
1.18086e-10
1.27343e-10
1.35406e-10
1.41632e-10
1.43702e-10
1.42779e-10
1.39557e-10
1.34539e-10
1.2873e-10
1.20089e-10
1.1026e-10
1.00257e-10
9.25086e-11
8.64666e-11
8.22767e-11
7.88573e-11
7.59825e-11
7.41015e-11
7.22913e-11
7.08346e-11
6.96318e-11
6.81973e-11
6.6733e-11
6.55652e-11
7.53349e-12
3.3054e-11
7.63377e-11
1.40377e-10
2.08785e-10
2.95381e-10
3.95967e-10
5.06618e-10
6.50094e-10
8.51096e-10
1.18945e-09
1.76765e-09
2.83396e-09
4.51608e-09
6.84307e-09
9.0424e-09
1.06273e-08
1.17038e-08
1.24798e-08
1.31098e-08
1.33911e-08
1.31826e-08
1.23979e-08
1.09661e-08
8.95926e-09
6.8821e-09
5.0295e-09
3.52064e-09
2.40663e-09
1.63731e-09
1.15032e-09
8.63704e-10
7.04035e-10
6.15181e-10
5.64214e-10
5.12882e-10
4.57211e-10
4.02038e-10
3.34912e-10
2.60646e-10
1.91849e-10
1.3742e-10
9.27158e-11
5.8271e-11
3.56379e-11
2.2097e-11
1.39405e-11
8.27167e-12
3.98861e-12
1.26979e-12
8.83407e-13
2.98002e-12
3.40592e-12
7.42937e-13
1.54343e-14
5.92492e-13
1.15908e-12
4.61478e-13
1.98585e-13
3.4809e-13
1.97434e-16
6.77531e-13
3.55862e-12
8.00527e-12
1.31663e-11
1.85474e-11
2.4034e-11
3.00353e-11
3.64162e-11
4.29284e-11
4.93798e-11
5.6622e-11
6.40813e-11
7.17972e-11
7.97163e-11
8.80882e-11
9.56238e-11
1.02583e-10
1.08516e-10
1.12889e-10
1.14911e-10
1.14952e-10
1.13345e-10
1.10403e-10
1.06085e-10
1.00972e-10
9.46908e-11
8.87713e-11
8.35089e-11
7.94764e-11
7.70189e-11
7.48862e-11
7.2965e-11
7.15901e-11
7.02521e-11
6.90835e-11
6.7986e-11
6.68329e-11
6.55972e-11
6.44795e-11
0
2.19582e-11
4.25887e-11
7.61231e-11
1.20815e-10
1.70664e-10
2.23845e-10
2.89547e-10
3.71574e-10
4.78935e-10
6.32237e-10
8.96127e-10
1.27022e-09
1.79351e-09
2.43839e-09
3.11364e-09
3.7106e-09
4.37202e-09
5.17278e-09
6.25898e-09
7.53489e-09
8.747e-09
9.38875e-09
9.30543e-09
8.55336e-09
7.33112e-09
5.99952e-09
4.76812e-09
3.76851e-09
3.00026e-09
2.46264e-09
2.10319e-09
1.85673e-09
1.66745e-09
1.5e-09
1.32392e-09
1.13624e-09
9.4856e-10
7.58238e-10
5.80328e-10
4.27139e-10
3.03414e-10
2.06143e-10
1.3287e-10
8.18328e-11
4.94705e-11
3.05626e-11
1.95409e-11
1.25852e-11
7.54541e-12
3.71171e-12
1.25535e-12
8.32089e-13
2.75345e-12
3.79984e-12
1.08346e-12
1.48946e-14
7.9471e-13
9.83245e-13
2.26618e-13
4.00403e-13
6.6711e-15
4.0568e-13
3.1643e-12
7.79132e-12
1.30174e-11
1.83424e-11
2.37529e-11
2.92369e-11
3.48423e-11
4.0918e-11
4.70355e-11
5.33581e-11
5.96525e-11
6.64585e-11
7.28325e-11
7.87422e-11
8.3922e-11
8.8156e-11
9.14358e-11
9.34424e-11
9.41203e-11
9.37703e-11
9.24869e-11
9.02046e-11
8.69928e-11
8.32825e-11
7.98792e-11
7.65941e-11
7.44123e-11
7.29123e-11
7.15328e-11
7.02949e-11
6.92974e-11
6.83531e-11
6.74391e-11
6.6442e-11
6.54111e-11
6.44192e-11
6.35714e-11
0
9.19049e-12
2.36873e-11
4.08832e-11
6.84093e-11
9.26805e-11
1.29625e-10
1.70347e-10
2.15121e-10
2.66708e-10
3.44692e-10
4.61135e-10
6.39041e-10
8.54493e-10
1.11958e-09
1.42538e-09
1.76e-09
2.12321e-09
2.47867e-09
2.90297e-09
3.40696e-09
3.89711e-09
4.88297e-09
5.56498e-09
6.02405e-09
6.0538e-09
5.72472e-09
5.15201e-09
4.55165e-09
4.01118e-09
3.55375e-09
3.18249e-09
2.86309e-09
2.55938e-09
2.25574e-09
1.95368e-09
1.65346e-09
1.36065e-09
1.08681e-09
8.42107e-10
6.35136e-10
4.66294e-10
3.30325e-10
2.25833e-10
1.48588e-10
9.41732e-11
5.87383e-11
3.68815e-11
2.38742e-11
1.58801e-11
1.03481e-11
6.02905e-12
2.70162e-12
8.60037e-13
1.30539e-12
3.78677e-12
2.64723e-12
1.06368e-13
4.14956e-13
1.15216e-12
2.71541e-13
3.88508e-13
7.75589e-15
4.54328e-13
3.41614e-12
8.17619e-12
1.34057e-11
1.85221e-11
2.34376e-11
2.86162e-11
3.38006e-11
3.90268e-11
4.43679e-11
4.99709e-11
5.54996e-11
6.06598e-11
6.53721e-11
6.9471e-11
7.26559e-11
7.55592e-11
7.77255e-11
7.89661e-11
7.93614e-11
7.90306e-11
7.80826e-11
7.67557e-11
7.49439e-11
7.3025e-11
7.12479e-11
7.02975e-11
6.9433e-11
6.86625e-11
6.79183e-11
6.71748e-11
6.64887e-11
6.57916e-11
6.50171e-11
6.4118e-11
6.32679e-11
6.25504e-11
0
1.34463e-14
1.27112e-11
2.52446e-11
3.44736e-11
5.30846e-11
7.40294e-11
9.34154e-11
1.20836e-10
1.57317e-10
1.99049e-10
2.52267e-10
3.26324e-10
4.33838e-10
5.58613e-10
7.02434e-10
8.72334e-10
1.07114e-09
1.30544e-09
1.59466e-09
1.92241e-09
2.28084e-09
2.60903e-09
2.87098e-09
2.96876e-09
3.15561e-09
3.34223e-09
3.34946e-09
3.24937e-09
3.12687e-09
2.97896e-09
2.79355e-09
2.57763e-09
2.34101e-09
2.08503e-09
1.82322e-09
1.56577e-09
1.31907e-09
1.09318e-09
8.81659e-10
6.98472e-10
5.37959e-10
4.04489e-10
2.94691e-10
2.07446e-10
1.40997e-10
9.27972e-11
5.98056e-11
3.84785e-11
2.54415e-11
1.72539e-11
1.15657e-11
7.12732e-12
3.48405e-12
1.12136e-12
1.01685e-12
3.5967e-12
2.93134e-12
1.11409e-13
4.82829e-13
1.11912e-12
2.32149e-13
4.30705e-13
7.24288e-16
6.4083e-13
3.86943e-12
8.64183e-12
1.36504e-11
1.84913e-11
2.31272e-11
2.76466e-11
3.20995e-11
3.68287e-11
4.15715e-11
4.61242e-11
5.0449e-11
5.43982e-11
5.78384e-11
6.08708e-11
6.3761e-11
6.61046e-11
6.77406e-11
6.87715e-11
6.92509e-11
6.9169e-11
6.89099e-11
6.83097e-11
6.75591e-11
6.7006e-11
6.67083e-11
6.63577e-11
6.60504e-11
6.56701e-11
6.51681e-11
6.466e-11
6.40783e-11
6.33994e-11
6.26477e-11
6.19031e-11
6.13867e-11
0
0
3.4581e-13
1.16294e-11
2.5432e-11
2.82834e-11
3.73279e-11
5.23793e-11
7.08052e-11
8.84195e-11
1.08958e-10
1.4505e-10
1.85326e-10
2.36212e-10
2.99583e-10
3.71131e-10
4.55165e-10
5.61984e-10
6.97037e-10
8.69538e-10
1.08991e-09
1.33066e-09
1.56757e-09
1.767e-09
1.90955e-09
1.98665e-09
1.9975e-09
1.95854e-09
1.88964e-09
1.76247e-09
1.61699e-09
1.54017e-09
1.45414e-09
1.34821e-09
1.23737e-09
1.12957e-09
1.03696e-09
9.46944e-10
8.35335e-10
7.17331e-10
5.98764e-10
4.88359e-10
3.89092e-10
3.03641e-10
2.29211e-10
1.67341e-10
1.17759e-10
8.01951e-11
5.33993e-11
3.54083e-11
2.39589e-11
1.65444e-11
1.12179e-11
6.91271e-12
3.33065e-12
1.02771e-12
1.15001e-12
3.85551e-12
2.3987e-12
3.84338e-14
7.61079e-13
9.69482e-13
1.8612e-13
4.41524e-13
3.15328e-17
8.32229e-13
4.10615e-12
8.67434e-12
1.34335e-11
1.79078e-11
2.20423e-11
2.61065e-11
3.01193e-11
3.40721e-11
3.79263e-11
4.16208e-11
4.50761e-11
4.84338e-11
5.14393e-11
5.42698e-11
5.67526e-11
5.87279e-11
6.0259e-11
6.1374e-11
6.20762e-11
6.26859e-11
6.30186e-11
6.31497e-11
6.335e-11
6.34443e-11
6.33565e-11
6.32627e-11
6.31691e-11
6.28658e-11
6.25475e-11
6.21575e-11
6.16888e-11
6.1203e-11
6.07335e-11
6.0353e-11
0
0
0
9.65132e-14
8.23882e-12
1.78802e-11
2.6786e-11
2.85911e-11
3.60836e-11
4.81598e-11
6.57096e-11
8.3086e-11
1.00818e-10
1.28847e-10
1.67637e-10
2.108e-10
2.5941e-10
3.18934e-10
3.94462e-10
4.90045e-10
6.1336e-10
7.63039e-10
9.30771e-10
1.08618e-09
1.21802e-09
1.31159e-09
1.35599e-09
1.34989e-09
1.30286e-09
1.23193e-09
1.14358e-09
1.05062e-09
9.55496e-10
8.6664e-10
7.86481e-10
7.06736e-10
6.31036e-10
5.85384e-10
5.34317e-10
4.78525e-10
4.26736e-10
3.81733e-10
3.32032e-10
2.76196e-10
2.21808e-10
1.71312e-10
1.27779e-10
9.24642e-11
6.5022e-11
4.4402e-11
3.03253e-11
2.09911e-11
1.47565e-11
1.00329e-11
6.0849e-12
2.77717e-12
8.13674e-13
1.4283e-12
4.05781e-12
1.69522e-12
1.43466e-14
1.029e-12
8.08777e-13
1.71165e-13
4.11884e-13
4.17351e-16
8.17445e-13
3.83417e-12
8.03283e-12
1.2402e-11
1.65355e-11
2.03632e-11
2.39563e-11
2.73836e-11
3.06999e-11
3.40298e-11
3.73381e-11
4.04197e-11
4.3359e-11
4.62196e-11
4.88603e-11
5.11449e-11
5.30792e-11
5.46909e-11
5.60128e-11
5.72327e-11
5.81977e-11
5.90118e-11
5.96512e-11
6.00681e-11
6.02273e-11
6.03076e-11
6.06219e-11
6.05783e-11
6.03894e-11
6.01158e-11
5.98156e-11
5.95275e-11
5.92908e-11
5.91159e-11
0
0
0
0
2.75862e-16
1.14822e-12
8.58951e-12
1.88423e-11
2.63538e-11
2.76068e-11
3.40161e-11
4.4457e-11
6.0125e-11
7.68216e-11
9.44747e-11
1.14943e-10
1.44172e-10
1.82168e-10
2.29483e-10
2.85798e-10
3.57683e-10
4.46567e-10
5.52653e-10
6.65116e-10
7.67772e-10
8.52233e-10
9.16104e-10
9.52522e-10
9.56487e-10
9.319e-10
8.87782e-10
8.32201e-10
7.69712e-10
7.07198e-10
6.45781e-10
5.88973e-10
5.35561e-10
4.85483e-10
4.38474e-10
3.95415e-10
3.50847e-10
3.13008e-10
2.76281e-10
2.37311e-10
2.02265e-10
1.69803e-10
1.37661e-10
1.0556e-10
7.74251e-11
5.44038e-11
3.73229e-11
2.58381e-11
1.82078e-11
1.28904e-11
8.8162e-12
5.30695e-12
2.3287e-12
6.87045e-13
1.62318e-12
3.94425e-12
1.25544e-12
1.54512e-14
1.10422e-12
7.38445e-13
1.6534e-13
4.18708e-13
4.3841e-19
5.41578e-13
2.97845e-12
6.64979e-12
1.06343e-11
1.44903e-11
1.80116e-11
2.12591e-11
2.44074e-11
2.74951e-11
3.05376e-11
3.34967e-11
3.63918e-11
3.9229e-11
4.19344e-11
4.44236e-11
4.67178e-11
4.87713e-11
5.05842e-11
5.22293e-11
5.36906e-11
5.48916e-11
5.58209e-11
5.64708e-11
5.67934e-11
5.67437e-11
5.76065e-11
5.77637e-11
5.7762e-11
5.77117e-11
5.76592e-11
5.76418e-11
5.76861e-11
5.77549e-11
0
0
0
0
0
0
1.00009e-14
9.07778e-13
8.34155e-12
1.84019e-11
2.43853e-11
2.65955e-11
3.20722e-11
4.05319e-11
5.35957e-11
6.94745e-11
8.76073e-11
1.08649e-10
1.31388e-10
1.60736e-10
2.01748e-10
2.5941e-10
3.28574e-10
4.01846e-10
4.78424e-10
5.51583e-10
6.12937e-10
6.59169e-10
6.86817e-10
6.97699e-10
6.89872e-10
6.71712e-10
6.45259e-10
6.14174e-10
5.7904e-10
5.40064e-10
5.00478e-10
4.59831e-10
4.19506e-10
3.80365e-10
3.43551e-10
3.08583e-10
2.74156e-10
2.41362e-10
2.07583e-10
1.76475e-10
1.44949e-10
1.16007e-10
9.03921e-11
6.85595e-11
4.9188e-11
3.402e-11
2.32373e-11
1.60604e-11
1.13689e-11
7.89165e-12
4.7727e-12
2.0936e-12
6.33606e-13
1.58652e-12
3.69897e-12
1.15588e-12
1.34748e-14
1.00789e-12
7.81484e-13
1.69268e-13
4.254e-13
1.03597e-14
1.93152e-13
1.81343e-12
4.80889e-12
8.3633e-12
1.19633e-11
1.53723e-11
1.85533e-11
2.16113e-11
2.45796e-11
2.74317e-11
3.02671e-11
3.31295e-11
3.59303e-11
3.85784e-11
4.10468e-11
4.33144e-11
4.54376e-11
4.74016e-11
4.91286e-11
5.05802e-11
5.17413e-11
5.2603e-11
5.31435e-11
5.36339e-11
5.44112e-11
5.47904e-11
5.50175e-11
5.52026e-11
5.54053e-11
5.5657e-11
5.59675e-11
5.62577e-11
0
0
0
0
0
0
0
0
5.82752e-15
6.27088e-17
7.23176e-12
1.36738e-11
2.16183e-11
2.62239e-11
2.97703e-11
3.72075e-11
4.70593e-11
6.10418e-11
7.85283e-11
9.91643e-11
1.23944e-10
1.5474e-10
1.8952e-10
2.31359e-10
2.81794e-10
3.40681e-10
3.99783e-10
4.45507e-10
4.77753e-10
5.00942e-10
5.14256e-10
5.19879e-10
5.18271e-10
5.09048e-10
4.94343e-10
4.76005e-10
4.52301e-10
4.26357e-10
3.98668e-10
3.68812e-10
3.36204e-10
3.03905e-10
2.71777e-10
2.4143e-10
2.12428e-10
1.84144e-10
1.56667e-10
1.29958e-10
1.04142e-10
8.03943e-11
5.9704e-11
4.29711e-11
3.03201e-11
2.09177e-11
1.45301e-11
1.02729e-11
7.0408e-12
4.32797e-12
1.98004e-12
5.93094e-13
1.3279e-12
3.40643e-12
1.32134e-12
1.32643e-14
7.61187e-13
9.06891e-13
2.19292e-13
3.09681e-13
1.26372e-13
1.59435e-14
7.87451e-13
2.97878e-12
6.04631e-12
9.4112e-12
1.27878e-11
1.60164e-11
1.90948e-11
2.20576e-11
2.49157e-11
2.77261e-11
3.04898e-11
3.31741e-11
3.56975e-11
3.80726e-11
4.03139e-11
4.23921e-11
4.42538e-11
4.58603e-11
4.71949e-11
4.82596e-11
4.90571e-11
4.98856e-11
5.07075e-11
5.12936e-11
5.17867e-11
5.22608e-11
5.27688e-11
5.33354e-11
5.3961e-11
5.45155e-11
0
0
0
0
0
0
0
0
0
0
1.90203e-19
5.70246e-17
5.02432e-12
8.76852e-12
1.51129e-11
2.65132e-11
2.92814e-11
3.45447e-11
4.35001e-11
5.43131e-11
6.91986e-11
8.99916e-11
1.14731e-10
1.4377e-10
1.7626e-10
2.1129e-10
2.43903e-10
2.76086e-10
3.07032e-10
3.26108e-10
3.45898e-10
3.70037e-10
3.89527e-10
3.98873e-10
3.97606e-10
3.92724e-10
3.84259e-10
3.72729e-10
3.57534e-10
3.37461e-10
3.14461e-10
2.884e-10
2.61731e-10
2.34332e-10
2.062e-10
1.78916e-10
1.53463e-10
1.29993e-10
1.08015e-10
8.72144e-11
6.78398e-11
5.05799e-11
3.62485e-11
2.513e-11
1.73178e-11
1.22653e-11
8.84458e-12
6.24357e-12
3.9363e-12
1.83484e-12
5.5195e-13
9.9017e-13
2.96426e-12
1.63548e-12
3.52724e-14
4.31794e-13
1.02414e-12
3.46333e-13
1.76895e-13
3.4629e-13
6.4351e-16
2.12785e-13
1.57432e-12
4.07264e-12
7.1732e-12
1.04731e-11
1.37642e-11
1.6886e-11
1.98654e-11
2.2721e-11
2.54266e-11
2.80501e-11
3.05966e-11
3.30344e-11
3.5305e-11
3.74286e-11
3.93626e-11
4.10725e-11
4.2543e-11
4.37785e-11
4.48235e-11
4.58762e-11
4.68425e-11
4.76732e-11
4.84481e-11
4.92262e-11
5.00507e-11
5.09394e-11
5.18813e-11
5.27003e-11
0
0
0
0
0
0
0
0
0
0
0
0
1.08799e-19
2.55963e-17
2.5411e-12
4.58444e-12
5.52581e-12
1.4701e-11
3.04317e-11
3.28466e-11
3.50733e-11
4.61994e-11
6.41976e-11
8.17063e-11
1.02091e-10
1.27469e-10
1.53175e-10
1.79169e-10
2.04187e-10
2.28007e-10
2.49493e-10
2.54856e-10
2.52912e-10
2.48642e-10
2.42452e-10
2.48146e-10
2.64919e-10
2.88088e-10
3.01304e-10
2.95939e-10
2.82692e-10
2.6634e-10
2.47484e-10
2.24657e-10
2.00268e-10
1.75329e-10
1.5138e-10
1.27679e-10
1.05602e-10
8.58082e-11
6.8381e-11
5.32076e-11
3.95699e-11
2.84501e-11
1.97855e-11
1.36085e-11
9.56918e-12
6.98417e-12
5.09362e-12
3.3316e-12
1.66396e-12
5.33749e-13
7.09871e-13
2.38251e-12
1.82126e-12
1.05752e-13
1.6984e-13
1.00324e-12
5.09667e-13
1.38676e-13
3.5576e-13
5.24381e-14
2.75248e-14
7.41519e-13
2.64683e-12
5.38067e-12
8.50495e-12
1.17227e-11
1.48286e-11
1.77548e-11
2.05476e-11
2.3171e-11
2.56602e-11
2.80303e-11
3.02889e-11
3.23963e-11
3.43084e-11
3.60442e-11
3.75955e-11
3.89753e-11
4.02316e-11
4.14619e-11
4.26154e-11
4.37003e-11
4.47689e-11
4.58631e-11
4.7015e-11
4.82355e-11
4.95044e-11
5.06021e-11
0
0
0
0
0
0
0
0
0
0
0
0
0
0
1.90042e-20
6.00031e-19
2.64823e-13
1.73467e-12
1.69467e-12
7.92447e-13
1.3506e-11
2.92266e-11
3.11487e-11
3.29463e-11
4.68485e-11
7.0187e-11
9.06005e-11
1.07366e-10
1.24782e-10
1.44733e-10
1.62657e-10
1.7969e-10
1.95447e-10
1.99772e-10
2.00144e-10
1.98404e-10
1.94853e-10
1.88147e-10
1.80879e-10
1.7334e-10
1.79149e-10
2.03132e-10
2.22776e-10
2.13956e-10
1.9605e-10
1.76199e-10
1.54654e-10
1.323e-10
1.1055e-10
9.05244e-11
7.19548e-11
5.55588e-11
4.18003e-11
3.04849e-11
2.16202e-11
1.48437e-11
1.01971e-11
7.19899e-12
5.2821e-12
3.88175e-12
2.60332e-12
1.34886e-12
4.52781e-13
5.40343e-13
1.9269e-12
1.76683e-12
1.79632e-13
6.02053e-14
8.41386e-13
6.01259e-13
1.63037e-13
2.44276e-13
1.86448e-13
2.11371e-16
3.10644e-13
1.67044e-12
3.984e-12
6.79965e-12
9.80498e-12
1.27826e-11
1.55934e-11
1.82506e-11
2.07569e-11
2.30577e-11
2.52199e-11
2.72709e-11
2.92037e-11
3.09921e-11
3.26094e-11
3.41139e-11
3.5544e-11
3.69433e-11
3.83013e-11
3.9633e-11
4.09816e-11
4.23762e-11
4.38396e-11
4.5377e-11
4.69587e-11
4.8325e-11
0
0
0
0
0
0
0
0
0
0
0
0
0
0
0
0
9.87085e-23
1.23419e-19
6.55466e-18
2.66812e-13
0
2.40307e-22
1.57899e-12
1.41531e-11
2.80547e-11
3.0327e-11
3.06872e-11
3.72274e-11
5.61209e-11
8.06694e-11
1.01755e-10
1.14712e-10
1.26161e-10
1.37157e-10
1.4913e-10
1.52176e-10
1.53375e-10
1.53741e-10
1.5292e-10
1.51103e-10
1.4855e-10
1.44349e-10
1.37607e-10
1.30626e-10
1.38394e-10
1.58796e-10
1.58573e-10
1.39958e-10
1.20813e-10
1.01534e-10
8.24561e-11
6.51211e-11
4.99101e-11
3.67787e-11
2.59401e-11
1.75929e-11
1.15112e-11
7.71883e-12
5.32322e-12
3.9064e-12
2.89456e-12
1.95602e-12
1.03807e-12
3.55422e-13
4.25086e-13
1.55297e-12
1.57262e-12
2.17116e-13
2.79265e-14
6.42237e-13
6.09518e-13
1.90482e-13
1.66654e-13
2.75837e-13
1.75757e-15
1.07428e-13
9.84496e-13
2.79872e-12
5.20927e-12
7.88233e-12
1.06129e-11
1.32345e-11
1.57094e-11
1.80555e-11
2.0229e-11
2.22349e-11
2.41306e-11
2.59239e-11
2.76298e-11
2.92696e-11
3.08307e-11
3.23687e-11
3.38924e-11
3.54359e-11
3.70237e-11
3.8676e-11
4.04154e-11
4.22396e-11
4.41089e-11
4.57293e-11
0
0
0
0
0
0
0
0
0
0
0
0
0
0
0
0
0
0
7.29858e-23
1.83748e-20
7.36161e-20
0
0
1.56514e-23
3.39502e-22
1.93714e-12
1.20672e-11
2.27478e-11
2.82295e-11
2.64624e-11
2.47317e-11
2.52319e-11
3.8386e-11
5.69358e-11
8.00039e-11
1.03778e-10
1.14601e-10
1.15858e-10
1.1675e-10
1.18025e-10
1.20409e-10
1.20901e-10
1.2091e-10
1.1912e-10
1.16191e-10
1.10634e-10
1.03479e-10
1.01088e-10
1.11274e-10
1.11496e-10
9.5629e-11
7.88049e-11
6.30187e-11
4.82311e-11
3.5571e-11
2.51408e-11
1.68406e-11
1.05711e-11
6.51331e-12
4.09694e-12
2.90931e-12
2.14894e-12
1.47442e-12
8.00683e-13
2.81372e-13
3.21958e-13
1.18286e-12
1.31471e-12
2.09578e-13
1.49625e-14
5.05581e-13
5.80802e-13
2.05161e-13
1.05024e-13
2.78725e-13
2.20277e-14
2.36254e-14
5.13931e-13
1.80522e-12
3.71543e-12
5.96597e-12
8.33821e-12
1.06979e-11
1.29643e-11
1.5128e-11
1.71828e-11
1.91225e-11
2.0939e-11
2.26984e-11
2.44254e-11
2.61452e-11
2.78669e-11
2.95659e-11
3.12968e-11
3.30947e-11
3.4973e-11
3.69426e-11
3.90028e-11
4.11123e-11
4.29504e-11
0
0
0
0
0
0
0
0
0
0
0
0
0
0
0
0
0
0
0
0
0
2.18486e-21
0
0
0
0
1.73295e-23
2.57975e-22
3.29876e-19
4.5472e-12
1.17781e-11
1.70389e-11
1.99972e-11
1.74049e-11
1.37659e-11
9.90974e-12
5.60186e-12
1.66153e-11
4.06883e-11
6.7041e-11
9.01027e-11
9.53114e-11
9.61399e-11
9.72702e-11
9.86745e-11
9.81742e-11
9.60742e-11
9.24507e-11
8.70604e-11
7.95167e-11
7.17242e-11
7.43862e-11
7.42069e-11
6.20478e-11
4.86296e-11
3.66648e-11
2.62627e-11
1.77146e-11
1.12591e-11
6.71865e-12
3.83313e-12
2.37903e-12
1.62278e-12
1.13088e-12
6.45176e-13
2.30038e-13
2.04778e-13
8.70574e-13
1.05035e-12
2.18053e-13
5.51397e-15
3.47917e-13
5.27324e-13
2.2627e-13
8.47084e-14
2.19751e-13
7.3337e-14
6.63204e-16
1.84965e-13
9.66724e-13
2.36794e-12
4.18496e-12
6.1816e-12
8.25227e-12
1.03242e-11
1.23346e-11
1.42645e-11
1.61328e-11
1.79547e-11
1.97445e-11
2.1541e-11
2.33657e-11
2.52292e-11
2.71635e-11
2.91233e-11
3.117e-11
3.33213e-11
3.55739e-11
3.78825e-11
3.99069e-11
0
0
0
0
0
0
0
0
0
0
0
0
0
0
0
0
0
0
0
0
0
0
0
0
0
0
0
0
0
1.88107e-24
2.1406e-23
2.14564e-22
1.74244e-19
1.37819e-12
3.87309e-12
6.2079e-12
6.94891e-12
5.92298e-12
2.62978e-12
1.32206e-34
2.94216e-34
5.85416e-12
3.23157e-11
6.09869e-11
7.95208e-11
8.04573e-11
8.00358e-11
8.03101e-11
7.84491e-11
7.54881e-11
7.09887e-11
6.55476e-11
5.83333e-11
5.08039e-11
4.61134e-11
4.40648e-11
3.77903e-11
2.81101e-11
1.97397e-11
1.2979e-11
7.78526e-12
4.3336e-12
2.37924e-12
1.42681e-12
9.52349e-13
5.68798e-13
2.26457e-13
1.04161e-13
4.76102e-13
8.40472e-13
2.56049e-13
4.37365e-15
1.84555e-13
4.49914e-13
2.49358e-13
7.78036e-14
1.30774e-13
1.64857e-13
3.85287e-15
3.01971e-14
3.9818e-13
1.27801e-12
2.59736e-12
4.22656e-12
6.03428e-12
7.93501e-12
9.86707e-12
1.17434e-11
1.36026e-11
1.54654e-11
1.73376e-11
1.92227e-11
2.11421e-11
2.31274e-11
2.52075e-11
2.73751e-11
2.96332e-11
3.20032e-11
3.44387e-11
3.65669e-11
0
0
0
0
0
0
0
0
0
0
0
0
0
0
0
0
0
0
0
0
0
0
0
0
0
0
0
0
0
0
0
0
0
0
5.62771e-24
1.90971e-23
1.05385e-22
7.00233e-20
4.57073e-13
9.59027e-13
1.73882e-13
8.96175e-38
1.02087e-37
1.39427e-34
8.98696e-30
1.79083e-11
4.398e-11
6.47912e-11
6.64742e-11
6.47087e-11
6.33207e-11
6.03967e-11
5.66739e-11
5.19477e-11
4.6559e-11
4.08492e-11
3.44267e-11
2.81377e-11
2.38165e-11
2.02676e-11
1.49778e-11
9.53578e-12
5.58836e-12
2.98082e-12
1.53005e-12
8.98406e-13
5.70083e-13
2.8277e-13
8.26769e-14
1.33106e-13
5.74141e-13
3.39784e-13
1.60771e-14
5.40184e-14
3.42729e-13
2.748e-13
1.01805e-13
6.71878e-14
1.69852e-13
3.99921e-14
3.5669e-16
1.00995e-13
5.49815e-13
1.4543e-12
2.71009e-12
4.20636e-12
5.87446e-12
7.67186e-12
9.53578e-12
1.14095e-11
1.33262e-11
1.52954e-11
1.72972e-11
1.93057e-11
2.14102e-11
2.3629e-11
2.59641e-11
2.83798e-11
3.08463e-11
3.30315e-11
0
0
0
0
0
0
0
0
0
0
0
0
0
0
0
0
0
0
0
0
0
0
0
0
0
0
0
0
0
0
0
0
0
0
0
0
0
0
0
2.69354e-24
1.93722e-23
7.5712e-21
2.82796e-38
4.67256e-38
6.35504e-38
7.62313e-38
7.50164e-35
1.07318e-30
9.23225e-12
3.02678e-11
4.90692e-11
5.31238e-11
5.04205e-11
4.72106e-11
4.42977e-11
4.03119e-11
3.60622e-11
3.14151e-11
2.65835e-11
2.19738e-11
1.72437e-11
1.2838e-11
9.56567e-12
6.8402e-12
4.03711e-12
2.11479e-12
1.0954e-12
6.19464e-13
3.54057e-13
1.55248e-13
3.49874e-14
2.51815e-13
3.83033e-13
7.48963e-14
4.14806e-15
1.66552e-13
2.68638e-13
1.38238e-13
4.9146e-14
1.00293e-13
1.12059e-13
2.23838e-15
1.8114e-14
2.46583e-13
8.35421e-13
1.75788e-12
2.95389e-12
4.38293e-12
5.97025e-12
7.66001e-12
9.44193e-12
1.13427e-11
1.33434e-11
1.54362e-11
1.75297e-11
1.97362e-11
2.20777e-11
2.45468e-11
2.69987e-11
2.91931e-11
0
0
0
0
0
0
0
0
0
0
0
0
0
0
0
0
0
0
0
0
0
0
0
0
0
0
0
0
0
0
0
0
0
0
0
0
0
0
0
0
0
0
0
0
0
1.77206e-38
3.36144e-38
4.72852e-38
5.75142e-38
2.55757e-35
1.29185e-34
1.43077e-12
1.48328e-11
2.79588e-11
3.80917e-11
3.76198e-11
3.41784e-11
3.0524e-11
2.7127e-11
2.34375e-11
1.96862e-11
1.61194e-11
1.26346e-11
9.57497e-12
6.78957e-12
4.35073e-12
2.72887e-12
1.53273e-12
7.97687e-13
4.61777e-13
2.60795e-13
8.99771e-14
2.0963e-14
2.129e-13
2.16124e-13
6.21673e-15
3.13766e-14
2.03694e-13
1.49408e-13
5.70703e-14
4.96732e-14
1.19381e-13
2.34747e-14
6.31908e-16
9.64827e-14
5.01433e-13
1.25185e-12
2.29364e-12
3.55857e-12
4.97258e-12
6.51727e-12
8.15346e-12
9.89356e-12
1.17028e-11
1.36014e-11
1.56504e-11
1.78916e-11
2.03004e-11
2.28182e-11
2.4999e-11
0
0
0
0
0
0
0
0
0
0
0
0
0
0
0
0
0
0
0
0
0
0
0
0
0
0
0
0
0
0
0
0
0
0
0
0
0
0
0
0
0
0
0
0
0
0
0
0
1.09953e-38
2.32365e-38
3.31854e-38
4.07129e-38
4.51122e-38
4.11028e-35
1.01387e-34
6.43536e-13
8.29865e-12
1.58774e-11
2.13864e-11
2.28291e-11
2.02103e-11
1.70409e-11
1.40379e-11
1.14028e-11
8.85507e-12
6.66281e-12
4.69271e-12
3.19129e-12
1.92754e-12
1.05063e-12
5.76585e-13
3.48327e-13
2.05255e-13
6.31168e-14
1.65921e-14
1.75836e-13
8.37915e-14
5.26933e-16
9.15727e-14
1.36551e-13
6.71997e-14
2.71628e-14
7.87731e-14
4.13517e-14
1.48585e-19
4.25475e-14
3.12223e-13
8.97744e-13
1.78793e-12
2.92273e-12
4.23613e-12
5.68479e-12
7.23219e-12
8.85468e-12
1.05668e-11
1.23783e-11
1.4295e-11
1.63301e-11
1.84764e-11
2.04831e-11
0
0
0
0
0
0
0
0
0
0
0
0
0
0
0
0
0
0
0
0
0
0
0
0
0
0
0
0
0
0
0
0
0
0
0
0
0
0
0
0
0
0
0
0
0
0
0
0
0
0
0
3.35589e-39
1.23871e-38
1.93179e-38
2.43841e-38
2.7692e-38
2.9112e-38
5.14401e-36
4.14523e-35
6.72851e-35
1.00574e-12
5.31803e-12
8.88571e-12
1.09826e-11
1.00677e-11
7.91997e-12
6.07227e-12
4.53796e-12
3.22704e-12
2.15987e-12
1.38335e-12
8.21021e-13
4.20749e-13
2.5233e-13
1.59953e-13
4.28366e-14
1.53797e-14
1.61131e-13
2.45569e-14
1.01526e-14
9.80895e-14
6.45802e-14
1.70474e-14
4.28159e-14
3.87758e-14
1.72028e-17
2.92594e-14
2.38943e-13
7.21335e-13
1.46348e-12
2.42382e-12
3.56277e-12
4.85674e-12
6.28028e-12
7.82029e-12
9.47245e-12
1.12341e-11
1.31018e-11
1.5091e-11
1.6976e-11
0
0
0
0
0
0
0
0
0
0
0
0
0
0
0
0
0
0
0
0
0
0
0
0
0
0
0
0
0
0
0
0
0
0
0
0
0
0
0
0
0
0
0
0
0
0
0
0
0
0
0
0
0
0
0
1.35874e-39
6.64944e-39
1.05011e-38
1.30877e-38
1.45461e-38
1.50692e-38
1.47564e-38
2.37409e-36
2.09432e-35
5.76538e-31
1.35741e-12
3.75423e-12
4.95399e-12
4.21601e-12
3.11374e-12
2.21413e-12
1.49359e-12
9.50206e-13
5.88437e-13
3.54646e-13
1.86011e-13
1.1281e-13
2.5177e-14
2.00847e-14
9.77642e-14
8.43705e-15
2.64851e-14
7.0837e-14
2.3505e-14
2.05961e-14
2.15756e-14
9.10034e-18
2.929e-14
2.2029e-13
6.3802e-13
1.26908e-12
2.09729e-12
3.08924e-12
4.21575e-12
5.45855e-12
6.82826e-12
8.3439e-12
1.00222e-11
1.18724e-11
1.36738e-11
0
0
0
0
0
0
0
0
0
0
0
0
0
0
0
0
0
0
0
0
0
0
0
0
0
0
0
0
0
0
0
0
0
0
0
0
0
0
0
0
0
0
0
0
0
0
0
0
0
0
0
0
0
0
0
0
0
0
0
0
6.12877e-40
3.2447e-39
5.05627e-39
6.11336e-39
6.50757e-39
6.42889e-39
6.14096e-39
8.37003e-36
4.8293e-31
1.16521e-12
2.23839e-12
2.18902e-12
1.56462e-12
1.04174e-12
6.68104e-13
4.08538e-13
2.45498e-13
1.54678e-13
7.77717e-14
1.32939e-14
3.22246e-14
5.1634e-14
1.19127e-15
4.24578e-14
2.65774e-14
4.56886e-15
1.53701e-14
5.30152e-17
4.79936e-14
2.76127e-13
6.46827e-13
1.1805e-12
1.89904e-12
2.76594e-12
3.76644e-12
4.9028e-12
6.17258e-12
7.59574e-12
9.17532e-12
1.07699e-11
0
0
0
0
0
0
0
0
0
0
0
0
0
0
0
0
0
0
0
0
0
0
0
0
0
0
0
0
0
0
0
0
0
0
0
0
0
0
0
0
0
0
0
0
0
0
0
0
0
0
0
0
0
0
0
0
0
0
0
0
0
0
0
0
0
4.74725e-40
1.81214e-39
2.62222e-39
2.8989e-39
2.88058e-39
1.40514e-36
6.81079e-36
4.37278e-13
1.13114e-12
1.09503e-12
7.56735e-13
4.61542e-13
2.79811e-13
1.60879e-13
8.65736e-14
5.85085e-14
2.56666e-14
5.39938e-14
5.44185e-15
1.553e-14
3.70366e-14
2.48165e-15
5.52434e-15
3.91119e-15
8.76717e-14
3.17116e-13
7.22164e-13
1.27953e-12
1.92531e-12
2.67689e-12
3.58552e-12
4.66082e-12
5.95278e-12
7.4437e-12
8.97813e-12
0
0
0
0
0
0
0
0
0
0
0
0
0
0
0
0
0
0
0
0
0
0
0
0
0
0
0
0
0
0
0
0
0
0
0
0
0
0
0
0
0
0
0
0
0
0
0
0
0
0
0
0
0
0
0
0
0
0
0
0
0
0
0
0
0
0
0
0
0
3.52344e-40
1.08779e-39
1.42165e-39
1.43298e-39
5.42696e-38
3.37678e-36
2.02819e-13
5.77304e-13
5.06762e-13
3.28893e-13
1.78483e-13
9.93299e-14
4.56256e-14
1.86178e-14
5.1474e-14
3.14802e-14
6.05903e-15
2.56232e-14
1.7572e-15
2.63813e-16
3.01894e-14
2.29451e-13
5.48414e-13
9.6356e-13
1.4916e-12
2.19553e-12
3.05893e-12
4.06039e-12
5.27024e-12
6.80208e-12
8.40491e-12
0
0
0
0
0
0
0
0
0
0
0
0
0
0
0
0
0
0
0
0
0
0
0
0
0
0
0
0
0
0
0
0
0
0
0
0
0
0
0
0
0
0
0
0
0
0
0
0
0
0
0
0
0
0
0
0
0
0
0
0
0
0
0
0
0
0
0
0
0
0
0
0
2.41925e-41
5.05034e-40
7.47046e-40
7.25512e-40
7.53826e-40
1.58979e-36
7.56578e-14
2.63202e-13
1.98478e-13
1.24368e-13
6.80961e-14
2.8731e-14
3.09044e-15
1.5816e-14
1.1369e-14
1.39811e-14
3.65438e-15
3.79592e-14
2.43328e-13
5.26114e-13
8.91073e-13
1.43719e-12
2.23162e-12
3.3269e-12
4.42521e-12
5.44929e-12
6.36995e-12
7.20723e-12
0
0
0
0
0
0
0
0
0
0
0
0
0
0
0
0
0
0
0
0
0
0
0
0
0
0
0
0
0
0
0
0
0
0
0
0
0
0
0
0
0
0
0
0
0
0
0
0
0
0
0
0
0
0
0
0
0
0
0
0
0
0
0
0
0
0
0
0
0
0
0
0
0
0
0
0
2.33919e-40
3.71929e-40
3.19209e-40
3.10996e-40
5.60648e-37
1.40622e-14
9.53431e-14
8.33859e-14
1.92387e-14
3.01505e-15
1.71455e-15
4.60028e-15
9.90575e-15
1.0938e-13
3.7746e-13
8.4778e-13
1.284e-12
1.18247e-12
1.02186e-12
1.31041e-12
1.95283e-12
2.63216e-12
3.12014e-12
3.53459e-12
0
0
0
0
0
0
0
0
0
0
0
0
0
0
0
0
0
0
0
0
0
0
0
0
0
0
0
0
0
0
0
0
0
0
0
0
0
0
0
0
0
0
0
0
0
0
0
0
0
0
0
0
0
0
0
0
0
0
0
0
0
0
0
0
0
0
0
0
0
0
0
0
0
0
0
0
0
0
0
7.57487e-41
1.43941e-40
9.76401e-41
7.96795e-41
9.81166e-38
6.46963e-33
6.50511e-15
1.08149e-14
2.65557e-15
1.07239e-13
3.33288e-13
6.37819e-13
2.84077e-13
4.24963e-13
5.08975e-13
4.59466e-13
4.7882e-13
4.8002e-13
5.39804e-13
6.0548e-13
6.74456e-13
0
0
0
0
0
0
0
0
0
0
0
0
0
0
0
0
0
0
0
0
0
0
0
0
0
0
0
0
0
0
0
0
0
0
0
0
0
0
0
0
0
0
0
0
0
0
0
0
0
0
0
0
0
0
0
0
0
0
0
0
0
0
0
0
0
0
0
0
0
0
0
0
0
0
0
0
0
0
0
0
0
0
8.6289e-42
2.68963e-41
1.07236e-41
1.49723e-42
1.54699e-39
2.89026e-39
2.02137e-14
1.95566e-13
3.56569e-13
7.69678e-14
9.64164e-14
1.08698e-13
1.39409e-13
1.74547e-13
2.14651e-13
3.56294e-13
4.56929e-13
4.6854e-13
0
0
0
0
0
0
0
0
0
0
0
0
0
0
0
0
0
0
0
0
0
0
0
0
0
0
0
0
0
0
0
0
0
0
0
0
0
0
0
0
0
0
0
0
0
0
0
0
0
0
0
0
0
0
0
0
0
0
0
0
0
0
0
0
0
0
0
0
0
0
0
0
0
0
0
0
0
0
0
0
0
0
0
0
0
0
1.67447e-44
8.80277e-42
1.18966e-40
2.969e-41
2.16821e-38
2.19919e-33
2.60401e-14
6.91753e-14
4.94244e-14
6.84725e-14
9.12163e-14
9.13683e-14
1.22298e-13
1.45509e-13
0
0
0
0
0
0
0
0
0
0
0
0
0
0
0
0
0
0
0
0
0
0
0
0
0
0
0
0
0
0
0
0
0
0
0
0
0
0
0
0
0
0
0
0
0
0
0
0
0
0
0
0
0
0
0
0
0
0
0
0
0
0
0
0
0
0
0
0
0
0
0
0
0
0
0
0
0
0
0
0
0
0
0
0
0
0
0
0
0
5.62827e-42
4.03167e-41
4.77194e-41
1.39145e-41
1.25305e-41
1.80528e-38
8.35904e-38
7.67776e-15
3.88034e-14
6.68968e-14
5.45788e-14
0
0
0
0
0
0
0
0
0
0
0
0
0
0
0
0
0
0
0
0
0
0
0
0
0
0
0
0
0
0
0
0
0
0
0
0
0
0
0
0
0
0
0
0
0
0
0
0
0
0
0
0
0
0
0
0
0
0
0
0
0
0
0
0
0
0
0
0
0
0
0
0
0
0
0
0
0
0
0
0
0
0
0
0
0
0
0
0
0
0
0
0
0
2.49687e-42
2.59662e-41
5.71147e-41
3.81882e-41
1.35184e-41
8.86071e-42
1.53728e-41
0
0
0
0
0
0
0
0
0
0
0
0
0
0
0
0
0
0
0
0
0
0
0
0
0
0
0
0
0
0
0
0
0
0
0
0
0
0
0
0
0
0
0
0
0
0
0
0
0
0
0
0
0
0
0
0
0
0
0
0
0
0
0
0
0
0
0
0
0
0
0
0
0
0
0
0
0
0
0
0
0
0
0
0
0
0
0
0
0
0
0
0
0
0
0
0
0
0
0
0
0
0
0
0
0
0
0
0
0
0
0
0
0
0
0
0
0
0
0
0
0
0
0
0
0
0
0
0
0
0
0
0
0
0
0
0
0
0
0
0
0
0
0
0
0
0
0
0
0
0
0
0
0
0
0
0
0
0
0
0
0
0
0
0
0
0
0
0
0
0
0
0
0
0
0
0
0
0
0
0
0
0
0
0
0
0
0
0
0
0
0
0
0
0
0
0
0
0
0
0
0
0
0
0
0
0
0
0
0
0
0
0
0
0
0
0
0
0
0
0
0
0
0
0
0
0
0
0
0
0
0
0
0
0
0
0
0
0
0
0
0
0
0
0
0
0
0
0
0
0
0
0
0
0
0
0
0
0
0
0
0
0
0
0
0
0
0
0
0
0
0
0
0
0
0
0
0
0
0
0
0
0
0
0
0
0
0
0
0
0
0
0
0
0
0
0
0
0
0
0
0
0
0
0
0
0
0
0
0
0
0
0
0
0
0
0
0
0
0
0
0
0
0
0
0
0
0
0
0
0
0
0
0
0
0
0
0
0
0
0
0
0
0
0
0
0
0
0
0
0
0
0
0
0
0
0
0
0
0
0
0
0
0
0
0
0
0
0
0
0
0
0
0
0
0
0
0
0
0
0
0
0
0
0
0
0
0
0
0
0
0
0
0
0
0
0
0
0
0
0
0
0
0
0
0
0
0
0
0
0
0
0
0
0
0
0
0
0
0
0
0
0
0
0
0
0
0
0
0
0
0
0
0
0
0
0
0
0
0
0
0
0
0
0
0
0
0
0
0
0
0
0
0
0
0
0
0
0
0
0
0
0
0
0
0
0
0
0
0
0
0
0
0
0
0
0
0
0
0
0
0
0
0
0
0
0
0
0
0
0
0
0
0
0
0
0
0
0
0
0
0
0
0
0
0
0
0
0
0
0
0
0
0
0
0
0
0
0
0
0
0
0
0
0
0
0
0
0
0
0
0
0
0
0
0
0
0
0
0
0
0
0
0
0
0
0
0
0
0
0
0
0
0
0
0
0
0
0
0
0
0
0
0
0
0
0
0
0
0
0
0
0
0
0
0
0
0
0
0
0
0
0
0
0
0
0
0
0
0
0
0
0
0
0
0
0
0
0
0
0
0
0
0
0
0
0
0
0
0
0
0
0
0
0
0
0
0
0
0
0
0
0
0
0
0
0
0
0
0
0
0
0
0
0
0
0
0
0
0
0
0
0
0
0
0
0
0
0
0
0
0
0
0
0
0
0
0
0
0
0
0
0
0
0
0
0
0
0
0
0
0
0
0
0
0
0
0
0
0
0
0
0
0
0
0
0
0
0
0
0
0
0
0
0
0
0
0
0
0
0
0
0
0
0
0
0
0
0
0
0
0
0
0
0
0
0
0
0
0
0
0
0
0
0
0
0
0
0
0
0
0
0
0
0
0
0
0
0
0
0
0
0
0
0
0
0
0
0
0
0
0
0
0
0
0
0
0
0
0
0
0
0
0
0
0
0
0
0
0
0
0
0
0
0
0
0
0
0
0
0
0
0
0
0
0
0
0
0
0
0
0
0
0
0
0
0
0
0
0
0
0
0
0
0
0
0
0
0
0
0
0
0
0
0
0
0
0
0
0
0
0
0
0
0
0
0
0
0
0
0
0
0
0
0
0
0
0
0
0
0
0
0
0
0
0
0
0
0
0
0
0
0
0
0
0
0
0
0
0
0
0
0
0
0
0
0
0
0
0
0
0
0
0
0
0
0
0
0
0
0
0
0
0
0
0
0
0
0
0
0
0
0
0
0
0
0
0
0
0
0
0
0
0
0
0
0
0
0
0
0
0
0
0
0
0
0
0
0
0
0
0
0
0
0
0
0
0
0
0
0
0
0
0
0
0
0
0
0
0
0
0
0
0
0
0
0
0
0
0
0
0
0
0
0
0
0
0
0
0
0
0
0
0
0
0
0
0
0
0
0
0
0
0
0
0
0
0
0
0
0
0
0
0
0
0
0
0
0
0
0
0
0
0
0
0
0
0
0
0
0
0
0
0
0
0
0
0
0
0
0
0
0
0
0
0
0
0
0
0
0
0
0
0
0
0
0
0
0
0
0
0
0
0
0
0
0
0
0
0
0
0
0
0
0
0
0
0
0
0
0
0
0
0
0
0
0
0
0
0
0
0
0
0
0
0
0
0
0
0
0
0
0
0
0
0
0
0
0
0
0
0
0
0
0
0
0
0
0
0
0
0
0
0
0
0
0
0
0
0
0
0
0
0
0
0
0
0
0
0
0
0
0
0
0
0
0
0
0
0
0
0
0
0
0
0
0
0
0
0
0
0
0
0
0
0
0
0
0
0
0
0
0
0
0
0
0
0
0
0
0
0
0
0
0
0
0
0
0
0
0
0
0
0
0
0
0
0
0
0
0
0
0
0
0
0
0
0
0
0
0
0
0
0
0
0
0
0
0
0
0
0
0
0
0
0
0
0
0
0
0
0
0
0
0
0
0
0
0
0
0
0
0
0
0
0
0
0
0
0
0
0
0
0
0
0
0
0
0
0
0
0
0
0
0
0
0
0
0
0
0
0
0
0
0
0
0
0
0
0
0
0
0
0
0
0
0
0
0
0
0
0
0
0
0
0
0
0
0
0
0
0
0
0
0
0
0
0
0
0
0
0
0
0
0
0
0
0
0
0
0
0
0
0
0
0
0
0
0
0
0
0
0
0
0
0
0
0
0
0
0
0
0
0
0
0
0
0
0
0
0
0
0
0
0
0
0
0
0
0
0
0
0
0
0
0
0
0
0
0
0
0
0
0
0
0
0
0
0
0
0
0
0
0
0
0
0
0
0
0
0
0
0
0
0
0
0
0
0
0
0
0
0
0
0
0
0
0
0
0
0
0
0
0
0
0
0
0
0
0
0
0
0
0
0
0
0
0
0
0
0
)
;

boundaryField
{
    AXIS
    {
        type            empty;
    }
    OUTLET
    {
        type            calculated;
        value           nonuniform List<scalar> 
80
(
8.17004e-11
8.16675e-11
8.15947e-11
8.14795e-11
8.1334e-11
8.1161e-11
8.09627e-11
8.07472e-11
8.0507e-11
8.02299e-11
7.98566e-11
7.94101e-11
7.89904e-11
7.86071e-11
7.81974e-11
7.77029e-11
7.70887e-11
7.63761e-11
7.55003e-11
7.46305e-11
7.37457e-11
7.32967e-11
7.29313e-11
7.24841e-11
7.19782e-11
7.15226e-11
7.1022e-11
7.0486e-11
6.99717e-11
6.9327e-11
6.87675e-11
6.75307e-11
6.66134e-11
6.55652e-11
6.44795e-11
6.35714e-11
6.25504e-11
6.13867e-11
6.0353e-11
5.91159e-11
5.77549e-11
5.62577e-11
5.45155e-11
5.27003e-11
5.06021e-11
4.8325e-11
4.57293e-11
4.29504e-11
3.99069e-11
3.65669e-11
3.30315e-11
2.91931e-11
2.4999e-11
2.04831e-11
1.6976e-11
1.36738e-11
1.07699e-11
8.97813e-12
8.40491e-12
7.20723e-12
3.53459e-12
6.74456e-13
4.6854e-13
1.45509e-13
5.45788e-14
1.53728e-41
0
0
0
0
0
0
0
0
0
0
0
0
0
0
)
;
    }
    COFLOW
    {
        type            calculated;
        value           uniform 0;
    }
    PILOT
    {
        type            calculated;
        value           uniform 1.66978e-11;
    }
    FUEL
    {
        type            calculated;
        value           uniform 3.47854e-19;
    }
    WALL
    {
        type            calculated;
        value           uniform 0;
    }
    front
    {
        type            wedge;
    }
    back
    {
        type            wedge;
    }
}


// ************************************************************************* //
