/*--------------------------------*- C++ -*----------------------------------*\
  =========                 |
  \\      /  F ield         | OpenFOAM: The Open Source CFD Toolbox
   \\    /   O peration     | Website:  https://openfoam.org
    \\  /    A nd           | Version:  6
     \\/     M anipulation  |
\*---------------------------------------------------------------------------*/
FoamFile
{
    version     2.0;
    format      ascii;
    class       volScalarField;
    location    "0.1";
    object      CH4;
}
// * * * * * * * * * * * * * * * * * * * * * * * * * * * * * * * * * * * * * //

dimensions      [0 0 0 0 0 0 0];

internalField   nonuniform List<scalar> 
8000
(
2.19278e-06
1.55521e-05
5.91733e-05
0.000185161
0.000280353
0.000207265
0.000105817
4.74011e-05
2.07538e-05
9.00251e-06
4.2575e-06
3.462e-06
5.80052e-06
1.88273e-05
1.82632e-05
1.91536e-05
3.19732e-05
0.000718815
4.94485e-05
3.93396e-05
3.93215e-05
3.86606e-05
5.61834e-05
0.000146688
0.00026116
0.000355253
0.000390903
0.000375617
0.000364649
0.00100229
0.000740288
0.000196504
0.000121428
7.60763e-05
5.53612e-05
4.62018e-05
4.33688e-05
4.71042e-05
6.73706e-05
9.55843e-05
6.9925e-05
5.57771e-05
5.75508e-05
7.41431e-05
0.000106369
0.000157935
0.000222466
0.000303597
0.000400942
0.00132314
0.000796149
0.000619964
0.000583665
0.000585215
0.000587613
0.000590627
0.000592332
0.000591644
0.000589045
0.000584403
0.000497326
0.000479731
0.000342742
0.000349713
0.000231772
9.29613e-05
0.000169703
0.00012317
0.000120992
0.000119087
0.000190259
0.000112209
0.000112944
0.000174513
0.000175072
0.000114656
0.000114527
0.000116335
0.000119177
0.000120472
0.000118369
0.000118005
0.000114335
0.000173082
0.000159841
0.00014077
0.000120285
0.0001061
0.000150265
7.09917e-05
5.40012e-05
4.22982e-05
3.52343e-05
2.9757e-05
1.98758e-05
1.55314e-05
1.30672e-05
1.13537e-05
1.04261e-05
7.12616e-06
2.14124e-06
1.65369e-05
6.27524e-05
0.000196917
0.000329534
0.000207137
9.97844e-05
4.50711e-05
1.94854e-05
8.27153e-06
3.97274e-06
3.7809e-06
8.12968e-06
3.44549e-05
3.15224e-05
2.34624e-05
2.9583e-05
3.90792e-05
4.14849e-05
4.28962e-05
4.12907e-05
4.08262e-05
6.15543e-05
0.00015596
0.000270197
0.000375669
0.00039531
0.000377023
0.000348308
0.00036358
0.000236894
0.000173443
0.000115677
7.93024e-05
6.39391e-05
5.63098e-05
5.29098e-05
5.59181e-05
7.86496e-05
0.000442836
8.9228e-05
6.37914e-05
6.38933e-05
8.06674e-05
0.000113291
0.00016563
0.000228671
0.000306266
0.00039702
0.000456695
0.000566847
0.000578243
0.000584733
0.000586172
0.0005881
0.000590456
0.000591603
0.000590668
0.000587859
0.000583389
0.000496051
0.000477077
0.000337507
0.000361645
0.000158876
9.23846e-05
0.000169078
0.000122877
0.000120745
0.000118747
0.000117357
0.000111759
0.000112805
0.000174032
0.000174672
0.000114543
0.000114305
0.000116164
0.000118999
0.000120446
0.000118205
0.000117935
0.000114118
0.000172829
0.000159874
0.00014052
0.000120039
0.000105921
9.49471e-05
7.07835e-05
5.39236e-05
4.22216e-05
3.51785e-05
2.97483e-05
1.98356e-05
1.55078e-05
1.30498e-05
1.13395e-05
1.04343e-05
7.11582e-06
2.43621e-06
2.12566e-05
5.6118e-05
0.000235038
0.00021398
0.00014325
7.31911e-05
4.33164e-05
3.75754e-05
8.69735e-06
1.6153e-05
4.07505e-06
1.07433e-05
5.29464e-05
6.21871e-05
3.52961e-05
2.69099e-05
3.2438e-05
5.06176e-05
0.000371516
5.15043e-05
4.71214e-05
7.43039e-05
0.000175393
0.000287158
0.000418406
0.000417103
0.000380179
0.000334767
0.000273344
0.000214186
0.000159542
0.000114347
8.85212e-05
8.50231e-05
8.48165e-05
7.70749e-05
7.76334e-05
8.34779e-05
9.27706e-05
7.81723e-05
7.17006e-05
7.58303e-05
9.39622e-05
0.000127808
0.000182025
0.000242682
0.000325448
0.000397242
0.000455196
0.000475183
0.000582686
0.000588198
0.000588224
0.000588663
0.000589749
0.000590094
0.000588621
0.000585418
0.000546594
0.00049319
0.000470755
0.000325951
0.000322519
0.000159853
9.11544e-05
0.000123695
0.00012223
0.000120207
0.000118023
0.000116099
0.000110917
0.000268863
0.000172968
0.000173812
0.000231506
0.00011382
0.000115793
0.000118593
0.000180287
0.000117843
0.000117784
0.000113628
0.000172312
0.000241265
0.000139962
0.000119511
0.000105541
9.2482e-05
7.03922e-05
5.37552e-05
4.20541e-05
8.41406e-05
8.04987e-05
1.97466e-05
1.54564e-05
1.30117e-05
1.13083e-05
7.74919e-05
7.0929e-06
3.31125e-06
2.82447e-05
0.000123798
0.000171923
0.000138351
9.13315e-05
4.77226e-05
2.33877e-05
1.04699e-05
4.38683e-06
2.54117e-06
2.86703e-06
7.11755e-06
0.000106992
0.000776351
4.27195e-05
2.38174e-05
2.7102e-05
4.27417e-05
5.01739e-05
4.47921e-05
4.82717e-05
9.11063e-05
0.000194056
0.000304781
0.000818169
0.000440626
0.000383502
0.000324183
0.000261329
0.000207224
0.000157997
0.000120967
0.000102033
0.000113616
0.00042772
0.000116883
0.000293253
0.000107948
0.00010318
9.30573e-05
9.16062e-05
9.54082e-05
0.000113183
0.000148988
0.000203352
0.000273067
0.000350737
0.00040304
0.00043138
0.00047818
0.000587274
0.000793298
0.00058945
0.000588102
0.000588081
0.000587863
0.000585919
0.000582032
0.000495739
0.000488495
0.000381201
0.000308302
0.000277103
0.000160876
8.95476e-05
0.000122269
0.000121243
0.000119448
0.00011686
0.000223707
0.00017444
0.00017467
0.000171319
0.000172541
0.000112573
0.000113085
0.000115242
0.00011799
0.000119076
0.000117279
0.000117565
0.000112843
0.00017162
0.000157303
0.000139085
0.000118716
0.000104983
9.06254e-05
6.9854e-05
5.35024e-05
4.18039e-05
3.44066e-05
2.85346e-05
1.96065e-05
1.53793e-05
1.29541e-05
1.12609e-05
1.00078e-05
7.0562e-06
2.95639e-06
3.72994e-05
0.000781885
0.000223528
0.000106572
6.02029e-05
2.88077e-05
1.26392e-05
5.485e-06
2.50365e-06
8.78129e-06
8.07907e-06
8.99154e-06
3.59435e-05
4.8302e-05
2.88448e-05
1.93306e-05
2.42658e-05
3.69238e-05
4.12152e-05
4.08468e-05
5.50012e-05
0.000123687
0.000231437
0.000328716
0.000425388
0.000418311
0.00038691
0.000316904
0.00026588
0.000212994
0.000168517
0.000135937
0.000116869
0.000114642
0.000114321
0.000108537
0.000112877
0.00012446
0.000447549
0.000122276
0.00012276
0.000123276
0.000137766
0.000175834
0.000233157
0.000290942
0.000357494
0.000410835
0.000464278
0.000479661
0.000584437
0.000626214
0.000586675
0.000585647
0.000585452
0.000585416
0.000582848
0.000542549
0.000491613
0.000480939
0.000362901
0.000284399
0.000201712
0.000127286
0.000168625
0.000120668
0.000119838
0.000178007
0.000115443
0.000113416
0.00017193
0.000171013
0.000169237
0.000170913
0.000110768
0.000112145
0.000114517
0.000117093
0.000117849
0.00011656
0.000213949
0.00011174
0.000274888
0.000155105
0.000137958
0.000117662
0.000104264
8.8697e-05
6.91835e-05
5.31684e-05
4.14774e-05
3.38295e-05
2.76147e-05
1.9429e-05
1.52771e-05
1.28773e-05
1.11978e-05
9.6647e-06
7.01061e-06
2.29668e-06
7.36965e-05
0.000294928
0.000127989
6.328e-05
3.60977e-05
1.62229e-05
2.63454e-05
3.25514e-06
1.92107e-06
1.71381e-06
2.1577e-06
3.42139e-06
2.29668e-05
2.71334e-05
3.22334e-05
4.41526e-05
4.08256e-05
6.06083e-05
3.88992e-05
4.23695e-05
7.35346e-05
0.000514471
0.000588369
0.000339126
0.000407316
0.000402027
0.000388916
0.000337341
0.000278393
0.000229871
0.000190014
0.000156892
0.000139275
0.0001292
0.000122186
0.000119217
0.000124835
0.000137944
0.000148175
0.000144411
0.000163893
0.000405779
0.00016706
0.000202081
0.000274761
0.000351475
0.000381814
0.000415454
0.000820826
0.000478777
0.000580327
0.000804685
0.000583685
0.000582281
0.000582197
0.000582489
0.000577795
0.000491043
0.00048458
0.000468576
0.000338033
0.000255019
0.000194212
0.000125915
0.000165251
0.000118925
0.000117819
0.000116666
0.000113815
0.00011162
0.000168955
0.000167492
0.000166629
0.000168975
0.000108967
0.000110866
0.000113622
0.000116039
0.000116677
0.000115707
0.000220573
0.000175489
0.000167169
0.000153203
0.000136601
0.000116359
0.000103369
8.6883e-05
6.83962e-05
5.2756e-05
4.10805e-05
3.32815e-05
8.00529e-05
1.92196e-05
1.51584e-05
1.27808e-05
1.11207e-05
9.38574e-06
6.9575e-06
1.65642e-06
2.72005e-05
9.12116e-05
5.38559e-05
3.30492e-05
2.01413e-05
3.17459e-05
2.77375e-05
1.16263e-05
2.04531e-06
2.03772e-06
2.94649e-06
1.16612e-05
1.44873e-05
1.72761e-05
1.69209e-05
2.26442e-05
2.93048e-05
3.54697e-05
3.93437e-05
0.000116854
0.000104252
0.000194878
0.000280202
0.000346355
0.00081476
0.000812716
0.000393836
0.000786818
0.000302304
0.000257147
0.00021622
0.000191125
0.00016935
0.000156604
0.000146933
0.00014422
0.000145658
0.000157507
0.000181401
0.000432522
0.000171908
0.000169887
0.000184776
0.000225883
0.000291844
0.000819449
0.000392927
0.000414333
0.000431746
0.000472986
0.000508454
0.000807995
0.000579554
0.000578014
0.000577216
0.000577324
0.000814994
0.000484686
0.000473588
0.00044721
0.000306662
0.000331224
0.000221376
0.000125495
0.000118884
0.000116785
0.000115565
0.000114527
0.000112038
0.000109584
0.000165412
0.000163628
0.00016357
0.000166784
0.000169579
0.000109364
0.00011258
0.000114879
0.000211974
0.000114714
0.000114442
0.000172766
0.000163732
0.00015146
0.000135028
0.00011482
0.000148567
8.49564e-05
6.73455e-05
5.22683e-05
4.06205e-05
3.27275e-05
2.60132e-05
1.89775e-05
1.50169e-05
1.2666e-05
1.10307e-05
9.15209e-06
6.89735e-06
4.56891e-06
3.24968e-05
4.90257e-05
2.85601e-05
1.65136e-05
9.92242e-06
2.67964e-05
4.5634e-06
2.43219e-06
2.29767e-06
7.88569e-06
1.26976e-05
1.09475e-05
2.35685e-05
1.53347e-05
1.85285e-05
2.61509e-05
3.30537e-05
3.70051e-05
4.01458e-05
5.44061e-05
0.00044646
0.000236071
0.000644697
0.000383451
0.000414651
0.000404463
0.000398548
0.000369424
0.000317206
0.000721412
0.00025515
0.00023082
0.000210138
0.000197235
0.00044079
0.000179928
0.000179817
0.000187482
0.000193898
0.000184915
0.000178727
0.000184889
0.000206059
0.000244854
0.000296487
0.000355513
0.000385774
0.000409937
0.000424289
0.00046681
0.000477386
0.000812114
0.000538686
0.000537962
0.000537886
0.000538124
0.000487384
0.000474691
0.000379079
0.000338067
0.000488766
0.000260495
0.000154606
8.51158e-05
0.000116129
0.000114351
0.000113004
0.000112265
0.000250133
0.000272571
0.000161293
0.000159607
0.000160057
0.000265166
0.000166528
0.000170261
0.000111364
0.000113651
0.000219328
0.000113611
0.000112878
0.00016979
0.000160485
0.000217482
0.000133267
0.000113058
9.98419e-05
8.2932e-05
6.61958e-05
5.16297e-05
4.01021e-05
3.21633e-05
2.52014e-05
1.87097e-05
1.48536e-05
1.25324e-05
1.09265e-05
8.95044e-06
6.83039e-06
8.34337e-07
1.05813e-05
3.52745e-05
3.03755e-05
7.93842e-06
4.41029e-06
3.65104e-06
2.53881e-06
2.43356e-06
3.28068e-06
1.13151e-05
2.1398e-05
4.36356e-05
2.424e-05
3.94052e-05
4.09111e-05
6.39912e-05
3.91148e-05
9.29322e-05
4.53771e-05
6.47484e-05
0.000129021
0.000213832
0.000295585
0.000810307
0.000822686
0.000407887
0.00039768
0.000809365
0.000342501
0.00031118
0.000293711
0.000288125
0.000272081
0.000254748
0.000234874
0.000569403
0.000219265
0.00022978
0.000572025
0.000204453
0.000196332
0.000205932
0.000230198
0.000262825
0.000300958
0.000363407
0.00038401
0.000405968
0.000417865
0.000427078
0.000470592
0.000478953
0.00048475
0.000817179
0.000486386
0.000488088
0.000478449
0.000457829
0.000349014
0.000535773
0.000413591
0.000186732
0.000126033
0.000158039
0.000113561
0.000111764
0.000109838
0.000221957
0.00010663
0.00016349
0.000156761
0.000155378
0.000156197
0.000159984
0.000163173
0.000167316
0.000109767
0.000230469
0.00011247
0.000248167
0.000264298
0.00016647
0.000157266
0.00021371
0.00013117
0.000111088
9.73864e-05
8.08875e-05
6.50193e-05
5.08846e-05
3.95326e-05
3.13825e-05
2.44866e-05
1.84183e-05
1.46686e-05
1.23837e-05
1.08133e-05
8.77177e-06
6.75637e-06
3.37822e-07
4.51405e-06
9.02066e-06
2.11084e-05
3.45086e-06
2.31199e-06
8.33925e-06
2.37303e-06
7.37665e-06
1.45858e-05
9.75702e-06
3.43764e-05
4.25393e-05
8.70487e-05
3.53554e-05
3.41537e-05
3.90936e-05
4.55258e-05
0.000107182
0.000128311
0.000247637
0.000146308
0.000215739
0.000291035
0.000368034
0.000819027
0.000405981
0.000397581
0.000393627
0.000364868
0.000352558
0.00034777
0.000386355
0.000795002
0.000755822
0.000311596
0.000287718
0.000271267
0.000264922
0.00025954
0.000232419
0.000224928
0.000234905
0.000257328
0.000282892
0.000319473
0.000365563
0.000383529
0.000403262
0.000411969
0.000418677
0.000423232
0.00047105
0.000478514
0.000479371
0.000479773
0.000820088
0.000782576
0.000355573
0.000311074
0.000258973
0.000248303
0.000144663
8.30032e-05
0.000132907
0.00016222
0.000108658
0.000106609
0.000251327
0.000161702
0.000156841
0.000151964
0.000150634
0.000152063
0.000155562
0.000159477
0.000271048
0.000266212
0.000110611
0.000110603
0.000110202
0.000171742
0.000162698
0.000153953
0.000143022
0.000123414
0.000108931
9.49209e-05
7.88218e-05
6.37584e-05
5.00687e-05
3.8954e-05
3.06071e-05
2.38063e-05
1.80899e-05
1.44626e-05
1.22231e-05
1.0685e-05
8.61236e-06
6.67457e-06
5.13332e-08
5.90627e-06
1.26104e-05
1.08258e-05
2.18669e-06
2.06564e-06
2.47447e-06
7.39589e-06
1.05519e-05
1.68758e-05
3.12391e-05
6.03199e-05
0.000108361
0.000115355
4.64096e-05
4.14242e-05
9.75561e-05
4.66238e-05
5.57552e-05
7.70553e-05
0.000112528
0.000167499
0.000235092
0.000292621
0.000345631
0.000404809
0.000406828
0.000398932
0.000393027
0.000392252
0.000384992
0.000378779
0.00039733
0.000389675
0.00037572
0.00079716
0.000363667
0.000786439
0.000335422
0.000750929
0.000272963
0.000268388
0.00027627
0.000287
0.000312981
0.000340582
0.000368628
0.000381589
0.000826032
0.000405658
0.000408451
0.000410997
0.000412093
0.00047082
0.000821375
0.000468024
0.000770276
0.000359978
0.000317562
0.00026763
0.000312893
0.000195268
0.000115465
0.000152098
0.000108965
0.000107049
0.000105413
0.000102833
0.000159161
0.000255677
0.000150663
0.00014649
0.00014566
0.000147504
0.000151173
0.000155424
0.000160407
0.000165955
0.000108568
0.000266119
0.000170167
0.00016747
0.000158825
0.000150329
0.000139081
0.000121004
0.000106626
9.23914e-05
7.68331e-05
0.000106848
4.91952e-05
3.83468e-05
2.9852e-05
2.31525e-05
1.77473e-05
1.42439e-05
1.20433e-05
1.05436e-05
8.40158e-06
6.58765e-06
7.98576e-07
5.32487e-06
8.21585e-06
8.96824e-06
3.08466e-06
8.71936e-06
5.29908e-06
1.42652e-05
1.98792e-05
2.50193e-05
3.9349e-05
3.54371e-05
5.73012e-05
0.000410032
5.46319e-05
4.56616e-05
4.48362e-05
4.58724e-05
6.9753e-05
0.000339802
0.000136031
0.000192796
0.00057488
0.000302338
0.000341811
0.000818833
0.000823087
0.000401473
0.000415415
0.000819332
0.000409499
0.000406708
0.000406586
0.000400859
0.000392969
0.000399641
0.000392934
0.000393363
0.000794962
0.000346098
0.000326048
0.000305352
0.000308819
0.000334576
0.00035665
0.000361398
0.00035567
0.000374397
0.000379757
0.000396167
0.000821099
0.000819632
0.000818546
0.00039402
0.000384491
0.000372672
0.000353343
0.000320027
0.000273511
0.000323921
0.000178511
0.00012556
7.91995e-05
0.000107744
0.000105854
0.000103108
0.000246227
0.000256728
0.000151248
0.000148475
0.000144329
0.000140948
0.000140582
0.000142804
0.000146506
0.000151256
0.000156232
0.000161776
0.000167461
0.000166756
0.00016612
0.000163403
0.000154926
0.000146633
0.00013504
0.000118442
0.000104196
8.98252e-05
7.48669e-05
6.03164e-05
4.83313e-05
8.72908e-05
2.91264e-05
2.25193e-05
1.74004e-05
1.40116e-05
1.18471e-05
1.03892e-05
8.22435e-06
6.49384e-06
8.40929e-07
1.13252e-06
2.04898e-06
4.0971e-06
8.31283e-06
1.5493e-05
1.38345e-05
2.72557e-05
2.30068e-05
2.89209e-05
3.52895e-05
4.76049e-05
6.25179e-05
0.000115597
5.81364e-05
4.87591e-05
4.72643e-05
4.69497e-05
6.44895e-05
0.000107296
0.000157574
0.000227947
0.000677863
0.000312103
0.000340005
0.000803997
0.000397343
0.000394842
0.000824959
0.000429194
0.000823944
0.000425001
0.000430078
0.000426279
0.000412732
0.000408776
0.00041244
0.000409971
0.000395486
0.000379645
0.000809868
0.000800687
0.00035687
0.000356816
0.000820388
0.000367382
0.000353201
0.000817474
0.000364657
0.000377927
0.000802783
0.000367825
0.000363752
0.000362269
0.000728071
0.000652263
0.000312029
0.000500441
0.000347181
0.000218608
0.0001353
0.000114126
0.000131908
0.000104841
0.00018464
9.89735e-05
0.000250959
0.000144373
0.000143644
0.000141242
0.000137927
0.000135339
0.000135383
0.000137987
0.00014185
0.000146778
0.000151821
0.000157271
0.000268915
0.000162485
0.000162055
0.000255598
0.00015092
0.000142855
0.00013105
0.000115655
0.000101682
8.7266e-05
7.29019e-05
5.83707e-05
9.43274e-05
3.66275e-05
2.83901e-05
2.19112e-05
1.7035e-05
1.37607e-05
1.16388e-05
1.01408e-05
8.04923e-06
6.39625e-06
3.73689e-06
4.33285e-06
4.85209e-06
2.07621e-05
5.15578e-05
2.79828e-05
2.94158e-05
6.37961e-05
8.15441e-05
0.000106773
5.59047e-05
0.000111687
7.11487e-05
0.000128915
0.000111477
5.37775e-05
5.21994e-05
0.000110368
0.000162301
0.000404297
0.000177648
0.000563619
0.000324964
0.000323181
0.000332467
0.000359142
0.000380612
0.000392231
0.000394259
0.00040877
0.000415639
0.000422407
0.000432096
0.000822262
0.0004257
0.000422264
0.000421709
0.000420701
0.00082008
0.000388506
0.000381103
0.000363623
0.000362488
0.000379267
0.000823021
0.000365102
0.000357264
0.000354514
0.000334514
0.000352215
0.000347004
0.000350886
0.000324633
0.000644763
0.000632106
0.000290481
0.00026584
0.00042324
0.000227211
0.000141123
7.59164e-05
7.36091e-05
0.000130336
0.000101646
9.85045e-05
0.000142166
0.000139973
0.000136229
0.000136034
0.0001342
0.000131562
0.000129541
0.000129961
0.000132929
0.000137188
0.000142179
0.000147337
0.000152546
0.000159018
0.000158025
0.000157681
0.000154857
0.000146688
0.000207531
0.000121803
0.000163545
0.000145734
8.46421e-05
7.09753e-05
5.6432e-05
4.57712e-05
3.55574e-05
2.76393e-05
2.13539e-05
1.66559e-05
1.34922e-05
1.14212e-05
9.89113e-06
7.87346e-06
6.30023e-06
1.31179e-05
2.53666e-05
1.95273e-05
7.42411e-05
0.000266906
4.65209e-05
9.51821e-05
5.33601e-05
0.000105151
7.15776e-05
0.000105392
0.000107723
7.41567e-05
9.41119e-05
9.46484e-05
5.93818e-05
5.87682e-05
0.000108093
8.40154e-05
0.000478035
0.000203734
0.000252341
0.000666031
0.000299641
0.000324743
0.000340454
0.000807682
0.00036852
0.000371725
0.000383476
0.000404103
0.000405622
0.000822786
0.000416284
0.000822831
0.000426648
0.000427512
0.00081998
0.000822779
0.000392934
0.000386951
0.000385017
0.000383393
0.000383744
0.000358943
0.000342861
0.000331608
0.000328901
0.000346692
0.000637067
0.000405369
0.000341459
0.000350427
0.00036212
0.000362268
0.000448059
0.000318008
0.000250915
0.000147429
0.000112459
0.000140929
0.000100379
9.95417e-05
9.78593e-05
0.000140322
0.000134005
0.000131017
0.000128386
0.000201289
0.000127358
0.000119877
0.000118528
0.000119347
0.00012775
0.000132403
0.000137503
0.000142632
0.000147709
0.000250707
0.000153417
0.00015327
0.000150373
0.000142454
0.000134682
0.000117888
0.00010906
9.55395e-05
8.16329e-05
6.90895e-05
5.4576e-05
9.29811e-05
3.45657e-05
2.68518e-05
2.0797e-05
1.62818e-05
1.32147e-05
1.11877e-05
9.63598e-06
7.69696e-06
6.19583e-06
1.87361e-05
0.00010675
5.55718e-05
0.000128839
0.000172717
0.000112404
5.20532e-05
0.000114746
0.00010622
6.92882e-05
7.23724e-05
0.000101369
8.16478e-05
8.77823e-05
7.46707e-05
0.00010739
6.22491e-05
6.54834e-05
8.70412e-05
0.000139996
0.000456513
0.000514796
0.000257871
0.000667544
0.000742701
0.000798738
0.000795235
0.000326074
0.000328016
0.000362351
0.000816988
0.000818838
0.000375624
0.000375162
0.000393521
0.000821616
0.000821449
0.000416969
0.00040383
0.000824164
0.000392461
0.000393448
0.000826304
0.000364729
0.000806474
0.000316592
0.000709466
0.000307483
0.000348476
0.000510122
0.000382494
0.000352362
0.000319327
0.000314168
0.000285283
0.000258754
0.000185099
0.000149901
0.00011257
0.000138835
0.000131543
0.000151422
9.49178e-05
0.000137957
0.000130808
0.000124258
0.000120788
0.000119164
0.00011488
0.000114265
0.000112815
0.000111869
0.000113026
0.000116496
0.000179956
0.000131793
0.000137148
0.000212728
0.000147533
0.000230101
0.000147849
0.000144824
0.000137408
0.000129212
0.000113091
0.000154236
9.15094e-05
7.79716e-05
6.65631e-05
9.9417e-05
4.2155e-05
3.34164e-05
2.59396e-05
2.01243e-05
1.58238e-05
1.28643e-05
1.08857e-05
9.33084e-06
7.48104e-06
6.06645e-06
3.50501e-06
3.32703e-05
7.56196e-05
7.82317e-05
7.09356e-05
5.33309e-05
5.33053e-05
8.29495e-05
7.29089e-05
7.2994e-05
0.00015745
0.000142142
0.000140637
9.2528e-05
0.000101613
7.06985e-05
6.96282e-05
0.000175768
0.00034679
0.000150296
0.000184146
0.000213338
0.000230257
0.00026781
0.000734266
0.00074379
0.000740482
0.000312513
0.000734689
0.000307336
0.000315364
0.000327138
0.000329803
0.000346413
0.000364176
0.000363016
0.000366146
0.000371184
0.000824219
0.000392677
0.000826739
0.000828472
0.000825174
0.000365881
0.000317165
0.00029146
0.000354799
0.000351458
0.000307808
0.000246321
0.000140901
0.000171376
0.000165157
0.000163897
0.000112421
0.000103216
0.000119384
0.000129285
9.97207e-05
0.000144537
0.000165024
0.000209622
0.000129904
0.000126946
0.000120384
0.000113196
0.000105336
0.000104338
0.000105224
0.000105926
0.00010487
0.000104301
0.00010567
0.000109366
0.000114428
0.000124976
0.000130364
0.000134457
0.000139577
0.000140577
0.000141212
0.000138532
0.000131525
0.000117886
0.000107454
9.90671e-05
8.69797e-05
7.39346e-05
6.29482e-05
4.95859e-05
3.98858e-05
3.17441e-05
2.48734e-05
1.933e-05
1.52969e-05
1.24468e-05
1.05097e-05
9.01523e-06
7.22764e-06
5.90056e-06
9.1804e-06
5.33048e-06
5.03818e-05
7.12829e-05
5.6038e-05
3.28221e-05
3.20265e-05
4.9084e-05
5.56519e-05
7.48751e-05
0.000402007
0.000115427
0.000107439
0.00015274
0.000127709
0.000156315
9.06507e-05
0.000109154
0.000516667
0.000184565
0.000517921
0.000202693
0.000223587
0.000251024
0.00067028
0.000273326
0.000267328
0.000266793
0.000655611
0.000275855
0.000718996
0.000738941
0.000290329
0.00031806
0.00078439
0.000307378
0.000325428
0.000347153
0.000373762
0.000824579
0.000363979
0.000359439
0.00036318
0.000792413
0.000294639
0.000348387
0.000323798
0.000200236
0.000134591
0.000113393
0.000112291
0.000131884
0.000109466
0.000130425
0.000105144
0.000125418
0.00012484
0.000141851
9.50982e-05
9.17733e-05
8.81728e-05
0.000122318
0.000117744
0.000115738
0.000169422
9.83972e-05
9.50022e-05
9.47838e-05
0.000148162
0.000149464
9.71902e-05
9.68552e-05
9.85e-05
0.0001023
0.000107214
0.000113276
0.00012321
0.000127192
0.000131844
0.000133451
0.000134174
0.000132189
0.000179851
0.000111688
0.000101877
9.30809e-05
8.24932e-05
7.00741e-05
5.93224e-05
9.71258e-05
3.75741e-05
3.02285e-05
2.38042e-05
1.85656e-05
1.47642e-05
1.20194e-05
1.01172e-05
8.69897e-06
6.98048e-06
5.71937e-06
1.05837e-05
7.49015e-06
2.29706e-05
3.68168e-05
2.55502e-05
1.26145e-05
1.43439e-05
2.12024e-05
3.00151e-05
5.96414e-05
0.000119427
0.000144941
0.000130323
0.000129528
0.000223832
0.000116039
0.000126721
0.000474706
0.000158357
0.000167572
0.000184668
0.000559179
0.000584393
0.000583447
0.000610189
0.000242328
0.000236788
0.000228893
0.000218111
0.000228895
0.000595555
0.000233151
0.000247213
0.000689743
0.000264782
0.000274579
0.000738312
0.000301145
0.000313545
0.000331636
0.000342163
0.000798858
0.000310269
0.000286774
0.000554801
0.000310322
0.000218145
0.000109018
0.00010644
0.000105522
0.000105836
0.00016218
0.000156904
0.000102274
0.000100186
9.79339e-05
9.57642e-05
9.24715e-05
8.88522e-05
0.000122227
0.000115413
0.000181098
0.000105814
0.000160392
9.45604e-05
8.78086e-05
8.46443e-05
8.4907e-05
8.67425e-05
8.86971e-05
0.000136735
8.92583e-05
9.08569e-05
9.5122e-05
0.000100259
0.00010659
0.000111408
0.000114969
0.000124129
0.000191037
0.000127083
0.000125609
0.000114006
0.000105674
9.62371e-05
8.7415e-05
7.75785e-05
6.62442e-05
5.58439e-05
4.41918e-05
3.5416e-05
2.87657e-05
2.26684e-05
1.77844e-05
1.42208e-05
1.15657e-05
9.74847e-06
8.36985e-06
6.73196e-06
5.52913e-06
1.06652e-05
1.00922e-05
2.21043e-05
2.9906e-05
3.02148e-05
3.57518e-05
3.56304e-05
2.59817e-05
2.34429e-05
5.14179e-05
9.39784e-05
0.000448149
0.00015617
0.000466673
0.00015239
0.000157421
0.000167652
0.000163436
0.000163088
0.000160279
0.000166692
0.00062086
0.000177438
0.000199224
0.000206356
0.000212591
0.000219812
0.000542429
0.000188817
0.000494063
0.000192238
0.000195263
0.000483448
0.000211597
0.000567313
0.000244483
0.000269595
0.000283105
0.000304669
0.000295986
0.000295552
0.000285373
0.000309466
0.000536229
0.000295292
0.000133692
0.000157793
0.000148474
0.000146151
0.000146005
0.000238725
0.00023124
0.000222558
9.5706e-05
0.000220381
9.12536e-05
0.000129482
0.000211917
0.000116391
0.000109735
0.000103041
9.50447e-05
9.08699e-05
8.88723e-05
8.30182e-05
7.74339e-05
7.45998e-05
7.53164e-05
7.73861e-05
7.96984e-05
8.11918e-05
8.23108e-05
8.3656e-05
8.77991e-05
9.3121e-05
0.000100046
0.000157104
0.000107945
0.000111704
0.000114043
0.000114876
0.00011383
0.000161259
9.93464e-05
9.03802e-05
8.21475e-05
7.30541e-05
6.21996e-05
5.25545e-05
4.15648e-05
3.33836e-05
2.73102e-05
2.15458e-05
1.69235e-05
1.36609e-05
1.10898e-05
9.39223e-06
8.05573e-06
6.46959e-06
5.32785e-06
1.0692e-05
1.06756e-05
1.68325e-05
2.92974e-05
3.80112e-05
4.22964e-05
4.84718e-05
4.94689e-05
3.49782e-05
3.7225e-05
0.000106781
0.000128696
0.000176787
0.000194818
0.000189268
0.000219074
0.000220816
0.000536888
0.000182676
0.000160512
0.000149218
0.000139273
0.000145439
0.000165519
0.000184906
0.000567169
0.000191524
0.000171179
0.000154491
0.00015442
0.000157847
0.000173074
0.000184716
0.000196102
0.000215529
0.000223169
0.000247524
0.000648272
0.000273121
0.000282524
0.000303049
0.000294078
0.000508081
0.000288016
0.000135806
0.000146704
0.000206108
0.000128091
0.000127212
0.00012897
0.0001321
0.000130846
0.000129422
0.000128603
0.000124329
0.000119129
0.000114567
0.000109418
0.000103958
9.45068e-05
8.80935e-05
8.32532e-05
7.93625e-05
7.69095e-05
0.000123675
6.71001e-05
6.54121e-05
6.65518e-05
6.86354e-05
7.10177e-05
7.28437e-05
7.40894e-05
7.60979e-05
8.08862e-05
8.60809e-05
9.30234e-05
9.76865e-05
0.000101029
0.000104536
0.000106581
0.000108059
0.000107383
0.000100929
9.2897e-05
8.48363e-05
7.63771e-05
6.84197e-05
0.000108562
4.92085e-05
3.90582e-05
3.15002e-05
2.56708e-05
2.03664e-05
1.61023e-05
1.30003e-05
1.06145e-05
9.02344e-06
7.75031e-06
6.20658e-06
5.10686e-06
1.08013e-05
1.09575e-05
1.21313e-05
1.88793e-05
2.35865e-05
2.25436e-05
2.88337e-05
4.59954e-05
4.97895e-05
3.72752e-05
5.57497e-05
0.000115501
0.000164822
0.000688147
0.000209264
0.000558994
0.000543843
0.000193212
0.000559664
0.000148935
0.000585727
0.000118615
0.000121257
0.00014
0.000621564
0.000624575
0.000171119
0.000421645
0.000138658
0.000134397
0.000145863
0.000182903
0.000326934
0.000199883
0.000217783
0.000250801
0.000545527
0.000250971
0.000259901
0.000583955
0.000295586
0.000464938
0.000269988
0.000162928
0.000133609
0.000122949
0.000109474
0.000104458
0.000104845
0.000107699
0.000181205
0.000112723
0.000111929
0.000185195
0.000181976
0.000104275
9.7032e-05
9.25166e-05
0.000143049
8.27504e-05
7.62881e-05
7.15641e-05
6.7868e-05
6.53841e-05
6.18585e-05
5.78923e-05
5.67578e-05
5.81651e-05
6.05296e-05
6.35028e-05
0.000113456
6.70649e-05
6.91324e-05
7.35627e-05
7.92644e-05
8.58664e-05
9.02783e-05
9.42167e-05
9.77054e-05
9.95642e-05
0.000155759
0.000155634
9.41479e-05
8.65756e-05
7.92773e-05
7.10876e-05
6.36232e-05
5.48818e-05
4.58494e-05
3.66351e-05
2.96621e-05
2.41658e-05
1.92189e-05
1.52932e-05
1.23495e-05
1.01773e-05
8.64316e-06
7.4108e-06
5.97386e-06
4.91173e-06
1.09491e-05
1.09634e-05
1.03662e-05
1.12906e-05
1.1268e-05
9.60991e-06
1.30967e-05
2.7358e-05
4.51914e-05
4.14313e-05
3.71201e-05
3.1211e-05
0.000120983
0.000158885
0.000180808
0.00020222
0.000189551
0.000157366
0.000141462
0.000120129
0.000100686
8.87987e-05
0.000356064
0.000112313
0.000135515
0.000375459
0.000180376
0.000234974
0.000144375
0.00012063
0.000100557
0.000110765
0.000129746
0.000162351
0.000217517
0.00026234
0.000283626
0.000267975
0.000277482
0.000282656
0.000287916
0.000186761
0.000153904
0.000125814
0.000105865
0.000145098
8.92621e-05
8.56719e-05
8.7302e-05
9.12456e-05
0.000149114
9.18341e-05
9.18142e-05
9.27681e-05
9.04811e-05
8.69137e-05
8.33373e-05
7.91475e-05
7.56154e-05
0.000122099
6.45755e-05
6.04888e-05
5.74456e-05
5.53974e-05
5.25689e-05
5.02054e-05
4.95528e-05
5.12186e-05
5.36363e-05
5.615e-05
5.84676e-05
6.00905e-05
6.26957e-05
6.71784e-05
7.22917e-05
7.89028e-05
8.33215e-05
8.71548e-05
9.06178e-05
9.25555e-05
9.46002e-05
0.0001475
8.74845e-05
8.05912e-05
7.35694e-05
6.62393e-05
5.90523e-05
5.10685e-05
4.29099e-05
3.43433e-05
2.78709e-05
2.27288e-05
1.81047e-05
1.45041e-05
1.17052e-05
9.72938e-06
8.27783e-06
7.07175e-06
5.73086e-06
4.76445e-06
1.10957e-05
1.05674e-05
9.28717e-06
7.80178e-06
6.00041e-06
4.17671e-06
5.8773e-06
1.49739e-05
3.16963e-05
4.00051e-05
3.05506e-05
3.72599e-05
6.01867e-05
0.000104263
0.000130978
0.000143765
0.000553072
0.000439716
0.000104425
0.00030478
6.65678e-05
6.15308e-05
7.04843e-05
8.78374e-05
0.000107434
0.000154869
0.000126174
0.000102507
0.000107798
5.31111e-05
4.51004e-05
6.22444e-05
0.000109585
9.3834e-05
0.000148303
0.000217965
0.000258902
0.000390379
0.000238483
0.000336836
0.000171239
0.000140619
0.000115661
0.000145401
8.3472e-05
7.48929e-05
0.000115656
6.7404e-05
0.000117595
7.47118e-05
0.00012563
7.50543e-05
7.57895e-05
7.70544e-05
0.000127159
7.28814e-05
6.94969e-05
6.57763e-05
6.22831e-05
5.86028e-05
5.4045e-05
5.08474e-05
4.86388e-05
0.000103342
4.47108e-05
4.33224e-05
4.30737e-05
4.4738e-05
4.72697e-05
4.98936e-05
5.23651e-05
5.41423e-05
5.65697e-05
6.08814e-05
6.62327e-05
7.17888e-05
7.62382e-05
8.05413e-05
8.37375e-05
8.55117e-05
8.72678e-05
8.73351e-05
0.000130655
7.41543e-05
6.83479e-05
6.1088e-05
5.49007e-05
4.73397e-05
4.01019e-05
3.22676e-05
2.61308e-05
2.13573e-05
1.70546e-05
1.37255e-05
1.11279e-05
9.27312e-06
7.9159e-06
6.74143e-06
5.51838e-06
4.60632e-06
1.11775e-05
9.63868e-06
7.00672e-06
4.94152e-06
3.07503e-06
1.87001e-06
3.21353e-06
9.61823e-06
2.24271e-05
3.34342e-05
2.98172e-05
2.31409e-05
3.48293e-05
5.9472e-05
8.37008e-05
0.000271531
8.50493e-05
7.08446e-05
0.000236892
5.2085e-05
3.9183e-05
3.3916e-05
3.97017e-05
5.40142e-05
5.23435e-05
4.02288e-05
3.8025e-05
5.92532e-05
8.66049e-05
3.66478e-05
2.61536e-05
2.9882e-05
4.10924e-05
6.24069e-05
0.000110772
0.000190266
0.000184969
0.000194711
0.00017698
0.000213762
0.000127048
0.000140545
8.55057e-05
0.000116576
0.000108596
5.42092e-05
5.16156e-05
5.15682e-05
5.42925e-05
0.000109828
5.88938e-05
5.89243e-05
6.03817e-05
6.19291e-05
6.13536e-05
5.92368e-05
5.65989e-05
5.38181e-05
5.09869e-05
4.82799e-05
4.53227e-05
4.27968e-05
4.09691e-05
4.00778e-05
3.8136e-05
3.72064e-05
3.74186e-05
3.92442e-05
4.17197e-05
4.42642e-05
4.65474e-05
4.85773e-05
5.13354e-05
5.52417e-05
5.99444e-05
6.55986e-05
6.95648e-05
7.34318e-05
7.68165e-05
7.87879e-05
8.0467e-05
8.03062e-05
7.44202e-05
6.84386e-05
6.32644e-05
5.65858e-05
5.07824e-05
4.4079e-05
3.73485e-05
3.01835e-05
2.45404e-05
2.00042e-05
1.60435e-05
1.2938e-05
1.05602e-05
8.83843e-06
7.54232e-06
6.41232e-06
5.31765e-06
4.43452e-06
1.09496e-05
7.81883e-06
4.39267e-06
2.66792e-06
1.28945e-06
8.11748e-07
2.2147e-06
7.73561e-06
1.76612e-05
2.76612e-05
2.82319e-05
2.00323e-05
1.8862e-05
2.79276e-05
4.40006e-05
6.01715e-05
5.11037e-05
4.10584e-05
3.06845e-05
1.85167e-05
1.55777e-05
1.51159e-05
1.52653e-05
1.53467e-05
1.31853e-05
1.25218e-05
1.53e-05
4.33226e-05
7.61833e-05
2.35157e-05
4.22374e-05
1.21467e-05
1.8908e-05
3.8317e-05
7.63456e-05
0.000136717
0.000139732
0.000207963
0.000128119
0.000107368
9.14827e-05
7.47375e-05
5.91607e-05
5.02528e-05
4.33974e-05
3.84768e-05
3.73758e-05
9.45656e-05
4.12368e-05
4.51557e-05
4.48052e-05
4.57188e-05
4.74053e-05
4.90713e-05
4.88212e-05
4.77148e-05
4.60268e-05
4.409e-05
0.000101162
3.97864e-05
3.79539e-05
9.66992e-05
3.43602e-05
3.35276e-05
3.22803e-05
3.18221e-05
3.23589e-05
3.41469e-05
3.66667e-05
3.93573e-05
4.16621e-05
4.3511e-05
4.6224e-05
5.02293e-05
5.44866e-05
5.9252e-05
6.35407e-05
6.72303e-05
7.00965e-05
7.18623e-05
7.32169e-05
7.27631e-05
6.82294e-05
6.29227e-05
5.80338e-05
5.24864e-05
4.69432e-05
4.09504e-05
3.46867e-05
2.81502e-05
2.29946e-05
1.8732e-05
1.50852e-05
1.22034e-05
9.99332e-06
8.40626e-06
7.17379e-06
6.11723e-06
5.10518e-06
4.26865e-06
1.01522e-05
4.78123e-06
2.00866e-06
9.2132e-07
4.88875e-07
4.61397e-07
1.8123e-06
6.80387e-06
1.52748e-05
2.36279e-05
2.57457e-05
1.96755e-05
1.38e-05
1.43522e-05
1.8989e-05
1.93872e-05
1.73201e-05
1.52917e-05
1.40255e-05
1.21912e-05
1.16285e-05
1.16326e-05
1.16526e-05
1.13612e-05
1.15766e-05
1.21954e-05
4.20361e-05
1.51668e-05
5.22814e-05
3.72917e-05
6.6992e-06
6.9845e-06
8.77081e-06
2.134e-05
4.843e-05
7.60741e-05
9.97081e-05
0.000147009
8.88414e-05
7.7094e-05
6.29673e-05
4.73087e-05
3.87931e-05
3.31917e-05
8.9033e-05
2.66689e-05
2.64736e-05
2.89728e-05
3.08723e-05
3.37823e-05
3.39318e-05
3.52478e-05
3.70287e-05
3.86726e-05
3.87861e-05
3.82829e-05
3.73434e-05
3.60435e-05
3.45461e-05
3.26381e-05
3.14719e-05
3.0407e-05
2.87599e-05
2.79718e-05
2.71741e-05
2.70755e-05
2.78972e-05
2.9738e-05
3.21007e-05
3.45578e-05
3.72864e-05
3.90803e-05
4.17809e-05
4.53391e-05
4.95436e-05
5.39402e-05
5.76701e-05
6.11189e-05
6.40652e-05
6.58694e-05
6.69505e-05
6.63328e-05
6.2435e-05
5.76975e-05
5.36397e-05
4.83979e-05
4.35647e-05
3.77461e-05
3.21843e-05
2.62855e-05
2.14826e-05
1.75146e-05
1.41313e-05
1.14947e-05
9.46174e-06
7.96811e-06
6.79901e-06
5.84321e-06
4.88115e-06
4.1154e-06
8.31444e-06
2.15145e-06
6.15918e-07
3.8166e-07
2.97505e-07
4.29672e-07
1.58451e-06
5.96248e-06
1.35769e-05
2.07873e-05
2.32948e-05
1.91812e-05
1.3027e-05
9.99594e-06
9.5147e-06
9.13339e-06
8.425e-06
8.16182e-06
8.11094e-06
7.86995e-06
8.06245e-06
8.62546e-06
8.72291e-06
8.39953e-06
8.60365e-06
9.08019e-06
7.93841e-06
3.73647e-05
8.22402e-06
6.81552e-06
5.93199e-06
7.42362e-06
6.91001e-06
1.11433e-05
2.80324e-05
4.87857e-05
6.73354e-05
6.53694e-05
5.87845e-05
4.7303e-05
3.32631e-05
2.74896e-05
2.37676e-05
2.05696e-05
1.85639e-05
1.72687e-05
1.78323e-05
2.03683e-05
2.23937e-05
2.49631e-05
2.52662e-05
2.67321e-05
2.85165e-05
3.01683e-05
3.05713e-05
3.03657e-05
2.98886e-05
2.90775e-05
2.78843e-05
2.65974e-05
2.59544e-05
2.49399e-05
2.37071e-05
2.31568e-05
2.27345e-05
2.295e-05
2.38831e-05
2.57185e-05
2.79906e-05
3.0414e-05
9.21796e-05
3.49188e-05
3.76949e-05
4.1149e-05
4.48587e-05
4.89949e-05
5.2745e-05
5.56449e-05
5.81402e-05
5.96818e-05
6.06959e-05
5.98499e-05
5.67514e-05
5.32319e-05
4.92433e-05
4.47769e-05
4.02734e-05
3.48661e-05
2.97108e-05
2.44951e-05
2.00473e-05
1.63667e-05
1.32405e-05
1.07938e-05
8.93171e-06
7.53463e-06
6.48058e-06
5.55673e-06
4.6621e-06
3.95138e-06
2.02129e-06
5.08826e-07
2.8216e-07
2.63185e-07
2.8102e-07
4.3442e-07
1.30883e-06
4.91185e-06
1.18231e-05
1.83268e-05
2.10458e-05
1.84553e-05
1.32533e-05
9.32211e-06
7.47222e-06
6.52604e-06
5.97582e-06
5.7197e-06
5.61122e-06
5.5554e-06
5.70338e-06
6.26613e-06
2.03126e-05
6.97329e-06
3.28462e-05
7.04865e-06
6.83443e-06
6.74151e-06
3.54387e-05
5.08519e-06
4.74822e-06
4.9335e-06
7.4139e-06
6.9791e-06
1.49016e-05
2.82914e-05
4.02489e-05
3.54291e-05
3.02757e-05
2.24837e-05
8.22143e-05
1.51396e-05
1.26988e-05
1.06566e-05
9.65167e-06
9.68041e-06
1.08117e-05
1.32694e-05
1.53466e-05
1.73203e-05
1.80914e-05
1.96865e-05
2.1517e-05
2.31108e-05
2.37232e-05
9.20094e-05
2.35928e-05
2.2989e-05
2.21736e-05
2.14225e-05
2.09621e-05
2.02126e-05
1.93828e-05
1.9014e-05
1.88809e-05
1.93273e-05
2.03687e-05
2.21658e-05
2.42796e-05
2.66094e-05
2.92534e-05
3.12388e-05
3.38367e-05
3.71622e-05
4.08072e-05
4.44314e-05
4.78517e-05
5.07941e-05
5.31864e-05
5.45134e-05
5.52522e-05
5.45284e-05
5.1859e-05
4.86697e-05
4.53802e-05
4.13975e-05
3.70817e-05
3.21787e-05
2.74523e-05
2.27448e-05
1.86851e-05
1.52339e-05
1.23902e-05
1.01425e-05
8.41114e-06
7.12806e-06
6.15533e-06
5.26542e-06
4.4522e-06
3.78123e-06
6.60366e-07
2.18896e-07
3.26581e-07
3.42111e-07
3.38331e-07
4.243e-07
9.98399e-07
3.70074e-06
9.75811e-06
1.61546e-05
1.90747e-05
1.76014e-05
1.35804e-05
9.95275e-06
7.65435e-06
6.3769e-06
5.56957e-06
5.00704e-06
4.58869e-06
4.2786e-06
4.05757e-06
4.564e-06
5.10454e-06
5.49292e-06
5.53278e-06
5.22307e-06
5.26365e-06
4.94666e-06
4.33224e-06
3.74027e-06
3.67725e-06
2.81015e-05
5.89499e-06
6.14358e-06
7.5149e-06
1.36637e-05
7.22406e-05
1.73975e-05
1.30497e-05
9.7204e-06
6.93805e-06
6.33256e-06
8.47127e-05
3.95475e-06
3.67862e-06
4.08241e-06
5.27472e-06
7.43811e-06
9.36146e-06
1.11806e-05
1.22326e-05
1.3891e-05
1.56828e-05
1.72255e-05
1.79848e-05
1.85832e-05
1.82606e-05
1.78659e-05
1.73567e-05
1.69553e-05
1.6566e-05
1.61325e-05
1.56539e-05
1.54643e-05
1.55529e-05
1.61392e-05
1.7263e-05
1.89929e-05
2.09374e-05
2.32621e-05
2.56253e-05
2.78399e-05
3.0432e-05
3.34954e-05
3.6895e-05
4.04125e-05
4.3546e-05
4.61886e-05
4.82895e-05
4.96698e-05
5.03464e-05
4.95392e-05
4.71889e-05
4.46807e-05
4.19062e-05
3.81501e-05
3.42423e-05
2.96004e-05
2.53481e-05
2.10862e-05
1.74149e-05
1.41753e-05
1.15739e-05
9.49391e-06
7.89302e-06
6.75258e-06
5.81555e-06
5.00484e-06
4.23456e-06
3.60705e-06
3.38895e-07
3.74136e-07
3.67152e-07
3.07936e-07
2.71295e-07
3.03027e-07
6.20674e-07
2.27463e-06
6.82528e-06
1.26715e-05
1.66839e-05
1.70133e-05
1.47429e-05
1.20103e-05
9.7726e-06
8.0602e-06
6.60328e-06
5.39912e-06
4.46938e-06
4.00739e-06
3.8214e-06
3.58586e-06
3.09056e-06
2.72017e-06
2.40913e-06
2.20318e-06
2.15393e-06
2.30983e-06
2.37305e-06
2.52637e-06
3.04175e-06
3.73783e-06
4.34422e-06
6.33025e-06
6.05879e-05
5.86725e-06
4.78304e-06
4.64211e-06
5.65302e-06
5.64864e-06
5.30571e-06
4.6444e-06
4.03095e-06
3.47288e-06
2.99448e-06
2.76046e-06
2.20966e-06
1.99807e-06
2.56632e-06
3.81473e-06
4.86637e-06
6.36777e-06
7.96937e-06
9.36945e-06
1.02966e-05
1.09212e-05
1.10363e-05
1.09873e-05
1.09504e-05
1.07917e-05
1.08112e-05
1.08953e-05
1.0726e-05
1.07566e-05
1.11062e-05
1.18545e-05
1.296e-05
1.45198e-05
1.63369e-05
1.85057e-05
2.06159e-05
2.3001e-05
2.54236e-05
2.82895e-05
3.13428e-05
3.43941e-05
3.72803e-05
3.96709e-05
4.16e-05
4.28367e-05
4.33268e-05
4.26408e-05
4.08961e-05
3.88523e-05
3.64914e-05
3.34779e-05
2.98704e-05
2.592e-05
2.21294e-05
1.85998e-05
1.53653e-05
1.2561e-05
1.03497e-05
8.50048e-06
7.17484e-06
6.13021e-06
5.31978e-06
4.58255e-06
3.89134e-06
3.37087e-06
9.38555e-08
1.39622e-07
1.75512e-07
2.02833e-07
2.2492e-07
2.59782e-07
3.71207e-07
8.66605e-07
2.66724e-06
6.24462e-06
1.01429e-05
1.26714e-05
1.29756e-05
1.19087e-05
1.03367e-05
8.66208e-06
7.04871e-06
5.62355e-06
4.47813e-06
3.58611e-06
2.92112e-06
2.56206e-06
2.40411e-06
2.32563e-06
2.19995e-06
1.961e-06
1.62017e-06
1.29555e-06
1.1716e-06
1.41237e-06
2.2089e-06
2.98107e-06
3.0841e-06
3.508e-06
3.8152e-06
3.69607e-06
3.3428e-06
3.16085e-06
3.02209e-06
2.74705e-06
2.47038e-06
2.05547e-06
1.64183e-06
1.44881e-06
1.24343e-06
9.62373e-07
1.05382e-06
1.69866e-06
1.74062e-06
1.86309e-06
1.47679e-06
1.45138e-06
1.83018e-06
2.53633e-06
3.27482e-06
3.84161e-06
4.22974e-06
4.50859e-06
4.83609e-06
5.04662e-06
5.37283e-06
5.66836e-06
5.89359e-06
6.22071e-06
6.75998e-06
7.52329e-06
8.56557e-06
9.89469e-06
1.14466e-05
1.3316e-05
1.51942e-05
1.74077e-05
1.96661e-05
2.21577e-05
2.48316e-05
2.74851e-05
2.99295e-05
3.20179e-05
3.36959e-05
3.47633e-05
3.5162e-05
3.46704e-05
3.346e-05
3.19863e-05
3.02164e-05
2.77518e-05
2.46207e-05
2.13217e-05
1.82412e-05
1.53728e-05
1.27512e-05
1.05273e-05
8.75175e-06
7.28339e-06
6.1979e-06
5.34519e-06
4.63669e-06
4.03667e-06
3.46377e-06
2.99411e-06
1.56567e-08
4.08935e-08
7.41312e-08
1.17641e-07
1.62171e-07
2.02138e-07
2.50286e-07
3.49507e-07
6.62485e-07
1.46555e-06
2.80354e-06
4.65523e-06
6.45141e-06
7.32994e-06
7.18219e-06
6.36454e-06
5.36623e-06
4.51524e-06
3.94511e-06
3.66762e-06
3.61977e-06
3.68299e-06
3.72604e-06
3.65216e-06
3.37937e-06
2.90399e-06
2.2657e-06
1.63318e-06
1.17054e-06
1.02892e-06
1.18754e-06
1.44927e-06
2.0161e-06
2.21741e-06
2.11411e-06
1.91466e-06
1.72681e-06
1.52098e-06
1.31465e-06
1.16883e-06
1.04397e-06
8.64488e-07
6.97989e-07
5.85635e-07
5.10715e-07
4.92515e-07
6.27052e-07
7.04814e-07
5.81465e-07
6.74809e-07
1.08151e-06
1.16242e-06
1.17517e-06
1.18784e-06
8.90469e-07
8.85458e-07
9.40785e-07
1.10418e-06
1.38331e-06
1.67573e-06
2.05945e-06
2.45599e-06
2.87083e-06
3.31802e-06
3.8726e-06
4.58758e-06
5.46812e-06
6.54179e-06
7.79598e-06
9.3327e-06
1.094e-05
1.2868e-05
1.48859e-05
1.70072e-05
1.9283e-05
2.15583e-05
2.3624e-05
2.54405e-05
2.6891e-05
2.78504e-05
2.81695e-05
2.78454e-05
2.70336e-05
2.58954e-05
2.45863e-05
2.24636e-05
1.98799e-05
1.72336e-05
1.47432e-05
1.24626e-05
1.03867e-05
8.67891e-06
7.30648e-06
6.1406e-06
5.2695e-06
4.60313e-06
4.02175e-06
3.49206e-06
3.02424e-06
2.64781e-06
4.06396e-09
1.52889e-08
3.43449e-08
5.9228e-08
9.19789e-08
1.25887e-07
1.62175e-07
2.06872e-07
2.78417e-07
4.03146e-07
6.52432e-07
1.18672e-06
2.04696e-06
2.99203e-06
3.70161e-06
3.98753e-06
3.95669e-06
3.82159e-06
3.71696e-06
3.68405e-06
3.71735e-06
3.77917e-06
3.81298e-06
3.74488e-06
3.49969e-06
3.04415e-06
2.42182e-06
1.76057e-06
1.19771e-06
8.04108e-07
5.74169e-07
6.61365e-07
7.28089e-07
7.09316e-07
6.37493e-07
5.77959e-07
5.14787e-07
4.46403e-07
3.87461e-07
3.50008e-07
3.26174e-07
2.84378e-07
2.54051e-07
2.50241e-07
2.6015e-07
2.72761e-07
2.70349e-07
2.67495e-07
3.19462e-07
4.14814e-07
3.86211e-07
3.40027e-07
4.14884e-07
6.31927e-07
6.45419e-07
5.88709e-07
5.91758e-07
4.78356e-07
3.9317e-07
4.34536e-07
6.12782e-07
8.80839e-07
1.20786e-06
1.59165e-06
2.07548e-06
2.66134e-06
3.35536e-06
4.17854e-06
5.19062e-06
6.37224e-06
7.67503e-06
9.23727e-06
1.09068e-05
1.27183e-05
1.46241e-05
1.65139e-05
1.82578e-05
1.97878e-05
2.10242e-05
2.19457e-05
2.21685e-05
2.19643e-05
2.13944e-05
2.05495e-05
1.94011e-05
1.77216e-05
1.56953e-05
1.36104e-05
1.16508e-05
9.86236e-06
8.29951e-06
7.01205e-06
5.95819e-06
5.10027e-06
4.43331e-06
3.87657e-06
3.41776e-06
3.00128e-06
2.60543e-06
2.29652e-06
1.2833e-09
6.94037e-09
1.67788e-08
3.14529e-08
4.74948e-08
6.70597e-08
8.96596e-08
1.15878e-07
1.50591e-07
1.98725e-07
2.75751e-07
4.17125e-07
6.54417e-07
9.82497e-07
1.41071e-06
1.7588e-06
1.97829e-06
2.10223e-06
2.18348e-06
2.26552e-06
2.36977e-06
2.49874e-06
2.62245e-06
2.6769e-06
2.5999e-06
2.35202e-06
1.96198e-06
1.51122e-06
1.09002e-06
7.58564e-07
5.56653e-07
4.41426e-07
3.67159e-07
3.14769e-07
2.7586e-07
2.42179e-07
2.11187e-07
1.81001e-07
1.51199e-07
1.23836e-07
1.00729e-07
8.21405e-08
7.19943e-08
7.47441e-08
8.87402e-08
1.09316e-07
1.28288e-07
1.40575e-07
1.42671e-07
1.39738e-07
1.5474e-07
2.02895e-07
2.17726e-07
1.78521e-07
1.74224e-07
2.23203e-07
3.03154e-07
2.79533e-07
2.66023e-07
2.38821e-07
2.01299e-07
2.63988e-07
4.30662e-07
6.80708e-07
1.02217e-06
1.44394e-06
1.95291e-06
2.59971e-06
3.35313e-06
4.22778e-06
5.22314e-06
6.43765e-06
7.78149e-06
9.24723e-06
1.07747e-05
1.23159e-05
1.37212e-05
1.4984e-05
1.59933e-05
1.67179e-05
1.69815e-05
1.68821e-05
1.6495e-05
1.58491e-05
1.4906e-05
1.3609e-05
1.20643e-05
1.04654e-05
8.96244e-06
7.61958e-06
6.496e-06
5.56233e-06
4.77838e-06
4.14799e-06
3.65459e-06
3.22886e-06
2.86226e-06
2.53322e-06
2.21631e-06
1.94415e-06
4.4169e-12
4.10709e-09
8.81477e-09
1.6198e-08
2.5517e-08
3.65583e-08
4.77346e-08
6.11601e-08
7.95053e-08
1.03348e-07
1.37004e-07
1.9244e-07
2.8205e-07
4.05374e-07
5.48485e-07
6.87387e-07
8.07912e-07
9.28266e-07
1.05682e-06
1.19329e-06
1.32008e-06
1.43672e-06
1.52716e-06
1.58258e-06
1.58286e-06
1.50946e-06
1.3575e-06
1.15886e-06
9.54415e-07
7.75971e-07
6.38527e-07
5.40403e-07
4.70508e-07
4.16936e-07
3.71367e-07
3.26853e-07
2.81802e-07
2.37545e-07
1.93274e-07
1.51627e-07
1.15196e-07
8.50509e-08
6.08695e-08
4.24735e-08
3.09015e-08
3.33498e-08
4.0529e-08
4.98364e-08
5.78514e-08
6.28894e-08
6.3075e-08
6.14532e-08
6.72387e-08
8.55057e-08
9.51028e-08
7.75651e-08
7.22338e-08
1.00241e-07
1.34566e-07
1.24945e-07
1.37146e-07
1.0593e-07
1.41671e-07
2.57601e-07
4.54636e-07
7.21746e-07
1.08752e-06
1.54943e-06
2.08066e-06
2.70119e-06
3.46658e-06
4.33265e-06
5.37414e-06
6.49706e-06
7.70017e-06
8.88885e-06
9.98425e-06
1.09739e-05
1.1777e-05
1.23339e-05
1.25857e-05
1.25633e-05
1.23101e-05
1.18266e-05
1.11029e-05
1.01195e-05
8.99126e-06
7.81734e-06
6.69347e-06
5.7429e-06
4.96174e-06
4.31892e-06
3.76911e-06
3.32179e-06
2.96146e-06
2.64113e-06
2.34694e-06
2.08426e-06
1.84066e-06
1.63588e-06
0
1.87964e-09
4.69241e-09
8.33834e-09
1.38895e-08
1.90042e-08
2.58187e-08
3.41433e-08
4.30848e-08
5.43118e-08
7.01494e-08
9.41011e-08
1.29409e-07
1.78805e-07
2.40926e-07
3.11818e-07
3.87231e-07
4.66416e-07
5.51356e-07
6.44849e-07
7.31134e-07
7.80767e-07
8.93139e-07
9.36244e-07
9.62704e-07
9.52292e-07
9.07206e-07
8.36849e-07
7.6107e-07
6.87499e-07
6.20629e-07
5.61973e-07
5.0917e-07
4.58935e-07
4.09043e-07
3.588e-07
3.08454e-07
2.59289e-07
2.1232e-07
1.69425e-07
1.31786e-07
9.97788e-08
7.335e-08
5.22282e-08
3.61657e-08
2.46666e-08
1.70325e-08
1.24033e-08
1.32858e-08
1.63313e-08
1.88169e-08
2.01036e-08
2.00069e-08
2.00564e-08
2.44845e-08
3.21173e-08
3.14203e-08
2.63804e-08
3.5754e-08
6.03737e-08
6.16115e-08
7.38308e-08
6.23827e-08
9.13878e-08
1.81547e-07
3.38293e-07
5.67182e-07
8.65996e-07
1.21957e-06
1.68203e-06
2.2027e-06
2.78976e-06
3.55548e-06
4.41813e-06
5.30278e-06
6.17566e-06
6.99187e-06
7.72049e-06
8.33144e-06
8.75163e-06
8.97676e-06
8.9905e-06
8.82792e-06
8.47971e-06
7.96166e-06
7.26233e-06
6.46875e-06
5.63713e-06
4.8405e-06
4.23764e-06
3.72228e-06
3.28579e-06
2.90585e-06
2.59421e-06
2.33996e-06
2.11365e-06
1.90468e-06
1.69996e-06
1.50841e-06
1.34439e-06
0
9.33833e-12
2.52672e-09
4.72555e-09
6.66295e-09
1.02433e-08
1.41918e-08
1.79007e-08
2.29489e-08
3.01461e-08
3.85664e-08
4.91453e-08
6.38199e-08
8.39911e-08
1.10772e-07
1.43612e-07
1.82165e-07
2.27616e-07
2.8117e-07
3.47725e-07
4.28347e-07
5.08402e-07
5.68327e-07
5.97547e-07
5.83881e-07
5.78218e-07
5.78671e-07
5.50664e-07
5.1624e-07
4.86474e-07
4.56267e-07
4.23038e-07
3.88047e-07
3.51553e-07
3.14076e-07
2.76917e-07
2.40679e-07
2.0656e-07
1.74779e-07
1.45125e-07
1.18e-07
9.37285e-08
7.25726e-08
5.46227e-08
3.98521e-08
2.8196e-08
1.94575e-08
1.33061e-08
9.35023e-09
6.90718e-09
5.40066e-09
4.29494e-09
3.36277e-09
2.50371e-09
2.53658e-09
4.12555e-09
7.7076e-09
9.55836e-09
9.30651e-09
1.52447e-08
2.95172e-08
3.35794e-08
4.47469e-08
4.21231e-08
6.87205e-08
1.44129e-07
2.69921e-07
4.44018e-07
6.8662e-07
9.81076e-07
1.31721e-06
1.68401e-06
2.25186e-06
2.86457e-06
3.48413e-06
4.09353e-06
4.66471e-06
5.18067e-06
5.63557e-06
5.95439e-06
6.13264e-06
6.17133e-06
6.07876e-06
5.85078e-06
5.49723e-06
5.01677e-06
4.46789e-06
3.89122e-06
3.40113e-06
3.03752e-06
2.71976e-06
2.44715e-06
2.20981e-06
2.00228e-06
1.82718e-06
1.66311e-06
1.50488e-06
1.34587e-06
1.18922e-06
1.06543e-06
0
0
6.83107e-11
2.36422e-09
4.43202e-09
5.31046e-09
6.85676e-09
9.57652e-09
1.2853e-08
1.62338e-08
2.03567e-08
2.67043e-08
3.47552e-08
4.42076e-08
5.58314e-08
7.08515e-08
8.96884e-08
1.13252e-07
1.43146e-07
1.81543e-07
2.30325e-07
2.87542e-07
3.44802e-07
3.90114e-07
4.17089e-07
4.23683e-07
4.12552e-07
3.89252e-07
3.59239e-07
3.223e-07
2.85811e-07
2.60619e-07
2.3817e-07
2.13794e-07
1.89765e-07
1.6898e-07
1.527e-07
1.37661e-07
1.21478e-07
1.04876e-07
8.86107e-08
7.34084e-08
5.96992e-08
4.76679e-08
3.70288e-08
2.78374e-08
2.02504e-08
1.43087e-08
9.96432e-09
6.98984e-09
5.07188e-09
3.80489e-09
2.87465e-09
2.09707e-09
1.3669e-09
8.89159e-10
1.14839e-09
2.27516e-09
2.23926e-09
3.52294e-09
8.55129e-09
1.75667e-08
2.22549e-08
3.09716e-08
3.19961e-08
5.55968e-08
1.14215e-07
2.11098e-07
3.49427e-07
5.22278e-07
7.21731e-07
9.64937e-07
1.32773e-06
1.73176e-06
2.14612e-06
2.54871e-06
2.92893e-06
3.30673e-06
3.62103e-06
3.84745e-06
3.98242e-06
4.02535e-06
3.97742e-06
3.83826e-06
3.61427e-06
3.31015e-06
2.96602e-06
2.60639e-06
2.3573e-06
2.14321e-06
1.95066e-06
1.77996e-06
1.62728e-06
1.48907e-06
1.37471e-06
1.26735e-06
1.16113e-06
1.05205e-06
9.42011e-07
8.44943e-07
0
0
0
1.83225e-11
1.53608e-09
3.06018e-09
4.4489e-09
5.09485e-09
6.26634e-09
8.5501e-09
1.16296e-08
1.48344e-08
1.83433e-08
2.32696e-08
2.98926e-08
3.7843e-08
4.79869e-08
6.05214e-08
7.66445e-08
9.75087e-08
1.24497e-07
1.57126e-07
1.93779e-07
2.30763e-07
2.62315e-07
2.83628e-07
2.925e-07
2.88408e-07
2.74361e-07
2.53909e-07
2.29907e-07
2.05272e-07
1.81172e-07
1.58987e-07
1.38974e-07
1.20363e-07
1.03761e-07
9.23545e-08
8.1638e-08
7.08463e-08
6.191e-08
5.51355e-08
4.77681e-08
3.99122e-08
3.23145e-08
2.53366e-08
1.9249e-08
1.42709e-08
1.03203e-08
7.30986e-09
5.18854e-09
3.77035e-09
2.81384e-09
2.07056e-09
1.40772e-09
8.1973e-10
4.58579e-10
7.37491e-10
1.5711e-09
1.11968e-09
2.09726e-09
6.68807e-09
1.30613e-08
1.72852e-08
2.33936e-08
2.5131e-08
4.34605e-08
8.66768e-08
1.54685e-07
2.45608e-07
3.62787e-07
5.0698e-07
6.92751e-07
9.42218e-07
1.19892e-06
1.45966e-06
1.72959e-06
1.97254e-06
2.17539e-06
2.32942e-06
2.42862e-06
2.46893e-06
2.44945e-06
2.3703e-06
2.23784e-06
2.05737e-06
1.85133e-06
1.69987e-06
1.58322e-06
1.4731e-06
1.37096e-06
1.27706e-06
1.19029e-06
1.10792e-06
1.03043e-06
9.55003e-07
8.77829e-07
7.96959e-07
7.14931e-07
6.42565e-07
0
0
0
0
3.796e-12
2.5988e-10
1.68015e-09
3.03134e-09
4.19227e-09
4.74354e-09
5.78122e-09
7.75463e-09
1.03921e-08
1.33772e-08
1.64852e-08
2.02311e-08
2.52841e-08
3.24622e-08
4.17948e-08
5.37532e-08
6.91524e-08
8.78638e-08
1.09621e-07
1.32951e-07
1.56864e-07
1.77835e-07
1.93057e-07
2.01586e-07
2.02524e-07
1.96963e-07
1.86208e-07
1.72538e-07
1.57356e-07
1.41888e-07
1.26767e-07
1.12557e-07
9.9211e-08
8.70162e-08
7.58204e-08
6.57547e-08
5.62587e-08
4.84117e-08
4.14478e-08
3.47569e-08
2.9173e-08
2.44171e-08
1.9733e-08
1.52106e-08
1.12646e-08
8.05127e-09
5.64434e-09
4.02118e-09
2.94035e-09
2.18226e-09
1.57992e-09
1.03583e-09
5.5003e-10
2.75516e-10
5.47194e-10
1.16657e-09
7.42667e-10
1.89657e-09
5.96833e-09
1.0639e-08
1.37749e-08
1.86053e-08
1.92184e-08
3.0623e-08
5.74354e-08
1.00908e-07
1.6066e-07
2.34598e-07
3.18723e-07
4.30278e-07
5.85896e-07
7.53714e-07
9.16332e-07
1.06496e-06
1.19194e-06
1.2888e-06
1.35342e-06
1.38304e-06
1.38416e-06
1.35457e-06
1.28954e-06
1.19347e-06
1.14259e-06
1.0923e-06
1.03894e-06
9.85632e-07
9.33359e-07
8.82464e-07
8.31545e-07
7.815e-07
7.35226e-07
6.88642e-07
6.39178e-07
5.85996e-07
5.31205e-07
4.82548e-07
0
0
0
0
0
6.91801e-13
4.05559e-12
2.28692e-10
1.61629e-09
2.84207e-09
3.84863e-09
4.45887e-09
5.3446e-09
6.91448e-09
9.06812e-09
1.16815e-08
1.47383e-08
1.84013e-08
2.30257e-08
2.91881e-08
3.74887e-08
4.84706e-08
6.181e-08
7.68526e-08
9.27866e-08
1.0831e-07
1.22365e-07
1.3351e-07
1.40906e-07
1.44384e-07
1.43926e-07
1.40245e-07
1.34299e-07
1.26984e-07
1.18538e-07
1.094e-07
9.96846e-08
8.98753e-08
8.00651e-08
7.06245e-08
6.17631e-08
5.35275e-08
4.58352e-08
3.87973e-08
3.22164e-08
2.65039e-08
2.13396e-08
1.67436e-08
1.29967e-08
9.82616e-09
7.06702e-09
4.93456e-09
3.4275e-09
2.4285e-09
1.77723e-09
1.28853e-09
8.36867e-10
4.18887e-10
1.89509e-10
4.13942e-10
9.00564e-10
9.02058e-10
1.70629e-09
4.79533e-09
8.33265e-09
1.0339e-08
1.45252e-08
1.36036e-08
1.92252e-08
3.4079e-08
5.89615e-08
9.27494e-08
1.33304e-07
1.84638e-07
2.43957e-07
3.16052e-07
4.04599e-07
4.87791e-07
5.60257e-07
6.222e-07
6.75719e-07
7.09048e-07
7.20462e-07
7.09439e-07
7.19108e-07
7.18364e-07
7.08964e-07
6.93655e-07
6.74861e-07
6.54082e-07
6.31843e-07
6.08182e-07
5.82562e-07
5.55484e-07
5.26289e-07
4.95207e-07
4.61288e-07
4.24184e-07
3.85623e-07
3.51201e-07
0
0
0
0
0
0
0
7.24763e-13
1.74335e-12
9.74462e-11
1.39281e-09
2.14879e-09
3.46327e-09
4.20718e-09
4.91584e-09
6.03567e-09
7.80696e-09
1.00321e-08
1.30412e-08
1.69063e-08
2.16778e-08
2.75553e-08
3.45959e-08
4.32504e-08
5.32425e-08
6.40847e-08
7.47786e-08
8.42555e-08
9.2683e-08
9.92253e-08
1.03412e-07
1.05394e-07
1.05614e-07
1.04224e-07
1.01501e-07
9.76962e-08
9.27992e-08
8.68053e-08
8.01652e-08
7.29497e-08
6.5345e-08
5.76835e-08
5.01732e-08
4.31357e-08
3.65613e-08
3.05129e-08
2.49727e-08
1.99745e-08
1.55922e-08
1.18081e-08
8.62509e-09
6.17265e-09
4.3521e-09
3.01521e-09
2.1233e-09
1.53419e-09
1.08688e-09
7.0033e-10
3.51058e-10
1.4108e-10
2.93663e-10
7.16064e-10
8.68988e-10
1.28056e-09
3.18757e-09
6.01414e-09
7.15457e-09
9.90899e-09
9.35071e-09
1.1541e-08
1.79732e-08
3.06345e-08
4.92194e-08
7.36159e-08
1.024e-07
1.34474e-07
1.6802e-07
2.04706e-07
2.45649e-07
2.8468e-07
3.19936e-07
3.51022e-07
3.76047e-07
3.95393e-07
4.08779e-07
4.16489e-07
4.19456e-07
4.18765e-07
4.15642e-07
4.11328e-07
4.04444e-07
3.94994e-07
3.83003e-07
3.68807e-07
3.53354e-07
3.35474e-07
3.15087e-07
2.92171e-07
2.67928e-07
2.46053e-07
0
0
0
0
0
0
0
0
0
1.08925e-14
3.15815e-14
8.91858e-11
9.70386e-10
1.40547e-09
2.5751e-09
4.0093e-09
4.67135e-09
5.53905e-09
6.83268e-09
8.75016e-09
1.16538e-08
1.54307e-08
1.99521e-08
2.54411e-08
3.15577e-08
3.80965e-08
4.46329e-08
5.12732e-08
5.76497e-08
6.08057e-08
6.38887e-08
6.82996e-08
7.34344e-08
7.7315e-08
7.89467e-08
7.92306e-08
7.81076e-08
7.58226e-08
7.25595e-08
6.82769e-08
6.32269e-08
5.745e-08
5.12078e-08
4.48312e-08
3.84541e-08
3.23918e-08
2.68513e-08
2.18885e-08
1.75026e-08
1.36109e-08
1.02956e-08
7.51529e-09
5.29828e-09
3.62577e-09
2.49218e-09
1.7713e-09
1.28953e-09
9.28473e-10
6.04319e-10
3.00213e-10
1.09284e-10
1.9441e-10
5.57058e-10
6.67965e-10
7.76061e-10
1.73256e-09
3.76169e-09
4.53175e-09
5.77707e-09
6.70453e-09
6.67062e-09
9.10276e-09
1.50918e-08
2.48011e-08
3.75788e-08
5.29041e-08
7.17728e-08
9.34042e-08
1.15678e-07
1.37798e-07
1.58631e-07
1.77467e-07
1.95375e-07
2.14249e-07
2.30334e-07
2.4291e-07
2.52158e-07
2.58491e-07
2.62257e-07
2.63773e-07
2.63156e-07
2.60492e-07
2.55715e-07
2.4895e-07
2.40158e-07
2.29237e-07
2.16341e-07
2.01608e-07
1.85879e-07
1.71605e-07
0
0
0
0
0
0
0
0
0
0
0
0
1.80669e-14
3.92066e-11
5.18711e-10
8.01742e-10
1.02252e-09
2.63536e-09
4.48413e-09
5.07863e-09
5.53988e-09
6.90779e-09
9.88631e-09
1.36955e-08
1.77798e-08
2.23314e-08
2.69881e-08
3.18406e-08
3.65228e-08
4.09637e-08
4.49654e-08
4.605e-08
4.57546e-08
4.50633e-08
4.42297e-08
4.4588e-08
4.77569e-08
5.25142e-08
5.74452e-08
5.84178e-08
5.67926e-08
5.34715e-08
4.92232e-08
4.42551e-08
3.89683e-08
3.34509e-08
2.81197e-08
2.30702e-08
1.84898e-08
1.45176e-08
1.1145e-08
8.36323e-09
6.06935e-09
4.27009e-09
2.91781e-09
1.9821e-09
1.38213e-09
1.01094e-09
7.43485e-10
4.94503e-10
2.56336e-10
9.19695e-11
1.26602e-10
4.08059e-10
3.88811e-10
3.55691e-10
7.61676e-10
1.95282e-09
2.56645e-09
3.05144e-09
4.13975e-09
3.67529e-09
4.67811e-09
7.15517e-09
1.19681e-08
1.88643e-08
2.78715e-08
3.83746e-08
4.98234e-08
6.16256e-08
7.52718e-08
8.96446e-08
1.03366e-07
1.15807e-07
1.26945e-07
1.36413e-07
1.44197e-07
1.50285e-07
1.54811e-07
1.5783e-07
1.59349e-07
1.5939e-07
1.58007e-07
1.55208e-07
1.50966e-07
1.45244e-07
1.38122e-07
1.2969e-07
1.20576e-07
1.12301e-07
0
0
0
0
0
0
0
0
0
0
0
0
0
0
3.13712e-15
1.06058e-13
1.02598e-10
3.34192e-10
2.88421e-10
4.44177e-10
2.51609e-09
4.29892e-09
4.74589e-09
5.20344e-09
6.79393e-09
1.00234e-08
1.4152e-08
1.8184e-08
2.18537e-08
2.54981e-08
2.87645e-08
3.18583e-08
3.47885e-08
3.5485e-08
3.53244e-08
3.47936e-08
3.39685e-08
3.28503e-08
3.17632e-08
3.07427e-08
3.1374e-08
3.60451e-08
4.12758e-08
4.15504e-08
3.84724e-08
3.42083e-08
2.95583e-08
2.48541e-08
2.03512e-08
1.61974e-08
1.25098e-08
9.36139e-09
6.81817e-09
4.82028e-09
3.34386e-09
2.24862e-09
1.5169e-09
1.05637e-09
7.68626e-10
5.62913e-10
3.7972e-10
2.00616e-10
7.18178e-11
8.83045e-11
3.06292e-10
2.92306e-10
6.6859e-11
2.31626e-10
8.11445e-10
1.23233e-09
1.46903e-09
2.057e-09
2.04689e-09
2.35068e-09
3.37069e-09
5.72363e-09
9.41444e-09
1.41818e-08
2.00973e-08
2.70239e-08
3.47441e-08
4.28016e-08
5.07592e-08
5.83232e-08
6.52838e-08
7.22607e-08
7.9037e-08
8.51064e-08
9.01676e-08
9.41357e-08
9.69254e-08
9.85459e-08
9.90206e-08
9.83838e-08
9.67019e-08
9.39758e-08
9.02216e-08
8.55424e-08
8.03074e-08
7.53981e-08
0
0
0
0
0
0
0
0
0
0
0
0
0
0
0
0
1.62429e-17
2.07638e-14
9.96353e-12
5.85098e-11
3.36472e-17
1.20598e-11
5.99991e-10
2.54479e-09
4.12237e-09
4.52844e-09
4.75105e-09
5.50287e-09
7.55437e-09
1.09471e-08
1.49595e-08
1.83389e-08
2.14882e-08
2.41072e-08
2.65542e-08
2.68782e-08
2.6878e-08
2.67278e-08
2.64647e-08
2.60087e-08
2.54079e-08
2.46064e-08
2.36374e-08
2.27557e-08
2.38497e-08
2.79424e-08
2.96554e-08
2.66983e-08
2.27795e-08
1.878e-08
1.49532e-08
1.15638e-08
8.61462e-09
6.17183e-09
4.22351e-09
2.79745e-09
1.79409e-09
1.1794e-09
7.99219e-10
5.77731e-10
4.23638e-10
2.84833e-10
1.51807e-10
5.37583e-11
6.53528e-11
2.34113e-10
2.42487e-10
4.09696e-11
1.4801e-11
2.24538e-10
4.67302e-10
6.00695e-10
8.83294e-10
1.09137e-09
1.12709e-09
1.5878e-09
2.66769e-09
4.62509e-09
7.32006e-09
1.0687e-08
1.45832e-08
1.87995e-08
2.35279e-08
2.85634e-08
3.3589e-08
3.84555e-08
4.29642e-08
4.69562e-08
5.0358e-08
5.31299e-08
5.52325e-08
5.66745e-08
5.7436e-08
5.75195e-08
5.69416e-08
5.56929e-08
5.4138e-08
5.21074e-08
4.9668e-08
4.73018e-08
0
0
0
0
0
0
0
0
0
0
0
0
0
0
0
0
0
0
1.19538e-17
3.02726e-15
1.27511e-14
0
1.82732e-17
3.17856e-15
1.90109e-11
6.58873e-10
2.25349e-09
3.48444e-09
4.05306e-09
3.93612e-09
3.7574e-09
3.8009e-09
5.08511e-09
6.93553e-09
1.00256e-08
1.40302e-08
1.71146e-08
1.89542e-08
1.99903e-08
2.05533e-08
2.07971e-08
2.06898e-08
2.05374e-08
2.0141e-08
1.95148e-08
1.86079e-08
1.76174e-08
1.71872e-08
1.9109e-08
2.01011e-08
1.77115e-08
1.44552e-08
1.1317e-08
8.48837e-09
6.13064e-09
4.21549e-09
2.74484e-09
1.68566e-09
1.02197e-09
6.31633e-10
4.40551e-10
3.20659e-10
2.17224e-10
1.17237e-10
4.1676e-11
4.79379e-11
1.73139e-10
1.94506e-10
3.43413e-11
7.07754e-12
8.56183e-11
1.04102e-10
1.67434e-10
3.03166e-10
5.09066e-10
5.07524e-10
7.28936e-10
1.22156e-09
2.20613e-09
3.62647e-09
5.48501e-09
7.77433e-09
1.0332e-08
1.30831e-08
1.58925e-08
1.86851e-08
2.13199e-08
2.37096e-08
2.61761e-08
2.83792e-08
3.03016e-08
3.18222e-08
3.29303e-08
3.36354e-08
3.38897e-08
3.37487e-08
3.31973e-08
3.22804e-08
3.11312e-08
2.99706e-08
0
0
0
0
0
0
0
0
0
0
0
0
0
0
0
0
0
0
0
0
0
3.58723e-16
0
0
6.10482e-18
3.11964e-17
3.52304e-15
1.44378e-11
2.71138e-10
1.08135e-09
2.07649e-09
2.62495e-09
2.83593e-09
2.49353e-09
2.01834e-09
1.4764e-09
1.04536e-09
1.9565e-09
4.54883e-09
7.94032e-09
1.21085e-08
1.45992e-08
1.60852e-08
1.66646e-08
1.67504e-08
1.6495e-08
1.60663e-08
1.53608e-08
1.44283e-08
1.33164e-08
1.22224e-08
1.25302e-08
1.27758e-08
1.11234e-08
8.70422e-09
6.43804e-09
4.5113e-09
2.9772e-09
1.84636e-09
1.07475e-09
6.0437e-10
3.69481e-10
2.48143e-10
1.70123e-10
9.59042e-11
3.40744e-11
3.03161e-11
1.26566e-10
1.52705e-10
3.30801e-11
2.98855e-12
5.49031e-11
8.49259e-11
4.21013e-11
4.00487e-11
1.70537e-10
2.07988e-10
3.00664e-10
5.06667e-10
9.58782e-10
1.71215e-09
2.7287e-09
3.95279e-09
5.31486e-09
6.80047e-09
8.42891e-09
1.01205e-08
1.17512e-08
1.32896e-08
1.46961e-08
1.5926e-08
1.69553e-08
1.77809e-08
1.8373e-08
1.87266e-08
1.88504e-08
1.8952e-08
1.88852e-08
1.86846e-08
1.84156e-08
0
0
0
0
0
0
0
0
0
0
0
0
0
0
0
0
0
0
0
0
0
0
0
0
0
0
0
8.25925e-18
3.00426e-17
4.34844e-16
4.35952e-15
1.26292e-11
1.47561e-10
4.38303e-10
8.14547e-10
1.0853e-09
1.07718e-09
8.47334e-10
3.70347e-10
2.54887e-12
5.67564e-12
7.39957e-10
3.58954e-09
7.2753e-09
1.11238e-08
1.29172e-08
1.3495e-08
1.3498e-08
1.30571e-08
1.24897e-08
1.16774e-08
1.07162e-08
9.60093e-09
8.44685e-09
7.61603e-09
7.34773e-09
6.52715e-09
4.91634e-09
3.40222e-09
2.18394e-09
1.28064e-09
6.96771e-10
3.76941e-10
2.22981e-10
1.46712e-10
8.64417e-11
3.40147e-11
1.56078e-11
6.98484e-11
1.22195e-10
3.76034e-11
1.60878e-12
2.82088e-11
6.81226e-11
4.02693e-11
1.6118e-11
2.58014e-11
5.05929e-11
7.87698e-11
1.58014e-10
3.36931e-10
6.8026e-10
1.18509e-09
1.82974e-09
2.60623e-09
3.45956e-09
4.35896e-09
5.26227e-09
6.13494e-09
6.95622e-09
7.77868e-09
8.56764e-09
9.27788e-09
9.87501e-09
1.03442e-08
1.07097e-08
1.09729e-08
1.11503e-08
1.12744e-08
1.13473e-08
0
0
0
0
0
0
0
0
0
0
0
0
0
0
0
0
0
0
0
0
0
0
0
0
0
0
0
0
0
0
0
1.31392e-17
2.9048e-17
5.03653e-17
1.19046e-15
4.78439e-13
6.43551e-12
5.94005e-11
1.48019e-10
1.93357e-10
2.85202e-11
2.27552e-20
2.62088e-20
2.68889e-12
1.29353e-10
2.00631e-09
4.98186e-09
8.56734e-09
1.01925e-08
1.06755e-08
1.05511e-08
9.97936e-09
9.28169e-09
8.47583e-09
7.55344e-09
6.60506e-09
5.60985e-09
4.63161e-09
3.88408e-09
3.33116e-09
2.53104e-09
1.60878e-09
9.2351e-10
4.80555e-10
2.43187e-10
1.41118e-10
8.83114e-11
4.32702e-11
1.25674e-11
1.99618e-11
8.46305e-11
4.978e-11
2.74717e-12
8.41471e-12
5.04423e-11
4.13005e-11
1.68823e-11
1.25514e-11
2.85774e-11
9.51524e-12
4.52986e-12
4.45401e-11
1.70044e-10
4.02943e-10
7.30132e-10
1.1298e-09
1.58353e-09
2.08961e-09
2.6197e-09
3.16489e-09
3.69345e-09
4.20194e-09
4.66976e-09
5.09366e-09
5.47376e-09
5.81787e-09
6.16813e-09
6.5157e-09
6.85225e-09
7.12918e-09
0
0
0
0
0
0
0
0
0
0
0
0
0
0
0
0
0
0
0
0
0
0
0
0
0
0
0
0
0
0
0
0
0
0
0
1.58766e-18
1.27276e-17
2.34579e-17
3.57159e-17
5.79614e-16
1.11606e-12
6.64939e-12
6.98284e-21
1.16567e-20
1.60833e-20
1.95729e-20
1.44623e-12
1.89387e-11
1.04821e-09
3.28699e-09
6.01263e-09
7.58468e-09
8.01363e-09
7.77804e-09
7.27964e-09
6.57329e-09
5.83398e-09
5.06479e-09
4.26281e-09
3.50843e-09
2.77352e-09
2.08479e-09
1.5435e-09
1.10909e-09
6.63759e-10
3.43284e-10
1.73921e-10
9.74842e-11
5.52505e-11
2.39115e-11
5.37036e-12
3.79165e-11
5.69807e-11
1.11641e-11
8.65233e-13
2.44813e-11
3.93524e-11
2.08314e-11
8.30249e-12
1.61092e-11
1.80205e-11
2.34892e-12
5.32109e-12
4.01048e-11
1.29915e-10
2.72478e-10
4.60285e-10
6.89022e-10
9.47878e-10
1.24556e-09
1.56144e-09
1.88758e-09
2.22495e-09
2.56756e-09
2.95619e-09
3.36486e-09
3.80011e-09
4.26198e-09
4.74232e-09
5.17735e-09
0
0
0
0
0
0
0
0
0
0
0
0
0
0
0
0
0
0
0
0
0
0
0
0
0
0
0
0
0
0
0
0
0
0
0
0
0
0
0
0
5.83875e-18
1.18277e-17
1.29965e-17
0
0
4.37561e-21
8.35862e-21
1.19428e-20
1.47924e-20
4.92391e-13
2.49206e-12
2.58047e-10
1.62884e-09
3.11874e-09
4.72485e-09
5.3285e-09
5.32714e-09
4.93588e-09
4.4124e-09
3.78593e-09
3.15459e-09
2.57171e-09
2.00573e-09
1.51266e-09
1.08191e-09
7.02149e-10
4.36671e-10
2.46829e-10
1.27526e-10
7.28345e-11
4.08019e-11
1.39853e-11
3.2425e-12
3.23196e-11
3.24714e-11
1.02564e-12
4.7629e-12
2.99184e-11
2.20021e-11
8.75702e-12
7.84539e-12
1.7972e-11
4.29247e-12
1.26322e-12
1.54348e-11
7.44891e-11
1.84555e-10
3.38478e-10
5.27775e-10
7.42288e-10
9.79636e-10
1.23623e-09
1.51353e-09
1.80619e-09
2.11808e-09
2.45812e-09
2.83412e-09
3.24941e-09
3.68906e-09
4.09122e-09
0
0
0
0
0
0
0
0
0
0
0
0
0
0
0
0
0
0
0
0
0
0
0
0
0
0
0
0
0
0
0
0
0
0
0
0
0
0
0
0
0
0
0
6.93816e-19
2.13053e-18
0
0
0
2.71497e-21
5.74893e-21
8.34567e-21
1.04441e-20
1.18193e-20
7.92401e-13
1.95592e-12
1.55222e-10
9.1314e-10
1.7048e-09
2.49835e-09
2.99437e-09
2.938e-09
2.66805e-09
2.25743e-09
1.82515e-09
1.40648e-09
1.05321e-09
7.38376e-10
5.02013e-10
3.07004e-10
1.67172e-10
9.166e-11
5.51015e-11
3.22218e-11
9.84095e-12
2.58385e-12
2.69235e-11
1.27292e-11
1.39511e-13
1.36994e-11
2.02388e-11
1.00298e-11
4.24417e-12
1.17352e-11
6.33786e-12
5.35148e-13
6.74826e-12
4.53297e-11
1.28775e-10
2.56186e-10
4.19558e-10
6.10102e-10
8.21503e-10
1.05022e-09
1.29371e-09
1.55432e-09
1.8342e-09
2.1361e-09
2.4622e-09
2.81012e-09
3.13915e-09
0
0
0
0
0
0
0
0
0
0
0
0
0
0
0
0
0
0
0
0
0
0
0
0
0
0
0
0
0
0
0
0
0
0
0
0
0
0
0
0
0
0
0
0
0
0
0
0
0
0
0
8.28644e-22
3.05866e-21
4.79985e-21
6.15559e-21
7.1574e-21
7.72887e-21
9.87165e-14
7.99516e-13
1.29814e-12
1.45798e-10
5.78235e-10
9.57593e-10
1.30844e-09
1.3739e-09
1.2091e-09
9.66251e-10
7.19729e-10
5.07764e-10
3.38707e-10
2.161e-10
1.29973e-10
6.67153e-11
3.98353e-11
2.51461e-11
6.70223e-12
2.39661e-12
2.4893e-11
3.77431e-12
1.57311e-12
1.47859e-11
9.70516e-12
2.64438e-12
6.42948e-12
5.81039e-12
2.40487e-13
4.50613e-12
3.44341e-11
1.02906e-10
2.07904e-10
3.43613e-10
5.04169e-10
6.88125e-10
8.9225e-10
1.11457e-09
1.35411e-09
1.61231e-09
1.89128e-09
2.19171e-09
2.47794e-09
0
0
0
0
0
0
0
0
0
0
0
0
0
0
0
0
0
0
0
0
0
0
0
0
0
0
0
0
0
0
0
0
0
0
0
0
0
0
0
0
0
0
0
0
0
0
0
0
0
0
0
0
0
0
0
3.35503e-22
1.64189e-21
2.59296e-21
3.26553e-21
3.7145e-21
4.01381e-21
4.15083e-21
4.55505e-14
4.03974e-13
9.63728e-12
1.51028e-10
3.99917e-10
5.88255e-10
5.90816e-10
4.8466e-10
3.50012e-10
2.34388e-10
1.48565e-10
9.16215e-11
5.59638e-11
2.94135e-11
1.77058e-11
3.94143e-12
3.13282e-12
1.51375e-11
1.31236e-12
4.06509e-12
1.07698e-11
3.58481e-12
3.14383e-12
3.26695e-12
1.0808e-13
4.39744e-12
3.19544e-11
9.15637e-11
1.8108e-10
2.97825e-10
4.37177e-10
5.95262e-10
7.69519e-10
9.60992e-10
1.17537e-09
1.41537e-09
1.68063e-09
1.93949e-09
0
0
0
0
0
0
0
0
0
0
0
0
0
0
0
0
0
0
0
0
0
0
0
0
0
0
0
0
0
0
0
0
0
0
0
0
0
0
0
0
0
0
0
0
0
0
0
0
0
0
0
0
0
0
0
0
0
0
0
0
1.51333e-22
8.01187e-22
1.2485e-21
1.52552e-21
1.71464e-21
1.93583e-21
2.20669e-21
1.6144e-13
8.1317e-12
1.26123e-10
2.50732e-10
2.93154e-10
2.40458e-10
1.64154e-10
1.04553e-10
6.37041e-11
3.81303e-11
2.43444e-11
1.22675e-11
2.07251e-12
5.01853e-12
8.01519e-12
1.9105e-13
6.53533e-12
4.07815e-12
7.22378e-13
2.34507e-12
5.44998e-14
7.1637e-12
4.05896e-11
9.41494e-11
1.7062e-10
2.72685e-10
3.94528e-10
5.34677e-10
6.93231e-10
8.69823e-10
1.06799e-09
1.2876e-09
1.50821e-09
0
0
0
0
0
0
0
0
0
0
0
0
0
0
0
0
0
0
0
0
0
0
0
0
0
0
0
0
0
0
0
0
0
0
0
0
0
0
0
0
0
0
0
0
0
0
0
0
0
0
0
0
0
0
0
0
0
0
0
0
0
0
0
0
0
1.1722e-22
4.47457e-22
6.52554e-22
8.19465e-22
1.16028e-21
2.70656e-14
1.31405e-13
4.8039e-11
1.24237e-10
1.44817e-10
1.15736e-10
7.25191e-11
4.36788e-11
2.50283e-11
1.34178e-11
9.17456e-12
4.04166e-12
8.38138e-12
8.4418e-13
2.40535e-12
5.70018e-12
3.92413e-13
8.56653e-13
6.11276e-13
1.3198e-11
4.73024e-11
1.06914e-10
1.88039e-10
2.80713e-10
3.87364e-10
5.15315e-10
6.65758e-10
8.4531e-10
1.05187e-09
1.26401e-09
0
0
0
0
0
0
0
0
0
0
0
0
0
0
0
0
0
0
0
0
0
0
0
0
0
0
0
0
0
0
0
0
0
0
0
0
0
0
0
0
0
0
0
0
0
0
0
0
0
0
0
0
0
0
0
0
0
0
0
0
0
0
0
0
0
0
0
0
0
8.70014e-23
2.686e-22
3.82197e-22
7.1896e-22
1.01871e-15
6.51485e-14
2.24799e-11
6.30087e-11
6.6439e-11
4.99874e-11
2.79824e-11
1.54762e-11
7.08468e-12
2.88026e-12
8.02889e-12
4.95099e-12
9.40203e-13
3.94395e-12
2.7515e-13
4.58202e-14
4.61352e-12
3.49066e-11
8.29104e-11
1.44519e-10
2.22403e-10
3.25217e-10
4.50008e-10
5.92758e-10
7.63432e-10
9.78951e-10
1.20226e-09
0
0
0
0
0
0
0
0
0
0
0
0
0
0
0
0
0
0
0
0
0
0
0
0
0
0
0
0
0
0
0
0
0
0
0
0
0
0
0
0
0
0
0
0
0
0
0
0
0
0
0
0
0
0
0
0
0
0
0
0
0
0
0
0
0
0
0
0
0
0
0
0
5.97366e-24
1.24704e-22
1.8839e-22
5.18907e-22
1.11856e-21
3.06712e-14
8.57125e-12
2.82536e-11
2.5382e-11
1.86004e-11
1.06544e-11
4.47113e-12
4.7886e-13
2.44223e-12
1.76102e-12
2.18432e-12
5.67532e-13
5.81348e-12
3.72309e-11
8.03897e-11
1.35449e-10
2.17606e-10
3.36824e-10
4.98729e-10
6.59063e-10
8.06068e-10
9.36863e-10
1.05392e-09
0
0
0
0
0
0
0
0
0
0
0
0
0
0
0
0
0
0
0
0
0
0
0
0
0
0
0
0
0
0
0
0
0
0
0
0
0
0
0
0
0
0
0
0
0
0
0
0
0
0
0
0
0
0
0
0
0
0
0
0
0
0
0
0
0
0
0
0
0
0
0
0
0
0
0
0
5.77596e-23
9.38229e-23
3.74611e-22
9.68511e-22
1.08156e-14
2.10858e-12
1.01457e-11
1.00285e-11
2.76808e-12
4.67643e-13
2.66408e-13
7.10447e-13
1.52597e-12
1.68029e-11
5.83961e-11
1.3127e-10
1.96372e-10
1.79668e-10
1.55248e-10
1.98431e-10
2.94394e-10
3.95269e-10
4.66913e-10
5.25816e-10
0
0
0
0
0
0
0
0
0
0
0
0
0
0
0
0
0
0
0
0
0
0
0
0
0
0
0
0
0
0
0
0
0
0
0
0
0
0
0
0
0
0
0
0
0
0
0
0
0
0
0
0
0
0
0
0
0
0
0
0
0
0
0
0
0
0
0
0
0
0
0
0
0
0
0
0
0
0
0
1.8704e-23
3.6158e-23
1.86609e-22
6.37113e-22
1.89232e-15
1.22967e-13
7.0136e-13
1.23578e-12
3.58886e-13
1.6253e-11
5.15857e-11
9.82664e-11
4.36252e-11
6.5024e-11
7.78956e-11
7.06415e-11
7.34811e-11
7.29039e-11
8.16997e-11
9.16595e-11
1.01914e-10
0
0
0
0
0
0
0
0
0
0
0
0
0
0
0
0
0
0
0
0
0
0
0
0
0
0
0
0
0
0
0
0
0
0
0
0
0
0
0
0
0
0
0
0
0
0
0
0
0
0
0
0
0
0
0
0
0
0
0
0
0
0
0
0
0
0
0
0
0
0
0
0
0
0
0
0
0
0
0
0
0
0
2.13066e-24
6.6413e-24
9.07639e-24
4.22902e-24
2.97389e-17
5.57638e-17
2.32568e-12
2.08996e-11
4.3901e-11
1.10085e-11
1.47456e-11
1.67431e-11
2.1402e-11
2.67495e-11
3.28086e-11
5.44826e-11
7.02085e-11
7.21624e-11
0
0
0
0
0
0
0
0
0
0
0
0
0
0
0
0
0
0
0
0
0
0
0
0
0
0
0
0
0
0
0
0
0
0
0
0
0
0
0
0
0
0
0
0
0
0
0
0
0
0
0
0
0
0
0
0
0
0
0
0
0
0
0
0
0
0
0
0
0
0
0
0
0
0
0
0
0
0
0
0
0
0
0
0
0
0
4.13464e-27
1.20052e-22
1.99268e-22
3.53575e-23
4.18174e-16
5.03082e-14
2.89743e-12
7.60422e-12
6.17634e-12
9.73e-12
1.38597e-11
1.40815e-11
1.88129e-11
2.23192e-11
0
0
0
0
0
0
0
0
0
0
0
0
0
0
0
0
0
0
0
0
0
0
0
0
0
0
0
0
0
0
0
0
0
0
0
0
0
0
0
0
0
0
0
0
0
0
0
0
0
0
0
0
0
0
0
0
0
0
0
0
0
0
0
0
0
0
0
0
0
0
0
0
0
0
0
0
0
0
0
0
0
0
0
0
0
0
0
0
0
1.38974e-24
9.95508e-24
2.18899e-23
9.00968e-24
1.21605e-23
3.4811e-16
1.61282e-15
1.03898e-12
4.22256e-12
7.45145e-12
6.58684e-12
0
0
0
0
0
0
0
0
0
0
0
0
0
0
0
0
0
0
0
0
0
0
0
0
0
0
0
0
0
0
0
0
0
0
0
0
0
0
0
0
0
0
0
0
0
0
0
0
0
0
0
0
0
0
0
0
0
0
0
0
0
0
0
0
0
0
0
0
0
0
0
0
0
0
0
0
0
0
0
0
0
0
0
0
0
0
0
0
0
0
0
0
0
6.16532e-25
6.41162e-24
2.00866e-23
1.84663e-23
8.76068e-24
7.97241e-24
1.60375e-23
0
0
0
0
0
0
0
0
0
0
0
0
0
0
0
0
0
0
0
0
0
0
0
0
0
0
0
0
0
0
0
0
0
0
0
0
0
0
0
0
0
0
0
0
0
0
0
0
0
0
0
0
0
0
0
0
0
0
0
0
0
0
0
0
0
0
0
0
0
0
0
0
0
0
0
0
0
0
0
0
0
0
0
0
0
0
0
0
0
0
0
0
0
0
0
0
0
0
0
0
0
0
0
0
0
0
0
0
0
0
0
0
0
0
0
0
0
0
0
0
0
0
0
0
0
0
0
0
0
0
0
0
0
0
0
0
0
0
0
0
0
0
0
0
0
0
0
0
0
0
0
0
0
0
0
0
0
0
0
0
0
0
0
0
0
0
0
0
0
0
0
0
0
0
0
0
0
0
0
0
0
0
0
0
0
0
0
0
0
0
0
0
0
0
0
0
0
0
0
0
0
0
0
0
0
0
0
0
0
0
0
0
0
0
0
0
0
0
0
0
0
0
0
0
0
0
0
0
0
0
0
0
0
0
0
0
0
0
0
0
0
0
0
0
0
0
0
0
0
0
0
0
0
0
0
0
0
0
0
0
0
0
0
0
0
0
0
0
0
0
0
0
0
0
0
0
0
0
0
0
0
0
0
0
0
0
0
0
0
0
0
0
0
0
0
0
0
0
0
0
0
0
0
0
0
0
0
0
0
0
0
0
0
0
0
0
0
0
0
0
0
0
0
0
0
0
0
0
0
0
0
0
0
0
0
0
0
0
0
0
0
0
0
0
0
0
0
0
0
0
0
0
0
0
0
0
0
0
0
0
0
0
0
0
0
0
0
0
0
0
0
0
0
0
0
0
0
0
0
0
0
0
0
0
0
0
0
0
0
0
0
0
0
0
0
0
0
0
0
0
0
0
0
0
0
0
0
0
0
0
0
0
0
0
0
0
0
0
0
0
0
0
0
0
0
0
0
0
0
0
0
0
0
0
0
0
0
0
0
0
0
0
0
0
0
0
0
0
0
0
0
0
0
0
0
0
0
0
0
0
0
0
0
0
0
0
0
0
0
0
0
0
0
0
0
0
0
0
0
0
0
0
0
0
0
0
0
0
0
0
0
0
0
0
0
0
0
0
0
0
0
0
0
0
0
0
0
0
0
0
0
0
0
0
0
0
0
0
0
0
0
0
0
0
0
0
0
0
0
0
0
0
0
0
0
0
0
0
0
0
0
0
0
0
0
0
0
0
0
0
0
0
0
0
0
0
0
0
0
0
0
0
0
0
0
0
0
0
0
0
0
0
0
0
0
0
0
0
0
0
0
0
0
0
0
0
0
0
0
0
0
0
0
0
0
0
0
0
0
0
0
0
0
0
0
0
0
0
0
0
0
0
0
0
0
0
0
0
0
0
0
0
0
0
0
0
0
0
0
0
0
0
0
0
0
0
0
0
0
0
0
0
0
0
0
0
0
0
0
0
0
0
0
0
0
0
0
0
0
0
0
0
0
0
0
0
0
0
0
0
0
0
0
0
0
0
0
0
0
0
0
0
0
0
0
0
0
0
0
0
0
0
0
0
0
0
0
0
0
0
0
0
0
0
0
0
0
0
0
0
0
0
0
0
0
0
0
0
0
0
0
0
0
0
0
0
0
0
0
0
0
0
0
0
0
0
0
0
0
0
0
0
0
0
0
0
0
0
0
0
0
0
0
0
0
0
0
0
0
0
0
0
0
0
0
0
0
0
0
0
0
0
0
0
0
0
0
0
0
0
0
0
0
0
0
0
0
0
0
0
0
0
0
0
0
0
0
0
0
0
0
0
0
0
0
0
0
0
0
0
0
0
0
0
0
0
0
0
0
0
0
0
0
0
0
0
0
0
0
0
0
0
0
0
0
0
0
0
0
0
0
0
0
0
0
0
0
0
0
0
0
0
0
0
0
0
0
0
0
0
0
0
0
0
0
0
0
0
0
0
0
0
0
0
0
0
0
0
0
0
0
0
0
0
0
0
0
0
0
0
0
0
0
0
0
0
0
0
0
0
0
0
0
0
0
0
0
0
0
0
0
0
0
0
0
0
0
0
0
0
0
0
0
0
0
0
0
0
0
0
0
0
0
0
0
0
0
0
0
0
0
0
0
0
0
0
0
0
0
0
0
0
0
0
0
0
0
0
0
0
0
0
0
0
0
0
0
0
0
0
0
0
0
0
0
0
0
0
0
0
0
0
0
0
0
0
0
0
0
0
0
0
0
0
0
0
0
0
0
0
0
0
0
0
0
0
0
0
0
0
0
0
0
0
0
0
0
0
0
0
0
0
0
0
0
0
0
0
0
0
0
0
0
0
0
0
0
0
0
0
0
0
0
0
0
0
0
0
0
0
0
0
0
0
0
0
0
0
0
0
0
0
0
0
0
0
0
0
0
0
0
0
0
0
0
0
0
0
0
0
0
0
0
0
0
0
0
0
0
0
0
0
0
0
0
0
0
0
0
0
0
0
0
0
0
0
0
0
0
0
0
0
0
0
0
0
0
0
0
0
0
0
0
0
0
0
0
0
0
0
0
0
0
0
0
0
0
0
0
0
0
0
0
0
0
0
0
0
0
0
0
0
0
0
0
0
0
0
0
0
0
0
0
0
0
0
0
0
0
0
0
0
0
0
0
0
0
0
0
0
0
0
0
0
0
0
0
0
0
0
0
0
0
0
0
0
0
0
0
0
0
0
0
0
0
0
0
0
0
0
0
0
0
0
0
0
0
0
0
0
0
0
0
0
0
0
0
0
0
0
0
0
0
0
0
0
0
0
0
0
0
0
0
0
0
0
0
0
0
0
0
0
0
0
0
0
0
0
0
0
0
0
0
0
0
0
0
0
0
0
0
0
0
0
0
0
0
0
0
0
0
0
0
0
0
0
0
0
0
0
0
0
0
0
0
0
0
0
0
0
0
0
0
0
0
0
0
0
0
0
0
0
0
0
0
0
0
0
0
0
0
0
0
0
0
0
0
0
0
0
0
0
0
0
0
0
0
0
0
0
0
0
0
0
0
0
0
0
0
0
0
0
0
0
0
0
0
0
0
0
0
0
0
0
0
0
0
0
0
0
0
0
0
0
0
0
0
0
0
0
0
0
0
0
0
0
0
0
0
0
0
0
0
0
0
0
0
0
0
0
)
;

boundaryField
{
    AXIS
    {
        type            empty;
    }
    OUTLET
    {
        type            calculated;
        value           nonuniform List<scalar> 
80
(
7.12616e-06
7.11582e-06
7.0929e-06
7.0562e-06
7.01061e-06
6.9575e-06
6.89735e-06
6.83039e-06
6.75637e-06
6.67457e-06
6.58765e-06
6.49384e-06
6.39625e-06
6.30023e-06
6.19583e-06
6.06645e-06
5.90056e-06
5.71937e-06
5.52913e-06
5.32785e-06
5.10686e-06
4.91173e-06
4.76445e-06
4.60632e-06
4.43452e-06
4.26865e-06
4.1154e-06
3.95138e-06
3.78123e-06
3.60705e-06
3.37087e-06
2.99411e-06
2.64781e-06
2.29652e-06
1.94415e-06
1.63588e-06
1.34439e-06
1.06543e-06
8.44943e-07
6.42565e-07
4.82548e-07
3.51201e-07
2.46053e-07
1.71605e-07
1.12301e-07
7.53981e-08
4.73018e-08
2.99706e-08
1.84156e-08
1.13473e-08
7.12918e-09
5.17735e-09
4.09122e-09
3.13915e-09
2.47794e-09
1.93949e-09
1.50821e-09
1.26401e-09
1.20226e-09
1.05392e-09
5.25816e-10
1.01914e-10
7.21624e-11
2.23192e-11
6.58684e-12
1.60375e-23
0
0
0
0
0
0
0
0
0
0
0
0
0
0
)
;
    }
    COFLOW
    {
        type            calculated;
        value           uniform 0;
    }
    PILOT
    {
        type            calculated;
        value           uniform 1.1301e-06;
    }
    FUEL
    {
        type            calculated;
        value           uniform 1.72385e-13;
    }
    WALL
    {
        type            calculated;
        value           uniform 0;
    }
    front
    {
        type            wedge;
    }
    back
    {
        type            wedge;
    }
}


// ************************************************************************* //
