/*--------------------------------*- C++ -*----------------------------------*\
  =========                 |
  \\      /  F ield         | OpenFOAM: The Open Source CFD Toolbox
   \\    /   O peration     | Website:  https://openfoam.org
    \\  /    A nd           | Version:  6
     \\/     M anipulation  |
\*---------------------------------------------------------------------------*/
FoamFile
{
    version     2.0;
    format      ascii;
    class       volScalarField;
    location    "0.1";
    object      CO;
}
// * * * * * * * * * * * * * * * * * * * * * * * * * * * * * * * * * * * * * //

dimensions      [0 0 0 0 0 0 0];

internalField   nonuniform List<scalar> 
8000
(
0.000143499
0.00190029
0.00853784
0.0224451
0.030417
0.0236386
0.0139181
0.00655828
0.00256843
0.000834474
0.000313352
0.000239459
0.000445353
0.00246221
0.00224785
0.002317
0.00831829
0.0540234
0.0135622
0.00885606
0.00958764
0.0118507
0.0186317
0.0314038
0.0384205
0.0418028
0.04293
0.042336
0.0416732
0.0608263
0.0543469
0.0330262
0.0270748
0.021605
0.0178722
0.0155829
0.0145678
0.0151676
0.0188445
0.0228691
0.019495
0.01758
0.0185254
0.021873
0.0266766
0.0319962
0.0361919
0.0397307
0.0426818
0.0766923
0.0544909
0.0496473
0.0484158
0.0484272
0.048435
0.0484476
0.0484433
0.0484245
0.0484204
0.0484107
0.045482
0.0451628
0.0402248
0.0413562
0.0367764
0.0295364
0.0334544
0.0303255
0.0301068
0.0299091
0.035215
0.0292847
0.029355
0.0327846
0.0328096
0.0294749
0.0294609
0.0296418
0.0299178
0.0300609
0.0298774
0.0298589
0.0295211
0.0327217
0.0316964
0.030095
0.0282598
0.0267838
0.0331547
0.022865
0.0205851
0.0186872
0.0174109
0.0163861
0.0140266
0.0128243
0.0120434
0.011463
0.0112172
0.00965916
0.000139287
0.0021097
0.00929597
0.023475
0.03373
0.0236718
0.013252
0.00628535
0.00238214
0.000739729
0.000286268
0.000265132
0.000682758
0.00643645
0.00557877
0.00324438
0.00526367
0.00880493
0.00976756
0.0102138
0.0105337
0.0126811
0.019658
0.0321072
0.0387556
0.0425118
0.0430317
0.0423962
0.0411628
0.0410598
0.035338
0.0315722
0.0266336
0.0221283
0.0192639
0.0173334
0.0162668
0.0166703
0.0205585
0.0457879
0.0223733
0.018854
0.0194862
0.0227322
0.0273678
0.0325155
0.036479
0.0398428
0.0426217
0.0443987
0.0481472
0.0483328
0.0484339
0.0484346
0.0484364
0.0484406
0.0484324
0.0484178
0.0484117
0.0484061
0.0454709
0.0450979
0.0400454
0.0418003
0.0337989
0.0294897
0.0334124
0.0302953
0.0300797
0.0298725
0.0297547
0.0292379
0.0293373
0.0327447
0.0327766
0.0294611
0.0294362
0.0296232
0.0298981
0.030057
0.0298602
0.0298499
0.0294982
0.032699
0.0316952
0.0300697
0.0282323
0.0267614
0.0255191
0.0228354
0.0205691
0.0186696
0.0173963
0.0163814
0.0140114
0.0128141
0.012034
0.0114541
0.0112184
0.00965067
0.000162628
0.00318096
0.0114326
0.0319196
0.0237632
0.0175127
0.00980324
0.00773381
0.00524575
0.000776793
0.00149897
0.000287775
0.000989661
0.0130346
0.0135317
0.00624224
0.00397194
0.00533892
0.0143841
0.0474609
0.0148276
0.0149442
0.0219635
0.0335056
0.0393794
0.0438019
0.0436957
0.0425266
0.0408327
0.0377196
0.0346032
0.030985
0.0267521
0.0234819
0.0223962
0.0216409
0.0201246
0.0199595
0.0209479
0.0223688
0.0204651
0.0198543
0.0211642
0.0244023
0.0287661
0.0335781
0.0371024
0.0406182
0.0426478
0.044448
0.0447733
0.0484053
0.0484563
0.0484468
0.0484326
0.0484225
0.0484128
0.0484009
0.0483907
0.0472065
0.04544
0.0449338
0.0396439
0.0404291
0.033777
0.0293887
0.030365
0.0302277
0.0300209
0.0297943
0.0296297
0.0291486
0.0386782
0.0326561
0.0327049
0.0371674
0.0293819
0.0295823
0.0298543
0.0346808
0.029822
0.0298305
0.0294462
0.0326519
0.0376525
0.0300132
0.028173
0.0267136
0.0252604
0.022778
0.0205343
0.0186312
0.0262042
0.0254722
0.0139777
0.0127918
0.0120133
0.0114346
0.0221618
0.00963198
0.000236274
0.00493643
0.0162005
0.0213808
0.0171197
0.0117945
0.00641462
0.00300892
0.00104332
0.000325547
0.00016462
0.000188319
0.000572279
0.0138989
0.055488
0.00842906
0.00320371
0.00383261
0.0102668
0.0133068
0.0124525
0.0153361
0.0243648
0.0348349
0.04001
0.0556206
0.0443568
0.0426784
0.0404924
0.0375908
0.0347844
0.0312385
0.0275465
0.0251931
0.0262712
0.04537
0.0258084
0.0382788
0.0240044
0.0233695
0.0222671
0.0224886
0.0237785
0.0266935
0.0307957
0.0349781
0.0385197
0.0414533
0.0427676
0.0433299
0.0448297
0.0484538
0.0540545
0.0484358
0.0484091
0.0483917
0.0483857
0.0483795
0.0483619
0.0454032
0.0453694
0.0415315
0.039017
0.0388177
0.0336909
0.0292494
0.0302336
0.0301216
0.0299368
0.0296732
0.0368317
0.0327629
0.0327802
0.032517
0.0325984
0.029244
0.0292986
0.0295207
0.0297884
0.02991
0.029762
0.0298021
0.029363
0.0325875
0.0314737
0.0299246
0.0280837
0.0266427
0.0250554
0.0226973
0.020482
0.0185735
0.0172223
0.0160755
0.0139254
0.0127582
0.0119821
0.011405
0.0109839
0.00960277
0.000204784
0.00827298
0.0547567
0.0269027
0.0143253
0.00818099
0.00378586
0.00136514
0.000437947
0.0001635
0.000795666
0.00072722
0.000809495
0.0067543
0.009596
0.00437362
0.00230849
0.00324239
0.00735153
0.00969978
0.0116027
0.0170277
0.0282225
0.0369517
0.041025
0.0439864
0.0437666
0.0428886
0.0402318
0.0380666
0.0354153
0.0321848
0.0288993
0.0266362
0.026139
0.0257805
0.0247093
0.0248842
0.0259943
0.0450142
0.0259665
0.0264275
0.0272088
0.0294529
0.0329657
0.0365567
0.0391743
0.0415208
0.0429172
0.0446078
0.0448483
0.0484036
0.0496906
0.0483889
0.048363
0.0483534
0.048365
0.0483577
0.0471264
0.0453873
0.0452142
0.0409423
0.0381255
0.0359134
0.0318483
0.0333402
0.0300707
0.0299673
0.0345366
0.0295208
0.0293384
0.0325539
0.0324813
0.0323392
0.0324603
0.0290554
0.0291901
0.0294389
0.0296956
0.0297845
0.029684
0.036395
0.0292455
0.0390276
0.0312841
0.0298093
0.0279647
0.0265501
0.024838
0.0225949
0.0204128
0.0184978
0.0170857
0.0158409
0.0138589
0.0127134
0.0119406
0.0113659
0.0108015
0.009566
0.000149653
0.00870173
0.034128
0.0183884
0.00919896
0.00499074
0.00190349
0.00315162
0.000225615
0.000118804
0.000104442
0.000135289
0.000231603
0.00325394
0.00403953
0.00291405
0.00400413
0.00370583
0.00586674
0.009115
0.0125858
0.0210349
0.0499514
0.0504121
0.0412879
0.0434475
0.043255
0.0429617
0.0411885
0.0387295
0.0364195
0.0336756
0.030686
0.0285377
0.0271995
0.0261281
0.0255391
0.0260549
0.0275282
0.0288693
0.0287992
0.0310524
0.0438185
0.0321999
0.0349103
0.0385694
0.0414601
0.0422152
0.0429858
0.0552692
0.0448229
0.0483207
0.0544538
0.048334
0.048307
0.048313
0.0483465
0.0483086
0.0453314
0.0452897
0.0448938
0.0400921
0.0369733
0.0355751
0.0316945
0.0331125
0.0298773
0.0297483
0.0296189
0.0293377
0.0291349
0.0323001
0.0321848
0.0321177
0.0322929
0.0288636
0.02905
0.0293371
0.0295844
0.0296637
0.0295893
0.0366982
0.0328546
0.0322212
0.0311128
0.0296691
0.0278165
0.0264335
0.0246264
0.0224727
0.0203272
0.0184053
0.0169501
0.0249547
0.01378
0.0126554
0.0118891
0.0113178
0.0106542
0.00952271
0.000102682
0.0051889
0.0155452
0.0100418
0.00483801
0.00255288
0.00385783
0.00271251
0.00105147
0.000126611
0.000126536
0.000192746
0.00105044
0.00156678
0.00200768
0.00189704
0.00288785
0.00454692
0.00696773
0.00996422
0.0239866
0.0263453
0.0352336
0.0393372
0.0414731
0.0558409
0.055846
0.0430845
0.0553925
0.0398786
0.0377333
0.0353653
0.0331752
0.0311136
0.0296934
0.0285278
0.0279761
0.0283368
0.0296776
0.0320143
0.044645
0.0320225
0.0322822
0.0337858
0.0363186
0.0392478
0.0558532
0.0424463
0.0429251
0.043255
0.0447149
0.0457941
0.0546081
0.0482676
0.0482458
0.0482511
0.0482962
0.0550104
0.0452673
0.0450654
0.0442478
0.0389592
0.0407075
0.0362032
0.0314291
0.0298992
0.0296353
0.0294866
0.0293775
0.0291306
0.0289098
0.0319968
0.0318582
0.0318546
0.0321003
0.0323161
0.0288845
0.0292149
0.0294579
0.0362661
0.0294777
0.0294614
0.0326299
0.0319385
0.0309489
0.0295049
0.02764
0.0330627
0.0243939
0.022315
0.0202257
0.0182971
0.0168089
0.0154238
0.013689
0.0125867
0.0118278
0.011261
0.0105288
0.0094735
0.000422683
0.00329918
0.0075422
0.0044446
0.00204578
0.000954354
0.00265457
0.000331273
0.00015432
0.000143848
0.000708835
0.00114361
0.00101931
0.00216387
0.0016714
0.00218785
0.00376009
0.00594046
0.00825312
0.0111603
0.0174353
0.0482252
0.0376735
0.0518539
0.0428461
0.0435825
0.0433124
0.0431931
0.0422646
0.0403926
0.0539922
0.0374175
0.0357871
0.0342134
0.0331443
0.0447431
0.0314153
0.0315095
0.0324444
0.0332439
0.0329477
0.032735
0.0334911
0.0351835
0.0372914
0.0393864
0.0414343
0.0422546
0.0427888
0.0430677
0.0445989
0.0448073
0.0548267
0.0469794
0.0469888
0.0470235
0.04708
0.0453172
0.0450927
0.0415576
0.0400756
0.0468679
0.0394022
0.0331965
0.0287561
0.0296084
0.02935
0.0291761
0.0291154
0.0378385
0.0387384
0.0316389
0.0315082
0.0315515
0.0385389
0.0320533
0.0323573
0.0290687
0.0293191
0.0366013
0.0293503
0.0292851
0.0323788
0.031663
0.03639
0.0293184
0.0274362
0.0260115
0.0241419
0.022138
0.0200983
0.0181749
0.0166607
0.0151991
0.0135881
0.0125078
0.0117571
0.0111958
0.0104182
0.00941888
5.18727e-05
0.00109984
0.00421963
0.003685
0.000716066
0.000326137
0.000254312
0.000162874
0.000154039
0.000217616
0.00101861
0.00192989
0.00457312
0.00348109
0.00374277
0.00382587
0.00624889
0.00817335
0.0118135
0.0134744
0.0199809
0.0301781
0.0366834
0.0398906
0.055801
0.0558765
0.0433712
0.043103
0.0558008
0.041332
0.040115
0.0392829
0.0388461
0.0379264
0.0369226
0.0356288
0.0494606
0.0346639
0.035453
0.0496508
0.0344041
0.0341761
0.0349932
0.0364912
0.0380809
0.0395121
0.0417195
0.0421811
0.0426579
0.0428968
0.0430822
0.0447126
0.0449211
0.0450831
0.0551327
0.0452299
0.0453432
0.0451801
0.0446728
0.0405782
0.0482046
0.0444729
0.0351386
0.0314201
0.0325856
0.0292972
0.0290256
0.0287986
0.0366309
0.0284955
0.0317678
0.0312368
0.0311358
0.0312164
0.0315119
0.0317619
0.0321031
0.0288835
0.0370705
0.0291955
0.0378246
0.0384525
0.0320991
0.0313819
0.0361989
0.0290969
0.0272061
0.025722
0.0238792
0.0219458
0.0199505
0.01804
0.0164644
0.0149915
0.0134782
0.0124191
0.0116771
0.0111244
0.0103179
0.00935899
2.19246e-05
0.000345459
0.00086847
0.00220813
0.000243604
0.000147573
0.000768728
0.000149785
0.000663531
0.00131405
0.000831189
0.00311187
0.00893289
0.0130084
0.00618988
0.00593296
0.00755046
0.010724
0.0186757
0.0272772
0.0391596
0.0318227
0.0367851
0.0397395
0.0422213
0.0558927
0.0433204
0.0430926
0.0430287
0.0421119
0.041756
0.0414872
0.0426155
0.0555021
0.0547996
0.0398183
0.0386884
0.0378495
0.0376543
0.0375045
0.0361754
0.0359194
0.036583
0.0377376
0.0389511
0.0402328
0.0417471
0.0421326
0.0425575
0.0427375
0.0428814
0.0429679
0.0448313
0.0450386
0.0451124
0.0451719
0.0553941
0.0545552
0.0408299
0.0392331
0.0371791
0.0376612
0.0327769
0.0285077
0.0317525
0.033578
0.028639
0.0283841
0.0377833
0.0315666
0.0311838
0.0308011
0.0307168
0.0308496
0.0311287
0.0314365
0.0386923
0.0384556
0.028962
0.0289756
0.0289597
0.0324943
0.0317824
0.031084
0.0301507
0.0284384
0.0269514
0.0254231
0.0236063
0.0217367
0.0197866
0.0178976
0.0162654
0.0147908
0.0133561
0.0123213
0.0115878
0.0110452
0.0102253
0.00929374
5.03948e-06
0.000548631
0.00121292
0.00101047
0.000138158
0.000128427
0.000157557
0.000667571
0.000949974
0.00151968
0.00281943
0.00559781
0.0225217
0.0263779
0.0105016
0.00842719
0.0103499
0.0121198
0.0169524
0.0225375
0.02827
0.0335514
0.0376371
0.0397731
0.0414057
0.0433416
0.0433129
0.0431027
0.0429288
0.042946
0.0427442
0.0424916
0.0430056
0.0427413
0.0422997
0.0555262
0.0418343
0.0553789
0.0408645
0.0546853
0.0383054
0.0381836
0.0386031
0.0390773
0.0400447
0.0409538
0.0417936
0.0420499
0.0558048
0.0425665
0.0426241
0.0426774
0.0426879
0.0449504
0.0555133
0.0449418
0.0542516
0.0409643
0.0394924
0.037573
0.04007
0.0364445
0.0308258
0.0321253
0.0287975
0.0284411
0.028211
0.0279015
0.031298
0.0379709
0.0306218
0.0303082
0.0302688
0.0304385
0.0307385
0.0310813
0.031491
0.0319587
0.0287269
0.0384441
0.032341
0.0321318
0.0314481
0.0307522
0.0297726
0.0281654
0.0266752
0.0251108
0.0233302
0.029244
0.0196082
0.017744
0.0160656
0.0145935
0.0132263
0.0122163
0.0114897
0.0109593
0.010107
0.0092246
8.78047e-05
0.000510885
0.000758607
0.000823439
0.000203084
0.000785116
0.000390087
0.00128489
0.00179183
0.0022583
0.00356994
0.0053799
0.014512
0.0474174
0.0138185
0.0099373
0.0101545
0.0127616
0.0217029
0.0444672
0.0310889
0.0354056
0.0498781
0.040048
0.041296
0.0559548
0.0558984
0.0431277
0.043547
0.0558672
0.043367
0.0432752
0.0432311
0.0430713
0.0428349
0.0429948
0.0427933
0.0427311
0.0555214
0.0412513
0.0405661
0.0398061
0.0399663
0.0408277
0.0415266
0.0416157
0.0413031
0.041841
0.0418649
0.0423051
0.0557073
0.0556506
0.0556
0.0421507
0.0418111
0.0414068
0.0407311
0.0395756
0.0378187
0.0405066
0.0346378
0.0313572
0.0279655
0.0286733
0.02827
0.0278529
0.0374203
0.0378958
0.0305559
0.0303494
0.0300315
0.0297957
0.0297972
0.0300046
0.0303159
0.0307088
0.0311149
0.0315842
0.0320793
0.0320305
0.0319913
0.031778
0.0311032
0.0304056
0.0293727
0.0278698
0.0263798
0.0247841
0.0230478
0.0211693
0.0194191
0.0263163
0.0158659
0.0143963
0.0130923
0.012105
0.0113834
0.0108674
0.00998989
0.00915125
9.30962e-05
7.00098e-05
0.00012582
0.000284021
0.000672196
0.00139843
0.00139534
0.00247383
0.00302521
0.00427466
0.00530938
0.00804016
0.0155319
0.0273327
0.0146672
0.0108408
0.0112532
0.0137912
0.0211589
0.028555
0.0332043
0.0373423
0.0526919
0.0403136
0.0412295
0.0556793
0.0430611
0.042961
0.0558396
0.0439041
0.0558571
0.0437427
0.0438848
0.0437628
0.0433608
0.0432316
0.0433387
0.0432355
0.042855
0.0423478
0.0557703
0.055628
0.0416056
0.041446
0.0559109
0.0417412
0.0412021
0.0559163
0.0415382
0.0417812
0.0553848
0.0414097
0.041233
0.0411253
0.0534189
0.0515259
0.0392755
0.0475421
0.0413957
0.0363027
0.0320337
0.0306769
0.0317931
0.0281528
0.034554
0.0272179
0.0375603
0.0298835
0.0298243
0.0296581
0.029432
0.0292636
0.0293028
0.0295485
0.0298834
0.0302997
0.0307189
0.0311786
0.0385328
0.0316505
0.03163
0.038091
0.0307387
0.0300409
0.0289669
0.0275435
0.0260652
0.0244474
0.0227581
0.020831
0.027492
0.0173252
0.0156593
0.0141992
0.0129516
0.011986
0.0112701
0.0107367
0.009873
0.00907318
0.000227656
0.000421997
0.000333181
0.00187128
0.0052212
0.00407436
0.00458077
0.0064813
0.00892751
0.0177269
0.0107041
0.0177128
0.0173831
0.0340859
0.0209776
0.0122355
0.0133111
0.02356
0.0354018
0.0474508
0.0349598
0.0494937
0.0409699
0.0408892
0.0410168
0.0418573
0.0425252
0.0429494
0.0428547
0.0433123
0.0434328
0.043649
0.043877
0.0557261
0.0436547
0.0435394
0.0434901
0.0434307
0.0557949
0.0425388
0.0423189
0.0417126
0.0416246
0.0420822
0.055915
0.0416578
0.0414271
0.0413626
0.0406165
0.0412244
0.0411308
0.0412804
0.0401283
0.0515181
0.0512041
0.0384841
0.0375121
0.044759
0.0366678
0.0322955
0.0275361
0.0271131
0.0313832
0.0275721
0.0270503
0.0295767
0.0293647
0.0290557
0.0290813
0.0289791
0.0288182
0.0286962
0.0287715
0.0290576
0.029438
0.0298709
0.0303056
0.0307452
0.0313188
0.0312494
0.0312388
0.031019
0.0303457
0.0358611
0.0281534
0.0338327
0.0326229
0.0240971
0.0224621
0.0204886
0.0188739
0.0170662
0.015447
0.0140073
0.0128048
0.0118598
0.0111524
0.0106049
0.00975575
0.0089909
0.00135491
0.00192648
0.00173259
0.00691608
0.0436017
0.0115937
0.0111259
0.0124293
0.0203077
0.0165376
0.0209494
0.0202192
0.0181743
0.029873
0.0238443
0.0142493
0.0161792
0.0287537
0.0258069
0.0497953
0.0366225
0.0385627
0.0523509
0.0399251
0.0407845
0.0410954
0.0557368
0.0421592
0.0421916
0.0425426
0.0431339
0.0431381
0.0558851
0.0433753
0.055797
0.0435659
0.043552
0.055508
0.0557838
0.0426156
0.0424324
0.0423233
0.0422141
0.0421522
0.0413746
0.0409092
0.0405887
0.0405566
0.04125
0.0513656
0.0434562
0.0411064
0.0414495
0.0418871
0.0419346
0.0453233
0.0402877
0.0374198
0.0326226
0.0306006
0.0309432
0.0275854
0.0272777
0.026916
0.0293293
0.0286937
0.0284153
0.0282306
0.0352366
0.028297
0.0277735
0.0277092
0.0278273
0.0285417
0.0289686
0.0294216
0.0298638
0.0302978
0.0377461
0.0308239
0.0308325
0.0306095
0.0299411
0.0292291
0.0277204
0.0267673
0.0252959
0.0236949
0.022161
0.0201471
0.0270115
0.0168088
0.0152212
0.0138125
0.0126447
0.0117236
0.0110288
0.0104715
0.00963796
0.00890393
0.0185141
0.0139385
0.00802555
0.0188793
0.0388987
0.0219589
0.0155782
0.0288698
0.0267513
0.0195958
0.020017
0.0274038
0.0213199
0.0223449
0.0187349
0.0215284
0.0186076
0.0214116
0.0267019
0.0329283
0.046349
0.0478057
0.0386741
0.052357
0.054219
0.0556426
0.055585
0.0405738
0.0405832
0.0418601
0.0559301
0.0559051
0.0421987
0.0421587
0.0427002
0.0556678
0.0556442
0.043241
0.0428841
0.0559189
0.0425177
0.042467
0.0559286
0.0415299
0.0557045
0.0400114
0.0535028
0.0398237
0.0413911
0.0470909
0.0426995
0.0415145
0.0402161
0.0400398
0.0388993
0.0377777
0.0344642
0.0338984
0.0306071
0.0307059
0.0313404
0.0324747
0.0263989
0.0290179
0.028258
0.0276139
0.0273049
0.0272366
0.0270147
0.0270646
0.0270223
0.0269951
0.02715
0.0275108
0.0346226
0.0288585
0.0293307
0.03579
0.0302439
0.0367492
0.0303256
0.0300887
0.0294417
0.0286661
0.0271745
0.0331151
0.0247801
0.0231916
0.0217624
0.027851
0.0180923
0.0165024
0.0149436
0.0135758
0.0124476
0.0115453
0.0108734
0.0103124
0.00949585
0.00879506
0.0147217
0.0202546
0.0183636
0.0175016
0.0205804
0.0176173
0.0206517
0.0268472
0.0242198
0.0236883
0.0356121
0.0341876
0.0343362
0.0242835
0.0285686
0.0203503
0.0217404
0.036358
0.0454344
0.0338353
0.0359608
0.0371797
0.0377291
0.0388844
0.0540086
0.054267
0.0541964
0.0401865
0.0540815
0.0398815
0.0400697
0.0405978
0.0406588
0.041262
0.0418701
0.0417313
0.0418037
0.0419271
0.0559336
0.0425144
0.0559644
0.0559064
0.0559161
0.0416672
0.0400287
0.0391328
0.0417224
0.0415044
0.0395639
0.0368282
0.0322651
0.0351376
0.0348201
0.0348236
0.0304913
0.0298079
0.0312792
0.0315507
0.0274811
0.0320843
0.033121
0.0351493
0.0280695
0.0277327
0.0270608
0.0263583
0.0257016
0.0257128
0.0259287
0.0261403
0.0261473
0.0261578
0.026338
0.0267309
0.0272406
0.0281626
0.0286511
0.0290164
0.0294828
0.0296044
0.0296873
0.0294734
0.0288361
0.0276051
0.0265136
0.0255592
0.0241752
0.0226037
0.0211808
0.0192001
0.0175831
0.0160692
0.0146148
0.0132945
0.0122151
0.0113286
0.0106833
0.0101246
0.00933099
0.0086612
0.0243547
0.0101668
0.0239617
0.0222583
0.0193398
0.0169268
0.020754
0.0245534
0.0247099
0.0270723
0.0477275
0.0303298
0.0285496
0.0354328
0.0324216
0.0345991
0.0262315
0.0295464
0.0505189
0.0360079
0.0493167
0.0367578
0.0374631
0.0382456
0.0524362
0.0387723
0.0385259
0.0384449
0.0521091
0.0386114
0.0537255
0.0542717
0.0392061
0.0402027
0.0553837
0.0397118
0.0404442
0.0412158
0.0420327
0.0560329
0.0415932
0.0414067
0.0415928
0.0555003
0.0392508
0.0414689
0.0403829
0.034297
0.0305628
0.0292379
0.0291835
0.031689
0.0289198
0.0315881
0.028298
0.0310471
0.0309588
0.0319633
0.0264758
0.0258375
0.0251594
0.02717
0.0266214
0.0264098
0.0330133
0.0247512
0.0244856
0.0245954
0.0322077
0.0324668
0.0252677
0.0253028
0.0255189
0.025934
0.0264402
0.0270489
0.0279102
0.0282745
0.0287126
0.0288907
0.0289869
0.0288268
0.0345376
0.0268976
0.025837
0.0248094
0.0235541
0.0220102
0.0205648
0.0271111
0.0170542
0.0156576
0.0142758
0.0130149
0.0119762
0.0111059
0.0104728
0.00993216
0.00916343
0.00852104
0.0271794
0.0167091
0.0190165
0.0204342
0.016323
0.015579
0.0192056
0.022293
0.0231627
0.0272307
0.0327291
0.0340238
0.0320687
0.0311817
0.0393857
0.0295096
0.031029
0.0496955
0.0344384
0.0352008
0.0360137
0.0503701
0.0509027
0.0501484
0.0508133
0.0376806
0.0374348
0.0370607
0.0365357
0.0368636
0.050482
0.0369452
0.0374717
0.0530111
0.0381323
0.0385043
0.0541451
0.0395465
0.0398777
0.0405499
0.0409437
0.0555995
0.0398159
0.0389707
0.0475831
0.0409244
0.0366035
0.0287164
0.0283565
0.0282254
0.0282606
0.0334425
0.0330818
0.0277017
0.0273502
0.0269767
0.026593
0.025963
0.0252872
0.0272051
0.0263419
0.0330743
0.0251682
0.032224
0.0241086
0.0234615
0.0232361
0.0234115
0.0237555
0.0241301
0.0315815
0.0243998
0.024617
0.0250955
0.0256428
0.0262905
0.0267647
0.0271097
0.0279098
0.034909
0.0282481
0.0281264
0.0270751
0.0261798
0.025126
0.024068
0.0228639
0.0213978
0.0199384
0.0180822
0.0165339
0.0152529
0.0139004
0.01272
0.0117236
0.0108733
0.0102554
0.00973487
0.0089904
0.00837715
0.0279284
0.023043
0.0227676
0.0217169
0.0210298
0.0239123
0.0244967
0.022671
0.0229433
0.0283994
0.0312476
0.0489173
0.0346932
0.0493717
0.0334398
0.0336558
0.0345016
0.0345587
0.034824
0.0348199
0.0350678
0.0533381
0.0352358
0.0360322
0.0362967
0.0365264
0.0367467
0.049285
0.03518
0.0475796
0.0350849
0.0351976
0.0469649
0.0361217
0.049582
0.037545
0.0384135
0.0388458
0.0397052
0.0393191
0.0392348
0.0388796
0.0398843
0.0471221
0.0389957
0.0303148
0.0313529
0.0304708
0.0301666
0.0300747
0.0369357
0.0365003
0.0360654
0.0265357
0.0357859
0.025729
0.0280463
0.0350375
0.0264809
0.0256392
0.0247853
0.0239038
0.0234163
0.023239
0.0226804
0.0221548
0.0219718
0.02221
0.0225936
0.0230182
0.0233261
0.0235237
0.0237248
0.0242123
0.0247939
0.0255221
0.0330213
0.0263089
0.0266947
0.026951
0.0270667
0.0269744
0.0333165
0.0254052
0.0243667
0.0233383
0.0221832
0.0207327
0.0193126
0.0175058
0.0160223
0.0148328
0.013525
0.0123827
0.0114577
0.010631
0.0100279
0.00952226
0.00881111
0.00822828
0.0281122
0.0261211
0.024765
0.0255583
0.0273626
0.0292833
0.0302398
0.0286258
0.0249802
0.0259938
0.0340865
0.033462
0.035995
0.036697
0.0361985
0.037389
0.0374136
0.049885
0.035805
0.0347493
0.0340703
0.0333278
0.0335069
0.0343995
0.0352385
0.0504033
0.0354657
0.0345528
0.0336302
0.0334471
0.0335845
0.0343075
0.0348158
0.0353924
0.0363329
0.036968
0.0378039
0.051818
0.0385162
0.0387293
0.0395869
0.0392136
0.0465794
0.0386316
0.0301349
0.0303383
0.0354849
0.0284464
0.0282246
0.0282701
0.0284191
0.028192
0.0280242
0.0279326
0.0274413
0.0268178
0.0262209
0.025581
0.0249042
0.0238159
0.0229805
0.0223654
0.0219297
0.021709
0.0290959
0.0207885
0.0207177
0.0210186
0.0214285
0.021884
0.0222435
0.0224699
0.0227596
0.0233335
0.0239246
0.0246723
0.0251554
0.0254923
0.025858
0.0260834
0.0262635
0.0262015
0.0254962
0.0245824
0.0236105
0.0225317
0.0214525
0.0282056
0.018666
0.0169368
0.0155298
0.0143557
0.0131323
0.012052
0.0111487
0.010383
0.00979449
0.00930722
0.00862512
0.00807242
0.0280869
0.0269216
0.0253257
0.025551
0.0263816
0.0258826
0.0268034
0.0294746
0.0280212
0.0252145
0.0283116
0.0329696
0.0351376
0.0547907
0.037128
0.0494865
0.0490745
0.0361053
0.050896
0.0338793
0.052838
0.0318631
0.0319331
0.0329373
0.0534808
0.0535128
0.0345917
0.0472746
0.0330065
0.0326899
0.0332869
0.034677
0.0431327
0.035536
0.0363847
0.0376556
0.0485336
0.0379399
0.0380958
0.0498307
0.0393204
0.0455992
0.0377395
0.0313751
0.0291114
0.0279379
0.0265841
0.0259608
0.0258647
0.0260221
0.0337707
0.0261476
0.0260198
0.033579
0.0333294
0.0249813
0.0241458
0.0235415
0.0305838
0.0222432
0.0214166
0.0208163
0.0203969
0.0201678
0.0198381
0.019451
0.0194433
0.0197966
0.0202662
0.020813
0.0290271
0.0214814
0.0218007
0.0223725
0.0230431
0.0237776
0.0242477
0.0246646
0.0250361
0.025237
0.0327373
0.0327344
0.0246356
0.0237505
0.0228388
0.0217524
0.0206894
0.0193989
0.0179789
0.0163664
0.0150389
0.0138918
0.0127393
0.0117154
0.0108472
0.0101263
0.00955741
0.00906488
0.00843194
0.00790702
0.0279444
0.0265738
0.0248035
0.0237228
0.0224972
0.0202772
0.0203973
0.0243202
0.0274673
0.02511
0.0247962
0.0238433
0.0328115
0.0346259
0.0355801
0.0363231
0.0356039
0.0339607
0.0330682
0.0316524
0.0302712
0.02945
0.0456455
0.0310891
0.0324956
0.0472112
0.0351951
0.0409642
0.0338234
0.0322812
0.0305991
0.031108
0.0322145
0.0339577
0.0362428
0.0378834
0.0386279
0.0387563
0.0388538
0.0389052
0.0388775
0.0328273
0.0307057
0.0283721
0.026218
0.0320289
0.0241867
0.0237018
0.0237523
0.0240362
0.031655
0.0237717
0.023697
0.023733
0.0233831
0.0228606
0.0223323
0.0217558
0.0212689
0.0283217
0.0198028
0.0192584
0.0188838
0.0186904
0.0183957
0.018195
0.0182541
0.0186584
0.0191624
0.0196783
0.0201428
0.02045
0.0208516
0.0214577
0.0221027
0.0228701
0.0233655
0.0237882
0.0241608
0.0243674
0.0245933
0.0320285
0.0237715
0.022932
0.0220305
0.0209962
0.019931
0.0186757
0.0173401
0.0158044
0.0145421
0.0134397
0.0123381
0.0113769
0.0105492
0.0098655
0.00931864
0.00882472
0.00823487
0.00773485
0.0276754
0.0255651
0.0230792
0.0208504
0.0180811
0.0148224
0.0144205
0.0182847
0.0234797
0.0244115
0.0222108
0.0244901
0.0278173
0.03114
0.0324539
0.0328946
0.0513506
0.0480051
0.030129
0.0434475
0.0270929
0.0268295
0.0277933
0.0292717
0.0307331
0.0339646
0.0357773
0.030678
0.033718
0.0264187
0.0253968
0.0273056
0.0338351
0.0300366
0.0332374
0.0362345
0.0376972
0.0435525
0.0362607
0.0416826
0.0318462
0.0294918
0.0273234
0.032127
0.0234866
0.0223232
0.0291305
0.0212995
0.0290859
0.0219245
0.0294585
0.0216268
0.0216211
0.0216843
0.0290994
0.0209646
0.0204469
0.0199026
0.0193844
0.0188429
0.0182183
0.017756
0.0174475
0.0257839
0.0170408
0.0169647
0.0170803
0.0175125
0.018066
0.0186215
0.0191181
0.0194746
0.0198818
0.0205116
0.0212099
0.0219146
0.0224429
0.0229251
0.0232787
0.0234686
0.0236557
0.023648
0.0304945
0.02204
0.021238
0.0201811
0.0191891
0.0179521
0.0167122
0.0152695
0.0140466
0.0130026
0.0119494
0.0110429
0.0102512
0.00960328
0.00907504
0.00859118
0.00803475
0.00755814
0.0272012
0.0238171
0.0199762
0.0167355
0.0131442
0.00992793
0.00997756
0.0137052
0.019206
0.0222652
0.0208813
0.0204995
0.0236786
0.0272762
0.0286348
0.0412626
0.0277678
0.0264902
0.0405975
0.0251581
0.0240283
0.023547
0.0243667
0.0301558
0.0261734
0.0244234
0.0239203
0.0267467
0.0322156
0.0240954
0.0222875
0.0229989
0.0248651
0.0273827
0.031047
0.0373634
0.0345526
0.0344714
0.0331181
0.0366074
0.0283687
0.0319857
0.0238358
0.0293136
0.028167
0.0193299
0.0189014
0.0188626
0.0191538
0.027663
0.0194716
0.0193596
0.0194505
0.0195607
0.0193839
0.018992
0.0185324
0.0180638
0.0175973
0.0171492
0.0167319
0.0163511
0.0160587
0.0159973
0.0157767
0.0157664
0.0159635
0.0164394
0.0170149
0.0175893
0.0180906
0.0184968
0.0189715
0.0195851
0.0202635
0.0210089
0.0215166
0.0219787
0.022363
0.0225699
0.0227405
0.022696
0.0219832
0.0211818
0.020436
0.0194018
0.0184331
0.0172719
0.0160718
0.0147254
0.0135671
0.012556
0.0115586
0.0107066
0.00995266
0.00934059
0.00882896
0.00835911
0.00783675
0.00737697
0.02633
0.0210466
0.0155751
0.0118587
0.00860991
0.00638154
0.00711043
0.0107261
0.0159152
0.0196997
0.0196536
0.0182153
0.0194458
0.0216106
0.0241519
0.0260203
0.0246256
0.0235529
0.0221617
0.0197179
0.0190737
0.0190875
0.0191593
0.0188986
0.0181881
0.0181593
0.0191382
0.0243684
0.0310333
0.0212439
0.0273162
0.018509
0.0206728
0.0243319
0.0283211
0.0347702
0.0317429
0.0370403
0.0294525
0.0268924
0.0245881
0.0223384
0.0202057
0.0186821
0.0174353
0.0164842
0.016239
0.0252986
0.0168151
0.0173385
0.0171227
0.0171677
0.017329
0.0174869
0.0173534
0.0170897
0.0167222
0.0163396
0.0246009
0.0155839
0.0153249
0.0239077
0.0147347
0.0146607
0.0145449
0.014613
0.0148749
0.0153716
0.0159842
0.0166153
0.0171431
0.0175353
0.0180368
0.0186968
0.0193581
0.020046
0.0206163
0.0210768
0.0214237
0.0216133
0.0217479
0.0216573
0.0210596
0.0203143
0.0195653
0.0186443
0.0176823
0.0165998
0.015431
0.0141812
0.0130986
0.0121206
0.0111817
0.0103715
0.00965705
0.00907433
0.00858595
0.0081259
0.00763718
0.007194
0.0246666
0.0166181
0.0104392
0.00727748
0.00513989
0.00421219
0.00524089
0.00869501
0.0135009
0.0173498
0.0181825
0.0168596
0.0165972
0.017739
0.0187752
0.0185992
0.018137
0.0178703
0.0179003
0.0177229
0.017763
0.0178539
0.0177033
0.0173949
0.016913
0.0169946
0.0258348
0.0178876
0.0276905
0.0256757
0.0151195
0.0156261
0.0170117
0.0208675
0.0250192
0.027203
0.0282553
0.0337149
0.0253982
0.0231829
0.0207826
0.0183081
0.0166603
0.0153848
0.0237978
0.0138424
0.0137583
0.0143006
0.0145954
0.0150518
0.0149552
0.0151093
0.0153327
0.0155308
0.0154665
0.0153043
0.0150279
0.0147245
0.0144602
0.0141074
0.0139557
0.0138077
0.0134876
0.0134126
0.0133766
0.0135148
0.0138408
0.0143652
0.0149754
0.0155967
0.0162396
0.0166274
0.0171492
0.0177871
0.0184765
0.0191456
0.019685
0.0201463
0.0205134
0.0207072
0.0208088
0.0206868
0.0201502
0.0194381
0.0187605
0.0178637
0.016973
0.0158887
0.0148122
0.0136521
0.0126293
0.0116878
0.0108079
0.0100344
0.00936392
0.00880932
0.00834058
0.00789761
0.00743523
0.00701269
0.0216218
0.0108899
0.00580374
0.00404191
0.00319855
0.00294814
0.00395579
0.00705545
0.0115294
0.0153133
0.0166127
0.0157415
0.0148652
0.0149831
0.0154296
0.015393
0.0152991
0.0153872
0.0156161
0.0157459
0.0160096
0.0162822
0.0160372
0.0155279
0.0148786
0.0141609
0.0135763
0.0230271
0.0142478
0.0139973
0.0139409
0.0153885
0.0152647
0.0173493
0.0211082
0.0233159
0.0242756
0.0230154
0.0211903
0.0188082
0.0160411
0.0144737
0.0133068
0.0122981
0.0116858
0.0112746
0.0113901
0.0120316
0.0124557
0.0129604
0.0129253
0.0131584
0.0134382
0.0136847
0.0136949
0.0136081
0.0134041
0.0131774
0.0129534
0.0127121
0.0126594
0.0125027
0.0122586
0.0122236
0.0122627
0.0124674
0.0128299
0.0133826
0.0140061
0.0146448
0.0243969
0.0157226
0.0162844
0.0169326
0.0175835
0.0182546
0.0188175
0.0192355
0.019567
0.019744
0.0198353
0.0196757
0.0191961
0.0186156
0.0179369
0.0171183
0.0162635
0.0152156
0.0141943
0.0131371
0.0121678
0.0112684
0.010439
0.0097028
0.00906952
0.00854732
0.00809598
0.00766839
0.00722491
0.00682843
0.0145676
0.00549193
0.00302012
0.00240561
0.00213712
0.0021398
0.0029612
0.00557471
0.00970256
0.0133765
0.0150348
0.0146419
0.0136886
0.0132171
0.0131601
0.0130661
0.0130833
0.0132758
0.0135563
0.0137893
0.01406
0.0144857
0.0160148
0.0135184
0.0183638
0.0121802
0.0119274
0.0120361
0.0203452
0.0123383
0.0126262
0.0130176
0.0149121
0.0144905
0.0169581
0.018926
0.0198284
0.0179934
0.0161453
0.0139644
0.0227305
0.01115
0.0101381
0.00922584
0.00875573
0.0087011
0.00904866
0.00980791
0.0103618
0.0108455
0.0109672
0.0112923
0.0116439
0.0119338
0.012016
0.0215466
0.0118618
0.0116777
0.0115193
0.0113882
0.0113505
0.011254
0.0111026
0.0111059
0.0112116
0.011479
0.0118822
0.0124468
0.0130589
0.0137173
0.0143884
0.0148603
0.0154174
0.0160786
0.0167418
0.0173683
0.0179206
0.0183612
0.018686
0.018843
0.0189031
0.0187436
0.0183024
0.0177548
0.0171517
0.0163901
0.0155413
0.0145632
0.0135965
0.0126237
0.0117127
0.0108551
0.010072
0.00937504
0.00878187
0.00828333
0.0078542
0.00743818
0.00701795
0.00664294
0.0095368
0.00282299
0.00170643
0.00152075
0.00148686
0.00158163
0.00218585
0.00422057
0.00787761
0.0115409
0.0135144
0.0135224
0.0126988
0.0120206
0.0116639
0.0114711
0.0114573
0.0115989
0.0117919
0.0119182
0.0119774
0.0120177
0.0115577
0.0111605
0.010775
0.0103876
0.010432
0.0105178
0.0106428
0.0109935
0.0115965
0.0203036
0.0129414
0.0126191
0.0130147
0.0142457
0.0250777
0.0133759
0.0114934
0.00994285
0.00852386
0.00789342
0.0196549
0.00624776
0.00595949
0.00610605
0.00664772
0.00755013
0.00823202
0.00881242
0.00907626
0.0095008
0.00992581
0.0102682
0.0104189
0.010557
0.0103904
0.0102574
0.0101639
0.0101208
0.0100825
0.0100722
0.0100059
0.0100553
0.0102195
0.0105282
0.0109694
0.0115526
0.0121564
0.0128274
0.0134644
0.0140212
0.0145962
0.015237
0.015892
0.016524
0.0170562
0.017479
0.0177808
0.0179494
0.0179995
0.0178232
0.0174066
0.016936
0.0164019
0.0156615
0.014863
0.0139186
0.0130248
0.0121205
0.0112765
0.0104463
0.00971555
0.00904981
0.00849632
0.00802466
0.00761018
0.00721394
0.00681108
0.0064599
0.0006589
0.000639371
0.000706258
0.000779393
0.000885849
0.00105373
0.00149253
0.00286598
0.00567588
0.00897876
0.0113037
0.0118788
0.0113878
0.010677
0.010125
0.00975891
0.0095461
0.00945185
0.00936014
0.00917998
0.00884632
0.00833764
0.00769987
0.00723015
0.00695172
0.0069229
0.00728615
0.00794974
0.00866174
0.00941501
0.00994962
0.0102033
0.00989408
0.0108987
0.0213868
0.00923391
0.0081416
0.00753767
0.00752737
0.00719354
0.0067471
0.0062863
0.00573056
0.00534624
0.00506636
0.00493756
0.00440423
0.00429111
0.00473426
0.00547645
0.00595775
0.00657393
0.00714803
0.00759975
0.00788257
0.00805735
0.00805987
0.00803758
0.00807086
0.00807873
0.00817101
0.00833703
0.00835962
0.00847876
0.00873272
0.00911442
0.00958229
0.010156
0.0107729
0.0114601
0.0120745
0.0127115
0.0132955
0.0139416
0.0145711
0.0151658
0.0156901
0.0160984
0.016397
0.0165561
0.0165812
0.0164113
0.0160663
0.0156533
0.0151719
0.0145406
0.0137785
0.0129336
0.0121143
0.0113272
0.0105544
0.00980028
0.00915342
0.00854348
0.00804537
0.00760914
0.00722691
0.00685613
0.00648637
0.00616985
0.000106757
0.000174145
0.000265855
0.000378628
0.000496484
0.000618743
0.000808794
0.00132525
0.00262847
0.00475073
0.00690959
0.00831694
0.00860986
0.00828118
0.00775275
0.00724829
0.00683239
0.00648436
0.00609573
0.00558988
0.00502234
0.00455601
0.00426379
0.0041645
0.00422093
0.0043863
0.00472358
0.00525086
0.00599982
0.00696678
0.00788399
0.00812029
0.00760883
0.00731318
0.00680483
0.00611575
0.00551295
0.00518695
0.00493909
0.00466252
0.00443814
0.00410193
0.00375064
0.00352723
0.00317407
0.00271765
0.00285377
0.00372597
0.00381154
0.00387144
0.00335681
0.00335229
0.00367942
0.00415851
0.0045929
0.00489139
0.00508801
0.00524324
0.005453
0.00562768
0.00587969
0.0061361
0.00635852
0.00661686
0.00695763
0.00738508
0.00787974
0.00845798
0.00907227
0.00974512
0.0103582
0.0110178
0.0116251
0.0122356
0.0128403
0.0134066
0.0138957
0.0142833
0.0145722
0.0147256
0.0147421
0.0145992
0.0143246
0.0139981
0.0136139
0.013069
0.0123742
0.011632
0.0109358
0.0102546
0.00957155
0.00894222
0.00838739
0.00786178
0.00743337
0.00705015
0.0067052
0.00637589
0.00604613
0.00576294
1.51461e-05
4.66877e-05
9.76894e-05
0.00017249
0.000260199
0.000348712
0.000442174
0.000580189
0.000893811
0.00151856
0.00235261
0.00331254
0.00413556
0.00451104
0.00448226
0.00423096
0.00393817
0.0036691
0.00342503
0.00323447
0.00314162
0.0031507
0.0032276
0.00333775
0.00344924
0.0035702
0.00371836
0.00398745
0.00439637
0.00496467
0.00554866
0.00589972
0.00580536
0.00538355
0.00490269
0.00447656
0.00414733
0.00388501
0.00366851
0.0034981
0.003331
0.00311649
0.00289103
0.00264746
0.00238588
0.00222743
0.00246304
0.00240358
0.00201267
0.00216768
0.00287811
0.00298852
0.00294823
0.00286268
0.00243121
0.00244232
0.00252344
0.00272186
0.00304869
0.00339713
0.00379733
0.00418264
0.00456986
0.00496454
0.00540395
0.00587591
0.00639019
0.00695731
0.00755262
0.00817863
0.0087823
0.00943832
0.0100366
0.0106048
0.0111704
0.011704
0.0121535
0.0125252
0.0127997
0.0129613
0.0129727
0.0128623
0.0126581
0.0123885
0.0120958
0.0116008
0.0110026
0.0103825
0.00978608
0.00921075
0.00862477
0.00809984
0.0076419
0.00718725
0.00682496
0.00649985
0.006188
0.00589309
0.00560329
0.00535634
3.44287e-06
1.68989e-05
3.96246e-05
7.36579e-05
0.000119829
0.000171512
0.000228051
0.000297096
0.000392441
0.000523505
0.00072926
0.00107438
0.00153248
0.00197386
0.00228462
0.00240914
0.00240449
0.00235764
0.00232588
0.00233706
0.00240094
0.00251126
0.00264941
0.002789
0.00290463
0.00298371
0.00303553
0.00310178
0.00321438
0.00335155
0.00346451
0.00352861
0.00346947
0.00331349
0.00310697
0.00294071
0.00280474
0.00267951
0.0025924
0.00255725
0.00255064
0.00250933
0.00246557
0.00241614
0.00231872
0.00215361
0.00192659
0.0017155
0.00178977
0.00195977
0.00167535
0.00146536
0.00164407
0.00220276
0.00226107
0.0021381
0.00213921
0.00180282
0.00158962
0.00169787
0.00205922
0.00253171
0.00303559
0.00354521
0.00406208
0.0045789
0.00510908
0.0056573
0.00620838
0.00678913
0.00736289
0.00797024
0.00851432
0.00905736
0.00958595
0.010072
0.0104889
0.0108374
0.011098
0.0112862
0.0112885
0.0112112
0.0110596
0.0108511
0.0105793
0.0101794
0.00968849
0.0091804
0.00868479
0.008201
0.00771288
0.0072796
0.00689374
0.00652914
0.00622387
0.00593861
0.00567355
0.00541959
0.00516791
0.00495105
1.33908e-06
7.096e-06
1.82106e-05
3.41764e-05
5.40022e-05
7.8502e-05
0.000107612
0.000142807
0.000189654
0.000247836
0.000322274
0.000428686
0.000575134
0.000759847
0.000977424
0.0011406
0.00123593
0.00128583
0.00132284
0.00137711
0.00146815
0.00160145
0.00176378
0.00192502
0.00206092
0.00214552
0.00217213
0.00216022
0.00212479
0.00207595
0.00202719
0.00196427
0.00188469
0.00180195
0.00172282
0.00167055
0.00163988
0.00162175
0.00162809
0.00166017
0.00170851
0.00175626
0.00181241
0.00187746
0.00192478
0.00192471
0.00185465
0.00171836
0.00152893
0.00133581
0.00131369
0.00147794
0.00139582
0.00109596
0.0010403
0.00125733
0.00166311
0.00158647
0.001514
0.00131418
0.0011217
0.00133453
0.00180753
0.00235441
0.00291592
0.00346645
0.00400666
0.00453208
0.00504868
0.00557658
0.00610027
0.00663732
0.00713349
0.00762859
0.00810357
0.00853821
0.00891748
0.00923961
0.00948409
0.00964785
0.00968942
0.00964916
0.00954525
0.00938319
0.00915709
0.0088334
0.00844878
0.00803617
0.00763465
0.00723762
0.00684595
0.00649754
0.00617999
0.00588705
0.005636
0.00539822
0.00517361
0.00495553
0.00474064
0.00454956
2.4463e-07
3.49902e-06
8.67634e-06
1.66054e-05
2.62256e-05
3.79253e-05
5.11325e-05
6.77338e-05
9.04913e-05
0.000119299
0.000154985
0.000203295
0.000268448
0.000345109
0.000424191
0.00049362
0.000548339
0.000599786
0.000656554
0.000725081
0.000801866
0.000892875
0.000993917
0.00109956
0.00119602
0.00126862
0.00130298
0.00130283
0.00127822
0.00124121
0.00120042
0.00116103
0.00112734
0.001102
0.00108528
0.00108011
0.00108503
0.00109865
0.00112426
0.00116191
0.00120862
0.00126061
0.00131996
0.00138725
0.00145742
0.00152224
0.0015548
0.00153883
0.0014663
0.00134327
0.00118375
0.00102313
0.000990318
0.00111244
0.00108163
0.000811856
0.000720342
0.000969078
0.00128259
0.00115276
0.00115733
0.000818202
0.00097662
0.00142114
0.00196755
0.00251688
0.00305065
0.00356285
0.0040475
0.00452538
0.00498721
0.00545686
0.00589706
0.00633124
0.00674163
0.00712561
0.00746224
0.00775394
0.00798355
0.00813427
0.00819829
0.00819189
0.00812907
0.00800933
0.00783117
0.00757997
0.00728608
0.00696516
0.00665146
0.00633287
0.00602687
0.00575669
0.00550581
0.00527643
0.00507235
0.0048774
0.00468819
0.00450266
0.00432051
0.0041609
1.63786e-07
1.66419e-06
4.07839e-06
7.87628e-06
1.33948e-05
1.88116e-05
2.56148e-05
3.42966e-05
4.48753e-05
5.85762e-05
7.60627e-05
9.90586e-05
0.00012805
0.000163762
0.000203456
0.000244053
0.000282832
0.000320283
0.000358559
0.000400386
0.000441194
0.000475082
0.000546477
0.000598482
0.000648543
0.000688587
0.000715604
0.000729037
0.00073496
0.000735132
0.000731679
0.000727673
0.000725515
0.000726494
0.000731304
0.000740817
0.000755341
0.000774993
0.000801473
0.000835018
0.000874102
0.000917675
0.000967155
0.00102339
0.00108505
0.00114858
0.00120514
0.00124303
0.00125122
0.00121686
0.0011395
0.0010237
0.000884271
0.000760048
0.000794465
0.000883657
0.000725569
0.000525616
0.000636686
0.0010279
0.000928431
0.000940765
0.000638149
0.000790997
0.00121623
0.00172296
0.00222975
0.00271927
0.00317485
0.00360653
0.00401951
0.00442169
0.00480435
0.00517402
0.00552522
0.00585381
0.00614677
0.00640113
0.00661428
0.00675374
0.0068323
0.00685013
0.00682237
0.00674444
0.00661897
0.00643178
0.00621583
0.00597791
0.00574179
0.00549817
0.0052717
0.00506627
0.00487308
0.00469622
0.00453372
0.00437735
0.00422523
0.0040719
0.00392056
0.00378576
0
4.24408e-07
2.14624e-06
3.88088e-06
6.13638e-06
9.37142e-06
1.33655e-05
1.74673e-05
2.29322e-05
3.04307e-05
3.94898e-05
5.04795e-05
6.41098e-05
8.04017e-05
9.98607e-05
0.000121374
0.00014394
0.000168128
0.000195123
0.000227373
0.000265724
0.000304456
0.000335384
0.000354847
0.000360303
0.000372851
0.000391253
0.000400182
0.000407444
0.00041544
0.000422581
0.000428905
0.000436145
0.00044541
0.000457661
0.000473482
0.000492933
0.000516369
0.000544575
0.000576933
0.000612464
0.00065094
0.000693209
0.000740629
0.00079285
0.000849178
0.000906542
0.000959845
0.00100102
0.00101732
0.000999438
0.000945478
0.00085737
0.000740914
0.000621048
0.000615043
0.000708834
0.000594308
0.000409709
0.000520019
0.000858678
0.000759624
0.000766069
0.000523346
0.00068693
0.00108247
0.00153423
0.00197979
0.00240448
0.00280049
0.00316979
0.00351617
0.00384623
0.00416137
0.00445869
0.00473268
0.0049817
0.00520158
0.00538699
0.00551853
0.00560375
0.00564482
0.00564577
0.00560492
0.00552606
0.00540093
0.00525054
0.00508179
0.00491084
0.00473852
0.0045775
0.00442872
0.00428937
0.00415714
0.00403221
0.00390809
0.00378415
0.00365702
0.00353066
0.00342078
0
1.76616e-07
6.97019e-07
1.95918e-06
3.38145e-06
4.46606e-06
6.26118e-06
8.7993e-06
1.2242e-05
1.6055e-05
2.0697e-05
2.68701e-05
3.43934e-05
4.27339e-05
5.21143e-05
6.30487e-05
7.54549e-05
8.94759e-05
0.000105861
0.000125861
0.000150436
0.000178372
0.000205805
0.000227765
0.000242184
0.000248861
0.000249246
0.000245959
0.000241457
0.000235835
0.000231661
0.000232759
0.000237123
0.000243532
0.000253358
0.000268232
0.000288096
0.000311694
0.000338444
0.000367785
0.000399685
0.000434346
0.000472025
0.000513684
0.000559143
0.000608277
0.000660171
0.000712925
0.000762815
0.000802456
0.000822099
0.000814365
0.000776114
0.000706979
0.00061037
0.000509114
0.000516304
0.000593126
0.000461853
0.000331541
0.000490019
0.000730793
0.000638666
0.000614043
0.00044499
0.000609634
0.000956434
0.00134077
0.00172345
0.00208274
0.0024135
0.00272099
0.00301104
0.00328114
0.00353364
0.00376323
0.00397252
0.00416109
0.0043217
0.00444654
0.00453643
0.00459245
0.00461577
0.00460593
0.00456573
0.00449187
0.00439835
0.00429095
0.00417548
0.0040622
0.00395354
0.00384964
0.00374928
0.00365176
0.00355837
0.00346492
0.00337017
0.00327154
0.00317192
0.00308233
0
0
1.48696e-07
5.82988e-07
1.56562e-06
2.4756e-06
3.48239e-06
4.33507e-06
5.85447e-06
8.10702e-06
1.13303e-05
1.48315e-05
1.85588e-05
2.31277e-05
2.85633e-05
3.46224e-05
4.17964e-05
4.99153e-05
5.95444e-05
7.12322e-05
8.54489e-05
0.000101958
0.000119808
0.000137356
0.000152357
0.000162829
0.00016814
0.000168659
0.000165721
0.000161002
0.000155572
0.000150649
0.000147112
0.000145825
0.000147408
0.000151971
0.000160159
0.000173154
0.000190144
0.00021103
0.000236626
0.000266494
0.000298695
0.000333464
0.000371325
0.000413078
0.000458357
0.000506313
0.00055538
0.000601785
0.000639164
0.00066024
0.00065861
0.000630773
0.000575234
0.000496351
0.000416827
0.000447854
0.000502911
0.000359908
0.000281213
0.000481083
0.000625285
0.000552136
0.000501442
0.000381456
0.000523246
0.0008101
0.00113031
0.00144468
0.00174075
0.00201869
0.00227659
0.00251523
0.00273349
0.00293209
0.00311609
0.0032798
0.00342084
0.0035378
0.00362934
0.00369474
0.00373448
0.00374858
0.00373928
0.00370594
0.00365674
0.00359621
0.00353138
0.00346539
0.00339894
0.00333236
0.0032653
0.00319715
0.0031283
0.00305779
0.00298434
0.00290692
0.00282892
0.002759
0
0
0
1.85897e-07
3.35449e-07
1.02644e-06
1.66651e-06
2.46656e-06
3.38669e-06
4.15045e-06
5.545e-06
7.55661e-06
1.02313e-05
1.32328e-05
1.61518e-05
1.93917e-05
2.31886e-05
2.80917e-05
3.39477e-05
4.10102e-05
4.95551e-05
5.94028e-05
7.03404e-05
8.17299e-05
9.29989e-05
0.000102774
0.000109948
0.000114319
0.000115906
0.000115216
0.000112674
0.000109346
0.000105991
0.000103248
0.000101619
0.000101601
0.000103371
0.000107314
0.000113864
0.000123554
0.000136407
0.000152828
0.000173104
0.000198089
0.00022835
0.000262403
0.000299538
0.000339602
0.000382282
0.000427084
0.000470531
0.000507431
0.00053116
0.000535348
0.000516123
0.000472121
0.000408257
0.000347939
0.000389159
0.000426003
0.000291495
0.000243722
0.000443484
0.000541888
0.000480559
0.000445572
0.000324287
0.000421172
0.000641906
0.000900767
0.00115772
0.00140367
0.00163203
0.00184535
0.00204453
0.00222704
0.00239393
0.00254189
0.00267098
0.00278039
0.00287062
0.00294098
0.00299296
0.00302717
0.00304287
0.00304035
0.00302684
0.00300377
0.00297458
0.00294133
0.00290466
0.00286516
0.00282218
0.00277701
0.00273039
0.0026806
0.00262754
0.0025708
0.00251339
0.00246212
0
0
0
0
2.79567e-07
2.80571e-07
5.11959e-07
1.1362e-06
1.63962e-06
2.40223e-06
3.26399e-06
3.9709e-06
5.13096e-06
6.7964e-06
8.78849e-06
1.11296e-05
1.36715e-05
1.64404e-05
1.96332e-05
2.36314e-05
2.85248e-05
3.44905e-05
4.13611e-05
4.88705e-05
5.65701e-05
6.38334e-05
7.02875e-05
7.55518e-05
7.92797e-05
8.13903e-05
8.20366e-05
8.15185e-05
8.03087e-05
7.88972e-05
7.75495e-05
7.65965e-05
7.60624e-05
7.64163e-05
7.79443e-05
8.12006e-05
8.65113e-05
9.41119e-05
0.000104413
0.000117937
0.000134834
0.000155387
0.000181488
0.000212417
0.000247772
0.000286222
0.000326544
0.000366413
0.000402352
0.00042889
0.00043888
0.000428483
0.000395429
0.00034328
0.000295191
0.000333927
0.000363887
0.000250184
0.000210079
0.000374292
0.000476494
0.000417326
0.000423909
0.000271736
0.00032049
0.000472994
0.000675256
0.000885015
0.001087
0.00127994
0.00146122
0.00162988
0.00178597
0.00192504
0.00204802
0.00215498
0.00224818
0.00232582
0.00238873
0.00243572
0.0024715
0.00249391
0.00250511
0.00250724
0.00250246
0.00249222
0.00247712
0.00245774
0.00243406
0.00240676
0.00237591
0.00234163
0.00230422
0.00226367
0.00222257
0.00218564
0
0
0
0
0
2.99378e-07
2.36777e-07
2.65371e-07
6.30086e-07
1.17338e-06
1.53027e-06
2.19696e-06
3.08618e-06
3.69245e-06
4.5475e-06
5.81769e-06
7.31028e-06
9.03749e-06
1.12814e-05
1.39659e-05
1.70442e-05
2.05195e-05
2.44333e-05
2.90412e-05
3.40281e-05
3.91393e-05
4.40409e-05
4.83235e-05
5.21216e-05
5.52373e-05
5.74356e-05
5.87728e-05
5.95116e-05
5.97545e-05
5.96168e-05
5.92732e-05
5.88485e-05
5.84244e-05
5.83366e-05
5.89031e-05
6.04223e-05
6.30869e-05
6.72983e-05
7.37538e-05
8.26513e-05
9.42534e-05
0.000109243
0.000127672
0.000150318
0.000178005
0.000210501
0.000246704
0.000283914
0.000318619
0.000345391
0.000358973
0.000355898
0.000332799
0.000291865
0.000250694
0.000280998
0.000313744
0.00022411
0.000178346
0.000287551
0.000418339
0.000366627
0.000382844
0.000245568
0.000244945
0.00032912
0.000480352
0.000650523
0.000821188
0.000986112
0.00114326
0.00128916
0.00142278
0.00154517
0.00165393
0.00174907
0.00183159
0.00190079
0.00195823
0.0020043
0.00203964
0.00206526
0.0020825
0.0020929
0.00209778
0.00209721
0.00209189
0.00208207
0.0020683
0.00205141
0.00203114
0.0020081
0.00198255
0.00195663
0.00193324
0
0
0
0
0
0
0
3.17749e-07
2.24538e-07
3.00208e-07
7.03495e-07
1.1475e-06
1.36331e-06
1.90948e-06
2.64781e-06
3.38616e-06
4.01545e-06
4.85714e-06
6.05354e-06
7.53753e-06
9.40453e-06
1.17695e-05
1.45212e-05
1.7624e-05
2.08807e-05
2.41613e-05
2.73752e-05
3.06054e-05
3.36432e-05
3.56098e-05
3.73176e-05
3.91595e-05
4.10515e-05
4.26093e-05
4.37081e-05
4.44915e-05
4.48781e-05
4.49769e-05
4.49917e-05
4.49545e-05
4.50778e-05
4.55536e-05
4.66632e-05
4.89359e-05
5.2637e-05
5.8061e-05
6.58851e-05
7.64742e-05
8.99422e-05
0.000106945
0.000127912
0.000152946
0.000182243
0.000214709
0.000247246
0.000274299
0.000290187
0.000290927
0.000275268
0.000244515
0.000210229
0.000231097
0.000267598
0.000205552
0.000150174
0.0002057
0.000355746
0.000328974
0.000317369
0.000268207
0.000194901
0.000230091
0.000331288
0.000467379
0.000611681
0.000754269
0.000892291
0.00102299
0.00114274
0.00125095
0.00134698
0.00143068
0.00150346
0.00156732
0.0016213
0.00166557
0.00170086
0.00172816
0.00174853
0.00176299
0.00177219
0.00177691
0.00177733
0.00177403
0.0017675
0.00175798
0.00174618
0.0017325
0.0017186
0.00170589
0
0
0
0
0
0
0
0
0
3.10962e-07
3.10912e-07
3.26681e-07
6.95942e-07
1.08422e-06
1.23133e-06
1.48271e-06
2.00649e-06
2.81047e-06
3.56982e-06
4.18982e-06
4.97435e-06
6.15046e-06
7.87361e-06
9.88474e-06
1.2106e-05
1.45592e-05
1.70231e-05
1.94774e-05
2.17671e-05
2.38956e-05
2.57627e-05
2.67449e-05
2.73387e-05
2.78285e-05
2.82859e-05
2.88996e-05
3.00359e-05
3.15144e-05
3.31431e-05
3.40925e-05
3.46229e-05
3.47842e-05
3.49596e-05
3.53433e-05
3.62698e-05
3.79866e-05
4.10288e-05
4.58514e-05
5.2611e-05
6.19496e-05
7.44045e-05
8.98358e-05
0.000109226
0.000132087
0.000157739
0.000184867
0.000209589
0.000226429
0.000231074
0.000221927
0.000199756
0.000172989
0.000185238
0.000221143
0.000184244
0.000127032
0.000147575
0.0002839
0.000293996
0.000261749
0.000270846
0.000163318
0.000171871
0.000231423
0.000336048
0.000455897
0.000579148
0.000699019
0.000812865
0.000918354
0.00101468
0.00110156
0.00117802
0.00124415
0.00130097
0.00134902
0.00138898
0.00142151
0.00144763
0.00146819
0.00148395
0.00149566
0.00150369
0.00150854
0.00151067
0.0015104
0.00150832
0.00150481
0.00150112
0.00149748
0
0
0
0
0
0
0
0
0
0
2.96464e-07
3.0401e-07
3.15145e-07
3.08799e-07
6.0406e-07
9.82326e-07
1.11201e-06
1.16954e-06
1.50645e-06
2.02602e-06
2.90085e-06
3.67064e-06
4.28581e-06
5.12446e-06
6.25396e-06
7.82906e-06
9.66436e-06
1.15279e-05
1.33276e-05
1.51244e-05
1.67659e-05
1.82975e-05
1.97214e-05
2.04471e-05
2.08856e-05
2.12005e-05
2.14025e-05
2.15615e-05
2.1811e-05
2.21516e-05
2.28302e-05
2.42945e-05
2.60379e-05
2.70148e-05
2.74557e-05
2.7789e-05
2.85023e-05
2.99032e-05
3.22802e-05
3.61055e-05
4.19842e-05
5.00027e-05
6.07315e-05
7.47545e-05
9.17399e-05
0.00011188
0.000133293
0.00015307
0.000168031
0.000174932
0.000171216
0.000156777
0.000137809
0.000146415
0.000177229
0.000156887
0.000106108
0.000112293
0.000215238
0.000252891
0.000221733
0.00023266
0.000156758
0.00013582
0.000167137
0.000243905
0.000342794
0.000446286
0.000548236
0.000646108
0.00073838
0.000822978
0.000898823
0.000965923
0.00102443
0.00107516
0.00111871
0.00115576
0.00118702
0.00121312
0.00123479
0.0012527
0.00126725
0.00127897
0.0012884
0.00129586
0.00130182
0.00130668
0.00131125
0.00131472
0
0
0
0
0
0
0
0
0
0
0
0
3.02763e-07
3.07986e-07
3.06663e-07
2.92646e-07
4.70543e-07
7.82793e-07
1.04247e-06
1.11347e-06
1.19323e-06
1.66675e-06
2.23906e-06
3.07908e-06
3.81083e-06
4.37186e-06
5.07752e-06
5.8744e-06
6.91734e-06
8.26312e-06
9.75309e-06
1.11276e-05
1.24581e-05
1.36631e-05
1.48261e-05
1.53844e-05
1.58479e-05
1.62594e-05
1.66523e-05
1.69669e-05
1.72338e-05
1.7438e-05
1.76859e-05
1.80663e-05
1.88692e-05
2.03121e-05
2.15815e-05
2.21759e-05
2.27455e-05
2.38024e-05
2.56746e-05
2.86424e-05
3.3143e-05
3.98452e-05
4.87775e-05
6.03474e-05
7.50269e-05
9.09975e-05
0.000107052
0.000119744
0.000126244
0.000125685
0.000117364
0.000105277
0.000113744
0.000139486
0.000127462
8.6819e-05
8.69713e-05
0.000160875
0.000210735
0.000187687
0.000190654
0.000154118
0.000109868
0.000125887
0.000177543
0.000255138
0.000340624
0.000426378
0.000509416
0.000587733
0.000660206
0.000726213
0.000785364
0.000837851
0.000883805
0.000923625
0.000958019
0.000987843
0.00101375
0.00103643
0.0010562
0.00107352
0.00108885
0.00110246
0.00111506
0.00112678
0.00113803
0.00114728
0
0
0
0
0
0
0
0
0
0
0
0
0
0
2.97202e-07
3.22551e-07
2.51218e-07
3.09483e-07
3.54393e-07
6.25199e-07
9.43415e-07
1.07477e-06
1.20987e-06
1.47551e-06
1.90921e-06
2.41015e-06
3.11365e-06
3.74472e-06
4.1966e-06
4.61804e-06
5.10739e-06
5.60432e-06
6.2832e-06
7.02038e-06
8.04372e-06
9.27089e-06
1.03496e-05
1.11969e-05
1.19041e-05
1.25198e-05
1.30646e-05
1.35032e-05
1.39194e-05
1.42321e-05
1.44455e-05
1.4607e-05
1.48803e-05
1.53474e-05
1.63704e-05
1.75027e-05
1.8269e-05
1.91119e-05
2.04892e-05
2.27216e-05
2.61248e-05
3.10573e-05
3.81595e-05
4.75197e-05
5.86039e-05
7.10267e-05
8.13593e-05
8.79178e-05
8.94781e-05
8.48954e-05
7.70938e-05
8.44528e-05
0.000105937
0.000100535
6.9122e-05
6.82779e-05
0.000121141
0.000170026
0.000156157
0.000152321
0.000145813
9.10151e-05
9.79121e-05
0.000130048
0.000186808
0.000253627
0.000323039
0.000392138
0.000458225
0.000520292
0.000577541
0.000629739
0.000676651
0.000718418
0.000755896
0.00078942
0.000819614
0.000846808
0.000871435
0.000893948
0.000914636
0.000933804
0.000951754
0.000968725
0.000985005
0.000998494
0
0
0
0
0
0
0
0
0
0
0
0
0
0
0
0
2.94224e-07
3.29868e-07
2.68892e-07
3.1134e-07
2.86537e-07
5.18081e-07
8.24993e-07
1.05874e-06
1.17697e-06
1.3752e-06
1.66161e-06
2.00026e-06
2.35991e-06
2.76845e-06
3.27684e-06
3.67919e-06
3.97995e-06
4.1915e-06
4.44252e-06
4.73388e-06
5.06902e-06
5.56072e-06
6.32397e-06
7.28575e-06
8.49617e-06
9.47058e-06
1.02896e-05
1.09093e-05
1.13773e-05
1.1705e-05
1.19573e-05
1.20811e-05
1.21573e-05
1.23172e-05
1.26145e-05
1.33112e-05
1.42679e-05
1.52237e-05
1.63272e-05
1.79253e-05
2.03899e-05
2.40415e-05
2.91466e-05
3.61609e-05
4.47891e-05
5.29498e-05
5.93681e-05
6.18932e-05
5.98024e-05
5.52231e-05
5.91977e-05
7.68516e-05
7.61512e-05
5.43647e-05
5.2207e-05
8.75917e-05
0.000135382
0.000129241
0.000121315
0.000129344
7.99676e-05
7.71121e-05
9.38505e-05
0.000131917
0.000183233
0.000238852
0.000294492
0.000348627
0.000400566
0.000450261
0.00049705
0.000540234
0.000579945
0.000616418
0.00064989
0.000680714
0.000709235
0.000735692
0.000760328
0.000783367
0.00080543
0.000826497
0.000846629
0.000863376
0
0
0
0
0
0
0
0
0
0
0
0
0
0
0
0
0
0
0
3.28527e-07
2.80477e-07
3.00999e-07
2.65493e-07
4.27078e-07
7.02829e-07
9.65527e-07
1.11583e-06
1.25271e-06
1.45179e-06
1.6948e-06
1.90556e-06
2.14433e-06
2.37348e-06
2.598e-06
2.86512e-06
3.16074e-06
3.40612e-06
3.61643e-06
3.77863e-06
4.03949e-06
4.4489e-06
4.94536e-06
5.76248e-06
6.78086e-06
7.92789e-06
8.75007e-06
9.29107e-06
9.65815e-06
9.84101e-06
9.96598e-06
9.98896e-06
9.99594e-06
1.00754e-05
1.03049e-05
1.07648e-05
1.1591e-05
1.26813e-05
1.40178e-05
1.5792e-05
1.83872e-05
2.21571e-05
2.72368e-05
3.32927e-05
3.91064e-05
4.20609e-05
4.19567e-05
3.94293e-05
3.91431e-05
5.2028e-05
5.73851e-05
4.24961e-05
3.85233e-05
5.79e-05
0.000102278
0.000106553
9.74682e-05
0.000105717
8.20552e-05
6.11649e-05
6.81475e-05
9.05139e-05
0.000126863
0.000169556
0.000214523
0.000260474
0.000305523
0.000349069
0.000390552
0.000429877
0.000467041
0.00050221
0.000535681
0.000567374
0.000597144
0.000625123
0.000651557
0.000676616
0.000700431
0.000723015
0.000741814
0
0
0
0
0
0
0
0
0
0
0
0
0
0
0
0
0
0
0
0
0
3.23945e-07
2.90522e-07
2.23278e-07
2.69846e-07
3.20526e-07
5.48297e-07
7.88715e-07
9.94665e-07
1.12039e-06
1.2183e-06
1.36709e-06
1.5399e-06
1.73599e-06
1.90314e-06
2.03822e-06
2.20651e-06
2.37228e-06
2.53606e-06
2.75491e-06
3.01547e-06
3.31656e-06
3.57286e-06
3.92251e-06
4.36437e-06
4.9778e-06
5.77417e-06
6.76185e-06
7.42411e-06
7.8285e-06
8.06179e-06
8.12077e-06
8.12071e-06
8.09734e-06
8.06645e-06
8.11458e-06
8.32176e-06
8.72447e-06
9.4202e-06
1.05146e-05
1.20325e-05
1.40657e-05
1.67569e-05
2.04263e-05
2.47686e-05
2.83163e-05
3.01014e-05
2.87035e-05
2.61512e-05
3.10462e-05
4.10482e-05
3.44795e-05
2.77995e-05
3.52231e-05
7.02822e-05
8.53958e-05
7.96759e-05
8.15121e-05
8.25078e-05
5.20793e-05
5.18639e-05
6.14703e-05
8.33951e-05
0.000116234
0.000153772
0.000192574
0.000230939
0.00026915
0.000306743
0.000343851
0.000379649
0.000413967
0.000446639
0.000477521
0.000506822
0.000534623
0.000561225
0.00058685
0.000611259
0.00063154
0
0
0
0
0
0
0
0
0
0
0
0
0
0
0
0
0
0
0
0
0
0
0
3.12581e-07
3.07138e-07
2.44283e-07
2.82292e-07
2.51705e-07
3.45734e-07
5.48754e-07
7.40395e-07
9.05295e-07
1.03968e-06
1.12538e-06
1.20669e-06
1.3003e-06
1.44875e-06
1.62188e-06
1.83331e-06
1.98275e-06
2.12721e-06
2.2973e-06
2.45606e-06
2.72265e-06
3.02052e-06
3.27739e-06
3.55228e-06
3.90582e-06
4.31847e-06
4.88539e-06
5.57937e-06
6.09516e-06
6.38472e-06
6.48881e-06
6.51357e-06
6.45792e-06
6.41016e-06
6.4026e-06
6.46129e-06
6.66823e-06
7.09979e-06
7.81605e-06
8.92159e-06
1.05561e-05
1.27887e-05
1.55226e-05
1.85204e-05
2.08055e-05
2.1661e-05
2.05043e-05
1.86524e-05
2.63213e-05
2.83195e-05
2.10316e-05
2.20763e-05
3.93909e-05
6.33615e-05
6.47914e-05
6.16149e-05
6.87542e-05
5.31508e-05
4.06333e-05
4.51794e-05
5.85872e-05
8.14495e-05
0.000109493
0.00014035
0.000173746
0.000208418
0.000243271
0.000277435
0.000310582
0.000342896
0.000374099
0.000404398
0.000433423
0.000461136
0.000487502
0.000512278
0.000532886
0
0
0
0
0
0
0
0
0
0
0
0
0
0
0
0
0
0
0
0
0
0
0
0
0
2.79001e-07
3.22217e-07
2.85556e-07
2.31496e-07
2.72646e-07
2.52579e-07
2.8072e-07
4.22631e-07
5.87237e-07
7.33466e-07
8.6546e-07
9.89512e-07
1.08599e-06
1.16362e-06
1.2596e-06
1.41244e-06
1.6234e-06
1.88443e-06
1.99994e-06
2.16483e-06
2.31672e-06
2.5048e-06
2.76125e-06
2.98491e-06
3.16903e-06
3.40636e-06
3.64521e-06
3.97885e-06
4.32073e-06
4.69961e-06
4.92151e-06
5.02457e-06
5.02829e-06
5.01679e-06
4.99892e-06
5.02627e-06
5.16933e-06
5.44893e-06
5.94388e-06
6.747e-06
7.95932e-06
9.70149e-06
1.19348e-05
1.42446e-05
1.58301e-05
1.61295e-05
1.47645e-05
1.38526e-05
2.02958e-05
1.90072e-05
1.45728e-05
1.95137e-05
4.10462e-05
4.94108e-05
4.75268e-05
5.0582e-05
5.06893e-05
3.29731e-05
3.39241e-05
4.16292e-05
5.887e-05
8.232e-05
0.000108849
0.000137084
0.00016584
0.000195391
0.00022541
0.000256561
0.000287214
0.000316992
0.000345306
0.000372324
0.000398243
0.000422718
0.000443393
0
0
0
0
0
0
0
0
0
0
0
0
0
0
0
0
0
0
0
0
0
0
0
0
0
0
0
0
2.80108e-07
3.18418e-07
2.98941e-07
2.56705e-07
2.14031e-07
2.62559e-07
2.54672e-07
2.76908e-07
3.80786e-07
5.63504e-07
7.13064e-07
8.54034e-07
9.93666e-07
1.09695e-06
1.18341e-06
1.30405e-06
1.51779e-06
1.76871e-06
1.90664e-06
2.02903e-06
2.15539e-06
2.25369e-06
2.45617e-06
2.62161e-06
2.7219e-06
2.83211e-06
2.95547e-06
3.0611e-06
3.20201e-06
3.34842e-06
3.51915e-06
3.65983e-06
3.74316e-06
3.80683e-06
3.88321e-06
4.03242e-06
4.26402e-06
4.6717e-06
5.29917e-06
6.19835e-06
7.51408e-06
9.25947e-06
1.11948e-05
1.24616e-05
1.253e-05
1.11255e-05
1.06881e-05
1.52653e-05
1.21374e-05
1.12113e-05
2.12091e-05
3.46972e-05
3.56286e-05
3.584e-05
4.03999e-05
2.722e-05
2.53313e-05
3.01546e-05
4.24879e-05
6.12791e-05
8.41564e-05
0.000109048
0.00013482
0.000161101
0.000187798
0.000214295
0.000240664
0.000266598
0.000292351
0.000317622
0.000341594
0.00036183
0
0
0
0
0
0
0
0
0
0
0
0
0
0
0
0
0
0
0
0
0
0
0
0
0
0
0
0
0
0
0
2.29588e-07
2.84789e-07
3.13863e-07
3.03219e-07
2.68806e-07
2.26652e-07
2.55599e-07
2.57232e-07
2.95636e-07
4.43384e-07
6.49069e-07
7.99188e-07
9.44683e-07
1.07599e-06
1.13513e-06
1.2339e-06
1.42356e-06
1.63767e-06
1.78367e-06
1.84602e-06
1.93424e-06
1.99353e-06
2.06458e-06
2.16377e-06
2.2322e-06
2.25803e-06
2.2802e-06
2.30897e-06
2.33588e-06
2.36435e-06
2.44027e-06
2.54757e-06
2.71157e-06
2.89997e-06
3.12254e-06
3.38737e-06
3.77055e-06
4.28834e-06
5.05426e-06
6.06313e-06
7.32663e-06
8.80378e-06
9.96568e-06
9.884e-06
8.62686e-06
8.46985e-06
1.2093e-05
7.97425e-06
9.32909e-06
2.05025e-05
2.52052e-05
2.43665e-05
2.82406e-05
2.08304e-05
1.83063e-05
2.20784e-05
3.17592e-05
4.69656e-05
6.55144e-05
8.61679e-05
0.000108211
0.000131527
0.000155436
0.000179335
0.000202756
0.000225694
0.000247783
0.000269158
0.00028752
0
0
0
0
0
0
0
0
0
0
0
0
0
0
0
0
0
0
0
0
0
0
0
0
0
0
0
0
0
0
0
0
0
0
0
1.95916e-07
2.49989e-07
3.0282e-07
3.064e-07
2.68598e-07
2.15718e-07
2.53222e-07
2.88539e-07
4.27583e-07
6.47932e-07
7.84955e-07
9.18161e-07
1.03188e-06
1.0746e-06
1.15143e-06
1.27776e-06
1.43345e-06
1.596e-06
1.62938e-06
1.64948e-06
1.68233e-06
1.69851e-06
1.67937e-06
1.70421e-06
1.7068e-06
1.70154e-06
1.68278e-06
1.68527e-06
1.71248e-06
1.769e-06
1.87017e-06
2.06109e-06
2.34076e-06
2.69211e-06
3.08475e-06
3.58353e-06
4.19329e-06
5.04372e-06
6.0159e-06
6.98946e-06
7.82522e-06
7.61402e-06
6.56279e-06
7.0681e-06
8.09121e-06
5.80874e-06
8.83489e-06
1.82988e-05
1.7574e-05
1.87442e-05
1.36231e-05
1.26548e-05
1.59743e-05
2.43816e-05
3.69914e-05
5.19645e-05
6.88146e-05
8.73081e-05
0.000106892
0.00012719
0.000147797
0.000168536
0.000188916
0.000208486
0.000225249
0
0
0
0
0
0
0
0
0
0
0
0
0
0
0
0
0
0
0
0
0
0
0
0
0
0
0
0
0
0
0
0
0
0
0
0
0
0
0
1.67489e-07
2.57177e-07
3.08264e-07
2.83952e-07
2.26183e-07
2.50884e-07
2.98822e-07
4.42146e-07
6.47873e-07
7.58386e-07
8.65835e-07
9.59541e-07
1.00359e-06
1.03598e-06
1.07356e-06
1.16154e-06
1.24932e-06
1.33425e-06
1.37393e-06
1.32802e-06
1.30184e-06
1.28169e-06
1.25826e-06
1.22004e-06
1.21101e-06
1.20659e-06
1.22437e-06
1.27351e-06
1.37359e-06
1.52384e-06
1.74497e-06
2.07993e-06
2.52163e-06
3.00243e-06
3.5722e-06
4.19774e-06
4.97499e-06
5.68712e-06
6.16192e-06
5.65578e-06
4.843e-06
6.04473e-06
5.38666e-06
4.26074e-06
9.76093e-06
1.25667e-05
1.14181e-05
1.02258e-05
8.35244e-06
1.19047e-05
2.03841e-05
3.0172e-05
4.19311e-05
5.5973e-05
7.11728e-05
8.72445e-05
0.000104102
0.000121402
0.000138686
0.000155601
0.000170616
0
0
0
0
0
0
0
0
0
0
0
0
0
0
0
0
0
0
0
0
0
0
0
0
0
0
0
0
0
0
0
0
0
0
0
0
0
0
0
0
0
0
0
2.27541e-07
3.04747e-07
2.86646e-07
2.29204e-07
2.49067e-07
2.99445e-07
4.22564e-07
5.99691e-07
6.97856e-07
7.71536e-07
8.42434e-07
8.94248e-07
9.14402e-07
9.09143e-07
9.09065e-07
8.99948e-07
9.33829e-07
9.51218e-07
9.66365e-07
9.67353e-07
8.9856e-07
8.58095e-07
8.49498e-07
8.59015e-07
8.82497e-07
9.32427e-07
1.02245e-06
1.16495e-06
1.36457e-06
1.61738e-06
1.99712e-06
2.49376e-06
2.99116e-06
3.553e-06
4.05582e-06
4.56085e-06
4.9232e-06
4.33283e-06
4.37386e-06
4.83199e-06
2.91058e-06
4.29459e-06
8.9885e-06
7.2334e-06
5.59425e-06
5.57223e-06
9.78339e-06
1.65207e-05
2.51952e-05
3.60149e-05
4.78983e-05
5.9483e-05
7.21191e-05
8.54802e-05
9.89684e-05
0.000112438
0.000124902
0
0
0
0
0
0
0
0
0
0
0
0
0
0
0
0
0
0
0
0
0
0
0
0
0
0
0
0
0
0
0
0
0
0
0
0
0
0
0
0
0
0
0
0
0
0
2.08795e-07
3.01152e-07
2.93299e-07
2.42977e-07
1.90853e-07
2.74409e-07
3.53809e-07
4.69373e-07
5.95423e-07
6.54408e-07
6.91222e-07
7.22072e-07
7.42998e-07
7.48963e-07
7.358e-07
7.06828e-07
6.64979e-07
6.11851e-07
5.98861e-07
5.87635e-07
5.92561e-07
5.77949e-07
5.73251e-07
6.21543e-07
6.89304e-07
7.77322e-07
9.01328e-07
1.07147e-06
1.30566e-06
1.57323e-06
1.97048e-06
2.46933e-06
2.90594e-06
3.34953e-06
3.60807e-06
3.60148e-06
3.21941e-06
3.79156e-06
2.79918e-06
2.48125e-06
5.9043e-06
4.72969e-06
2.84715e-06
4.69841e-06
1.04801e-05
1.70555e-05
2.40481e-05
3.11894e-05
3.90556e-05
4.80649e-05
5.81046e-05
6.82893e-05
7.77911e-05
8.74013e-05
0
0
0
0
0
0
0
0
0
0
0
0
0
0
0
0
0
0
0
0
0
0
0
0
0
0
0
0
0
0
0
0
0
0
0
0
0
0
0
0
0
0
0
0
0
0
0
0
0
1.5382e-07
2.81035e-07
3.07461e-07
2.76628e-07
2.32178e-07
1.91108e-07
2.70925e-07
3.28749e-07
4.06016e-07
4.81399e-07
5.47224e-07
5.64702e-07
5.63959e-07
5.55382e-07
5.3815e-07
5.09487e-07
4.75096e-07
4.50232e-07
3.86806e-07
3.58586e-07
3.61586e-07
3.92148e-07
4.10194e-07
4.82009e-07
5.82693e-07
6.93896e-07
8.42741e-07
1.02751e-06
1.27452e-06
1.51732e-06
1.87882e-06
2.32572e-06
2.61851e-06
2.62029e-06
2.28235e-06
3.07442e-06
1.84706e-06
1.95971e-06
3.34421e-06
2.07094e-06
3.30748e-06
7.23165e-06
1.16146e-05
1.60012e-05
2.05286e-05
2.50812e-05
2.98308e-05
3.59603e-05
4.3505e-05
5.24285e-05
6.14332e-05
0
0
0
0
0
0
0
0
0
0
0
0
0
0
0
0
0
0
0
0
0
0
0
0
0
0
0
0
0
0
0
0
0
0
0
0
0
0
0
0
0
0
0
0
0
0
0
0
0
0
0
0
5.38943e-08
1.68669e-07
2.82199e-07
3.10467e-07
2.92391e-07
2.57936e-07
2.22567e-07
1.91129e-07
2.70412e-07
3.14819e-07
3.62479e-07
4.00664e-07
4.22592e-07
4.11446e-07
3.8638e-07
3.53885e-07
3.1571e-07
2.91672e-07
2.75397e-07
2.21291e-07
2.38055e-07
2.75069e-07
3.18864e-07
4.0061e-07
5.15157e-07
6.35115e-07
7.96855e-07
9.77715e-07
1.19462e-06
1.36467e-06
1.54765e-06
1.6273e-06
1.25771e-06
2.10104e-06
9.66951e-07
1.65117e-06
1.49291e-06
2.82202e-06
4.90244e-06
7.42179e-06
1.004e-05
1.34935e-05
1.6892e-05
1.99682e-05
2.32905e-05
2.71737e-05
3.18063e-05
3.68212e-05
0
0
0
0
0
0
0
0
0
0
0
0
0
0
0
0
0
0
0
0
0
0
0
0
0
0
0
0
0
0
0
0
0
0
0
0
0
0
0
0
0
0
0
0
0
0
0
0
0
0
0
0
0
0
0
0
0
4.8746e-08
2.04096e-07
2.99281e-07
3.17529e-07
2.97765e-07
2.6157e-07
2.24217e-07
1.909e-07
2.65977e-07
2.94263e-07
3.07645e-07
3.04093e-07
2.80479e-07
2.52052e-07
2.16264e-07
1.83176e-07
1.98317e-07
1.50939e-07
1.60777e-07
1.99632e-07
2.53922e-07
3.36544e-07
4.52406e-07
5.58943e-07
6.88406e-07
7.821e-07
8.05931e-07
7.54645e-07
7.05158e-07
1.0208e-06
3.32331e-07
2.0783e-06
3.00346e-06
4.31259e-06
6.20472e-06
7.22633e-06
8.03025e-06
9.25442e-06
1.07168e-05
1.23428e-05
1.42375e-05
1.64899e-05
1.90062e-05
0
0
0
0
0
0
0
0
0
0
0
0
0
0
0
0
0
0
0
0
0
0
0
0
0
0
0
0
0
0
0
0
0
0
0
0
0
0
0
0
0
0
0
0
0
0
0
0
0
0
0
0
0
0
0
0
0
0
0
0
0
0
1.10824e-08
2.60087e-07
3.45087e-07
3.2495e-07
2.75295e-07
2.24063e-07
1.83002e-07
2.49257e-07
2.4913e-07
2.32746e-07
2.0514e-07
1.7998e-07
1.49397e-07
1.1714e-07
1.40372e-07
9.8803e-08
1.0036e-07
1.40248e-07
1.96028e-07
2.72854e-07
3.5427e-07
4.20085e-07
5.88651e-07
8.25638e-07
2.7834e-07
1.75354e-08
7.43104e-07
2.11717e-06
2.86226e-06
3.16846e-06
3.86147e-06
4.66305e-06
5.38313e-06
6.12915e-06
6.98673e-06
7.93418e-06
8.97425e-06
1.00988e-05
0
0
0
0
0
0
0
0
0
0
0
0
0
0
0
0
0
0
0
0
0
0
0
0
0
0
0
0
0
0
0
0
0
0
0
0
0
0
0
0
0
0
0
0
0
0
0
0
0
0
0
0
0
0
0
0
0
0
0
0
0
0
0
0
0
0
0
5.03943e-07
4.01986e-07
3.13235e-07
2.39656e-07
1.86339e-07
1.51238e-07
2.14112e-07
1.82066e-07
1.46743e-07
1.19806e-07
9.4693e-08
6.58437e-08
6.22355e-08
5.63934e-08
4.71282e-08
8.32908e-08
1.53298e-07
2.08776e-07
1.82964e-08
9.0946e-09
9.20315e-07
8.06399e-07
8.06124e-07
1.00335e-06
1.3308e-06
1.70234e-06
2.12656e-06
2.60607e-06
3.14048e-06
3.72892e-06
4.37834e-06
5.0245e-06
5.52412e-06
0
0
0
0
0
0
0
0
0
0
0
0
0
0
0
0
0
0
0
0
0
0
0
0
0
0
0
0
0
0
0
0
0
0
0
0
0
0
0
0
0
0
0
0
0
0
0
0
0
0
0
0
0
0
0
0
0
0
0
0
0
0
0
0
0
0
0
0
0
0
0
5.66727e-07
3.39645e-07
2.41627e-07
1.79207e-07
1.40981e-07
1.82805e-07
1.34062e-07
9.34494e-08
5.92024e-08
4.08478e-08
2.32936e-08
1.53902e-08
2.10591e-08
9.27083e-09
3.1593e-09
1.45448e-07
4.03406e-07
4.2043e-07
3.83869e-07
4.77068e-07
5.34205e-07
6.47833e-07
8.06007e-07
9.79143e-07
1.24132e-06
1.53294e-06
1.8464e-06
2.17449e-06
2.49246e-06
0
0
0
0
0
0
0
0
0
0
0
0
0
0
0
0
0
0
0
0
0
0
0
0
0
0
0
0
0
0
0
0
0
0
0
0
0
0
0
0
0
0
0
0
0
0
0
0
0
0
0
0
0
0
0
0
0
0
0
0
0
0
0
0
0
0
0
0
0
0
0
0
0
0
7.83441e-07
3.63257e-07
2.3051e-07
1.58311e-07
1.15963e-07
1.39669e-07
7.94196e-08
3.44795e-08
1.33248e-08
8.08714e-10
4.99748e-13
1.88688e-12
7.68798e-10
1.31064e-12
5.82094e-09
3.70181e-08
1.92842e-07
4.12811e-07
4.22091e-07
3.70156e-07
4.49104e-07
5.08401e-07
5.57137e-07
6.4797e-07
7.5522e-07
8.56059e-07
0
0
0
0
0
0
0
0
0
0
0
0
0
0
0
0
0
0
0
0
0
0
0
0
0
0
0
0
0
0
0
0
0
0
0
0
0
0
0
0
0
0
0
0
0
0
0
0
0
0
0
0
0
0
0
0
0
0
0
0
0
0
0
0
0
0
0
0
0
0
0
0
0
0
0
0
0
8.84141e-07
3.52526e-07
1.74014e-07
9.45304e-08
5.71393e-08
3.93467e-08
2.36448e-08
5.85863e-11
4.38772e-09
1.13816e-10
2.33658e-10
3.5245e-10
5.88768e-11
7.79327e-10
9.31929e-15
3.08024e-09
2.14799e-08
7.11491e-08
2.43105e-07
4.03748e-07
4.33451e-07
4.10815e-07
3.68592e-07
0
0
0
0
0
0
0
0
0
0
0
0
0
0
0
0
0
0
0
0
0
0
0
0
0
0
0
0
0
0
0
0
0
0
0
0
0
0
0
0
0
0
0
0
0
0
0
0
0
0
0
0
0
0
0
0
0
0
0
0
0
0
0
0
0
0
0
0
0
0
0
0
0
0
0
0
0
0
0
0
0
1.45073e-07
2.7703e-08
9.4068e-09
1.79353e-41
1.65325e-41
1.61992e-41
4.45453e-11
2.20576e-09
4.38585e-09
1.05006e-10
2.00707e-10
3.28737e-10
2.48816e-12
8.76745e-11
5.15077e-10
6.44502e-41
1.42595e-12
5.31885e-10
2.81982e-09
0
0
0
0
0
0
0
0
0
0
0
0
0
0
0
0
0
0
0
0
0
0
0
0
0
0
0
0
0
0
0
0
0
0
0
0
0
0
0
0
0
0
0
0
0
0
0
0
0
0
0
0
0
0
0
0
0
0
0
0
0
0
0
0
0
0
0
0
0
0
0
0
0
0
0
0
0
0
0
0
0
0
0
0
0
1.97371e-09
2.316e-09
8.03288e-12
1.7964e-41
1.66742e-41
1.61956e-41
1.71389e-10
2.8799e-10
2.67525e-09
4.32384e-09
2.93656e-09
1.07048e-10
1.49225e-10
1.88719e-10
2.19559e-10
0
0
0
0
0
0
0
0
0
0
0
0
0
0
0
0
0
0
0
0
0
0
0
0
0
0
0
0
0
0
0
0
0
0
0
0
0
0
0
0
0
0
0
0
0
0
0
0
0
0
0
0
0
0
0
0
0
0
0
0
0
0
0
0
0
0
0
0
0
0
0
0
0
0
0
0
0
0
0
0
0
0
0
0
0
0
0
0
0
9.57107e-10
2.66711e-09
1.48099e-09
7.58387e-13
1.82731e-41
1.73071e-41
1.66535e-41
1.62317e-41
1.58824e-11
6.56675e-10
1.57488e-09
0
0
0
0
0
0
0
0
0
0
0
0
0
0
0
0
0
0
0
0
0
0
0
0
0
0
0
0
0
0
0
0
0
0
0
0
0
0
0
0
0
0
0
0
0
0
0
0
0
0
0
0
0
0
0
0
0
0
0
0
0
0
0
0
0
0
0
0
0
0
0
0
0
0
0
0
0
0
0
0
0
0
0
0
0
0
0
0
0
0
0
0
0
0
0
3.77885e-11
6.87503e-10
3.36082e-10
9.83819e-14
4.24615e-10
0
0
0
0
0
0
0
0
0
0
0
0
0
0
0
0
0
0
0
0
0
0
0
0
0
0
0
0
0
0
0
0
0
0
0
0
0
0
0
0
0
0
0
0
0
0
0
0
0
0
0
0
0
0
0
0
0
0
0
0
0
0
0
0
0
0
0
0
0
0
0
0
0
0
0
0
0
0
0
0
0
0
0
0
0
0
0
0
0
0
0
0
0
0
0
0
0
0
0
0
0
0
0
0
0
0
0
0
0
0
0
0
0
0
0
0
0
0
0
0
0
0
0
0
0
0
0
0
0
0
0
0
0
0
0
0
0
0
0
0
0
0
0
0
0
0
0
0
0
0
0
0
0
0
0
0
0
0
0
0
0
0
0
0
0
0
0
0
0
0
0
0
0
0
0
0
0
0
0
0
0
0
0
0
0
0
0
0
0
0
0
0
0
0
0
0
0
0
0
0
0
0
0
0
0
0
0
0
0
0
0
0
0
0
0
0
0
0
0
0
0
0
0
0
0
0
0
0
0
0
0
0
0
0
0
0
0
0
0
0
0
0
0
0
0
0
0
0
0
0
0
0
0
0
0
0
0
0
0
0
0
0
0
0
0
0
0
0
0
0
0
0
0
0
0
0
0
0
0
0
0
0
0
0
0
0
0
0
0
0
0
0
0
0
0
0
0
0
0
0
0
0
0
0
0
0
0
0
0
0
0
0
0
0
0
0
0
0
0
0
0
0
0
0
0
0
0
0
0
0
0
0
0
0
0
0
0
0
0
0
0
0
0
0
0
0
0
0
0
0
0
0
0
0
0
0
0
0
0
0
0
0
0
0
0
0
0
0
0
0
0
0
0
0
0
0
0
0
0
0
0
0
0
0
0
0
0
0
0
0
0
0
0
0
0
0
0
0
0
0
0
0
0
0
0
0
0
0
0
0
0
0
0
0
0
0
0
0
0
0
0
0
0
0
0
0
0
0
0
0
0
0
0
0
0
0
0
0
0
0
0
0
0
0
0
0
0
0
0
0
0
0
0
0
0
0
0
0
0
0
0
0
0
0
0
0
0
0
0
0
0
0
0
0
0
0
0
0
0
0
0
0
0
0
0
0
0
0
0
0
0
0
0
0
0
0
0
0
0
0
0
0
0
0
0
0
0
0
0
0
0
0
0
0
0
0
0
0
0
0
0
0
0
0
0
0
0
0
0
0
0
0
0
0
0
0
0
0
0
0
0
0
0
0
0
0
0
0
0
0
0
0
0
0
0
0
0
0
0
0
0
0
0
0
0
0
0
0
0
0
0
0
0
0
0
0
0
0
0
0
0
0
0
0
0
0
0
0
0
0
0
0
0
0
0
0
0
0
0
0
0
0
0
0
0
0
0
0
0
0
0
0
0
0
0
0
0
0
0
0
0
0
0
0
0
0
0
0
0
0
0
0
0
0
0
0
0
0
0
0
0
0
0
0
0
0
0
0
0
0
0
0
0
0
0
0
0
0
0
0
0
0
0
0
0
0
0
0
0
0
0
0
0
0
0
0
0
0
0
0
0
0
0
0
0
0
0
0
0
0
0
0
0
0
0
0
0
0
0
0
0
0
0
0
0
0
0
0
0
0
0
0
0
0
0
0
0
0
0
0
0
0
0
0
0
0
0
0
0
0
0
0
0
0
0
0
0
0
0
0
0
0
0
0
0
0
0
0
0
0
0
0
0
0
0
0
0
0
0
0
0
0
0
0
0
0
0
0
0
0
0
0
0
0
0
0
0
0
0
0
0
0
0
0
0
0
0
0
0
0
0
0
0
0
0
0
0
0
0
0
0
0
0
0
0
0
0
0
0
0
0
0
0
0
0
0
0
0
0
0
0
0
0
0
0
0
0
0
0
0
0
0
0
0
0
0
0
0
0
0
0
0
0
0
0
0
0
0
0
0
0
0
0
0
0
0
0
0
0
0
0
0
0
0
0
0
0
0
0
0
0
0
0
0
0
0
0
0
0
0
0
0
0
0
0
0
0
0
0
0
0
0
0
0
0
0
0
0
0
0
)
;

boundaryField
{
    AXIS
    {
        type            empty;
    }
    OUTLET
    {
        type            calculated;
        value           nonuniform List<scalar> 
80
(
0.00965916
0.00965067
0.00963198
0.00960277
0.009566
0.00952271
0.0094735
0.00941888
0.00935899
0.00929374
0.0092246
0.00915125
0.00907318
0.0089909
0.00890393
0.00879506
0.0086612
0.00852104
0.00837715
0.00822828
0.00807242
0.00790702
0.00773485
0.00755814
0.00737697
0.007194
0.00701269
0.00682843
0.00664294
0.0064599
0.00616985
0.00576294
0.00535634
0.00495105
0.00454956
0.0041609
0.00378576
0.00342078
0.00308233
0.002759
0.00246212
0.00218564
0.00193324
0.00170589
0.00149748
0.00131472
0.00114728
0.000998494
0.000863376
0.000741814
0.00063154
0.000532886
0.000443393
0.00036183
0.00028752
0.000225249
0.000170616
0.000124902
8.74013e-05
6.14332e-05
3.68212e-05
1.90062e-05
1.00988e-05
5.52412e-06
2.49246e-06
8.56059e-07
3.68592e-07
2.81982e-09
2.19559e-10
1.57488e-09
4.24615e-10
0
0
0
0
0
0
0
0
0
)
;
    }
    COFLOW
    {
        type            calculated;
        value           uniform 0;
    }
    PILOT
    {
        type            calculated;
        value           uniform 0.0250984;
    }
    FUEL
    {
        type            calculated;
        value           uniform 2.00001e-06;
    }
    WALL
    {
        type            calculated;
        value           uniform 0;
    }
    front
    {
        type            wedge;
    }
    back
    {
        type            wedge;
    }
}


// ************************************************************************* //
