/*--------------------------------*- C++ -*----------------------------------*\
  =========                 |
  \\      /  F ield         | OpenFOAM: The Open Source CFD Toolbox
   \\    /   O peration     | Website:  https://openfoam.org
    \\  /    A nd           | Version:  6
     \\/     M anipulation  |
\*---------------------------------------------------------------------------*/
FoamFile
{
    version     2.0;
    format      ascii;
    class       volScalarField;
    location    "0.1";
    object      CO2;
}
// * * * * * * * * * * * * * * * * * * * * * * * * * * * * * * * * * * * * * //

dimensions      [0 0 0 0 0 0 0];

internalField   nonuniform List<scalar> 
8000
(
0.000144295
0.00418159
0.0239381
0.062263
0.0849297
0.0613412
0.0364264
0.0166243
0.00568612
0.00138499
0.000378717
0.000264371
0.000580847
0.00597918
0.00519852
0.00530562
0.0473902
0.118549
0.0691479
0.0383247
0.0443264
0.0697535
0.104375
0.126085
0.134183
0.130646
0.128331
0.129839
0.129987
0.0550346
0.115493
0.135247
0.129537
0.12224
0.113606
0.105693
0.101053
0.102392
0.111217
0.119272
0.117366
0.118353
0.124523
0.133283
0.140899
0.144992
0.144651
0.140454
0.132367
0.0648521
0.113729
0.120261
0.121757
0.121638
0.121465
0.12127
0.121275
0.121706
0.12263
0.123938
0.128603
0.130643
0.137187
0.141605
0.146195
0.154389
0.150223
0.153733
0.153817
0.153846
0.147622
0.153947
0.153944
0.149347
0.149324
0.153884
0.153883
0.153878
0.153843
0.153838
0.153901
0.153925
0.153976
0.149414
0.149231
0.148712
0.148236
0.147289
0.1372
0.144814
0.142995
0.140834
0.139026
0.137724
0.133549
0.131089
0.129387
0.128078
0.128156
0.123235
0.000138865
0.00485137
0.0272278
0.0656441
0.087536
0.062033
0.0351794
0.0160802
0.00521562
0.00117469
0.000334844
0.00029934
0.00101718
0.0221209
0.0180991
0.00843928
0.0179881
0.0379667
0.0443119
0.0461498
0.0509636
0.0741255
0.106669
0.126563
0.133961
0.129254
0.128156
0.129816
0.131371
0.126653
0.137408
0.135631
0.130246
0.123849
0.116671
0.109834
0.105351
0.106068
0.114471
0.114756
0.121897
0.120776
0.126173
0.134385
0.141443
0.144989
0.144448
0.140373
0.1327
0.129109
0.123405
0.122235
0.12165
0.121546
0.12144
0.121339
0.121444
0.121948
0.122897
0.12417
0.128809
0.130855
0.137472
0.141319
0.149708
0.154432
0.150249
0.15374
0.153818
0.153848
0.153884
0.153944
0.153939
0.149337
0.149316
0.153882
0.153881
0.153877
0.153844
0.153837
0.153901
0.153923
0.153975
0.149406
0.149224
0.148697
0.148216
0.147269
0.146336
0.144784
0.142968
0.140802
0.138996
0.137709
0.133508
0.131056
0.129354
0.128043
0.128154
0.123196
0.000169171
0.0085725
0.0523859
0.11067
0.0643753
0.0468624
0.0259095
0.0344474
0.0202176
0.00123542
0.00488551
0.000329074
0.0016709
0.0589594
0.0543145
0.0211571
0.0111422
0.0166446
0.074944
0.117535
0.0768625
0.0848622
0.111533
0.127573
0.133594
0.125232
0.126577
0.129762
0.13343
0.136399
0.138739
0.137009
0.131995
0.126976
0.122656
0.118435
0.114019
0.113376
0.116516
0.120631
0.120458
0.123065
0.129028
0.136533
0.142454
0.144908
0.143962
0.139369
0.132804
0.12923
0.127442
0.121787
0.121252
0.121367
0.121462
0.121548
0.121813
0.122435
0.123421
0.125949
0.129234
0.131321
0.138091
0.142612
0.149671
0.154522
0.153678
0.153755
0.153822
0.153849
0.153892
0.153936
0.141667
0.149315
0.149299
0.144248
0.153874
0.153875
0.153846
0.148373
0.153902
0.153919
0.153971
0.149387
0.139943
0.148664
0.148174
0.147225
0.146188
0.144724
0.14291
0.140731
0.1229
0.120681
0.133416
0.130984
0.12928
0.127967
0.105119
0.123108
0.000273572
0.0156339
0.0499365
0.061785
0.0473796
0.0317573
0.0163558
0.00693112
0.00187534
0.000397616
0.00016322
0.000191811
0.000801003
0.0551959
0.120048
0.0324182
0.00816135
0.0101814
0.0483711
0.0653862
0.0652336
0.0882799
0.116107
0.130979
0.133251
0.114366
0.123528
0.129739
0.13454
0.138575
0.140088
0.138457
0.133965
0.130263
0.129284
0.115804
0.124825
0.112701
0.122644
0.123392
0.124318
0.127977
0.13328
0.139378
0.14404
0.144935
0.142464
0.138057
0.13251
0.130205
0.12719
0.121365
0.111683
0.121322
0.121694
0.121966
0.122359
0.123081
0.124121
0.128488
0.129825
0.135094
0.139022
0.144177
0.149619
0.154635
0.153732
0.153775
0.153824
0.153852
0.144909
0.14932
0.149322
0.149277
0.149271
0.153858
0.153863
0.153869
0.153846
0.153849
0.153901
0.153913
0.153965
0.149359
0.149148
0.148611
0.148109
0.147158
0.146051
0.144634
0.142822
0.140625
0.138711
0.137115
0.133275
0.130874
0.129168
0.127852
0.127298
0.122972
0.000226212
0.0354603
0.115546
0.0740059
0.0406187
0.0219411
0.0090426
0.00265023
0.00059591
0.000163365
0.00256588
0.00235133
0.00261755
0.02423
0.0346082
0.0126292
0.00518661
0.00808811
0.0279732
0.0439091
0.0634545
0.0958359
0.121764
0.131835
0.132006
0.125286
0.126795
0.130613
0.135546
0.138855
0.140561
0.139408
0.135684
0.132533
0.130712
0.128889
0.126242
0.125921
0.127714
0.10984
0.131324
0.134706
0.138277
0.142705
0.144683
0.144201
0.141392
0.137076
0.132062
0.128665
0.127189
0.121855
0.119882
0.12192
0.122257
0.122598
0.123019
0.123818
0.126313
0.129257
0.130569
0.136157
0.140248
0.147215
0.151676
0.150165
0.153777
0.153795
0.148238
0.153848
0.153871
0.149268
0.149254
0.149223
0.149232
0.153843
0.153845
0.153861
0.153849
0.153858
0.153899
0.145883
0.153955
0.140167
0.149083
0.148541
0.148022
0.147069
0.145903
0.144517
0.142704
0.140484
0.138474
0.136642
0.133093
0.130728
0.129018
0.1277
0.126608
0.122798
0.000149601
0.0313902
0.0969665
0.0561492
0.0265698
0.0127812
0.00400731
0.0112134
0.000247747
0.00010921
9.37646e-05
0.000126131
0.000247841
0.0087519
0.0113853
0.0094383
0.0130013
0.0120188
0.0200086
0.0407963
0.071898
0.107835
0.116232
0.126973
0.131373
0.127045
0.12835
0.130675
0.134434
0.138662
0.140417
0.139871
0.138235
0.134563
0.132329
0.130154
0.128697
0.129276
0.131877
0.135907
0.13751
0.141049
0.127295
0.144413
0.145074
0.142461
0.138103
0.135721
0.131891
0.112663
0.127526
0.122574
0.111369
0.122613
0.123005
0.123373
0.123775
0.124733
0.129066
0.130178
0.131495
0.137497
0.141753
0.147623
0.151773
0.15031
0.153805
0.153815
0.153817
0.153829
0.15384
0.149192
0.149167
0.149152
0.14918
0.153821
0.153826
0.153848
0.153849
0.153862
0.153892
0.145284
0.149348
0.149266
0.149013
0.148453
0.147912
0.146956
0.145748
0.144373
0.142558
0.140311
0.138218
0.118404
0.132876
0.130544
0.128832
0.127511
0.126041
0.122592
9.40207e-05
0.0187987
0.0535898
0.0452657
0.0129465
0.00579723
0.0142053
0.00910095
0.00340669
0.00011679
0.000116337
0.000195212
0.00339759
0.00318879
0.0044112
0.003997
0.00690289
0.0130388
0.0253834
0.0485998
0.088798
0.118988
0.132088
0.133935
0.131462
0.115617
0.115853
0.130593
0.117438
0.136944
0.139691
0.140577
0.139061
0.137681
0.136288
0.134807
0.132602
0.134623
0.13675
0.139338
0.126711
0.142502
0.14407
0.145294
0.144738
0.141544
0.115015
0.134229
0.13226
0.130765
0.128488
0.126408
0.111581
0.123504
0.123909
0.124335
0.124734
0.112327
0.130035
0.13125
0.132713
0.139102
0.142377
0.146612
0.151362
0.153801
0.153819
0.153805
0.1538
0.153795
0.153807
0.149092
0.149059
0.149059
0.149112
0.149153
0.153802
0.153827
0.153842
0.145656
0.153881
0.153893
0.149296
0.149194
0.148934
0.148346
0.147778
0.138006
0.145578
0.144212
0.142384
0.140107
0.13794
0.135775
0.132623
0.130325
0.12861
0.127288
0.125547
0.122356
0.00136021
0.0110509
0.0322052
0.0124649
0.00456885
0.00165617
0.00896295
0.000393929
0.000148425
0.000135089
0.00229201
0.00369879
0.00173356
0.00705586
0.00342048
0.00485239
0.0100687
0.019696
0.0346848
0.0602738
0.0979673
0.11549
0.133156
0.125498
0.129177
0.127203
0.128642
0.130528
0.132809
0.136384
0.119955
0.13969
0.139814
0.139553
0.139388
0.123422
0.137575
0.138064
0.13998
0.141244
0.142538
0.143386
0.144522
0.145182
0.144325
0.141531
0.137648
0.135993
0.132953
0.131797
0.129535
0.128632
0.111948
0.125959
0.126301
0.126648
0.127007
0.129733
0.131145
0.135537
0.137434
0.132367
0.142031
0.149921
0.154864
0.153859
0.153806
0.153762
0.153765
0.142088
0.140159
0.148959
0.148926
0.148953
0.139584
0.149069
0.149146
0.153795
0.153827
0.144963
0.153863
0.15387
0.149226
0.149107
0.138932
0.148221
0.147619
0.146622
0.145388
0.144022
0.142186
0.139874
0.137638
0.135315
0.132338
0.130071
0.128352
0.12703
0.125099
0.122092
4.52683e-05
0.00212871
0.0152495
0.0132066
0.0011536
0.000397244
0.000283259
0.000159382
0.000147459
0.000225919
0.00329382
0.00624553
0.0158331
0.00926433
0.0123825
0.0125738
0.0214187
0.0319349
0.0446265
0.0761529
0.107746
0.128026
0.134609
0.134654
0.116237
0.114824
0.128683
0.129858
0.11618
0.134889
0.136868
0.137529
0.137625
0.138004
0.138719
0.139801
0.121787
0.140239
0.14086
0.123087
0.143012
0.144178
0.144755
0.144642
0.143794
0.141523
0.138284
0.136418
0.133607
0.132697
0.131892
0.12983
0.129278
0.128993
0.11254
0.129488
0.129713
0.130823
0.132413
0.137257
0.130171
0.13683
0.148057
0.150983
0.150497
0.153854
0.153751
0.153692
0.143818
0.153651
0.148945
0.148791
0.148774
0.148831
0.148901
0.148964
0.149066
0.153759
0.143866
0.153818
0.142796
0.141567
0.149144
0.149003
0.138743
0.148071
0.147436
0.146402
0.145178
0.143792
0.141962
0.139615
0.137267
0.134853
0.132025
0.129783
0.128059
0.126735
0.124682
0.121802
1.90452e-05
0.000446252
0.00152876
0.00721722
0.000276158
0.000142922
0.00247424
0.000142784
0.00214547
0.0042492
0.00126106
0.0100833
0.0351846
0.0553621
0.0201763
0.0193506
0.027432
0.0473637
0.0757256
0.0968324
0.1147
0.130832
0.135672
0.13548
0.131263
0.11549
0.129082
0.130092
0.131549
0.133569
0.134318
0.134554
0.131136
0.115426
0.116987
0.136391
0.137799
0.139053
0.139794
0.140887
0.142896
0.143777
0.144084
0.143764
0.142365
0.140678
0.138462
0.136725
0.134117
0.133493
0.132945
0.132553
0.130578
0.13012
0.130325
0.130528
0.113189
0.116943
0.136986
0.139295
0.141765
0.145448
0.150498
0.154976
0.15083
0.148124
0.153664
0.153559
0.141092
0.14883
0.14871
0.148586
0.148607
0.148682
0.148762
0.148835
0.139269
0.140522
0.153759
0.153773
0.153797
0.149198
0.14905
0.148877
0.148539
0.148148
0.147229
0.146161
0.144948
0.143536
0.141709
0.139322
0.136877
0.134397
0.13168
0.129462
0.127732
0.126408
0.124281
0.121484
4.52494e-06
0.00176065
0.00390189
0.00332507
0.000131479
0.000119019
0.000152113
0.00215632
0.00307184
0.00491524
0.00912701
0.0186075
0.0897429
0.100336
0.0448184
0.0327304
0.03704
0.0595447
0.0902113
0.112238
0.126202
0.132942
0.136144
0.136012
0.133263
0.128866
0.129343
0.13027
0.130891
0.131985
0.132511
0.132123
0.130845
0.131408
0.1323
0.115367
0.133327
0.115726
0.136388
0.117556
0.141034
0.142082
0.142328
0.141951
0.140863
0.139748
0.138589
0.137105
0.114326
0.134232
0.134019
0.133806
0.133697
0.131234
0.113459
0.131697
0.118176
0.13669
0.139035
0.141574
0.143222
0.145264
0.152281
0.150603
0.153862
0.15366
0.153519
0.153383
0.148695
0.138611
0.148439
0.148369
0.148412
0.148505
0.148601
0.1487
0.148831
0.148991
0.153711
0.140682
0.149132
0.149092
0.148934
0.148728
0.148338
0.147944
0.146996
0.1459
0.144684
0.131262
0.141426
0.138999
0.136459
0.133937
0.131302
0.129105
0.127373
0.126047
0.123798
0.121138
0.000245521
0.00162908
0.00244118
0.00265195
0.000207024
0.00253874
0.000472938
0.00415598
0.0057975
0.00731042
0.011576
0.0152953
0.0656464
0.117132
0.0635455
0.0412222
0.0438113
0.067193
0.108712
0.113063
0.130333
0.136043
0.128564
0.136159
0.133947
0.115846
0.115082
0.1304
0.129478
0.115287
0.130106
0.130429
0.130586
0.131121
0.131775
0.130183
0.131754
0.131064
0.115863
0.136064
0.13838
0.140088
0.140434
0.139452
0.138682
0.138893
0.138731
0.137832
0.136681
0.135097
0.114393
0.114336
0.114274
0.134971
0.13543
0.136044
0.137025
0.138875
0.141332
0.142951
0.148409
0.150089
0.154938
0.153798
0.153526
0.153304
0.139986
0.138329
0.148325
0.148241
0.148128
0.148119
0.148183
0.148299
0.148415
0.148543
0.148668
0.148845
0.149021
0.149017
0.14902
0.148966
0.148797
0.148556
0.14811
0.147714
0.146738
0.145608
0.144394
0.142865
0.141098
0.122853
0.136008
0.133469
0.130892
0.128714
0.126982
0.12566
0.123306
0.120765
0.000265075
6.09854e-05
0.000113763
0.000312328
0.000935376
0.00451835
0.0025916
0.00802663
0.00742078
0.0117026
0.0147475
0.0246968
0.0666909
0.101728
0.0657549
0.0451974
0.050283
0.0748827
0.110543
0.126878
0.132983
0.13652
0.124291
0.136309
0.134525
0.117208
0.130665
0.131179
0.114512
0.12865
0.114638
0.128117
0.127141
0.127637
0.129569
0.130063
0.12931
0.129716
0.132624
0.13431
0.115703
0.116542
0.137965
0.137696
0.115458
0.138848
0.139098
0.115774
0.138895
0.136451
0.116176
0.136887
0.136967
0.136855
0.121593
0.12552
0.139262
0.13188
0.142239
0.146664
0.150741
0.151029
0.149482
0.153461
0.14429
0.152835
0.138152
0.148016
0.147908
0.147844
0.147814
0.147835
0.147921
0.148063
0.148204
0.148357
0.148501
0.14867
0.139383
0.148874
0.148881
0.139232
0.148635
0.148358
0.147861
0.147453
0.146448
0.145283
0.144082
0.142412
0.126671
0.138185
0.135527
0.132984
0.130459
0.128292
0.126559
0.12517
0.122807
0.120365
0.000198202
0.00132372
0.000350646
0.00605452
0.0182383
0.0109566
0.0131382
0.0227273
0.0326164
0.0766653
0.036101
0.0751996
0.0698873
0.122501
0.085514
0.0505153
0.061548
0.0909419
0.114711
0.115759
0.136611
0.129677
0.135067
0.136041
0.13551
0.134276
0.133218
0.132675
0.131781
0.130825
0.130389
0.128707
0.127385
0.114364
0.128329
0.12881
0.129028
0.129316
0.114722
0.134052
0.134974
0.136598
0.137148
0.136591
0.115209
0.13929
0.140137
0.140677
0.140845
0.140255
0.140924
0.141023
0.14095
0.126313
0.126758
0.140473
0.141714
0.137462
0.146327
0.150436
0.15488
0.154757
0.148982
0.152999
0.152571
0.147746
0.147563
0.147459
0.147464
0.147448
0.147463
0.147508
0.147618
0.14779
0.147966
0.148145
0.148306
0.148469
0.14872
0.148704
0.148716
0.148654
0.148446
0.138097
0.147829
0.138766
0.137085
0.144936
0.143736
0.141938
0.140182
0.137679
0.13502
0.132465
0.130001
0.127839
0.126101
0.124665
0.122297
0.119937
0.0047423
0.00216407
0.00261057
0.0230304
0.114985
0.0559222
0.0419628
0.0520203
0.0844022
0.0633845
0.0867585
0.083996
0.0724571
0.117787
0.0993582
0.0597563
0.0767565
0.107192
0.122664
0.118586
0.137862
0.138438
0.125403
0.138296
0.136574
0.136089
0.117077
0.134692
0.134629
0.133144
0.131704
0.131715
0.114884
0.129981
0.114532
0.128884
0.128957
0.113867
0.114497
0.134115
0.134943
0.135545
0.136152
0.136572
0.138526
0.140747
0.141799
0.142371
0.142157
0.127492
0.140937
0.142184
0.141987
0.141631
0.141723
0.137247
0.143166
0.145595
0.150139
0.150701
0.150285
0.153236
0.152836
0.152429
0.147526
0.147019
0.146812
0.146821
0.136408
0.147011
0.147312
0.147384
0.147521
0.147483
0.147694
0.147901
0.148084
0.148254
0.138525
0.1485
0.148522
0.148464
0.148231
0.147878
0.147518
0.146818
0.145772
0.144568
0.143355
0.141432
0.124803
0.137138
0.13449
0.131929
0.129511
0.127352
0.125612
0.124146
0.121774
0.119486
0.0497182
0.0206732
0.0183704
0.07601
0.127054
0.0881481
0.0822367
0.106624
0.102953
0.0909041
0.0902931
0.107421
0.088315
0.0882406
0.0761954
0.087478
0.0922845
0.11117
0.127488
0.136232
0.133617
0.13295
0.140545
0.125844
0.121853
0.118052
0.118153
0.138014
0.138021
0.135968
0.115893
0.11557
0.134576
0.134755
0.133564
0.114235
0.114176
0.130471
0.132393
0.115105
0.134982
0.135332
0.11492
0.138036
0.11683
0.142511
0.123689
0.144097
0.142849
0.135016
0.141763
0.142579
0.143576
0.143592
0.144536
0.145377
0.148469
0.148184
0.150573
0.150209
0.147743
0.145096
0.151958
0.147259
0.146543
0.14605
0.145865
0.146
0.146517
0.146668
0.146791
0.146891
0.147061
0.147302
0.13901
0.147569
0.147783
0.137224
0.148172
0.138001
0.148265
0.1482
0.147936
0.147515
0.147102
0.137543
0.1453
0.144091
0.142876
0.1273
0.13879
0.136465
0.133804
0.131264
0.128895
0.126726
0.124996
0.123502
0.121133
0.118916
0.127433
0.0487268
0.0465627
0.0584071
0.0901203
0.0925044
0.116345
0.127469
0.120054
0.116888
0.120654
0.119697
0.121551
0.0989827
0.111049
0.0956582
0.109557
0.118665
0.119077
0.139223
0.142109
0.142484
0.142976
0.141725
0.122347
0.121541
0.121604
0.140093
0.121613
0.140136
0.139775
0.139134
0.139052
0.138181
0.137104
0.136363
0.136235
0.135999
0.115204
0.13509
0.115134
0.114477
0.11497
0.139448
0.142502
0.144364
0.143635
0.143547
0.144733
0.146876
0.151168
0.147962
0.148193
0.148136
0.152449
0.152855
0.150208
0.149033
0.153172
0.145877
0.142987
0.137997
0.146464
0.145969
0.145344
0.144845
0.144921
0.145196
0.145631
0.145944
0.146134
0.146271
0.146472
0.14675
0.147055
0.147123
0.147362
0.147539
0.147758
0.147852
0.147912
0.147844
0.147539
0.147277
0.146564
0.145767
0.144696
0.14346
0.142174
0.139974
0.137808
0.135547
0.132967
0.130459
0.12813
0.125947
0.124233
0.122709
0.12036
0.118215
0.138639
0.100655
0.0723346
0.0744251
0.0932506
0.115613
0.137437
0.140839
0.136351
0.134567
0.121749
0.127113
0.119633
0.123654
0.117836
0.118966
0.123894
0.133403
0.121724
0.142321
0.128873
0.144348
0.144157
0.143499
0.125587
0.14278
0.143299
0.143419
0.125448
0.143372
0.122082
0.120841
0.142204
0.140631
0.118126
0.141158
0.140128
0.138894
0.137507
0.115707
0.137798
0.138411
0.139605
0.117569
0.144259
0.143879
0.144288
0.149244
0.152581
0.153806
0.153891
0.150801
0.153905
0.150066
0.153612
0.149508
0.149096
0.14648
0.152124
0.151425
0.150623
0.145677
0.144921
0.14455
0.134574
0.143734
0.143758
0.144161
0.135121
0.135782
0.145426
0.145597
0.145833
0.146146
0.146468
0.14683
0.146866
0.147056
0.147285
0.147406
0.147485
0.147424
0.138643
0.146727
0.145971
0.145105
0.144035
0.142749
0.141363
0.124477
0.136795
0.134579
0.132088
0.129593
0.127308
0.125105
0.123404
0.121877
0.119547
0.117468
0.140869
0.123605
0.10502
0.0964198
0.113569
0.134144
0.14509
0.146644
0.147551
0.146379
0.142905
0.137364
0.130201
0.124309
0.123954
0.126977
0.133347
0.11785
0.141133
0.144119
0.145296
0.128164
0.127615
0.129469
0.128356
0.145137
0.145678
0.146037
0.146738
0.146383
0.127734
0.146421
0.145779
0.123421
0.144864
0.144282
0.121702
0.142166
0.141493
0.140618
0.140385
0.117374
0.142787
0.144531
0.133373
0.141451
0.145043
0.153669
0.153554
0.153535
0.153555
0.146864
0.146872
0.153122
0.15285
0.152561
0.152228
0.151546
0.150765
0.145912
0.144864
0.13193
0.14326
0.13327
0.142685
0.142422
0.142597
0.143108
0.143724
0.144278
0.134867
0.144878
0.145138
0.145483
0.14584
0.146239
0.146517
0.146719
0.146733
0.137421
0.146978
0.146921
0.146749
0.146111
0.145309
0.144393
0.143329
0.141964
0.140425
0.138033
0.135724
0.133583
0.131056
0.128677
0.126424
0.124212
0.122505
0.121004
0.118696
0.116673
0.141589
0.135082
0.119247
0.111122
0.118945
0.126836
0.134338
0.143549
0.149592
0.149121
0.150024
0.126305
0.137606
0.121877
0.1315
0.13403
0.137445
0.141553
0.143911
0.145784
0.147063
0.120967
0.14782
0.147305
0.147367
0.147332
0.147279
0.129815
0.148753
0.13172
0.148846
0.148815
0.132935
0.148
0.129883
0.146471
0.145234
0.144496
0.143294
0.143147
0.143386
0.144197
0.14459
0.133235
0.144723
0.152236
0.149086
0.148699
0.148436
0.148261
0.138965
0.139144
0.13938
0.152058
0.138284
0.151238
0.146631
0.134782
0.145059
0.144041
0.142957
0.142294
0.141645
0.141431
0.141191
0.141104
0.141419
0.142022
0.142686
0.143317
0.143797
0.14408
0.144376
0.144775
0.145151
0.145594
0.136936
0.146079
0.146324
0.146498
0.14661
0.146557
0.13722
0.145412
0.144589
0.143604
0.142529
0.141105
0.139388
0.136907
0.13461
0.132544
0.129986
0.12764
0.125489
0.123271
0.121551
0.120063
0.117809
0.115832
0.141754
0.139456
0.130695
0.1204
0.11964
0.121725
0.122623
0.129169
0.1433
0.151287
0.147679
0.149805
0.144407
0.139754
0.13846
0.138918
0.140607
0.127501
0.14526
0.147293
0.14869
0.149517
0.149668
0.149335
0.148984
0.127907
0.1492
0.150035
0.150608
0.150566
0.150571
0.150259
0.1499
0.149552
0.14891
0.148136
0.146911
0.12741
0.14555
0.145179
0.144531
0.145427
0.133506
0.144557
0.151441
0.1487
0.137568
0.147562
0.147135
0.146874
0.146634
0.146326
0.146233
0.146221
0.145852
0.14531
0.144635
0.1439
0.143107
0.142182
0.141144
0.140393
0.139907
0.139744
0.127802
0.139759
0.140109
0.140799
0.141558
0.142311
0.142869
0.143222
0.14358
0.143991
0.144413
0.144865
0.145162
0.145376
0.14561
0.145774
0.145921
0.145875
0.145348
0.144636
0.143796
0.142784
0.141584
0.126896
0.138314
0.135741
0.133437
0.131335
0.128842
0.126541
0.124355
0.122273
0.120549
0.11907
0.116873
0.114956
0.141669
0.14029
0.136918
0.130286
0.127628
0.127474
0.124218
0.121088
0.130086
0.145996
0.151952
0.15171
0.14881
0.119979
0.142095
0.130337
0.130833
0.145138
0.125764
0.148941
0.119544
0.150623
0.15087
0.150706
0.11941
0.11997
0.150426
0.132224
0.151333
0.15117
0.150697
0.150133
0.138775
0.149826
0.149409
0.148368
0.133255
0.147222
0.146717
0.130213
0.145499
0.134587
0.144895
0.148289
0.148228
0.147313
0.146688
0.146058
0.145627
0.145362
0.134777
0.144398
0.144284
0.132891
0.132492
0.14322
0.142587
0.141789
0.130499
0.14012
0.139262
0.138582
0.138194
0.138097
0.138113
0.138233
0.138676
0.139467
0.140314
0.14117
0.12965
0.142213
0.142666
0.143169
0.143607
0.144076
0.144361
0.144577
0.1448
0.144939
0.135789
0.135739
0.144483
0.14377
0.142915
0.141826
0.140577
0.139006
0.137067
0.134521
0.132219
0.130077
0.127656
0.125399
0.123223
0.121211
0.119504
0.117958
0.115873
0.114005
0.141446
0.13992
0.138012
0.134932
0.132458
0.129695
0.12451
0.118807
0.119551
0.134454
0.148659
0.16076
0.151432
0.148795
0.146433
0.145333
0.14645
0.148009
0.149436
0.150244
0.150852
0.151343
0.128514
0.151397
0.150959
0.131836
0.149758
0.141466
0.14991
0.150628
0.152584
0.152962
0.152224
0.151
0.149434
0.148327
0.147766
0.147009
0.146411
0.145919
0.144869
0.147811
0.148255
0.14797
0.146572
0.136206
0.14465
0.144108
0.143705
0.143422
0.13304
0.142439
0.142273
0.142166
0.141729
0.141094
0.140278
0.139526
0.138891
0.125504
0.137394
0.13672
0.136326
0.136263
0.136208
0.136441
0.136999
0.137887
0.138856
0.139833
0.140617
0.141128
0.141635
0.142205
0.142741
0.143208
0.143481
0.143729
0.143931
0.144041
0.14419
0.134394
0.143534
0.142789
0.141956
0.140747
0.13944
0.137767
0.135752
0.133247
0.130941
0.128786
0.12642
0.124216
0.122075
0.120105
0.118409
0.116837
0.114837
0.112983
0.141088
0.138956
0.136428
0.133969
0.130413
0.124963
0.118762
0.11387
0.112794
0.122127
0.139929
0.149659
0.152711
0.151138
0.150012
0.149031
0.120587
0.123835
0.150371
0.127608
0.150787
0.151056
0.151378
0.151126
0.150609
0.148288
0.147256
0.153094
0.150435
0.156818
0.157364
0.156097
0.150319
0.154651
0.1522
0.14961
0.148422
0.138854
0.148284
0.138036
0.147801
0.147594
0.147394
0.137162
0.144253
0.14301
0.130888
0.141978
0.129841
0.141378
0.129292
0.140245
0.140035
0.139869
0.127556
0.138782
0.138001
0.137279
0.136583
0.135913
0.135303
0.134632
0.134173
0.118098
0.13412
0.134468
0.135126
0.136162
0.137263
0.138344
0.139187
0.139864
0.140482
0.141161
0.141729
0.14226
0.142574
0.142804
0.143004
0.143095
0.143182
0.14312
0.131824
0.141773
0.140875
0.139619
0.138158
0.136416
0.134394
0.13189
0.12963
0.127462
0.125136
0.122983
0.120875
0.11896
0.117277
0.115686
0.113757
0.111927
0.140523
0.137364
0.13336
0.128959
0.122618
0.114145
0.107099
0.104618
0.105737
0.113012
0.128857
0.143369
0.14943
0.149364
0.150016
0.130628
0.149259
0.149127
0.130058
0.149608
0.149623
0.150842
0.151387
0.147106
0.152567
0.156601
0.1585
0.156241
0.150158
0.157723
0.159065
0.158717
0.157704
0.156289
0.153883
0.147427
0.150643
0.149649
0.14951
0.139371
0.147246
0.1382
0.14496
0.132142
0.129044
0.140206
0.139583
0.139332
0.139113
0.125537
0.138257
0.137862
0.137635
0.137445
0.13702
0.136365
0.135544
0.13477
0.134058
0.13335
0.132889
0.132313
0.131764
0.131813
0.131799
0.132282
0.133091
0.134235
0.135487
0.136719
0.137695
0.138437
0.139158
0.139958
0.140636
0.141172
0.141572
0.141848
0.142027
0.142074
0.142096
0.141969
0.141436
0.140623
0.139726
0.138345
0.136814
0.134959
0.132938
0.130489
0.128241
0.126101
0.123823
0.121721
0.119642
0.117768
0.11611
0.114505
0.112634
0.110839
0.139635
0.134385
0.126984
0.118663
0.109241
0.0986969
0.0921364
0.0926346
0.0975677
0.105922
0.119635
0.134985
0.144531
0.147669
0.14694
0.143886
0.14423
0.144639
0.147812
0.150086
0.151042
0.152098
0.153701
0.155964
0.158683
0.161105
0.161304
0.156664
0.14938
0.158547
0.149937
0.161577
0.160487
0.158005
0.155273
0.149076
0.151641
0.142977
0.14952
0.147629
0.145341
0.14334
0.141859
0.139831
0.138019
0.13653
0.135885
0.119276
0.13586
0.135884
0.13515
0.134895
0.134728
0.134558
0.134113
0.133519
0.13264
0.131825
0.113548
0.130481
0.130201
0.111085
0.12916
0.129158
0.129299
0.129933
0.130892
0.132187
0.133553
0.134959
0.136063
0.13688
0.137732
0.138606
0.139364
0.140024
0.140444
0.140741
0.140959
0.140995
0.140978
0.140778
0.1402
0.139382
0.138399
0.136954
0.135364
0.133454
0.131377
0.129042
0.126823
0.124684
0.122465
0.120399
0.118377
0.116543
0.114897
0.113286
0.111487
0.109713
0.1381
0.128986
0.114942
0.102653
0.0910592
0.0805264
0.0763558
0.0800558
0.0885951
0.0995306
0.112726
0.12708
0.138004
0.142907
0.144325
0.144286
0.144288
0.144722
0.145696
0.145949
0.146692
0.148137
0.149705
0.151504
0.153313
0.156
0.14688
0.158314
0.146855
0.147166
0.160418
0.161087
0.162237
0.159665
0.156542
0.154022
0.151865
0.143007
0.148148
0.145186
0.142129
0.140001
0.137775
0.135328
0.114615
0.13216
0.131601
0.132122
0.131987
0.132059
0.131489
0.131359
0.131254
0.131141
0.130737
0.130233
0.129319
0.128474
0.128037
0.127359
0.127268
0.127053
0.126314
0.126352
0.126668
0.127468
0.128562
0.129974
0.131465
0.132988
0.134353
0.135188
0.136143
0.13713
0.137954
0.138674
0.139204
0.139549
0.139755
0.139758
0.139704
0.139437
0.138895
0.138018
0.136923
0.135481
0.133797
0.13182
0.129758
0.127511
0.12537
0.123233
0.121086
0.119036
0.117072
0.115283
0.113653
0.112024
0.110319
0.108541
0.134873
0.116776
0.0949825
0.0801462
0.0696467
0.0621695
0.0612646
0.0677679
0.0792211
0.0928195
0.106862
0.120398
0.131149
0.136918
0.139322
0.139679
0.139959
0.140513
0.141323
0.141965
0.142891
0.144341
0.1451
0.146325
0.147094
0.148178
0.151542
0.139272
0.152994
0.153251
0.154537
0.155789
0.160299
0.160595
0.157036
0.153815
0.151061
0.148406
0.145231
0.142136
0.139138
0.135894
0.132837
0.13015
0.128542
0.127314
0.126935
0.127497
0.12761
0.127855
0.127395
0.127362
0.127337
0.127277
0.126964
0.126626
0.125666
0.124835
0.124452
0.123994
0.124122
0.12388
0.123295
0.123393
0.123889
0.124845
0.126105
0.127656
0.129254
0.130898
0.114017
0.133384
0.134439
0.135481
0.136413
0.137204
0.137772
0.138191
0.138432
0.138459
0.138357
0.138044
0.137396
0.136486
0.135397
0.13388
0.132174
0.130129
0.128099
0.125941
0.123862
0.121739
0.119661
0.117642
0.115744
0.113983
0.112354
0.11074
0.10904
0.107339
0.130474
0.0939362
0.0668026
0.0546649
0.0489508
0.0460097
0.0479143
0.0560509
0.0693352
0.0852434
0.100815
0.114108
0.124369
0.130384
0.133207
0.134175
0.134966
0.135976
0.137061
0.137877
0.138626
0.139984
0.13536
0.138867
0.129391
0.137635
0.139349
0.142371
0.131219
0.145774
0.148938
0.153589
0.155267
0.158902
0.156358
0.152517
0.148915
0.145614
0.141958
0.138549
0.113243
0.130886
0.127858
0.124874
0.123226
0.12238
0.122142
0.122671
0.122899
0.123232
0.122988
0.12304
0.123059
0.123064
0.122869
0.100387
0.121746
0.12097
0.120692
0.120441
0.120508
0.120451
0.120126
0.120332
0.121003
0.122126
0.123543
0.125224
0.126927
0.128716
0.130334
0.131446
0.132604
0.133728
0.134706
0.135586
0.136245
0.136684
0.136908
0.136943
0.136829
0.136437
0.135759
0.134869
0.133735
0.132192
0.130429
0.128383
0.12637
0.124331
0.122326
0.12022
0.118201
0.116209
0.11438
0.112644
0.111022
0.109434
0.107735
0.106106
0.104383
0.0577327
0.0374991
0.0324462
0.0322072
0.0333101
0.0368754
0.0451605
0.0589166
0.0761513
0.0934914
0.107123
0.117044
0.123
0.126201
0.127773
0.129161
0.130661
0.132
0.132753
0.132962
0.132503
0.130289
0.128487
0.127073
0.125646
0.127344
0.131238
0.134884
0.137951
0.142619
0.135192
0.151308
0.153869
0.153608
0.149612
0.128601
0.141135
0.136998
0.132926
0.128949
0.12558
0.0934807
0.119442
0.118011
0.11757
0.117466
0.117873
0.118152
0.118553
0.118393
0.118475
0.118537
0.118596
0.118508
0.118661
0.117575
0.116886
0.116757
0.11677
0.116782
0.117017
0.116844
0.11717
0.118022
0.119319
0.120879
0.122688
0.124509
0.126394
0.128051
0.129404
0.130633
0.131846
0.132898
0.133816
0.134533
0.13505
0.13529
0.135308
0.135153
0.134733
0.13403
0.133095
0.131973
0.130419
0.128602
0.126602
0.124607
0.122659
0.120757
0.118646
0.116714
0.114756
0.112989
0.111259
0.109673
0.108086
0.106414
0.104839
0.00746321
0.00967
0.0114323
0.0145412
0.0185172
0.022706
0.0275601
0.0345664
0.0460728
0.0614491
0.0784311
0.0923135
0.101815
0.107719
0.111494
0.114216
0.116858
0.119299
0.120864
0.120831
0.119094
0.115936
0.11218
0.109281
0.108022
0.108563
0.11137
0.115556
0.12017
0.125434
0.131433
0.13711
0.141782
0.142489
0.118628
0.137347
0.134075
0.129239
0.122392
0.117419
0.113547
0.111338
0.107398
0.105434
0.104932
0.105679
0.107659
0.109592
0.11048
0.111102
0.110893
0.110921
0.110961
0.111034
0.111095
0.111017
0.110413
0.109961
0.110066
0.110084
0.110453
0.111322
0.111321
0.111835
0.112994
0.11456
0.11635
0.118365
0.120358
0.122442
0.124191
0.125851
0.127216
0.128538
0.12969
0.130702
0.13147
0.132008
0.132306
0.132328
0.132132
0.131649
0.130921
0.13
0.128889
0.127358
0.125557
0.123559
0.121667
0.119875
0.11803
0.11603
0.114275
0.112348
0.110655
0.108998
0.107431
0.105877
0.104241
0.102733
0.00108492
0.00224152
0.00390855
0.00631774
0.00900178
0.0115929
0.0144964
0.0192101
0.0264284
0.036681
0.0483814
0.0600546
0.0694555
0.0762122
0.081699
0.0866635
0.0912535
0.0945421
0.0951982
0.0929338
0.0888276
0.0845704
0.0818888
0.0816734
0.0839726
0.0881936
0.0938944
0.10016
0.106125
0.111458
0.115848
0.119427
0.121685
0.121178
0.117133
0.113522
0.109534
0.105456
0.10013
0.096579
0.0948669
0.0924982
0.0902506
0.0895146
0.0902167
0.0921581
0.0935668
0.0941205
0.0957372
0.0973137
0.0991092
0.100278
0.100876
0.101121
0.101302
0.101222
0.100951
0.100758
0.10104
0.10131
0.10194
0.102729
0.103406
0.10443
0.10591
0.107778
0.109861
0.112137
0.114373
0.116655
0.1186
0.120521
0.122078
0.123514
0.124766
0.125864
0.126705
0.127302
0.127668
0.127732
0.127496
0.126988
0.126252
0.125367
0.124351
0.122894
0.121102
0.119237
0.117483
0.115806
0.114034
0.112287
0.110671
0.108863
0.107328
0.105741
0.104213
0.102687
0.101121
0.099701
0.000156431
0.000583129
0.00132909
0.00251402
0.00402572
0.0056085
0.00717706
0.00905623
0.011988
0.0163117
0.0206416
0.0249699
0.0299531
0.0356359
0.0420442
0.0484117
0.0535797
0.0562886
0.0561655
0.0543265
0.0526285
0.0524942
0.0544894
0.0585622
0.0644023
0.0713638
0.0786674
0.0855704
0.0913867
0.0956693
0.0980889
0.098569
0.0972031
0.0945793
0.0904975
0.0867699
0.0833755
0.0800934
0.0772998
0.0757228
0.0753303
0.0743373
0.0737117
0.074266
0.0756075
0.0774019
0.0787379
0.0806842
0.0830908
0.0845916
0.0848642
0.0860563
0.0873688
0.0885982
0.0902723
0.0909573
0.0913829
0.0916364
0.0921451
0.0926955
0.0934747
0.094324
0.095365
0.0967382
0.0985249
0.100644
0.102965
0.105438
0.107872
0.110305
0.112439
0.11455
0.116311
0.11778
0.119127
0.120287
0.121184
0.121858
0.122273
0.122432
0.122167
0.121676
0.120993
0.120172
0.119298
0.117885
0.116229
0.114569
0.112977
0.111449
0.109814
0.108248
0.106867
0.105134
0.103737
0.10228
0.100743
0.0992915
0.0978068
0.0964483
3.78187e-05
0.000201833
0.000500879
0.000975223
0.00162562
0.00240362
0.00326845
0.00430333
0.00558003
0.00696192
0.00849786
0.0102452
0.0121177
0.0142834
0.0169722
0.01981
0.0222142
0.0238539
0.0249877
0.0262967
0.0284608
0.0318519
0.0365932
0.0425507
0.0494652
0.0567924
0.0636297
0.0694503
0.0736769
0.0760803
0.0765754
0.0752056
0.07264
0.0695484
0.0661888
0.0635296
0.0615128
0.0598551
0.0588731
0.0586547
0.0589652
0.0590883
0.0594629
0.0604276
0.0618657
0.0637181
0.0657327
0.0677949
0.0693861
0.0707888
0.0727154
0.0745277
0.075635
0.0760369
0.0771729
0.0783954
0.0793884
0.080827
0.0824857
0.0838084
0.0849974
0.0861191
0.0874743
0.0890886
0.0910605
0.0933272
0.0957798
0.0983682
0.100924
0.103455
0.105724
0.107928
0.109752
0.111367
0.112791
0.114011
0.114961
0.115708
0.116187
0.116515
0.116204
0.115788
0.11521
0.114479
0.113629
0.112421
0.111031
0.109596
0.108193
0.106815
0.105341
0.103957
0.102619
0.101128
0.099827
0.0984325
0.0970548
0.095672
0.0942798
0.0930002
1.42201e-05
8.62605e-05
0.000215433
0.000411827
0.000676891
0.00100388
0.00139708
0.00189109
0.00253606
0.00327559
0.00403479
0.00472805
0.0053726
0.00615453
0.00720201
0.00813216
0.00892293
0.00968698
0.01071
0.0123911
0.0150084
0.0186496
0.0232804
0.0287401
0.0347295
0.0406986
0.0458861
0.0498712
0.0523183
0.0532395
0.0528341
0.0514916
0.0497192
0.0479452
0.046315
0.0452843
0.0447252
0.0444803
0.0446999
0.0453345
0.0461873
0.0469752
0.0478583
0.0489798
0.0503126
0.0518672
0.0535572
0.0553892
0.0573103
0.0592315
0.0607689
0.0620025
0.0635604
0.0654136
0.0668914
0.0678552
0.0685168
0.0700097
0.0717529
0.0738741
0.0761923
0.0780317
0.0797329
0.081548
0.0836258
0.0859436
0.0884304
0.0910289
0.0936237
0.0961799
0.0985169
0.10075
0.102642
0.104335
0.105827
0.107086
0.108111
0.108929
0.109499
0.109798
0.109694
0.109415
0.108983
0.108394
0.107673
0.106675
0.105548
0.10434
0.103148
0.101934
0.100635
0.0994037
0.0981739
0.0968906
0.0956784
0.0943995
0.0931423
0.0918501
0.0905509
0.08937
6.4244e-06
3.94202e-05
9.96144e-05
0.000188155
0.00030406
0.000446363
0.000621611
0.00084658
0.00114302
0.00151218
0.001927
0.00237035
0.00281202
0.00319452
0.00352292
0.00377731
0.00399284
0.00425757
0.00469322
0.00550913
0.0069075
0.00906044
0.0119447
0.0154516
0.0193259
0.0231828
0.0265552
0.0291327
0.030801
0.0316328
0.0318182
0.031602
0.0312645
0.0310125
0.0309314
0.0311549
0.0316332
0.0322972
0.0332036
0.0342995
0.0354657
0.0365935
0.0377345
0.038968
0.0402865
0.0416915
0.0431708
0.044756
0.0464455
0.048214
0.0499701
0.0517321
0.0532689
0.0545408
0.0560857
0.0580002
0.0597069
0.0610037
0.0623786
0.0646015
0.0667716
0.0696466
0.0719824
0.0740761
0.0762344
0.0785525
0.0809968
0.083525
0.0860723
0.0885754
0.0908999
0.0931211
0.0950429
0.0967769
0.0983072
0.0996193
0.100716
0.101623
0.102312
0.102683
0.102756
0.102641
0.102388
0.101986
0.101457
0.100692
0.0998181
0.0988346
0.0978565
0.0968103
0.0957138
0.0946323
0.0935368
0.0924177
0.091314
0.0901668
0.0890262
0.0878417
0.0866493
0.0855561
2.66869e-06
1.82591e-05
4.73623e-05
8.9735e-05
0.000143215
0.000210402
0.000292429
0.000398138
0.000539584
0.000720865
0.000934837
0.00117454
0.0014289
0.00168351
0.00191148
0.00209666
0.00224334
0.00237359
0.00253494
0.00277802
0.0031963
0.00393364
0.00515147
0.00666887
0.00843337
0.0103235
0.0121759
0.0138271
0.0152072
0.0162775
0.0170784
0.0177192
0.0183236
0.0189795
0.0197318
0.0206072
0.0215926
0.0226649
0.0238447
0.0251013
0.0263672
0.0276019
0.0288286
0.0300965
0.0314091
0.0327736
0.0341805
0.0356501
0.037191
0.0388052
0.0404448
0.0421466
0.0438802
0.0456055
0.0471434
0.0486312
0.0505892
0.05275
0.0546004
0.0561373
0.0585555
0.0609447
0.0640217
0.0665712
0.0688735
0.0711669
0.0735317
0.0759424
0.0783676
0.0807466
0.0829991
0.0851689
0.0870739
0.0888031
0.0903666
0.0917278
0.0928971
0.0939106
0.0947689
0.0952401
0.0955071
0.0955657
0.0955216
0.0953351
0.0950475
0.0944955
0.0938703
0.0931196
0.0923583
0.0914795
0.0905727
0.0896541
0.0887109
0.0877449
0.0867665
0.0857492
0.0847141
0.0836414
0.0825651
0.0815846
0
8.3543e-06
2.19972e-05
4.29146e-05
6.99658e-05
0.000102252
0.000142194
0.000195345
0.000265537
0.000356507
0.000468496
0.000599218
0.000742578
0.000887795
0.0010312
0.00116109
0.00127306
0.00137553
0.00148391
0.00162675
0.00183595
0.00212858
0.00251369
0.0029784
0.00355332
0.0042917
0.00512449
0.00598166
0.00683948
0.00765637
0.0084174
0.00915844
0.00992831
0.0107662
0.0116898
0.0126972
0.0137762
0.0149176
0.0161269
0.0173773
0.0186271
0.0198614
0.0210948
0.0223569
0.0236515
0.0249848
0.0263521
0.0277613
0.02922
0.0307326
0.0322811
0.0338939
0.0355674
0.0373143
0.0391381
0.0408569
0.0425106
0.0446013
0.046953
0.0489826
0.0507413
0.053295
0.0558293
0.058903
0.0614881
0.0637998
0.0660699
0.0683482
0.0706036
0.072827
0.0749605
0.0770363
0.0788821
0.0805915
0.0821664
0.0835769
0.0848222
0.0859275
0.0868814
0.0875173
0.0879724
0.0882784
0.0884565
0.0884944
0.0884287
0.0881238
0.0877389
0.0872353
0.0866504
0.0859736
0.0852612
0.0845042
0.0837021
0.0828791
0.08203
0.081146
0.080238
0.0792941
0.0783528
0.0774904
0
3.09999e-06
9.78854e-06
2.00546e-05
3.32232e-05
5.05687e-05
7.15747e-05
9.84904e-05
0.000133948
0.000181998
0.000242612
0.000314417
0.00039588
0.000482048
0.000567494
0.000651762
0.000731481
0.00080678
0.000883813
0.00097364
0.00108745
0.00123743
0.00142067
0.0016315
0.00187201
0.00214876
0.00246113
0.00280611
0.00318742
0.00359288
0.00401894
0.00447746
0.00498626
0.00556611
0.00624125
0.00702708
0.00791294
0.00888041
0.0099273
0.0110259
0.012157
0.0133129
0.0144942
0.0157164
0.0169717
0.0182607
0.0195834
0.0209415
0.0223364
0.0237707
0.0252378
0.0267642
0.0283576
0.0300379
0.0318284
0.0337079
0.0355179
0.0373202
0.0395615
0.0419255
0.0439361
0.0458951
0.0484752
0.051058
0.0539765
0.0564456
0.0586589
0.0608004
0.0628914
0.0649454
0.0669373
0.0688725
0.0706567
0.0723342
0.0739061
0.0753494
0.076664
0.077846
0.0788875
0.0797105
0.0803764
0.0809061
0.0813053
0.0815663
0.0817095
0.081648
0.081478
0.0811972
0.0807829
0.0803106
0.0797896
0.0792029
0.078552
0.0778743
0.0771602
0.0764042
0.075619
0.0748004
0.0739914
0.0732618
0
0
3.71724e-06
8.74851e-06
1.49668e-05
2.42683e-05
3.5318e-05
5.04717e-05
6.99672e-05
9.54864e-05
0.000127645
0.000167957
0.000215545
0.000267079
0.000319667
0.000371506
0.000424865
0.000477932
0.000532409
0.000591583
0.000660107
0.000741452
0.000837448
0.000947956
0.00107154
0.00121101
0.00136512
0.0015351
0.00172137
0.00192076
0.00212913
0.00235363
0.00260378
0.00289418
0.0032419
0.00366139
0.00416373
0.00475255
0.00544254
0.00624179
0.00715008
0.00814578
0.00918149
0.0102576
0.0113804
0.0125627
0.0137965
0.015078
0.0164023
0.017761
0.0191509
0.0205921
0.0220968
0.0236859
0.0253817
0.0271899
0.0290904
0.0309174
0.0327979
0.0350825
0.0373617
0.0392824
0.0413515
0.0438315
0.0463496
0.0490281
0.0513203
0.053372
0.0553276
0.0572274
0.0590723
0.0608704
0.062594
0.064224
0.0657846
0.0672413
0.0685933
0.0698552
0.070999
0.0719834
0.0728369
0.0735653
0.0741669
0.0746341
0.074971
0.0751325
0.0751707
0.0750525
0.0748312
0.0745444
0.074199
0.073781
0.0732611
0.0727216
0.0721488
0.0715325
0.0708877
0.0702139
0.0695523
0.0689582
0
0
0
3.37472e-06
6.76726e-06
1.0116e-05
1.6758e-05
2.52499e-05
3.58183e-05
5.04326e-05
6.89732e-05
9.16997e-05
0.000118285
0.000148402
0.000181364
0.000215155
0.000248704
0.000284877
0.000322096
0.000361977
0.000406121
0.000455294
0.000510481
0.000571508
0.000640741
0.000717377
0.000801614
0.000893567
0.000994598
0.00110341
0.00121705
0.00133722
0.00146829
0.00161828
0.00179472
0.00200517
0.00225863
0.00256474
0.00293733
0.00338976
0.00392819
0.00454817
0.00525905
0.00608983
0.00704239
0.00806855
0.00914212
0.0102589
0.0114247
0.0126552
0.0139381
0.015283
0.0166882
0.0181649
0.0197342
0.0214096
0.0231949
0.0250592
0.0268511
0.0287211
0.0309319
0.0330873
0.0349095
0.0369295
0.039243
0.0415478
0.0440037
0.0461131
0.0479985
0.0497757
0.0514982
0.0531839
0.0548361
0.0564342
0.0579635
0.0594162
0.0608046
0.0621257
0.0633555
0.0644731
0.0654822
0.0663773
0.0671473
0.0677831
0.068287
0.0686369
0.0688172
0.0688749
0.0688385
0.0687233
0.0685409
0.0683087
0.067902
0.0675008
0.067064
0.0665861
0.0660817
0.0655539
0.065042
0.0645848
0
0
0
0
2.67121e-06
4.51974e-06
7.33872e-06
1.04123e-05
1.77721e-05
2.59238e-05
3.58423e-05
4.95492e-05
6.57769e-05
8.38848e-05
0.000103565
0.000124246
0.000145704
0.000168801
0.000194563
0.000221809
0.00025118
0.000282839
0.000317222
0.000354668
0.000395401
0.000439208
0.000487687
0.00054103
0.00059797
0.000658593
0.000721951
0.000788978
0.000861019
0.000941514
0.00103519
0.00114694
0.00127946
0.00143989
0.00163757
0.00188298
0.00218121
0.00254221
0.00297504
0.00349096
0.0040936
0.00477877
0.00559663
0.00651969
0.00753241
0.00859918
0.00970984
0.0108685
0.0120977
0.0134197
0.0148406
0.0163631
0.0179749
0.0196805
0.0214537
0.0231602
0.0249334
0.0269931
0.0290041
0.0307269
0.0325736
0.0346892
0.036711
0.0389814
0.0409233
0.0426764
0.0443186
0.0459159
0.0474881
0.0490328
0.0505472
0.0520061
0.0534144
0.0547734
0.0560644
0.0572712
0.0583837
0.059394
0.0602904
0.0610655
0.0616842
0.0621567
0.0624992
0.0627214
0.0628411
0.0628734
0.0628304
0.0627032
0.0624719
0.062212
0.0619168
0.0615836
0.0612273
0.0608537
0.0604986
0.060184
0
0
0
0
0
2.09174e-06
3.19699e-06
5.20037e-06
7.3655e-06
1.07412e-05
1.79836e-05
2.49948e-05
3.41399e-05
4.58692e-05
5.86641e-05
7.22181e-05
8.61215e-05
0.000100668
0.000116691
0.000134568
0.000154021
0.000175483
0.00019882
0.000223451
0.000249391
0.000276443
0.000304848
0.000333408
0.000365115
0.000400655
0.000438202
0.000476943
0.000518927
0.000564634
0.000615565
0.000675099
0.000745313
0.000830054
0.000933687
0.00106381
0.0012269
0.0014268
0.00167398
0.00198049
0.00235107
0.00279338
0.0033189
0.00392689
0.00463079
0.00544486
0.00636251
0.00736672
0.00842689
0.00954161
0.0107238
0.0120047
0.0134059
0.0149151
0.0165182
0.0181679
0.0197488
0.0213729
0.0232342
0.0250702
0.0267122
0.0283229
0.0302381
0.0320477
0.0340859
0.0359008
0.0375726
0.039127
0.0406349
0.0421225
0.0435914
0.0450276
0.0464407
0.0478144
0.049133
0.050386
0.0515627
0.052646
0.0536253
0.0544864
0.0552219
0.0558234
0.0562985
0.0566544
0.0569054
0.0570654
0.0571461
0.0571399
0.05706
0.0569397
0.0567823
0.0565916
0.0563822
0.056161
0.0559595
0.0557823
0
0
0
0
0
0
0
2.36601e-06
3.52148e-06
5.43934e-06
7.43347e-06
1.07398e-05
1.65771e-05
2.24328e-05
2.9806e-05
3.89473e-05
4.88108e-05
5.90523e-05
6.97325e-05
8.08854e-05
9.40086e-05
0.000108599
0.000124191
0.000140702
0.000157917
0.000176035
0.000194878
0.000214182
0.000233987
0.000249931
0.000266468
0.000286775
0.000311131
0.000338821
0.000370292
0.000406351
0.000447145
0.00049405
0.000551094
0.000619736
0.000705313
0.000811256
0.00094292
0.00111077
0.00132025
0.0015789
0.00190073
0.00228878
0.00274899
0.00328982
0.00392236
0.00464476
0.00546454
0.00638282
0.00738964
0.00846545
0.00961009
0.01083
0.0121475
0.0135693
0.0150621
0.0165529
0.0180332
0.0196867
0.0213623
0.022896
0.024295
0.0259772
0.0276513
0.0294135
0.0311936
0.0327958
0.0342985
0.0357436
0.0371651
0.0385649
0.039948
0.0413014
0.0426177
0.0438835
0.0450864
0.0462114
0.047243
0.0481664
0.0489756
0.0496642
0.0502347
0.0506929
0.051051
0.0513218
0.0515149
0.0516308
0.0516867
0.0517008
0.051681
0.0516329
0.0515704
0.0515008
0.0514501
0.051406
0
0
0
0
0
0
0
0
0
2.5498e-06
3.63966e-06
5.60424e-06
7.4186e-06
9.86626e-06
1.38675e-05
1.84194e-05
2.36486e-05
3.03892e-05
3.85075e-05
4.64994e-05
5.42424e-05
6.35537e-05
7.47985e-05
8.68177e-05
9.99823e-05
0.000112657
0.000125571
0.000138528
0.000151497
0.000164831
0.000178652
0.0001887
0.000197702
0.000207979
0.000220596
0.000236785
0.000258445
0.000287232
0.000323903
0.000367234
0.000418408
0.000477551
0.000549316
0.000636767
0.000746475
0.000883169
0.00105631
0.00127592
0.00154559
0.0018797
0.00228315
0.00275726
0.00331993
0.00396704
0.00469931
0.00553014
0.00645981
0.00747579
0.00856343
0.00971719
0.0109359
0.0122166
0.0135046
0.0148595
0.0163774
0.0179107
0.0193374
0.0206034
0.0220729
0.0236216
0.0251173
0.0268202
0.0283759
0.029856
0.0312483
0.0326085
0.033954
0.0352751
0.0365644
0.0378118
0.0390054
0.0401306
0.0411759
0.04213
0.0429835
0.04373
0.0443698
0.0449082
0.0453551
0.0457222
0.0460184
0.0462501
0.0464303
0.0465719
0.0466837
0.0467722
0.0468498
0.046924
0.0470147
0.0470938
0
0
0
0
0
0
0
0
0
0
1.93739e-06
2.64948e-06
3.68534e-06
5.45418e-06
6.99871e-06
8.65603e-06
1.10668e-05
1.41052e-05
1.77437e-05
2.27556e-05
2.90241e-05
3.57037e-05
4.24491e-05
4.94788e-05
5.76724e-05
6.74851e-05
7.75439e-05
8.76987e-05
9.81097e-05
0.000107901
0.000117623
0.000127395
0.000137313
0.00014386
0.00015006
0.00015719
0.000165761
0.000176622
0.000190622
0.000209535
0.000235496
0.000271694
0.000319558
0.000375577
0.000439343
0.000513006
0.000603194
0.000715254
0.000853977
0.00102879
0.00125299
0.00152772
0.00186673
0.00227556
0.0027611
0.00333199
0.00398608
0.00472587
0.0055617
0.00649027
0.00749726
0.00857509
0.00970298
0.010826
0.011964
0.0132349
0.0146674
0.0160536
0.0172262
0.0185335
0.0199592
0.0213352
0.0228632
0.0243296
0.0257266
0.0270763
0.0283983
0.0296868
0.0309382
0.0321512
0.0333149
0.0344192
0.0354539
0.0364095
0.0372787
0.0380558
0.0387409
0.0393382
0.0398562
0.0403051
0.0406935
0.0410292
0.0413217
0.0415813
0.0418158
0.0420318
0.0422399
0.0424466
0.042666
0.0428566
0
0
0
0
0
0
0
0
0
0
0
0
1.97924e-06
2.61272e-06
3.45522e-06
4.96612e-06
6.35235e-06
7.76653e-06
9.19907e-06
1.11651e-05
1.36083e-05
1.75497e-05
2.2362e-05
2.77392e-05
3.32899e-05
3.88322e-05
4.42642e-05
5.01737e-05
5.69501e-05
6.46569e-05
7.25812e-05
8.02513e-05
8.81771e-05
9.6383e-05
0.00010459
0.00010988
0.000115622
0.000122071
0.000129644
0.000138879
0.000150529
0.000165513
0.000185366
0.000211978
0.000248133
0.000296353
0.000355309
0.000420898
0.000494319
0.000583111
0.000693172
0.000829693
0.00100078
0.00122148
0.0014913
0.00182586
0.00223429
0.00271845
0.00328964
0.00394607
0.0046889
0.00552084
0.00643239
0.00741531
0.00842829
0.00944559
0.0105534
0.0117396
0.0129034
0.0140659
0.0152828
0.0166296
0.0179213
0.0192857
0.0206815
0.0219963
0.0232616
0.0244825
0.0256722
0.0268441
0.0279784
0.0290583
0.0300711
0.0310148
0.0318845
0.0326761
0.0333913
0.0340342
0.0346114
0.0351315
0.0356019
0.0360296
0.0364221
0.0367874
0.0371325
0.0374632
0.0377878
0.0381116
0.0384435
0.0387305
0
0
0
0
0
0
0
0
0
0
0
0
0
0
1.92236e-06
2.46375e-06
3.26016e-06
4.35512e-06
5.7687e-06
7.04122e-06
8.35255e-06
9.65905e-06
1.16843e-05
1.43448e-05
1.767e-05
2.16273e-05
2.57413e-05
2.97591e-05
3.37267e-05
3.74931e-05
4.11348e-05
4.51434e-05
4.95198e-05
5.47328e-05
6.09144e-05
6.80498e-05
7.49355e-05
8.11917e-05
8.80169e-05
9.54962e-05
0.000103674
0.000113307
0.000124503
0.000137934
0.000154569
0.000175706
0.000203262
0.000239211
0.00028585
0.000343065
0.00040653
0.000476779
0.000560548
0.00066373
0.000793101
0.000954687
0.00116325
0.00142344
0.00174666
0.00214765
0.00263008
0.00320091
0.00386361
0.004607
0.0054283
0.00628524
0.007186
0.00818475
0.00923379
0.0102761
0.0112741
0.0123184
0.0135312
0.0147737
0.0160004
0.0173392
0.0185612
0.0197371
0.0208713
0.0219659
0.0230234
0.0240416
0.0250118
0.0259313
0.0267971
0.0276022
0.0283444
0.0290267
0.0296539
0.030235
0.0307756
0.0312823
0.0317606
0.0322167
0.0326569
0.0330855
0.0335094
0.0339324
0.0343585
0.034726
0
0
0
0
0
0
0
0
0
0
0
0
0
0
0
0
1.8216e-06
2.32306e-06
3.01299e-06
3.92206e-06
5.35233e-06
6.53239e-06
7.67168e-06
8.76906e-06
1.02449e-05
1.20523e-05
1.42123e-05
1.66817e-05
1.94143e-05
2.21521e-05
2.47968e-05
2.72391e-05
2.96556e-05
3.20835e-05
3.45475e-05
3.71826e-05
4.0494e-05
4.46909e-05
5.03276e-05
5.7243e-05
6.55798e-05
7.41674e-05
8.36107e-05
9.39849e-05
0.0001054
0.000118327
0.000133049
0.000150438
0.000171621
0.00019832
0.000232203
0.000274829
0.000326613
0.000385503
0.000450203
0.000525727
0.000619562
0.00073842
0.000887338
0.00108049
0.00133048
0.00164664
0.00204696
0.00253487
0.003108
0.00376546
0.00447885
0.00523614
0.00607925
0.00701549
0.0079536
0.00885969
0.00978561
0.010814
0.0118766
0.0129627
0.0141536
0.0153053
0.0164447
0.0175151
0.0185147
0.0194735
0.0203967
0.021276
0.0221086
0.0228962
0.0236394
0.0243389
0.0249993
0.0256263
0.0262251
0.0267983
0.0273501
0.0278841
0.028405
0.028916
0.0294217
0.0299255
0.0304271
0.0308589
0
0
0
0
0
0
0
0
0
0
0
0
0
0
0
0
0
0
0
2.24719e-06
2.87044e-06
3.65915e-06
4.98959e-06
6.09436e-06
7.05949e-06
8.02629e-06
8.97618e-06
1.01873e-05
1.15177e-05
1.29145e-05
1.45233e-05
1.61355e-05
1.78437e-05
1.95267e-05
2.11659e-05
2.27996e-05
2.44853e-05
2.64319e-05
2.89027e-05
3.20713e-05
3.61359e-05
4.14953e-05
4.84517e-05
5.72804e-05
6.76773e-05
7.83105e-05
8.9779e-05
0.000101935
0.000115344
0.000129971
0.000146651
0.00016625
0.000190108
0.000219684
0.000256027
0.00030034
0.000353094
0.000412212
0.000479645
0.000563732
0.00067215
0.000811903
0.000994802
0.00124229
0.00155879
0.00196151
0.0024468
0.00300581
0.00361476
0.00430794
0.00508631
0.00589199
0.00672188
0.00755002
0.00845562
0.00939966
0.0103329
0.0113482
0.0123725
0.0133621
0.0143144
0.0152606
0.0161755
0.0170443
0.0178549
0.0186277
0.0193652
0.0200715
0.0207477
0.021397
0.0220257
0.0226376
0.0232353
0.023821
0.0243976
0.0249678
0.0255347
0.0260995
0.026658
0.0271389
0
0
0
0
0
0
0
0
0
0
0
0
0
0
0
0
0
0
0
0
0
2.20789e-06
2.7586e-06
3.52709e-06
4.52791e-06
5.5879e-06
6.38626e-06
7.07961e-06
7.81825e-06
8.55696e-06
9.39001e-06
1.02669e-05
1.11758e-05
1.21135e-05
1.31466e-05
1.42564e-05
1.5434e-05
1.6809e-05
1.83454e-05
2.00191e-05
2.18966e-05
2.45921e-05
2.82983e-05
3.27426e-05
3.8166e-05
4.51084e-05
5.39834e-05
6.46328e-05
7.54006e-05
8.66531e-05
9.83915e-05
0.000111003
0.000124471
0.000139229
0.000156031
0.000175862
0.000200163
0.000230191
0.000267206
0.000312531
0.000367143
0.000430526
0.000507407
0.000609191
0.00074582
0.000928012
0.00117555
0.00149235
0.00188977
0.00235282
0.00287916
0.00350127
0.00417921
0.00488322
0.00559728
0.0063771
0.00721766
0.00805858
0.00890864
0.00981573
0.0106721
0.0115226
0.0123445
0.013147
0.0139242
0.0146867
0.0154452
0.0161717
0.0168713
0.0175384
0.0181883
0.018823
0.0194471
0.0200639
0.0206736
0.0212781
0.0218815
0.0224832
0.0230764
0.0235884
0
0
0
0
0
0
0
0
0
0
0
0
0
0
0
0
0
0
0
0
0
0
0
2.14766e-06
2.59354e-06
3.2058e-06
3.88269e-06
4.85338e-06
5.6083e-06
6.15512e-06
6.63312e-06
7.11853e-06
7.66918e-06
8.2381e-06
8.82615e-06
9.50003e-06
1.02272e-05
1.10592e-05
1.20176e-05
1.31811e-05
1.45173e-05
1.60804e-05
1.8033e-05
2.03684e-05
2.32156e-05
2.68987e-05
3.15236e-05
3.67779e-05
4.3384e-05
5.14759e-05
6.11113e-05
7.11816e-05
8.13058e-05
9.18271e-05
0.000102785
0.000114627
0.000127352
0.000141494
0.000157868
0.000177777
0.000202814
0.000234664
0.000275022
0.000325628
0.000387908
0.000463127
0.000563468
0.000702008
0.000886747
0.0011354
0.00144829
0.00182019
0.00227258
0.00280222
0.00337822
0.00398212
0.00462513
0.00533105
0.00606325
0.00680022
0.00758535
0.00836898
0.00911952
0.00984812
0.0105552
0.0112514
0.0119338
0.012609
0.013281
0.0139456
0.0146114
0.0152793
0.0159344
0.0165809
0.0172151
0.0178435
0.018467
0.0190866
0.0196956
0.0202231
0
0
0
0
0
0
0
0
0
0
0
0
0
0
0
0
0
0
0
0
0
0
0
0
0
2.02401e-06
2.35862e-06
2.77812e-06
3.29729e-06
3.80392e-06
4.53064e-06
5.15764e-06
5.59242e-06
5.93758e-06
6.27822e-06
6.64556e-06
7.08982e-06
7.65833e-06
8.2813e-06
9.01514e-06
9.8953e-06
1.09277e-05
1.2144e-05
1.36201e-05
1.53095e-05
1.74592e-05
1.98786e-05
2.26499e-05
2.6119e-05
3.04012e-05
3.51411e-05
4.0723e-05
4.72867e-05
5.49014e-05
6.35923e-05
7.23887e-05
8.14163e-05
9.09414e-05
0.000101127
0.000112524
0.000125324
0.000139971
0.000157673
0.000180093
0.000209371
0.000247561
0.000296598
0.00035903
0.000436549
0.000540491
0.00068337
0.000874008
0.0011155
0.00140909
0.00178052
0.00221551
0.00269614
0.00320761
0.00377953
0.00439082
0.00502092
0.00567045
0.00636502
0.00702933
0.00769672
0.00834636
0.00898066
0.00960565
0.0102235
0.0108452
0.0114661
0.0120885
0.0127152
0.0133454
0.0139755
0.0146142
0.0152559
0.01589
0.0165113
0.0170479
0
0
0
0
0
0
0
0
0
0
0
0
0
0
0
0
0
0
0
0
0
0
0
0
0
0
0
0
2.09143e-06
2.3466e-06
2.64752e-06
3.01109e-06
3.42214e-06
3.78822e-06
4.33554e-06
4.85101e-06
5.26453e-06
5.57246e-06
5.92592e-06
6.34867e-06
6.88561e-06
7.61656e-06
8.44125e-06
9.41719e-06
1.05222e-05
1.18078e-05
1.33398e-05
1.50641e-05
1.71017e-05
1.93774e-05
2.18428e-05
2.47294e-05
2.81711e-05
3.2125e-05
3.63351e-05
4.11721e-05
4.66688e-05
5.31024e-05
6.04028e-05
6.86888e-05
7.733e-05
8.68528e-05
9.76499e-05
0.000110226
0.000125093
0.000142677
0.000164645
0.000193607
0.000232082
0.000282031
0.000346488
0.000428859
0.000537566
0.000683091
0.000869644
0.00109563
0.00139252
0.00173673
0.002124
0.0025544
0.00304362
0.00356114
0.00409681
0.00468836
0.00526727
0.00584706
0.00642247
0.0069963
0.0075798
0.00816127
0.00874138
0.00932194
0.00990326
0.0104912
0.0110882
0.0116901
0.0122956
0.0129048
0.0135068
0.0140359
0
0
0
0
0
0
0
0
0
0
0
0
0
0
0
0
0
0
0
0
0
0
0
0
0
0
0
0
0
0
0
1.97191e-06
2.17346e-06
2.36526e-06
2.59525e-06
2.8857e-06
3.2441e-06
3.56702e-06
4.11777e-06
4.68244e-06
5.13613e-06
5.51241e-06
5.98494e-06
6.56603e-06
7.31033e-06
8.23773e-06
9.23742e-06
1.03389e-05
1.15794e-05
1.29946e-05
1.45864e-05
1.63161e-05
1.82437e-05
2.02642e-05
2.24284e-05
2.49089e-05
2.77138e-05
3.10176e-05
3.46007e-05
3.85676e-05
4.32884e-05
4.89489e-05
5.59242e-05
6.45285e-05
7.45202e-05
8.58719e-05
9.90731e-05
0.000114909
0.000133847
0.00015695
0.000187101
0.00022724
0.000279188
0.000346215
0.000432483
0.000543021
0.000682804
0.000857859
0.00108555
0.00135009
0.0016525
0.00201381
0.00241272
0.00284274
0.00331836
0.00381082
0.00430304
0.00480615
0.00531161
0.0058265
0.00635076
0.0068861
0.00743506
0.00798834
0.00854448
0.00910355
0.00966475
0.010227
0.0107931
0.0112968
0
0
0
0
0
0
0
0
0
0
0
0
0
0
0
0
0
0
0
0
0
0
0
0
0
0
0
0
0
0
0
0
0
0
0
1.94096e-06
2.13529e-06
2.31818e-06
2.5474e-06
2.87117e-06
3.30673e-06
3.74895e-06
4.37763e-06
4.90084e-06
5.31496e-06
5.82232e-06
6.41983e-06
7.15812e-06
8.06665e-06
8.98051e-06
9.98517e-06
1.1063e-05
1.22256e-05
1.35387e-05
1.49302e-05
1.64008e-05
1.80051e-05
1.96964e-05
2.14736e-05
2.34592e-05
2.58236e-05
2.85589e-05
3.19978e-05
3.60232e-05
4.0883e-05
4.70385e-05
5.53088e-05
6.60294e-05
7.87224e-05
9.32043e-05
0.000110248
0.000130793
0.000155351
0.000187099
0.000228688
0.000282149
0.000352034
0.000437897
0.000541384
0.000675365
0.000843645
0.00104011
0.00127585
0.00156304
0.00187715
0.0022472
0.00263521
0.00304471
0.00346173
0.00389843
0.00434781
0.00481396
0.00529203
0.00578309
0.00628609
0.00680099
0.00732789
0.00785745
0.00838232
0.00885285
0
0
0
0
0
0
0
0
0
0
0
0
0
0
0
0
0
0
0
0
0
0
0
0
0
0
0
0
0
0
0
0
0
0
0
0
0
0
0
1.98875e-06
2.20322e-06
2.42525e-06
2.74149e-06
3.19058e-06
3.6453e-06
4.25715e-06
4.75988e-06
5.17383e-06
5.66715e-06
6.22192e-06
6.8681e-06
7.64364e-06
8.43481e-06
9.26429e-06
1.01305e-05
1.1047e-05
1.20306e-05
1.30957e-05
1.42852e-05
1.55487e-05
1.69258e-05
1.84642e-05
2.01666e-05
2.20832e-05
2.43713e-05
2.73704e-05
3.11833e-05
3.61712e-05
4.24159e-05
5.06654e-05
6.19549e-05
7.59982e-05
9.16351e-05
0.000109727
0.000131383
0.000157055
0.000189852
0.000232044
0.000287254
0.000354994
0.000431359
0.000532034
0.000654257
0.000797267
0.000978808
0.00119631
0.00145095
0.00173834
0.00204813
0.00237954
0.00273506
0.00311755
0.00351518
0.00393426
0.0043704
0.00481954
0.00527989
0.00575003
0.00622438
0.00666031
0
0
0
0
0
0
0
0
0
0
0
0
0
0
0
0
0
0
0
0
0
0
0
0
0
0
0
0
0
0
0
0
0
0
0
0
0
0
0
0
0
0
0
2.18155e-06
2.40347e-06
2.71184e-06
3.14789e-06
3.57105e-06
4.11442e-06
4.56794e-06
4.94699e-06
5.36987e-06
5.83576e-06
6.33732e-06
6.90342e-06
7.54257e-06
8.22112e-06
8.89798e-06
9.63145e-06
1.04199e-05
1.12866e-05
1.22607e-05
1.33577e-05
1.46486e-05
1.61124e-05
1.7803e-05
1.9764e-05
2.2044e-05
2.48379e-05
2.86986e-05
3.39008e-05
4.05502e-05
4.91676e-05
6.1136e-05
7.60354e-05
9.22434e-05
0.000110863
0.00013313
0.000159277
0.00019189
0.000234405
0.000285756
0.000345429
0.000420579
0.000507134
0.000613388
0.000750798
0.000916408
0.00110669
0.00131572
0.00155574
0.0018235
0.00212047
0.00244579
0.00279779
0.0031692
0.00355828
0.00396469
0.00437975
0.00476562
0
0
0
0
0
0
0
0
0
0
0
0
0
0
0
0
0
0
0
0
0
0
0
0
0
0
0
0
0
0
0
0
0
0
0
0
0
0
0
0
0
0
0
0
0
0
2.17901e-06
2.38243e-06
2.65102e-06
3.02365e-06
3.47564e-06
3.82349e-06
4.22327e-06
4.56158e-06
4.87941e-06
5.23865e-06
5.62811e-06
6.04553e-06
6.50255e-06
7.01634e-06
7.59599e-06
8.24883e-06
8.94627e-06
9.74544e-06
1.0686e-05
1.17808e-05
1.30772e-05
1.46008e-05
1.63862e-05
1.84899e-05
2.09319e-05
2.38153e-05
2.77588e-05
3.3133e-05
4.01648e-05
4.90155e-05
6.13755e-05
7.66012e-05
9.27115e-05
0.00011128
0.000133638
0.000159888
0.00019207
0.000230195
0.000279743
0.000332444
0.000396348
0.000478763
0.000582387
0.000694131
0.000821255
0.000973103
0.00115502
0.00137055
0.00161371
0.00188449
0.00218208
0.00250822
0.00284636
0.00317282
0
0
0
0
0
0
0
0
0
0
0
0
0
0
0
0
0
0
0
0
0
0
0
0
0
0
0
0
0
0
0
0
0
0
0
0
0
0
0
0
0
0
0
0
0
0
0
0
0
2.13456e-06
2.30655e-06
2.50021e-06
2.76252e-06
3.08813e-06
3.45554e-06
3.6941e-06
3.99524e-06
4.26381e-06
4.53415e-06
4.82064e-06
5.16241e-06
5.55287e-06
5.99747e-06
6.50959e-06
7.13112e-06
7.85533e-06
8.68511e-06
9.65624e-06
1.08186e-05
1.22017e-05
1.38311e-05
1.57108e-05
1.79237e-05
2.04846e-05
2.34141e-05
2.73749e-05
3.28188e-05
3.99278e-05
4.84564e-05
6.05357e-05
7.5657e-05
9.11452e-05
0.000109471
0.000133061
0.000156597
0.00018891
0.00022416
0.000267265
0.000319991
0.000374983
0.000435917
0.000511602
0.000605043
0.000719624
0.000858816
0.00102003
0.0012088
0.00142716
0.00166902
0.00191064
0
0
0
0
0
0
0
0
0
0
0
0
0
0
0
0
0
0
0
0
0
0
0
0
0
0
0
0
0
0
0
0
0
0
0
0
0
0
0
0
0
0
0
0
0
0
0
0
0
0
0
0
2.00452e-06
2.16654e-06
2.29967e-06
2.44409e-06
2.63005e-06
2.86164e-06
3.12831e-06
3.42358e-06
3.5893e-06
3.83343e-06
4.09414e-06
4.39804e-06
4.7576e-06
5.2164e-06
5.77269e-06
6.42252e-06
7.20756e-06
8.11475e-06
9.14835e-06
1.03399e-05
1.18082e-05
1.3492e-05
1.54071e-05
1.76219e-05
2.01901e-05
2.30727e-05
2.68049e-05
3.20327e-05
3.87475e-05
4.62893e-05
5.66553e-05
7.07079e-05
8.50081e-05
0.000109537
0.000131435
0.000155986
0.000184193
0.000213523
0.000246225
0.000283991
0.000331998
0.000390956
0.000462015
0.000543162
0.000640763
0.000758185
0.000897384
0.00104713
0
0
0
0
0
0
0
0
0
0
0
0
0
0
0
0
0
0
0
0
0
0
0
0
0
0
0
0
0
0
0
0
0
0
0
0
0
0
0
0
0
0
0
0
0
0
0
0
0
0
0
0
0
0
0
0
0
2.0702e-06
2.18651e-06
2.28769e-06
2.40254e-06
2.55708e-06
2.76551e-06
3.0246e-06
3.33479e-06
3.54366e-06
3.85708e-06
4.2543e-06
4.73299e-06
5.33841e-06
6.06162e-06
6.88152e-06
7.85684e-06
8.92426e-06
1.01376e-05
1.15843e-05
1.32406e-05
1.50993e-05
1.72085e-05
1.96818e-05
2.2471e-05
2.57354e-05
3.02462e-05
3.51169e-05
4.09646e-05
5.05713e-05
6.38864e-05
7.89256e-05
9.85404e-05
0.000119904
0.00014221
0.00016663
0.000194396
0.000229615
0.000265628
0.000307529
0.000354115
0.000408567
0.000473238
0.000545401
0
0
0
0
0
0
0
0
0
0
0
0
0
0
0
0
0
0
0
0
0
0
0
0
0
0
0
0
0
0
0
0
0
0
0
0
0
0
0
0
0
0
0
0
0
0
0
0
0
0
0
0
0
0
0
0
0
0
0
0
0
0
2.02912e-06
2.14515e-06
2.248e-06
2.3823e-06
2.59374e-06
2.89191e-06
3.26442e-06
3.56069e-06
3.98617e-06
4.5127e-06
5.1131e-06
5.89022e-06
6.72523e-06
7.6975e-06
8.75793e-06
9.94097e-06
1.12982e-05
1.28728e-05
1.46306e-05
1.66163e-05
1.90036e-05
2.17849e-05
2.49043e-05
2.83249e-05
3.2354e-05
3.76455e-05
4.64335e-05
6.41372e-05
7.98908e-05
9.20747e-05
0.000111189
0.000133336
0.000153902
0.000175455
0.00020015
0.000227549
0.000257601
0.000289824
0
0
0
0
0
0
0
0
0
0
0
0
0
0
0
0
0
0
0
0
0
0
0
0
0
0
0
0
0
0
0
0
0
0
0
0
0
0
0
0
0
0
0
0
0
0
0
0
0
0
0
0
0
0
0
0
0
0
0
0
0
0
0
0
0
0
0
2.0794e-06
2.20451e-06
2.38238e-06
2.67263e-06
3.05568e-06
3.5117e-06
3.85816e-06
4.40461e-06
4.9902e-06
5.75486e-06
6.57609e-06
7.49632e-06
8.51275e-06
9.66378e-06
1.09752e-05
1.2494e-05
1.41735e-05
1.62443e-05
1.93636e-05
2.14036e-05
2.40176e-05
2.6903e-05
2.9314e-05
3.31138e-05
4.20001e-05
5.21531e-05
6.36865e-05
7.67146e-05
9.13486e-05
0.000107538
0.00012542
0.000143452
0.000157909
0
0
0
0
0
0
0
0
0
0
0
0
0
0
0
0
0
0
0
0
0
0
0
0
0
0
0
0
0
0
0
0
0
0
0
0
0
0
0
0
0
0
0
0
0
0
0
0
0
0
0
0
0
0
0
0
0
0
0
0
0
0
0
0
0
0
0
0
0
0
0
2.11411e-06
2.28106e-06
2.55883e-06
2.9413e-06
3.38963e-06
3.7741e-06
4.31783e-06
4.88635e-06
5.56249e-06
6.39912e-06
7.27326e-06
8.21904e-06
9.56812e-06
1.09021e-05
1.2607e-05
1.36199e-05
1.50615e-05
1.68195e-05
1.87146e-05
2.10266e-05
2.35312e-05
2.62545e-05
2.93128e-05
3.26325e-05
3.95686e-05
4.75483e-05
5.60308e-05
6.49237e-05
7.35138e-05
0
0
0
0
0
0
0
0
0
0
0
0
0
0
0
0
0
0
0
0
0
0
0
0
0
0
0
0
0
0
0
0
0
0
0
0
0
0
0
0
0
0
0
0
0
0
0
0
0
0
0
0
0
0
0
0
0
0
0
0
0
0
0
0
0
0
0
0
0
0
0
0
0
0
2.06077e-06
2.20557e-06
2.47255e-06
2.84755e-06
3.28345e-06
3.709e-06
4.26143e-06
4.93016e-06
5.63932e-06
6.66525e-06
7.38986e-06
8.22525e-06
9.36197e-06
1.06266e-05
1.16093e-05
1.26769e-05
1.38504e-05
1.52108e-05
1.6774e-05
1.83622e-05
2.02601e-05
2.22325e-05
2.42143e-05
2.62572e-05
2.83402e-05
3.02755e-05
0
0
0
0
0
0
0
0
0
0
0
0
0
0
0
0
0
0
0
0
0
0
0
0
0
0
0
0
0
0
0
0
0
0
0
0
0
0
0
0
0
0
0
0
0
0
0
0
0
0
0
0
0
0
0
0
0
0
0
0
0
0
0
0
0
0
0
0
0
0
0
0
0
0
0
0
0
2.00303e-06
2.1275e-06
2.42109e-06
2.81005e-06
3.26117e-06
3.76728e-06
4.40793e-06
5.60026e-06
5.35147e-06
6.17754e-06
6.82766e-06
7.5581e-06
8.64552e-06
9.42004e-06
1.0562e-05
1.14143e-05
1.22592e-05
1.31814e-05
1.40802e-05
1.50664e-05
1.61138e-05
1.7041e-05
1.78179e-05
0
0
0
0
0
0
0
0
0
0
0
0
0
0
0
0
0
0
0
0
0
0
0
0
0
0
0
0
0
0
0
0
0
0
0
0
0
0
0
0
0
0
0
0
0
0
0
0
0
0
0
0
0
0
0
0
0
0
0
0
0
0
0
0
0
0
0
0
0
0
0
0
0
0
0
0
0
0
0
0
0
2.12181e-06
2.48409e-06
3.04249e-06
3.70864e-06
4.30543e-06
4.96307e-06
5.29928e-06
5.35677e-06
5.35569e-06
6.11795e-06
6.66971e-06
7.24337e-06
8.12351e-06
8.76455e-06
9.30077e-06
1.01211e-05
1.06289e-05
1.10665e-05
1.13913e-05
0
0
0
0
0
0
0
0
0
0
0
0
0
0
0
0
0
0
0
0
0
0
0
0
0
0
0
0
0
0
0
0
0
0
0
0
0
0
0
0
0
0
0
0
0
0
0
0
0
0
0
0
0
0
0
0
0
0
0
0
0
0
0
0
0
0
0
0
0
0
0
0
0
0
0
0
0
0
0
0
0
0
0
0
0
2.93052e-06
2.78686e-06
3.20584e-06
3.69939e-06
4.22716e-06
4.78519e-06
5.14942e-06
5.39512e-06
5.33143e-06
5.3194e-06
5.57707e-06
6.13199e-06
6.39547e-06
6.60927e-06
6.76141e-06
0
0
0
0
0
0
0
0
0
0
0
0
0
0
0
0
0
0
0
0
0
0
0
0
0
0
0
0
0
0
0
0
0
0
0
0
0
0
0
0
0
0
0
0
0
0
0
0
0
0
0
0
0
0
0
0
0
0
0
0
0
0
0
0
0
0
0
0
0
0
0
0
0
0
0
0
0
0
0
0
0
0
0
0
0
0
0
0
0
3.00462e-06
2.79622e-06
2.87621e-06
3.25883e-06
3.60479e-06
3.93507e-06
4.23823e-06
4.50176e-06
4.71104e-06
4.74342e-06
4.37354e-06
0
0
0
0
0
0
0
0
0
0
0
0
0
0
0
0
0
0
0
0
0
0
0
0
0
0
0
0
0
0
0
0
0
0
0
0
0
0
0
0
0
0
0
0
0
0
0
0
0
0
0
0
0
0
0
0
0
0
0
0
0
0
0
0
0
0
0
0
0
0
0
0
0
0
0
0
0
0
0
0
0
0
0
0
0
0
0
0
0
0
0
0
0
0
0
3.01986e-06
3.01703e-06
3.06343e-06
3.10572e-06
3.07973e-06
0
0
0
0
0
0
0
0
0
0
0
0
0
0
0
0
0
0
0
0
0
0
0
0
0
0
0
0
0
0
0
0
0
0
0
0
0
0
0
0
0
0
0
0
0
0
0
0
0
0
0
0
0
0
0
0
0
0
0
0
0
0
0
0
0
0
0
0
0
0
0
0
0
0
0
0
0
0
0
0
0
0
0
0
0
0
0
0
0
0
0
0
0
0
0
0
0
0
0
0
0
0
0
0
0
0
0
0
0
0
0
0
0
0
0
0
0
0
0
0
0
0
0
0
0
0
0
0
0
0
0
0
0
0
0
0
0
0
0
0
0
0
0
0
0
0
0
0
0
0
0
0
0
0
0
0
0
0
0
0
0
0
0
0
0
0
0
0
0
0
0
0
0
0
0
0
0
0
0
0
0
0
0
0
0
0
0
0
0
0
0
0
0
0
0
0
0
0
0
0
0
0
0
0
0
0
0
0
0
0
0
0
0
0
0
0
0
0
0
0
0
0
0
0
0
0
0
0
0
0
0
0
0
0
0
0
0
0
0
0
0
0
0
0
0
0
0
0
0
0
0
0
0
0
0
0
0
0
0
0
0
0
0
0
0
0
0
0
0
0
0
0
0
0
0
0
0
0
0
0
0
0
0
0
0
0
0
0
0
0
0
0
0
0
0
0
0
0
0
0
0
0
0
0
0
0
0
0
0
0
0
0
0
0
0
0
0
0
0
0
0
0
0
0
0
0
0
0
0
0
0
0
0
0
0
0
0
0
0
0
0
0
0
0
0
0
0
0
0
0
0
0
0
0
0
0
0
0
0
0
0
0
0
0
0
0
0
0
0
0
0
0
0
0
0
0
0
0
0
0
0
0
0
0
0
0
0
0
0
0
0
0
0
0
0
0
0
0
0
0
0
0
0
0
0
0
0
0
0
0
0
0
0
0
0
0
0
0
0
0
0
0
0
0
0
0
0
0
0
0
0
0
0
0
0
0
0
0
0
0
0
0
0
0
0
0
0
0
0
0
0
0
0
0
0
0
0
0
0
0
0
0
0
0
0
0
0
0
0
0
0
0
0
0
0
0
0
0
0
0
0
0
0
0
0
0
0
0
0
0
0
0
0
0
0
0
0
0
0
0
0
0
0
0
0
0
0
0
0
0
0
0
0
0
0
0
0
0
0
0
0
0
0
0
0
0
0
0
0
0
0
0
0
0
0
0
0
0
0
0
0
0
0
0
0
0
0
0
0
0
0
0
0
0
0
0
0
0
0
0
0
0
0
0
0
0
0
0
0
0
0
0
0
0
0
0
0
0
0
0
0
0
0
0
0
0
0
0
0
0
0
0
0
0
0
0
0
0
0
0
0
0
0
0
0
0
0
0
0
0
0
0
0
0
0
0
0
0
0
0
0
0
0
0
0
0
0
0
0
0
0
0
0
0
0
0
0
0
0
0
0
0
0
0
0
0
0
0
0
0
0
0
0
0
0
0
0
0
0
0
0
0
0
0
0
0
0
0
0
0
0
0
0
0
0
0
0
0
0
0
0
0
0
0
0
0
0
0
0
0
0
0
0
0
0
0
0
0
0
0
0
0
0
0
0
0
0
0
0
0
0
0
0
0
0
0
0
0
0
0
0
0
0
0
0
0
0
0
0
0
0
0
0
0
0
0
0
0
0
0
0
0
0
0
0
0
0
0
0
0
0
0
0
0
0
0
0
0
0
0
0
0
0
0
0
0
0
0
0
0
0
0
0
0
0
0
0
0
0
0
0
0
0
0
0
0
0
0
0
0
0
0
0
0
0
0
0
0
0
0
0
0
0
0
0
0
0
0
0
0
0
0
0
0
0
0
0
0
0
0
0
0
0
0
0
0
0
0
0
0
0
0
0
0
0
0
0
0
0
0
0
0
0
0
0
0
0
0
0
0
0
0
0
0
0
0
0
0
0
0
0
0
0
0
0
0
0
0
0
0
0
0
0
0
0
0
0
0
0
0
0
0
0
0
0
0
0
0
0
0
0
0
0
0
0
0
0
0
0
0
)
;

boundaryField
{
    AXIS
    {
        type            empty;
    }
    OUTLET
    {
        type            calculated;
        value           nonuniform List<scalar> 
80
(
0.123235
0.123196
0.123108
0.122972
0.122798
0.122592
0.122356
0.122092
0.121802
0.121484
0.121138
0.120765
0.120365
0.119937
0.119486
0.118916
0.118215
0.117468
0.116673
0.115832
0.114956
0.114005
0.112983
0.111927
0.110839
0.109713
0.108541
0.107339
0.106106
0.104839
0.102733
0.099701
0.0964483
0.0930002
0.08937
0.0855561
0.0815846
0.0774904
0.0732618
0.0689582
0.0645848
0.060184
0.0557823
0.051406
0.0470938
0.0428566
0.0387305
0.034726
0.0308589
0.0271389
0.0235884
0.0202231
0.0170479
0.0140359
0.0112968
0.00885285
0.00666031
0.00476562
0.00317282
0.00191064
0.00104713
0.000545401
0.000289824
0.000157909
7.35138e-05
3.02755e-05
1.78179e-05
1.13913e-05
6.76141e-06
4.37354e-06
3.07973e-06
0
0
0
0
0
0
0
0
0
)
;
    }
    COFLOW
    {
        type            calculated;
        value           uniform 0;
    }
    PILOT
    {
        type            calculated;
        value           uniform 0.149119;
    }
    FUEL
    {
        type            calculated;
        value           uniform 1.81842e-06;
    }
    WALL
    {
        type            calculated;
        value           uniform 0;
    }
    front
    {
        type            wedge;
    }
    back
    {
        type            wedge;
    }
}


// ************************************************************************* //
