/*--------------------------------*- C++ -*----------------------------------*\
  =========                 |
  \\      /  F ield         | OpenFOAM: The Open Source CFD Toolbox
   \\    /   O peration     | Website:  https://openfoam.org
    \\  /    A nd           | Version:  6
     \\/     M anipulation  |
\*---------------------------------------------------------------------------*/
FoamFile
{
    version     2.0;
    format      ascii;
    class       volScalarField;
    location    "0.1";
    object      H2;
}
// * * * * * * * * * * * * * * * * * * * * * * * * * * * * * * * * * * * * * //

dimensions      [0 0 0 0 0 0 0];

internalField   nonuniform List<scalar> 
8000
(
3.16917e-06
2.82403e-05
0.000153478
0.000549668
0.000881437
0.000592436
0.000282723
0.000110444
3.91212e-05
1.40166e-05
6.22798e-06
4.99194e-06
8.41506e-06
3.21061e-05
2.98346e-05
3.06776e-05
8.36835e-05
0.00153337
0.000189212
9.43761e-05
0.00010043
0.000146618
0.000357809
0.000873376
0.00132156
0.00151763
0.00156936
0.00154642
0.00150571
0.00171055
0.00152604
0.00108268
0.000781759
0.000557962
0.000420404
0.000342157
0.000311038
0.000333286
0.000455831
0.000608931
0.000504021
0.000457261
0.000503753
0.000635102
0.000833289
0.00108586
0.00131535
0.0014992
0.00161668
0.00215928
0.00170725
0.0018324
0.00180186
0.00180131
0.00179975
0.0017977
0.001796
0.00179668
0.00180136
0.00180864
0.00172969
0.00172647
0.00157172
0.0016103
0.00143705
0.0011586
0.00127505
0.00115546
0.0011351
0.00112009
0.00126733
0.00107581
0.00107999
0.00112502
0.00112866
0.00109049
0.00108963
0.00110162
0.00112091
0.00113015
0.00111467
0.00111239
0.00108874
0.00111804
0.0010596
0.000979998
0.000898675
0.000833162
0.000953703
0.000679582
0.000594485
0.000522403
0.000472318
0.000434621
0.000353159
0.000311829
0.00028613
0.000267265
0.000260712
0.000211793
3.09036e-06
3.05376e-05
0.000168916
0.000590397
0.00101408
0.00059546
0.000266914
0.000105035
3.62485e-05
1.27192e-05
5.79414e-06
5.45273e-06
1.19436e-05
8.49117e-05
6.74676e-05
3.99911e-05
5.63049e-05
0.000108236
0.000119671
0.000128173
0.000120299
0.000168538
0.000395132
0.000908818
0.0013422
0.00154486
0.00157631
0.00155009
0.0014895
0.00145156
0.0012298
0.00101717
0.000767994
0.000582152
0.000473828
0.000405263
0.000370521
0.00038658
0.000516808
0.00107817
0.000604846
0.000504116
0.000540938
0.000670445
0.0008646
0.00111174
0.00133092
0.00150579
0.00161501
0.00168263
0.00179872
0.00180064
0.00180212
0.00180086
0.00179945
0.00179767
0.00179652
0.00179788
0.00180271
0.00180989
0.00173
0.00172479
0.00156564
0.00162174
0.00133387
0.00115572
0.00127224
0.00115351
0.00113343
0.00111768
0.00110823
0.00107315
0.00107909
0.00112269
0.00112673
0.00108974
0.00108814
0.0011005
0.00111959
0.0011301
0.00111364
0.00111193
0.00108746
0.00111671
0.0010596
0.000978872
0.000897529
0.000832252
0.000776934
0.00067853
0.000593897
0.000521785
0.000471822
0.000434471
0.000352675
0.000311503
0.000285846
0.000266997
0.000260775
0.000211549
3.51553e-06
4.22713e-05
0.00025803
0.000847968
0.000619786
0.000398835
0.000187619
0.00015038
7.71255e-05
1.32358e-05
1.45064e-05
5.86899e-06
1.60394e-05
0.000171812
0.000208891
6.8217e-05
4.62629e-05
5.92415e-05
0.000196867
0.000970476
0.000206718
0.000227025
0.000479983
0.000981502
0.00138111
0.00159156
0.00160065
0.0015581
0.00148122
0.00134477
0.00119139
0.000991101
0.000779212
0.000641267
0.000595164
0.000564824
0.000508954
0.000507672
0.000547812
0.000608027
0.000555612
0.000550204
0.000608659
0.000740845
0.000928409
0.00116474
0.00136472
0.00153828
0.00161863
0.00168623
0.00169716
0.00180148
0.00180015
0.00179973
0.00179898
0.00179791
0.00179781
0.00180017
0.00180523
0.00177897
0.00173029
0.00172034
0.00155193
0.00157626
0.00132983
0.00114949
0.00116132
0.00114909
0.00112987
0.0011126
0.00110002
0.00106811
0.00126623
0.0011175
0.00112257
0.00127225
0.00108486
0.00109805
0.0011167
0.00126117
0.00111133
0.00111096
0.00108454
0.00111397
0.001166
0.000976365
0.000895091
0.000830302
0.000768168
0.000676474
0.000592615
0.000520435
0.000582608
0.000541518
0.000351607
0.000310792
0.000285224
0.000266408
0.000362694
0.000211014
4.79225e-06
6.30785e-05
0.000372009
0.000519562
0.000391428
0.000242545
0.000114255
4.72815e-05
1.69463e-05
6.44107e-06
3.65827e-06
4.1093e-06
1.03779e-05
0.000158006
0.001605
9.00308e-05
3.94244e-05
4.57714e-05
0.000115767
0.000176051
0.000155715
0.000249715
0.00057945
0.00108107
0.00142105
0.00166182
0.00161774
0.00156751
0.00147605
0.00133955
0.00119704
0.00100497
0.000820891
0.000718466
0.000751989
0.00107326
0.000724169
0.000891603
0.000673538
0.000662979
0.000635577
0.000657728
0.000716083
0.000840105
0.00103316
0.00125305
0.00143027
0.00157434
0.00162662
0.0016499
0.00169962
0.00180099
0.00170675
0.00179829
0.00179894
0.00179887
0.00179983
0.00180322
0.00180833
0.00172576
0.00172967
0.00161255
0.00153022
0.00152092
0.00132179
0.00114062
0.00115275
0.00114204
0.00112489
0.00110515
0.00127316
0.00112535
0.00112654
0.00110933
0.00111639
0.00107632
0.00107985
0.00109439
0.0011124
0.00111983
0.00110771
0.00110955
0.00107988
0.00111028
0.00104847
0.000972432
0.000891427
0.000827407
0.000761078
0.000673557
0.000590688
0.000518413
0.000466197
0.00042408
0.000349945
0.000309723
0.000284286
0.000265515
0.000253356
0.000210175
4.26867e-06
9.65078e-05
0.00165902
0.00069727
0.000300059
0.000152666
6.21379e-05
2.17884e-05
8.19997e-06
3.6255e-06
7.68943e-06
7.01168e-06
7.8113e-06
7.41064e-05
0.000124815
5.05188e-05
3.07362e-05
4.00117e-05
7.70985e-05
0.000104872
0.000143236
0.000314296
0.000745288
0.00120184
0.00146753
0.00160659
0.0016069
0.00157831
0.001476
0.00136586
0.00122935
0.00105312
0.000888922
0.000790616
0.000765843
0.000748074
0.000704932
0.000715759
0.000767253
0.00102645
0.000790156
0.000823002
0.000862994
0.000973748
0.00113686
0.0013364
0.00148114
0.00158853
0.00163568
0.00169535
0.00170132
0.0018016
0.00183047
0.00179971
0.00180015
0.00180085
0.00180272
0.00180669
0.0017775
0.0017278
0.00172647
0.00159368
0.00149789
0.00141801
0.00124829
0.00127276
0.00114181
0.00113173
0.00125157
0.00109591
0.00108212
0.00111307
0.00110827
0.00109891
0.0011084
0.00106523
0.00107339
0.00108956
0.00110666
0.00111144
0.00110304
0.00127699
0.00107329
0.0012406
0.00103944
0.00096732
0.000886556
0.00082361
0.000753555
0.000669843
0.000588136
0.000515757
0.000461752
0.00041604
0.000347832
0.000308304
0.000283041
0.000264337
0.000247492
0.000209123
3.30359e-06
9.57788e-05
0.00101747
0.000398949
0.000169271
8.34807e-05
2.97721e-05
3.67562e-05
4.74033e-06
2.75726e-06
2.45159e-06
3.10449e-06
4.8995e-06
3.90318e-05
4.75806e-05
2.80999e-05
3.85843e-05
3.57382e-05
5.71594e-05
9.61302e-05
0.000174918
0.000454563
0.00114878
0.00149166
0.0014948
0.00159306
0.00159455
0.00158398
0.00151725
0.00140265
0.00128226
0.00112821
0.000992922
0.000883895
0.000826579
0.000781702
0.000757978
0.000781118
0.000846729
0.000927054
0.000932494
0.00104125
0.00121919
0.00110073
0.00125078
0.0014339
0.00157589
0.00161755
0.00164154
0.00168183
0.00170238
0.00180233
0.00169314
0.00180125
0.00180211
0.00180365
0.00180597
0.0018088
0.00172494
0.00172716
0.00171811
0.00156473
0.00145501
0.00139894
0.0012362
0.00125765
0.0011287
0.00111757
0.00110503
0.00108498
0.00107007
0.00109821
0.00109064
0.00108663
0.00109877
0.00105432
0.00106542
0.00108359
0.00109984
0.00110392
0.00109741
0.0012759
0.00113019
0.00109067
0.00103135
0.000961106
0.000880499
0.000818898
0.000746089
0.000665391
0.000584981
0.00051251
0.00045725
0.000515342
0.000345326
0.000306571
0.00028149
0.00026289
0.000242771
0.000207891
2.38351e-06
5.66635e-05
0.000300204
0.000200693
7.62047e-05
3.91952e-05
4.76051e-05
2.71413e-05
1.01475e-05
2.92684e-06
2.92814e-06
4.21089e-06
1.01314e-05
2.24556e-05
2.73057e-05
2.64382e-05
3.68041e-05
5.16757e-05
7.26615e-05
0.000109465
0.000367271
0.00065548
0.00110281
0.00137587
0.00151135
0.00164545
0.00164144
0.001593
0.00162212
0.00146238
0.00135317
0.00123215
0.00111265
0.00102098
0.000959961
0.000910736
0.000872873
0.000904512
0.000965492
0.00107534
0.00126216
0.00108828
0.00110361
0.00119407
0.00132531
0.00148755
0.00165147
0.00162535
0.00164299
0.00165478
0.00170266
0.00173176
0.00169139
0.00180362
0.00180465
0.001806
0.00180826
0.00168412
0.00172566
0.00172211
0.00169821
0.00152406
0.00157408
0.00140521
0.00120414
0.00113571
0.00111295
0.00110074
0.00109046
0.00107288
0.00105759
0.00108123
0.00107277
0.00107249
0.00108776
0.00110341
0.00105622
0.00107647
0.00109217
0.00126725
0.00109087
0.00108906
0.00111692
0.00107608
0.00102366
0.000953844
0.000873297
0.00096962
0.000738128
0.000660072
0.00058124
0.000508718
0.000452531
0.000401826
0.000342433
0.000304518
0.000279649
0.000261188
0.000238782
0.000206496
3.97152e-06
3.2437e-05
0.000119319
6.33999e-05
3.02213e-05
1.56291e-05
2.68327e-05
6.61815e-06
3.48279e-06
3.28546e-06
6.87676e-06
1.10307e-05
1.64601e-05
2.09643e-05
2.38222e-05
2.93957e-05
4.46279e-05
6.38769e-05
8.66837e-05
0.000136301
0.000318882
0.00104421
0.00124407
0.00155148
0.00156545
0.00160818
0.00160288
0.0016014
0.00156886
0.00149339
0.00156472
0.00133921
0.00125816
0.00118423
0.00113695
0.0012267
0.001045
0.00105039
0.00111133
0.00115283
0.00114392
0.00112323
0.00116253
0.0012663
0.0013786
0.00149932
0.00159137
0.00162771
0.00164211
0.00165263
0.00170276
0.00170654
0.00168789
0.00177173
0.00177331
0.0017753
0.0017779
0.0017262
0.00172238
0.00160952
0.00156103
0.00173621
0.00153478
0.00129135
0.00111169
0.00111694
0.00109499
0.0010814
0.00107522
0.00125074
0.00123545
0.00106203
0.00105391
0.00105675
0.00121216
0.00108789
0.00110783
0.001068
0.00108387
0.00126565
0.00108346
0.00107842
0.00110218
0.00106192
0.00108638
0.000945599
0.000864993
0.000803239
0.000729602
0.000654068
0.000576824
0.000504429
0.000447554
0.000394587
0.000339226
0.000302159
0.000277525
0.000259234
0.000235284
0.000204952
1.2984e-06
1.6382e-05
4.99916e-05
4.36804e-05
1.21602e-05
6.45127e-06
5.27826e-06
3.63972e-06
3.48071e-06
4.67086e-06
9.82631e-06
1.86113e-05
4.80043e-05
4.29907e-05
3.66477e-05
3.7277e-05
6.10937e-05
8.77554e-05
0.000138827
0.000200802
0.000417137
0.000831423
0.00119589
0.00142272
0.00164247
0.0016568
0.00160953
0.00160167
0.00163911
0.00153492
0.00148134
0.00143634
0.00141322
0.00136725
0.00131127
0.00126015
0.00139101
0.0012166
0.0012595
0.00141397
0.00121616
0.00120918
0.00125498
0.00133572
0.00142277
0.00151025
0.00160186
0.00162873
0.00164118
0.00165022
0.00165525
0.00170749
0.00171204
0.00171631
0.00168188
0.00172258
0.00172685
0.00172448
0.00170858
0.00157447
0.00175942
0.0016648
0.00136904
0.00120239
0.00122974
0.0010967
0.00107506
0.00105932
0.00124392
0.00103715
0.00107337
0.00104056
0.00103433
0.00103974
0.00105659
0.00107147
0.00109317
0.00105759
0.00126107
0.00107575
0.00126528
0.0012577
0.00108658
0.00104752
0.00107623
0.000935864
0.000855637
0.000792679
0.000720637
0.000647391
0.000571809
0.000499693
0.000441104
0.000387858
0.000335733
0.000299506
0.000275132
0.000257067
0.000232127
0.000203263
5.40529e-07
6.58223e-06
1.3839e-05
2.11749e-05
5.01848e-06
3.32271e-06
7.25577e-06
3.39321e-06
6.43366e-06
1.26697e-05
1.43528e-05
3.00073e-05
0.000106111
0.000174837
7.07027e-05
6.56833e-05
8.10579e-05
0.000122922
0.000271073
0.000459968
0.000804021
0.000919125
0.00121153
0.00142095
0.00155567
0.00165192
0.00161016
0.00160405
0.00160169
0.0015671
0.00154829
0.00153509
0.00157767
0.00161263
0.00156986
0.00145248
0.00140646
0.00137623
0.00137017
0.00135796
0.0013054
0.00129853
0.00133801
0.00140301
0.00147693
0.00154274
0.00160719
0.00163028
0.0016405
0.00164731
0.00165145
0.00165303
0.00171295
0.00171829
0.00172112
0.00172343
0.00167408
0.00172026
0.00158222
0.00152497
0.00145249
0.00145732
0.00126874
0.00109686
0.00117097
0.00120405
0.00105266
0.00103555
0.00122768
0.00106723
0.00104169
0.00101772
0.00101402
0.00102146
0.00103705
0.00105402
0.00121494
0.0012346
0.00106281
0.00106276
0.00106094
0.00111442
0.00107019
0.00103246
0.000986437
0.000910639
0.000845307
0.000781656
0.000711259
0.000640116
0.000566255
0.000494617
0.000434524
0.000381346
0.000331821
0.000296576
0.000272484
0.000254664
0.000229228
0.000201425
8.39833e-08
5.1419e-06
1.13198e-05
9.62411e-06
3.1398e-06
2.95772e-06
3.5406e-06
6.42017e-06
9.16464e-06
1.46585e-05
2.71878e-05
5.35603e-05
0.000315372
0.000467065
0.000124317
9.15468e-05
0.000104426
0.000146068
0.000287561
0.000498695
0.000749458
0.00101329
0.00126942
0.00143009
0.00152937
0.00160708
0.00161402
0.00160823
0.00160239
0.00160203
0.00159267
0.00158422
0.0016019
0.0015898
0.00156767
0.00161651
0.00154841
0.00160054
0.00151162
0.00157053
0.00141937
0.00140747
0.00143514
0.00148045
0.00152964
0.00157481
0.00161268
0.00162958
0.00166794
0.00164302
0.00164463
0.00164577
0.00164559
0.00171781
0.00167003
0.00171732
0.00174544
0.0015868
0.00153319
0.0014624
0.00153018
0.00140778
0.00118468
0.00120572
0.00107167
0.00104456
0.00102858
0.00100939
0.00105834
0.0011757
0.00101154
0.00099437
0.000992954
0.00100208
0.0010174
0.00103594
0.001059
0.00108814
0.00104963
0.00123707
0.00110792
0.00109291
0.00105303
0.00101661
0.000968842
0.000898632
0.0008341
0.000770107
0.000701524
0.000765082
0.00056019
0.000489202
0.000427825
0.000374953
0.000327635
0.000293413
0.00026957
0.000252064
0.000225637
0.000199465
7.16646e-07
4.68717e-06
7.14442e-06
7.81234e-06
4.41519e-06
7.57308e-06
7.63658e-06
1.23934e-05
1.7281e-05
2.17772e-05
3.44269e-05
6.33037e-05
0.000196032
0.00102408
0.000184769
0.000110276
0.000110801
0.000159348
0.000445208
0.000877766
0.000881052
0.00114049
0.00150121
0.00145353
0.0015292
0.00164934
0.00165897
0.00161379
0.00162632
0.00165296
0.00162047
0.00161779
0.00161794
0.00161195
0.00160196
0.00159839
0.00159471
0.00159208
0.00161613
0.00154867
0.00152316
0.00149924
0.0015148
0.00155853
0.00159183
0.00160281
0.00160238
0.00162279
0.00162257
0.00163483
0.00166291
0.00166311
0.00166384
0.00162896
0.00161661
0.00160213
0.00157843
0.0015362
0.00147046
0.00153883
0.00133709
0.00119925
0.00106819
0.00107108
0.00104113
0.00101252
0.00119286
0.00117671
0.00101747
0.00100173
0.000982206
0.000970344
0.00097098
0.000981772
0.000997475
0.00101717
0.00103923
0.0010666
0.0010967
0.00109206
0.00108757
0.00107261
0.00103543
0.00100011
0.000951236
0.00088569
0.000822133
0.000757991
0.000691536
0.00062069
0.000553656
0.000598426
0.000421011
0.000368591
0.000323268
0.00029002
0.00026641
0.000249277
0.000222269
0.000197377
7.54521e-07
1.72938e-06
2.93819e-06
5.87746e-06
1.2119e-05
1.34916e-05
2.10318e-05
2.38859e-05
3.8069e-05
5.09565e-05
6.35126e-05
9.52505e-05
0.000216125
0.000608233
0.000199759
0.000123593
0.000128025
0.00018527
0.000431242
0.00074712
0.000989578
0.00125509
0.00157859
0.00147678
0.00153187
0.00164435
0.0016098
0.00160954
0.00166354
0.00163987
0.00166026
0.00163075
0.0016306
0.00162776
0.0016203
0.00161706
0.00161654
0.00161489
0.00161137
0.00160072
0.00163841
0.00163313
0.00158611
0.00159412
0.00165393
0.00161173
0.00160037
0.00164815
0.00161234
0.00161645
0.0016675
0.00160349
0.0015969
0.00159254
0.00176011
0.00178372
0.00152534
0.00173577
0.001565
0.00139058
0.00122656
0.0011496
0.00116778
0.00104055
0.0011804
0.000979326
0.00116758
0.000989121
0.000979341
0.000967262
0.000953966
0.000945927
0.000948452
0.000960602
0.000977223
0.00099766
0.00101935
0.00104475
0.0012141
0.00107013
0.00106693
0.00118821
0.0010173
0.000982879
0.000933511
0.000871908
0.000809479
0.000745454
0.000681306
0.000608807
0.000668917
0.000475148
0.000413956
0.000362247
0.000318678
0.000286396
0.000263036
0.000245409
0.000218925
0.000195172
5.44466e-06
3.75976e-06
6.93375e-06
1.80474e-05
5.19519e-05
4.84278e-05
5.24706e-05
6.44476e-05
9.21757e-05
0.000229886
0.000131038
0.000218009
0.000258858
0.000702349
0.000274669
0.000147098
0.000167001
0.000336311
0.000667234
0.00099127
0.00111144
0.00150202
0.0014962
0.00150269
0.00152748
0.00156832
0.00159708
0.00161084
0.0016125
0.00162659
0.00163353
0.00163172
0.00163591
0.00166433
0.00163199
0.0016297
0.00162991
0.00163015
0.00165539
0.00161527
0.00161069
0.00159714
0.00160039
0.00162174
0.00165864
0.00161012
0.00160013
0.00159456
0.0015771
0.00159874
0.00159246
0.00159614
0.00155748
0.00178888
0.00177759
0.00149519
0.00145856
0.00162868
0.00140346
0.00123392
0.00104805
0.00102412
0.00112826
0.00100767
0.000974743
0.000990833
0.000971147
0.000948589
0.000944129
0.00093529
0.000926353
0.000921137
0.000925322
0.00093877
0.00095654
0.000977619
0.000999035
0.0010223
0.0010537
0.00104832
0.00104613
0.00103256
0.000998678
0.0010648
0.000901852
0.00101905
0.000953904
0.00073241
0.000670699
0.000596738
0.000534936
0.000466482
0.000406692
0.000356012
0.000313895
0.00028255
0.000259484
0.000241499
0.00021558
0.000192886
1.17748e-05
3.60164e-05
2.86166e-05
6.61907e-05
0.00080013
0.000134037
0.00011929
0.000156873
0.000291027
0.000240943
0.000295767
0.000275437
0.000279642
0.000561659
0.000351026
0.000185815
0.000235461
0.000482606
0.000613924
0.0011273
0.00121365
0.00136514
0.00157836
0.00147222
0.00152336
0.00154757
0.00164873
0.00158792
0.00159177
0.00160569
0.00162565
0.00162769
0.001657
0.00163071
0.00166134
0.00163701
0.00163838
0.00167212
0.00166202
0.00162452
0.00162184
0.00162369
0.00162588
0.00162921
0.001606
0.00158305
0.00156566
0.00155731
0.0015764
0.0017607
0.00162953
0.00157688
0.0015842
0.00159559
0.00158917
0.00163686
0.00152766
0.00141816
0.00124651
0.00114192
0.00114784
0.00101858
0.000997017
0.000972307
0.000987959
0.000946594
0.000925615
0.000910414
0.00103444
0.000904911
0.000884416
0.000881815
0.000888014
0.000916392
0.000935572
0.000956821
0.000978484
0.000999862
0.00116592
0.00102599
0.00102481
0.00101171
0.000979634
0.000945636
0.000883063
0.000840438
0.000780532
0.000718385
0.000659767
0.000584545
0.000643765
0.000457813
0.000399177
0.000349693
0.000308992
0.000278429
0.00025575
0.000237521
0.00021223
0.000190464
0.000144875
0.000154052
9.34017e-05
0.000201972
0.000844223
0.000278398
0.000230463
0.000499232
0.000444082
0.000339503
0.000349633
0.000472322
0.000379784
0.000407028
0.000295841
0.000304469
0.000315451
0.000437632
0.000668535
0.000978729
0.0013839
0.00148471
0.00140236
0.00158667
0.00162978
0.00163966
0.00163544
0.00153546
0.001538
0.0015855
0.00164666
0.00165109
0.0016023
0.00160265
0.00162103
0.00166636
0.00166737
0.00163431
0.00162991
0.00166054
0.00163239
0.00163616
0.00166394
0.00161236
0.00164586
0.00154512
0.00167407
0.00151206
0.00155087
0.00164585
0.00158132
0.00155412
0.00151438
0.00150807
0.00146618
0.00142874
0.00131405
0.00127401
0.00113956
0.00113397
0.00111035
0.00112084
0.000949646
0.000981093
0.000932228
0.000895532
0.000875377
0.000866877
0.000855942
0.000854622
0.000852027
0.000851753
0.000859255
0.000875433
0.00105553
0.00093149
0.000953767
0.001053
0.000997332
0.00111067
0.000999143
0.000986959
0.000956341
0.000921118
0.000860128
0.000981417
0.000761296
0.000700951
0.000645884
0.000696948
0.000507572
0.000447407
0.000390122
0.000342019
0.000302962
0.000273042
0.000251043
0.000232734
0.000208185
0.000187442
0.000300101
0.000160219
0.000177944
0.000215451
0.000329233
0.000259798
0.000409672
0.000656411
0.000539858
0.000514643
0.000736822
0.000696446
0.000716757
0.000485295
0.000509104
0.000369628
0.000446113
0.000744219
0.000977659
0.00104836
0.00120809
0.0012957
0.00136248
0.00143859
0.00162603
0.00162666
0.00162327
0.00151233
0.00161584
0.00151415
0.0015261
0.00154524
0.00154968
0.00157298
0.00159371
0.00159363
0.00159863
0.00160653
0.00166044
0.00163411
0.0016643
0.00166741
0.0016623
0.00161097
0.00154569
0.00149821
0.00150379
0.00146775
0.00141843
0.00135669
0.00123513
0.00133592
0.00132072
0.00131932
0.00116287
0.00113485
0.00116819
0.00115007
0.00101338
0.00111613
0.00111682
0.00111273
0.000941623
0.000913636
0.000874532
0.00083998
0.000810387
0.000806283
0.000810525
0.00081642
0.000816684
0.000818027
0.000826687
0.0008434
0.00086461
0.000901418
0.000923082
0.000940218
0.000961417
0.000966379
0.000969036
0.000958146
0.000929122
0.000878746
0.000833524
0.000792556
0.000738675
0.000680155
0.000625977
0.000551586
0.000489471
0.000432845
0.000379351
0.000332895
0.000295804
0.000266488
0.000245281
0.000227302
0.00020345
0.000183714
0.000545682
0.000143781
0.000243817
0.000255432
0.000268891
0.000287558
0.00048422
0.000629147
0.000610886
0.000691376
0.00108831
0.000796446
0.000694439
0.000768144
0.000645853
0.000717336
0.000646114
0.000816958
0.00123523
0.00121263
0.00138093
0.00128837
0.00133963
0.00141659
0.00158659
0.00145381
0.00144355
0.00144067
0.00156522
0.00145541
0.00160227
0.00160689
0.00149521
0.00153915
0.00162146
0.00152126
0.00155107
0.00158205
0.00161581
0.00165764
0.00161107
0.00160641
0.00160686
0.00162983
0.00150196
0.00148756
0.00142452
0.00125045
0.00113364
0.00109108
0.00109209
0.00116629
0.00108384
0.00115741
0.00105349
0.00112089
0.00111172
0.00111917
0.000957044
0.000924306
0.000890691
0.000904604
0.000870841
0.000851168
0.000984225
0.000776484
0.000762079
0.000761868
0.00093638
0.000946542
0.000781886
0.000784449
0.000794043
0.00081157
0.000832366
0.000857035
0.000891292
0.000907455
0.000926101
0.000933299
0.000936724
0.000928607
0.00104876
0.000849078
0.000806449
0.000765002
0.000715675
0.000658965
0.000604751
0.000658247
0.000471635
0.000418695
0.000368298
0.000323667
0.000288406
0.000259687
0.000238908
0.000221788
0.000198671
0.000179785
0.000616791
0.000315552
0.000276847
0.000261635
0.000253926
0.000323666
0.000472193
0.000583374
0.000622001
0.00076779
0.000996034
0.00102371
0.000886837
0.000823439
0.00089129
0.000781646
0.000883676
0.00111123
0.00109787
0.00118023
0.00124774
0.00143439
0.0014667
0.00152083
0.00154704
0.00140495
0.00139539
0.00137508
0.00134958
0.00137008
0.00151735
0.00137714
0.00140555
0.00158258
0.0014405
0.00145994
0.00162185
0.00152323
0.0015415
0.00156942
0.0015838
0.00163802
0.00153387
0.00148865
0.0014871
0.0014401
0.00127643
0.00105237
0.00103482
0.00103005
0.00103557
0.00117873
0.00116609
0.00101574
0.000998603
0.000981218
0.000962646
0.000929954
0.000896399
0.000911781
0.000869729
0.000961693
0.000806562
0.000954863
0.000753108
0.000726888
0.000715808
0.000718579
0.000727807
0.000739628
0.000904512
0.000750854
0.000760761
0.00077933
0.000800661
0.000826477
0.000845746
0.00086115
0.000891384
0.00104448
0.000904272
0.00089818
0.000856507
0.000820277
0.000778817
0.000737635
0.00069169
0.000637232
0.000582567
0.000512921
0.000454072
0.000404745
0.000356065
0.00031419
0.000280665
0.000252581
0.000232438
0.000216128
0.000193777
0.000175716
0.00063441
0.000495537
0.000407182
0.000341747
0.00036014
0.000459849
0.000521558
0.000545082
0.000615352
0.000829459
0.000994219
0.00123697
0.00106384
0.00117704
0.000971922
0.00100777
0.00107841
0.00112554
0.00115891
0.00117574
0.00120996
0.00135202
0.00124271
0.00129446
0.00133436
0.00135076
0.00136703
0.00145703
0.00125969
0.00142102
0.00125163
0.00125513
0.00143088
0.00133586
0.00151047
0.00141476
0.00146216
0.00148493
0.00151916
0.00152043
0.00151585
0.0014938
0.00147797
0.0014545
0.0013616
0.00110337
0.0010722
0.00102706
0.00101171
0.00101011
0.0011663
0.00116136
0.00115525
0.000952615
0.00113245
0.000916196
0.000949465
0.00106833
0.000875801
0.000838674
0.000800911
0.000762884
0.00073783
0.000723784
0.000700218
0.000679175
0.000670854
0.000676101
0.000686665
0.000699793
0.000710458
0.000717886
0.000727624
0.000746768
0.000768669
0.000795845
0.000982037
0.000827922
0.000843049
0.000852708
0.000857023
0.000852049
0.000993627
0.000789737
0.000750742
0.000710627
0.00066752
0.000614536
0.000560147
0.000492481
0.000436663
0.000391003
0.000343796
0.000303799
0.000272569
0.000245186
0.00022587
0.00021003
0.000188703
0.000171505
0.000639003
0.000586052
0.000509899
0.000467165
0.000500034
0.000557532
0.000587621
0.000595012
0.000614117
0.000746232
0.00107737
0.00112618
0.00122379
0.00122095
0.00118322
0.00127008
0.00129211
0.00138504
0.00123742
0.00119233
0.00116919
0.0011399
0.00115863
0.00121476
0.00126406
0.00144888
0.00127408
0.00122299
0.00117142
0.00115856
0.00115676
0.0011818
0.00120765
0.00124151
0.00129544
0.00138116
0.00142989
0.00158391
0.00146724
0.0014727
0.00148937
0.00144476
0.00144604
0.00133459
0.00107923
0.00102151
0.0010598
0.00093033
0.000919564
0.000922402
0.000931162
0.000926806
0.000925185
0.000926135
0.000909393
0.000886035
0.000860875
0.000834021
0.000805518
0.000763394
0.000729658
0.00070279
0.00068236
0.0006688
0.000801589
0.000632003
0.000626217
0.000633728
0.000645851
0.000660648
0.000673041
0.000681854
0.000693854
0.000714371
0.000736624
0.000763805
0.000782047
0.000795662
0.000809527
0.000817422
0.000823623
0.000820287
0.000793161
0.000758978
0.000722704
0.000683058
0.000641499
0.000727298
0.000538056
0.000472798
0.000419581
0.000375365
0.000330922
0.000293457
0.000263026
0.00023764
0.000219145
0.000203866
0.000183426
0.000167069
0.000639862
0.000613757
0.000559165
0.000528792
0.000533541
0.000524627
0.000527411
0.000569239
0.000595531
0.000660218
0.000868172
0.00113124
0.0012359
0.00142257
0.00128308
0.00149817
0.0014832
0.00126199
0.00137758
0.001166
0.00127423
0.00106596
0.00107707
0.00114233
0.00132163
0.00133685
0.00121276
0.00134528
0.00111088
0.00108552
0.00110155
0.00114354
0.00132255
0.00119363
0.00125053
0.00132406
0.00153464
0.00142707
0.00143224
0.00156571
0.00143586
0.00143986
0.00129788
0.00104756
0.000968111
0.000910405
0.000855225
0.000828894
0.000823057
0.00082891
0.00100259
0.000836777
0.00083625
0.000984443
0.000979991
0.000805513
0.000775738
0.000751868
0.000894586
0.000701041
0.000671158
0.000646902
0.000628671
0.000615949
0.000600848
0.000585367
0.00058215
0.00059166
0.000605612
0.00062298
0.000776085
0.000646555
0.000659948
0.000681153
0.000704707
0.000731113
0.000748673
0.000763797
0.000777265
0.000784343
0.000962526
0.000960736
0.000760369
0.00072851
0.00069492
0.000655657
0.000615447
0.000567547
0.000514238
0.000453422
0.000402697
0.000360125
0.000318167
0.00028303
0.000253714
0.000230161
0.000212271
0.00019701
0.000177985
0.000162618
0.000638586
0.000610277
0.000562682
0.000523008
0.000483148
0.000422465
0.000401443
0.000449324
0.000516679
0.000559448
0.000688979
0.00078177
0.00112371
0.00120816
0.00124278
0.00128507
0.00125593
0.00117235
0.00113492
0.00105817
0.000992347
0.00095378
0.00116262
0.00104262
0.00110953
0.00133755
0.00119974
0.00127873
0.00110253
0.00103545
0.000989503
0.00102382
0.00106602
0.00112834
0.00120754
0.00127419
0.00131339
0.00142109
0.00141509
0.00139068
0.00134673
0.00107275
0.0010233
0.000939189
0.00084823
0.000955676
0.000762652
0.000743928
0.000743066
0.000751556
0.000926045
0.000746527
0.000747195
0.000749918
0.000739951
0.000723716
0.000705066
0.000684699
0.000666559
0.000786494
0.000614414
0.000592211
0.000575839
0.000564593
0.000550134
0.000540059
0.00053947
0.000550659
0.000566164
0.000583619
0.000599692
0.000611152
0.000626387
0.000648343
0.000672074
0.000698561
0.0007163
0.000731875
0.000744906
0.000751627
0.00075857
0.000926287
0.000728848
0.000698527
0.000666756
0.000628388
0.000589161
0.000542569
0.00049143
0.000434144
0.000386176
0.000345189
0.000305627
0.000272547
0.000244491
0.000222577
0.000205381
0.000190213
0.000172435
0.000158023
0.000634619
0.000588065
0.000523258
0.000461858
0.000388047
0.000301545
0.00027048
0.000314863
0.000399417
0.000462305
0.000528947
0.000700525
0.000884676
0.00103781
0.00111024
0.00113181
0.00127055
0.00118727
0.000991568
0.00106738
0.000844544
0.000830109
0.000876065
0.000941086
0.0010004
0.00109265
0.00115596
0.00100732
0.00108623
0.000851024
0.000810988
0.000885354
0.00108962
0.00100303
0.00112809
0.00122599
0.00126692
0.00139292
0.0012065
0.00130785
0.00103689
0.00096537
0.000899216
0.000973206
0.000745155
0.000699294
0.000812499
0.000659906
0.000805427
0.000677602
0.00082684
0.000671309
0.000673351
0.000676518
0.00081974
0.000655349
0.000638407
0.000619836
0.000601194
0.000581464
0.000558785
0.000538997
0.000524514
0.00064242
0.000502418
0.00049624
0.000497728
0.000510552
0.000527841
0.000546168
0.000562663
0.000576508
0.000592532
0.000615513
0.000639904
0.000665488
0.000684014
0.000700117
0.000712667
0.000719026
0.000724745
0.000723274
0.000854658
0.000667985
0.000638508
0.000600657
0.00056258
0.000517454
0.000469592
0.000415307
0.000369725
0.000330525
0.000293338
0.000262109
0.000235624
0.000214899
0.000198411
0.000183542
0.000167019
0.000153282
0.00062569
0.000543794
0.000443139
0.000361222
0.000274919
0.000194121
0.000171437
0.000210109
0.000294269
0.000370906
0.000420305
0.000512921
0.000678108
0.000834914
0.000919913
0.00107261
0.000889378
0.000828308
0.00102286
0.000759489
0.000704082
0.000690199
0.000727851
0.000907983
0.000817209
0.000782208
0.000777856
0.000867957
0.00100121
0.000756544
0.000693462
0.000720908
0.0007905
0.000892587
0.00104774
0.00124626
0.00118867
0.00116669
0.00110912
0.00111922
0.000922975
0.000977392
0.000765951
0.000837636
0.000774913
0.000597272
0.00057946
0.000575774
0.000584654
0.000737315
0.000597171
0.000595613
0.000599881
0.000604492
0.000599699
0.000587794
0.000572622
0.00055622
0.00053912
0.000522
0.000505478
0.000488669
0.000474656
0.000468357
0.00045711
0.000453699
0.000457995
0.00047206
0.000490331
0.000509912
0.000527164
0.000542001
0.00055958
0.000582824
0.000607404
0.000632872
0.000651588
0.000667766
0.000680461
0.000686768
0.00069142
0.000688779
0.000665723
0.000637591
0.000610557
0.000573178
0.000536342
0.000492933
0.000447662
0.000396784
0.000353668
0.000316158
0.000281131
0.000251611
0.000226841
0.000207261
0.000191347
0.000176924
0.000161702
0.000148396
0.00060645
0.000470544
0.000335476
0.000250589
0.000173438
0.000114367
0.000105259
0.000141796
0.000215137
0.000295699
0.000345559
0.000394901
0.000496966
0.000602431
0.000704782
0.000757787
0.000709907
0.000668134
0.000637397
0.00055587
0.000530321
0.000534207
0.000547415
0.000555979
0.000551806
0.000572045
0.00060982
0.000772556
0.000940244
0.000653639
0.000783302
0.000568174
0.000642316
0.000774285
0.000933217
0.00114418
0.00107751
0.00117512
0.000974825
0.000873616
0.000786796
0.000708456
0.000637813
0.000581833
0.00053497
0.00049948
0.000487901
0.000621003
0.000504582
0.000522723
0.000517533
0.000520813
0.000527492
0.00053354
0.00053003
0.000522027
0.0005094
0.000495606
0.000605401
0.0004662
0.000454606
0.000559689
0.000427632
0.000421232
0.0004135
0.000412891
0.000419562
0.000434872
0.000454319
0.000475238
0.000493258
0.000508204
0.000527108
0.000550945
0.000575157
0.000600027
0.000619634
0.000635606
0.000647896
0.000654011
0.000657856
0.00065379
0.000633212
0.000607397
0.000580496
0.00054597
0.000510262
0.000469161
0.000425385
0.000378536
0.000337823
0.000302203
0.000269187
0.000241383
0.000218086
0.000199571
0.000184337
0.000170504
0.000156312
0.000143521
0.000565936
0.000357736
0.000217564
0.00014537
9.48645e-05
6.33832e-05
6.26057e-05
9.66351e-05
0.000160114
0.000235764
0.000288956
0.000322666
0.000377098
0.000443812
0.00049578
0.000495985
0.000479784
0.000468713
0.000468841
0.000457671
0.000458977
0.000468337
0.000474684
0.000478037
0.000478852
0.000504552
0.000724437
0.000553262
0.000784555
0.000703861
0.000449021
0.000464788
0.000519894
0.000651129
0.00080229
0.00089132
0.000931981
0.0010533
0.00082
0.000735974
0.000651397
0.000571149
0.000514947
0.000468592
0.000563367
0.000409873
0.000403907
0.000419735
0.000429011
0.00044485
0.000443333
0.00044988
0.0004585
0.000465968
0.000464498
0.000459538
0.000449647
0.000438298
0.000428104
0.000413789
0.000405753
0.000397185
0.000383073
0.000377263
0.000372725
0.0003747
0.000383415
0.000399456
0.000418997
0.000440053
0.000461508
0.000475801
0.000495344
0.000519089
0.00054363
0.000567701
0.000587318
0.000603475
0.000615757
0.000621638
0.000624723
0.00061964
0.000601796
0.000577053
0.000551325
0.000519023
0.000484695
0.000444748
0.000403854
0.000360648
0.00032233
0.000288445
0.000257353
0.000231336
0.000209484
0.000191867
0.000177286
0.000164279
0.000150838
0.000138744
0.000485424
0.000226011
0.000111228
7.12422e-05
4.91085e-05
3.52145e-05
3.76972e-05
6.60087e-05
0.000120371
0.000189221
0.000242853
0.000272298
0.000302327
0.000337045
0.000364692
0.000367605
0.000365059
0.000368084
0.000375454
0.000379153
0.00038948
0.000404863
0.000405446
0.000401154
0.000395298
0.000390351
0.000389901
0.000577333
0.000409466
0.000390733
0.000385591
0.000431761
0.000452767
0.000533144
0.00066113
0.000742714
0.0007789
0.000733416
0.000665922
0.00058606
0.000497443
0.000443616
0.000402205
0.000365994
0.000342845
0.000326178
0.000326595
0.000344821
0.000357683
0.000374207
0.000374556
0.000383367
0.000393536
0.000402326
0.000403072
0.000400486
0.000392801
0.000383727
0.000374836
0.000364494
0.000360095
0.000351522
0.00034026
0.000335923
0.000334168
0.000338505
0.00034876
0.000365743
0.000385507
0.000406619
0.000543075
0.000444414
0.000464801
0.000488105
0.000512185
0.000536142
0.000555688
0.000571428
0.000583238
0.000589238
0.000591754
0.000585907
0.00056891
0.000547292
0.000523059
0.000492445
0.000460017
0.000421075
0.000382901
0.000343072
0.000307343
0.000274987
0.00024592
0.000221376
0.000200883
0.00018424
0.000170595
0.000157988
0.000145174
0.000133878
0.000323593
0.000101663
4.53895e-05
3.12979e-05
2.44001e-05
2.00353e-05
2.33468e-05
4.50816e-05
8.99443e-05
0.00014872
0.000202007
0.000232424
0.000251446
0.000267841
0.000281329
0.00028417
0.00028725
0.000294754
0.000304533
0.000312999
0.000323883
0.000342806
0.000340083
0.000328205
0.000384031
0.000305976
0.000308171
0.000317902
0.000441286
0.000318986
0.000330115
0.000355334
0.00042226
0.000437311
0.000522148
0.000589447
0.000619278
0.000559621
0.000499142
0.000430482
0.000526394
0.000335924
0.000302154
0.000270698
0.000253141
0.000247732
0.000254566
0.000274873
0.000290567
0.000305747
0.000310383
0.000321317
0.000333064
0.000342829
0.000345635
0.000460226
0.000339539
0.000331951
0.000325137
0.00031831
0.000314505
0.000308204
0.000300509
0.000297773
0.00029847
0.000304885
0.000316373
0.000333642
0.000353311
0.000374909
0.000397343
0.000413996
0.000434547
0.000458155
0.000481639
0.000504815
0.000524626
0.000540226
0.000551355
0.00055722
0.0005592
0.00055296
0.000537341
0.000517875
0.00049528
0.00046659
0.000435032
0.000398402
0.000362499
0.000325918
0.00029267
0.000261712
0.000234822
0.000211651
0.000192411
0.000176785
0.000163917
0.000151676
0.000139639
0.000128982
0.000179571
3.34992e-05
1.6182e-05
1.35041e-05
1.2652e-05
1.21986e-05
1.51613e-05
3.04267e-05
6.48221e-05
0.000116021
0.000165818
0.000196365
0.000211269
0.000219798
0.000225211
0.000227128
0.000231188
0.000238721
0.000247254
0.00025393
0.000259003
0.000265379
0.000256377
0.000249292
0.000241382
0.000230676
0.000236662
0.000246575
0.000253693
0.00026295
0.000286247
0.000445689
0.000356196
0.000370187
0.000396826
0.000437786
0.000626835
0.000407873
0.00035156
0.000303727
0.00026011
0.000237654
0.000372218
0.000184784
0.000173854
0.00017494
0.000186646
0.000208981
0.000226832
0.00024326
0.000251169
0.00026397
0.000276924
0.000287525
0.000292064
0.000296528
0.000289707
0.000283853
0.000279217
0.000275415
0.000271773
0.000268438
0.000263524
0.000262426
0.000265222
0.000273207
0.000285893
0.000303593
0.000322616
0.000344536
0.000365887
0.000385013
0.00040548
0.000428609
0.000452053
0.000474445
0.000493795
0.00050942
0.000520199
0.000526021
0.000527533
0.000521197
0.00050659
0.000488874
0.000468456
0.000441369
0.000410871
0.000376472
0.000342712
0.000309337
0.000278459
0.000248927
0.000223978
0.00020199
0.000184021
0.000169597
0.000157146
0.000145627
0.000134107
0.000124122
4.59644e-06
4.65487e-06
5.04529e-06
5.43919e-06
6.20924e-06
7.22612e-06
9.5153e-06
1.90336e-05
4.15118e-05
7.79617e-05
0.000121045
0.000150425
0.000161502
0.000163137
0.000162578
0.000161912
0.00016345
0.000167831
0.00017188
0.000173673
0.000170704
0.000160945
0.000145016
0.000133088
0.00012537
0.000123995
0.000133193
0.000151202
0.000170973
0.000195104
0.000222749
0.000248798
0.000261478
0.000302012
0.000444065
0.000270512
0.000244379
0.000225266
0.000216517
0.000202346
0.000185314
0.000170794
0.00015089
0.0001377
0.00012948
0.000127232
0.000118914
0.000120397
0.000132298
0.00015063
0.000162363
0.000177853
0.000192705
0.000204642
0.000211969
0.000216296
0.00021462
0.000212049
0.000211188
0.000208987
0.000209287
0.000211619
0.000209617
0.000210836
0.000216577
0.000226731
0.000240021
0.000257409
0.000276642
0.000298656
0.000318819
0.000340215
0.000360842
0.000383377
0.000405542
0.000427061
0.00044581
0.000460427
0.000470998
0.000476592
0.000477547
0.000471393
0.000459264
0.000444144
0.000425856
0.000401857
0.000373914
0.000342408
0.000312374
0.000283316
0.000255264
0.000229048
0.000207075
0.000186963
0.000171399
0.000158003
0.000146704
0.000135995
0.00012545
0.000116718
7.96778e-07
1.26957e-06
1.84221e-06
2.47591e-06
3.2092e-06
3.97279e-06
5.05871e-06
8.15199e-06
1.70596e-05
3.33102e-05
5.42111e-05
7.40232e-05
8.44999e-05
8.71451e-05
8.61081e-05
8.52872e-05
8.61102e-05
8.72906e-05
8.55518e-05
7.87148e-05
6.81491e-05
5.85337e-05
5.18152e-05
4.90275e-05
4.98742e-05
5.35843e-05
6.24148e-05
7.6222e-05
9.60123e-05
0.000122424
0.000151958
0.000171528
0.000175532
0.000177523
0.000167058
0.000153388
0.000139365
0.000129397
0.000118421
0.00010896
0.000101981
9.16111e-05
8.07485e-05
7.44898e-05
6.86902e-05
6.3763e-05
6.83224e-05
8.49598e-05
9.03419e-05
9.50783e-05
8.852e-05
9.1369e-05
9.99486e-05
0.00011078
0.000120221
0.000126166
0.000129055
0.000130744
0.000133956
0.00013589
0.000139946
0.000144196
0.000147694
0.000152714
0.000160664
0.000171754
0.000185849
0.000202868
0.000221458
0.000242429
0.000262048
0.000283808
0.000304232
0.000325142
0.000346081
0.000366081
0.000383243
0.000397005
0.000407221
0.000412917
0.000413564
0.000408293
0.000398525
0.00038642
0.000371765
0.000351231
0.000325893
0.000299008
0.000273172
0.000248735
0.000224595
0.000202764
0.00018436
0.000167506
0.000154249
0.000142681
0.000132512
0.000123262
0.000114065
0.000106186
1.17421e-07
3.46909e-07
7.00265e-07
1.18698e-06
1.70348e-06
2.22593e-06
2.78216e-06
3.5497e-06
5.42775e-06
9.51482e-06
1.51942e-05
2.20624e-05
2.82809e-05
3.14329e-05
3.18672e-05
3.09156e-05
2.99731e-05
2.90189e-05
2.74243e-05
2.55401e-05
2.42489e-05
2.38955e-05
2.43578e-05
2.55764e-05
2.7493e-05
3.07567e-05
3.58941e-05
4.47159e-05
5.68567e-05
7.28219e-05
8.90149e-05
0.000100306
0.000103617
9.89526e-05
9.01432e-05
8.17988e-05
7.47816e-05
6.78972e-05
6.15038e-05
5.71967e-05
5.41334e-05
4.91862e-05
4.44711e-05
4.14e-05
3.94303e-05
3.95069e-05
4.45056e-05
4.62187e-05
4.40146e-05
4.87265e-05
6.08585e-05
6.53169e-05
6.73247e-05
6.77398e-05
6.22362e-05
6.30134e-05
6.4392e-05
6.73631e-05
7.26529e-05
7.79745e-05
8.45256e-05
9.09065e-05
9.77226e-05
0.00010536
0.000114985
0.000126757
0.000140563
0.000156442
0.000173661
0.000192873
0.000211606
0.000232451
0.000252018
0.000270896
0.00029016
0.000308385
0.0003239
0.000336792
0.000346545
0.000352482
0.000352905
0.000348808
0.000341179
0.00033131
0.000319941
0.000301865
0.000280017
0.00025777
0.000236315
0.000215708
0.000195424
0.000177754
0.000162864
0.000148483
0.000137393
0.000127895
0.000118918
0.000110607
0.000102682
9.59848e-05
2.70247e-08
1.27791e-07
2.9335e-07
5.2963e-07
8.31105e-07
1.13832e-06
1.46173e-06
1.87016e-06
2.41042e-06
3.15963e-06
4.48273e-06
6.79319e-06
9.9641e-06
1.30933e-05
1.52893e-05
1.61314e-05
1.60337e-05
1.56442e-05
1.53755e-05
1.54161e-05
1.57898e-05
1.64804e-05
1.7387e-05
1.84768e-05
1.98385e-05
2.16804e-05
2.43688e-05
2.81799e-05
3.31825e-05
3.81751e-05
4.19455e-05
4.50246e-05
4.49805e-05
4.24218e-05
3.86458e-05
3.56662e-05
3.30774e-05
3.05319e-05
2.8593e-05
2.76655e-05
2.73808e-05
2.64122e-05
2.5749e-05
2.58341e-05
2.61277e-05
2.63541e-05
2.60528e-05
2.59914e-05
2.86813e-05
3.22108e-05
3.06465e-05
2.99551e-05
3.35495e-05
4.17544e-05
4.37959e-05
4.30601e-05
4.35665e-05
3.90862e-05
3.67388e-05
3.87823e-05
4.46106e-05
5.19783e-05
6.01596e-05
6.91315e-05
7.94178e-05
9.09358e-05
0.000103803
0.000117995
0.000133558
0.000150472
0.000167573
0.000186303
0.000203693
0.000221248
0.00023858
0.000254773
0.000268784
0.000280623
0.000289709
0.000296276
0.000296251
0.000293362
0.000287681
0.000279706
0.000269551
0.000254975
0.00023745
0.000219111
0.0002016
0.000184689
0.000168199
0.00015388
0.000141508
0.00013034
0.000121256
0.000112946
0.000105526
9.85545e-05
9.16861e-05
8.59037e-05
9.54958e-09
5.46401e-08
1.3712e-07
2.51663e-07
3.86152e-07
5.41675e-07
7.11243e-07
9.16761e-07
1.19553e-06
1.53394e-06
1.96279e-06
2.65067e-06
3.63706e-06
4.89834e-06
6.4155e-06
7.56402e-06
8.23534e-06
8.57935e-06
8.81265e-06
9.12952e-06
9.65278e-06
1.04201e-05
1.13526e-05
1.22707e-05
1.32453e-05
1.41604e-05
1.4986e-05
1.57755e-05
1.6377e-05
1.66264e-05
1.68739e-05
1.66956e-05
1.59571e-05
1.49598e-05
1.39022e-05
1.31441e-05
1.26268e-05
1.21967e-05
1.20612e-05
1.2267e-05
1.26943e-05
1.31349e-05
1.38007e-05
1.48439e-05
1.60077e-05
1.70508e-05
1.76748e-05
1.78492e-05
1.75257e-05
1.70596e-05
1.79751e-05
2.05969e-05
2.06792e-05
1.85572e-05
1.87845e-05
2.16376e-05
2.64118e-05
2.62659e-05
2.62219e-05
2.45346e-05
2.31925e-05
2.68799e-05
3.39862e-05
4.26332e-05
5.24609e-05
6.30434e-05
7.45258e-05
8.71834e-05
0.000100628
0.000115025
0.000129904
0.000146111
0.000161376
0.000176846
0.000191923
0.00020614
0.000218488
0.000229172
0.000237355
0.000242781
0.000243955
0.000242293
0.000238292
0.00023209
0.00022352
0.000211895
0.000198161
0.000183595
0.00016953
0.00015585
0.00014298
0.000131763
0.000121814
0.000113026
0.000105738
9.89703e-05
9.27832e-05
8.6925e-05
8.11583e-05
7.60222e-05
1.67607e-09
2.73412e-08
6.61741e-08
1.23744e-07
1.90689e-07
2.67259e-07
3.46845e-07
4.40717e-07
5.7945e-07
7.51738e-07
9.62782e-07
1.25124e-06
1.67313e-06
2.18684e-06
2.72712e-06
3.20862e-06
3.59681e-06
3.96271e-06
4.35878e-06
4.81673e-06
5.30121e-06
5.84292e-06
6.40728e-06
6.96277e-06
7.43836e-06
7.81268e-06
7.97767e-06
7.96425e-06
7.80515e-06
7.56326e-06
7.28007e-06
6.98831e-06
6.7244e-06
6.51283e-06
6.35881e-06
6.2878e-06
6.29192e-06
6.36067e-06
6.52759e-06
6.79715e-06
7.15219e-06
7.56753e-06
8.08142e-06
8.6988e-06
9.44232e-06
1.03917e-05
1.11891e-05
1.17411e-05
1.19307e-05
1.17804e-05
1.12659e-05
1.06753e-05
1.10375e-05
1.25596e-05
1.2793e-05
1.0954e-05
1.06401e-05
1.33039e-05
1.68287e-05
1.6541e-05
1.74435e-05
1.49237e-05
1.78967e-05
2.43871e-05
3.27607e-05
4.18829e-05
5.1946e-05
6.28239e-05
7.40272e-05
8.59533e-05
9.86505e-05
0.000111968
0.000124949
0.000137991
0.00015087
0.00016295
0.000173602
0.000182897
0.000190211
0.000194901
0.000196646
0.000196013
0.000193412
0.000188797
0.000182143
0.000173004
0.000162511
0.000151319
0.000140407
0.000129752
0.000119908
0.000111406
0.000103739
9.70142e-05
9.12409e-05
8.58327e-05
8.0669e-05
7.57453e-05
7.09677e-05
6.68085e-05
0
1.26476e-08
3.15577e-08
5.93498e-08
9.81903e-08
1.34001e-07
1.76599e-07
2.27646e-07
2.91137e-07
3.73862e-07
4.78951e-07
6.17866e-07
7.94861e-07
1.02558e-06
1.2891e-06
1.56436e-06
1.83191e-06
2.09289e-06
2.36162e-06
2.65291e-06
2.92585e-06
3.12407e-06
3.57045e-06
3.85492e-06
4.11166e-06
4.28383e-06
4.3586e-06
4.35508e-06
4.31742e-06
4.25597e-06
4.18285e-06
4.113e-06
4.05637e-06
4.01753e-06
3.99947e-06
4.00826e-06
4.05068e-06
4.12761e-06
4.25326e-06
4.43342e-06
4.65921e-06
4.92514e-06
5.25569e-06
5.64868e-06
6.10244e-06
6.60215e-06
7.08195e-06
7.48128e-06
7.83148e-06
7.96744e-06
7.83727e-06
7.44224e-06
6.8408e-06
6.34053e-06
6.93017e-06
7.88876e-06
7.0876e-06
5.98454e-06
7.35171e-06
1.10518e-05
1.11165e-05
1.21245e-05
1.03601e-05
1.31041e-05
1.90635e-05
2.65284e-05
3.48117e-05
4.37385e-05
5.28714e-05
6.28408e-05
7.30833e-05
8.35846e-05
9.42229e-05
0.000105099
0.000115628
0.000125555
0.000134455
0.000142199
0.000148659
0.00015273
0.000154828
0.000154872
0.000153363
0.000150137
0.000145369
0.000138573
0.000130868
0.000122549
0.000114402
0.00010652
9.93784e-05
9.3058e-05
8.72785e-05
8.21975e-05
7.77238e-05
7.35283e-05
6.95236e-05
6.55071e-05
6.1577e-05
5.80851e-05
0
2.98372e-09
1.64262e-08
2.95908e-08
4.54349e-08
6.7414e-08
9.31266e-08
1.17485e-07
1.50087e-07
1.96765e-07
2.52093e-07
3.18513e-07
4.01229e-07
5.01373e-07
6.26321e-07
7.68406e-07
9.20426e-07
1.08611e-06
1.27235e-06
1.49533e-06
1.75976e-06
2.02113e-06
2.21842e-06
2.32741e-06
2.32459e-06
2.36553e-06
2.44481e-06
2.45137e-06
2.44538e-06
2.44794e-06
2.44665e-06
2.43977e-06
2.43668e-06
2.44427e-06
2.46735e-06
2.50995e-06
2.57379e-06
2.6622e-06
2.78104e-06
2.92843e-06
3.1007e-06
3.29551e-06
3.52054e-06
3.78903e-06
4.09589e-06
4.44251e-06
4.80772e-06
5.16372e-06
5.48586e-06
5.67125e-06
5.66893e-06
5.46021e-06
5.06316e-06
4.49085e-06
3.92985e-06
4.12623e-06
4.97722e-06
4.54835e-06
3.68344e-06
4.867e-06
7.85016e-06
7.89507e-06
8.79369e-06
7.7323e-06
1.04024e-05
1.57025e-05
2.21052e-05
2.90549e-05
3.66001e-05
4.44222e-05
5.2427e-05
6.04625e-05
6.913e-05
7.7817e-05
8.61718e-05
9.39845e-05
0.000101119
0.000107442
0.000112868
0.000116533
0.000118663
0.000119359
0.000118738
0.000116745
0.000113518
0.000108783
0.000103293
9.73185e-05
9.15783e-05
8.61258e-05
8.11774e-05
7.67327e-05
7.26926e-05
6.89915e-05
6.56375e-05
6.23687e-05
5.91356e-05
5.58192e-05
5.25081e-05
4.971e-05
0
0
3.93971e-09
1.45976e-08
2.53042e-08
3.24723e-08
4.3978e-08
5.99057e-08
8.08558e-08
1.04586e-07
1.33037e-07
1.71226e-07
2.17497e-07
2.68502e-07
3.26104e-07
3.95938e-07
4.77529e-07
5.71566e-07
6.8307e-07
8.20276e-07
9.89267e-07
1.18112e-06
1.36748e-06
1.51151e-06
1.59748e-06
1.62308e-06
1.59939e-06
1.5467e-06
1.48288e-06
1.40859e-06
1.34413e-06
1.31743e-06
1.31149e-06
1.3146e-06
1.33563e-06
1.38573e-06
1.46501e-06
1.56376e-06
1.68141e-06
1.81373e-06
1.96064e-06
2.12471e-06
2.30763e-06
2.51681e-06
2.75143e-06
3.01415e-06
3.2975e-06
3.59342e-06
3.89032e-06
4.13991e-06
4.28567e-06
4.2794e-06
4.11207e-06
3.79081e-06
3.31036e-06
2.81965e-06
2.98033e-06
3.57473e-06
2.97235e-06
2.48276e-06
3.85341e-06
5.95545e-06
6.00714e-06
6.58067e-06
6.10795e-06
8.564e-06
1.29768e-05
1.82037e-05
2.39976e-05
2.99643e-05
3.60045e-05
4.23004e-05
4.90162e-05
5.56651e-05
6.21182e-05
6.81073e-05
7.36278e-05
7.88277e-05
8.31861e-05
8.63949e-05
8.84982e-05
8.95455e-05
8.95659e-05
8.85517e-05
8.65906e-05
8.35876e-05
8.00452e-05
7.61805e-05
7.24005e-05
6.88373e-05
6.55323e-05
6.24639e-05
5.95876e-05
5.68972e-05
5.44676e-05
5.2098e-05
4.97106e-05
4.72226e-05
4.46845e-05
4.23957e-05
0
0
0
2.85083e-09
9.94132e-09
1.79567e-08
2.48535e-08
2.98892e-08
3.89219e-08
5.30714e-08
7.35431e-08
9.52146e-08
1.17814e-07
1.45776e-07
1.79416e-07
2.17011e-07
2.63289e-07
3.16802e-07
3.81277e-07
4.60508e-07
5.57785e-07
6.71116e-07
7.93686e-07
9.13436e-07
1.01326e-06
1.07812e-06
1.10327e-06
1.09085e-06
1.05093e-06
9.9646e-07
9.35927e-07
8.78054e-07
8.28791e-07
7.93301e-07
7.74951e-07
7.73203e-07
7.9278e-07
8.41743e-07
9.12362e-07
1.00237e-06
1.11849e-06
1.26088e-06
1.41513e-06
1.58368e-06
1.76982e-06
1.97827e-06
2.208e-06
2.45558e-06
2.71491e-06
2.96706e-06
3.17526e-06
3.29584e-06
3.30078e-06
3.16761e-06
2.8923e-06
2.50476e-06
2.12745e-06
2.37661e-06
2.7887e-06
2.10551e-06
1.86799e-06
3.38785e-06
4.74152e-06
4.83227e-06
5.10619e-06
4.90166e-06
6.91853e-06
1.03904e-05
1.44992e-05
1.88965e-05
2.34639e-05
2.82234e-05
3.31098e-05
3.81138e-05
4.29346e-05
4.75286e-05
5.20066e-05
5.60104e-05
5.94069e-05
6.21156e-05
6.40872e-05
6.52951e-05
6.57439e-05
6.54366e-05
6.44461e-05
6.27655e-05
6.06796e-05
5.84948e-05
5.63529e-05
5.42777e-05
5.22942e-05
5.03884e-05
4.85134e-05
4.66947e-05
4.49183e-05
4.31382e-05
4.12893e-05
3.93306e-05
3.7334e-05
3.55402e-05
0
0
0
0
1.42976e-09
3.64909e-09
1.02932e-08
1.70831e-08
2.30564e-08
2.73633e-08
3.59799e-08
4.86044e-08
6.5396e-08
8.40186e-08
1.01773e-07
1.21482e-07
1.45019e-07
1.77032e-07
2.15892e-07
2.63317e-07
3.21353e-07
3.88756e-07
4.63961e-07
5.42175e-07
6.19244e-07
6.84711e-07
7.30239e-07
7.53995e-07
7.55664e-07
7.39071e-07
7.07975e-07
6.70226e-07
6.31163e-07
5.94917e-07
5.64499e-07
5.43098e-07
5.31322e-07
5.31935e-07
5.46808e-07
5.78839e-07
6.27878e-07
6.97464e-07
7.88156e-07
9.0348e-07
1.04859e-06
1.21488e-06
1.39753e-06
1.59719e-06
1.81274e-06
2.04191e-06
2.26643e-06
2.45871e-06
2.58339e-06
2.60443e-06
2.50033e-06
2.27635e-06
1.96304e-06
1.68323e-06
1.95125e-06
2.22519e-06
1.57782e-06
1.50322e-06
2.93598e-06
3.888e-06
3.94647e-06
4.20925e-06
3.87989e-06
5.2623e-06
7.77605e-06
1.08555e-05
1.41656e-05
1.75989e-05
2.10194e-05
2.4555e-05
2.82461e-05
3.18582e-05
3.52637e-05
3.83303e-05
4.09918e-05
4.31775e-05
4.48847e-05
4.60771e-05
4.68216e-05
4.7111e-05
4.68897e-05
4.6179e-05
4.53606e-05
4.43709e-05
4.32906e-05
4.21802e-05
4.10597e-05
3.99415e-05
3.871e-05
3.75053e-05
3.63259e-05
3.50958e-05
3.37823e-05
3.23653e-05
3.09077e-05
2.9604e-05
0
0
0
0
0
2.58908e-10
1.13523e-09
3.03806e-09
9.66059e-09
1.57513e-08
2.11014e-08
2.5505e-08
3.26787e-08
4.3067e-08
5.54476e-08
7.00541e-08
8.58741e-08
1.0333e-07
1.24033e-07
1.50374e-07
1.83187e-07
2.23875e-07
2.71129e-07
3.2288e-07
3.75913e-07
4.255e-07
4.68823e-07
5.03151e-07
5.25512e-07
5.35095e-07
5.33195e-07
5.22074e-07
5.05082e-07
4.85536e-07
4.64904e-07
4.45073e-07
4.26314e-07
4.11441e-07
4.01997e-07
4.00931e-07
4.10678e-07
4.32546e-07
4.69143e-07
5.22953e-07
5.95269e-07
6.8774e-07
8.11078e-07
9.60134e-07
1.13415e-06
1.32545e-06
1.52773e-06
1.73046e-06
1.91382e-06
2.04757e-06
2.09026e-06
2.02636e-06
1.85469e-06
1.59307e-06
1.37138e-06
1.60222e-06
1.80816e-06
1.28816e-06
1.21424e-06
2.356e-06
3.21455e-06
3.18022e-06
3.59636e-06
2.94433e-06
3.72214e-06
5.39857e-06
7.57646e-06
9.98179e-06
1.24266e-05
1.49786e-05
1.75505e-05
2.01182e-05
2.26701e-05
2.50047e-05
2.70896e-05
2.89135e-05
3.05325e-05
3.1813e-05
3.27504e-05
3.33086e-05
3.37149e-05
3.3831e-05
3.37171e-05
3.34364e-05
3.30465e-05
3.25833e-05
3.20605e-05
3.14697e-05
3.07853e-05
3.0056e-05
2.92595e-05
2.83903e-05
2.74381e-05
2.63947e-05
2.53145e-05
2.43416e-05
0
0
0
0
0
0
0
2.7448e-10
4.56196e-10
2.3072e-09
8.2643e-09
1.25536e-08
1.86913e-08
2.30481e-08
2.83595e-08
3.63971e-08
4.571e-08
5.65056e-08
7.09653e-08
8.86399e-08
1.09056e-07
1.32363e-07
1.58824e-07
1.9028e-07
2.24631e-07
2.60072e-07
2.93935e-07
3.22084e-07
3.46874e-07
3.66838e-07
3.79577e-07
3.85784e-07
3.87152e-07
3.84223e-07
3.77562e-07
3.68128e-07
3.56803e-07
3.43861e-07
3.31305e-07
3.20682e-07
3.1348e-07
3.1128e-07
3.16557e-07
3.32949e-07
3.61967e-07
4.06262e-07
4.6846e-07
5.49246e-07
6.54529e-07
7.87508e-07
9.46214e-07
1.1262e-06
1.31298e-06
1.48717e-06
1.61986e-06
1.68035e-06
1.65217e-06
1.5243e-06
1.31556e-06
1.123e-06
1.29366e-06
1.49157e-06
1.09462e-06
9.46905e-07
1.69967e-06
2.62783e-06
2.53629e-06
2.89641e-06
2.26502e-06
2.54688e-06
3.46701e-06
4.94718e-06
6.66491e-06
8.50832e-06
1.03723e-05
1.22373e-05
1.40324e-05
1.57787e-05
1.74978e-05
1.90663e-05
2.04547e-05
2.16668e-05
2.2655e-05
2.34473e-05
2.40375e-05
2.44367e-05
2.46673e-05
2.47622e-05
2.47566e-05
2.46816e-05
2.45201e-05
2.42662e-05
2.39232e-05
2.35101e-05
2.30416e-05
2.24946e-05
2.18719e-05
2.11746e-05
2.04467e-05
1.97891e-05
0
0
0
0
0
0
0
0
0
4.13367e-12
7.08875e-11
2.00051e-09
5.97959e-09
8.9275e-09
1.39099e-08
2.00859e-08
2.44142e-08
2.97581e-08
3.74094e-08
4.6606e-08
5.89847e-08
7.50314e-08
9.37967e-08
1.1499e-07
1.3728e-07
1.59837e-07
1.81852e-07
2.0393e-07
2.24562e-07
2.32783e-07
2.3979e-07
2.51139e-07
2.6545e-07
2.76813e-07
2.8312e-07
2.86207e-07
2.84941e-07
2.80699e-07
2.7459e-07
2.66432e-07
2.57201e-07
2.48326e-07
2.41376e-07
2.39088e-07
2.42992e-07
2.55339e-07
2.79679e-07
3.18506e-07
3.73399e-07
4.47234e-07
5.43212e-07
6.63003e-07
8.0617e-07
9.66555e-07
1.1284e-06
1.26094e-06
1.33214e-06
1.3224e-06
1.23174e-06
1.07189e-06
9.07021e-07
1.02022e-06
1.221e-06
9.43707e-07
7.10537e-07
1.10487e-06
2.05612e-06
2.02888e-06
2.12742e-06
1.99611e-06
1.71809e-06
2.14546e-06
3.07168e-06
4.29265e-06
5.63386e-06
7.01168e-06
8.42285e-06
9.84971e-06
1.11968e-05
1.24572e-05
1.36045e-05
1.46191e-05
1.55272e-05
1.63749e-05
1.70895e-05
1.76594e-05
1.80933e-05
1.84081e-05
1.86194e-05
1.87413e-05
1.87794e-05
1.87344e-05
1.86099e-05
1.8415e-05
1.81506e-05
1.78147e-05
1.74156e-05
1.69595e-05
1.64801e-05
1.60455e-05
0
0
0
0
0
0
0
0
0
0
0
0
4.0607e-11
1.13389e-09
3.55905e-09
4.97298e-09
6.97345e-09
1.33017e-08
2.03439e-08
2.43553e-08
2.80794e-08
3.50086e-08
4.74058e-08
6.19759e-08
7.79737e-08
9.53446e-08
1.12551e-07
1.29553e-07
1.45289e-07
1.59828e-07
1.7244e-07
1.74428e-07
1.71882e-07
1.68582e-07
1.65704e-07
1.66336e-07
1.75031e-07
1.8894e-07
2.04784e-07
2.10825e-07
2.10793e-07
2.0556e-07
1.98774e-07
1.91383e-07
1.85258e-07
1.82104e-07
1.84808e-07
1.95528e-07
2.15895e-07
2.49404e-07
2.99074e-07
3.65451e-07
4.53952e-07
5.61776e-07
6.86372e-07
8.19031e-07
9.37836e-07
1.01281e-06
1.02296e-06
9.65373e-07
8.47077e-07
7.16311e-07
7.81926e-07
9.67615e-07
7.885e-07
5.23171e-07
6.83266e-07
1.49295e-06
1.61635e-06
1.53209e-06
1.69557e-06
1.16669e-06
1.34517e-06
1.86132e-06
2.70801e-06
3.69134e-06
4.75688e-06
5.83258e-06
6.88946e-06
7.89795e-06
8.88014e-06
9.82314e-06
1.068e-05
1.14305e-05
1.20846e-05
1.26385e-05
1.30958e-05
1.34596e-05
1.37408e-05
1.39455e-05
1.40781e-05
1.41425e-05
1.41447e-05
1.40887e-05
1.39762e-05
1.38081e-05
1.35908e-05
1.33298e-05
1.3052e-05
1.28003e-05
0
0
0
0
0
0
0
0
0
0
0
0
0
0
7.00578e-12
2.50855e-10
1.3102e-09
1.99928e-09
2.30435e-09
4.22748e-09
1.19734e-08
1.86751e-08
2.19323e-08
2.56248e-08
3.24103e-08
4.42469e-08
5.89827e-08
7.34844e-08
8.704e-08
1.00112e-07
1.11794e-07
1.22418e-07
1.3213e-07
1.33315e-07
1.31356e-07
1.2836e-07
1.24557e-07
1.20523e-07
1.1741e-07
1.15474e-07
1.18896e-07
1.33621e-07
1.51444e-07
1.57167e-07
1.54441e-07
1.48528e-07
1.43296e-07
1.40365e-07
1.41764e-07
1.49856e-07
1.6739e-07
1.95625e-07
2.3777e-07
2.97042e-07
3.7354e-07
4.67276e-07
5.68139e-07
6.60642e-07
7.25288e-07
7.47381e-07
7.17409e-07
6.37053e-07
5.4242e-07
5.87098e-07
7.41588e-07
6.37416e-07
3.74095e-07
4.29225e-07
1.01545e-06
1.25051e-06
1.13117e-06
1.25792e-06
8.97125e-07
8.55276e-07
1.12466e-06
1.69518e-06
2.43123e-06
3.22602e-06
4.04465e-06
4.86396e-06
5.67462e-06
6.44625e-06
7.15729e-06
7.80113e-06
8.37172e-06
8.8867e-06
9.34426e-06
9.7406e-06
1.00746e-05
1.03434e-05
1.05489e-05
1.06954e-05
1.0787e-05
1.08284e-05
1.08249e-05
1.07783e-05
1.06934e-05
1.05767e-05
1.04456e-05
1.03209e-05
0
0
0
0
0
0
0
0
0
0
0
0
0
0
0
0
3.60924e-14
4.72604e-11
3.0002e-10
4.54833e-10
1.28571e-11
1.11907e-09
4.48946e-09
1.15282e-08
1.72622e-08
1.99124e-08
2.23745e-08
2.61644e-08
3.30609e-08
4.40826e-08
5.73659e-08
6.87893e-08
7.98358e-08
8.93556e-08
9.80979e-08
9.9053e-08
9.88618e-08
9.79116e-08
9.66077e-08
9.46759e-08
9.24672e-08
9.00166e-08
8.82576e-08
8.79473e-08
9.39737e-08
1.08393e-07
1.18186e-07
1.16544e-07
1.1233e-07
1.09703e-07
1.10428e-07
1.16237e-07
1.29346e-07
1.52623e-07
1.87005e-07
2.35161e-07
2.9949e-07
3.71281e-07
4.42473e-07
4.94294e-07
5.147e-07
5.00929e-07
4.51427e-07
3.88303e-07
4.29047e-07
5.55067e-07
4.91364e-07
2.75403e-07
2.73904e-07
6.72562e-07
9.48124e-07
8.45577e-07
8.97943e-07
7.45605e-07
5.47774e-07
6.89651e-07
1.04824e-06
1.58298e-06
2.18366e-06
2.81201e-06
3.44264e-06
4.05481e-06
4.64832e-06
5.20924e-06
5.72588e-06
6.19751e-06
6.61679e-06
6.98052e-06
7.29031e-06
7.55127e-06
7.76491e-06
7.93696e-06
8.06803e-06
8.16129e-06
8.22065e-06
8.24722e-06
8.25704e-06
8.24788e-06
8.22623e-06
8.2e-06
0
0
0
0
0
0
0
0
0
0
0
0
0
0
0
0
0
0
2.63313e-14
6.72205e-12
2.95857e-11
0
6.56822e-12
2.19708e-10
1.27818e-09
4.40804e-09
9.95094e-09
1.43598e-08
1.65798e-08
1.73652e-08
1.79624e-08
1.9199e-08
2.31961e-08
2.84145e-08
3.75833e-08
5.001e-08
6.01651e-08
6.66543e-08
7.10049e-08
7.3574e-08
7.47978e-08
7.48566e-08
7.44952e-08
7.34518e-08
7.19302e-08
7.03064e-08
6.97881e-08
7.18305e-08
8.07009e-08
8.84942e-08
8.83737e-08
8.64926e-08
8.66754e-08
9.07301e-08
1.00213e-07
1.17048e-07
1.43986e-07
1.81885e-07
2.28927e-07
2.81631e-07
3.21083e-07
3.40565e-07
3.36822e-07
3.057e-07
2.6165e-07
2.94771e-07
3.96771e-07
3.66202e-07
1.95507e-07
1.85704e-07
4.58911e-07
7.03544e-07
6.32334e-07
6.28908e-07
6.23937e-07
3.59468e-07
4.27624e-07
6.40287e-07
1.00722e-06
1.44363e-06
1.91176e-06
2.39678e-06
2.87213e-06
3.33044e-06
3.7628e-06
4.16464e-06
4.52822e-06
4.85132e-06
5.14947e-06
5.41258e-06
5.64502e-06
5.84421e-06
6.01346e-06
6.15642e-06
6.27296e-06
6.36695e-06
6.44046e-06
6.4966e-06
6.54281e-06
6.5756e-06
0
0
0
0
0
0
0
0
0
0
0
0
0
0
0
0
0
0
0
0
0
7.91428e-13
0
0
2.16459e-12
1.16184e-11
2.39126e-10
9.72965e-10
2.6111e-09
5.49505e-09
8.7918e-09
1.07304e-08
1.15116e-08
1.09272e-08
1.02479e-08
9.40878e-09
9.17988e-09
1.20188e-08
1.89961e-08
2.85761e-08
4.14653e-08
5.01317e-08
5.61569e-08
5.91815e-08
6.0296e-08
6.00981e-08
5.93677e-08
5.79259e-08
5.63418e-08
5.54628e-08
5.56451e-08
6.01162e-08
6.54865e-08
6.72683e-08
6.79246e-08
7.05382e-08
7.71868e-08
8.93317e-08
1.08395e-07
1.36353e-07
1.71494e-07
2.02476e-07
2.21427e-07
2.21622e-07
2.02078e-07
1.72101e-07
1.8649e-07
2.67141e-07
2.60746e-07
1.40262e-07
1.19474e-07
2.97416e-07
5.35191e-07
4.87333e-07
4.42396e-07
4.99191e-07
2.63821e-07
2.6343e-07
3.70902e-07
6.01558e-07
9.16362e-07
1.26477e-06
1.62314e-06
1.97787e-06
2.32413e-06
2.66437e-06
2.99054e-06
3.29176e-06
3.56787e-06
3.81929e-06
4.04613e-06
4.2491e-06
4.43061e-06
4.59044e-06
4.72974e-06
4.85074e-06
4.96693e-06
5.07212e-06
5.1691e-06
5.24754e-06
0
0
0
0
0
0
0
0
0
0
0
0
0
0
0
0
0
0
0
0
0
0
0
0
0
0
0
2.93377e-12
1.10146e-11
4.55693e-11
2.93562e-10
7.4755e-10
1.57583e-09
2.68283e-09
3.91738e-09
4.84444e-09
4.99266e-09
4.51908e-09
3.46012e-09
3.15081e-09
4.11654e-09
7.1381e-09
1.48587e-08
2.53133e-08
3.75934e-08
4.44859e-08
4.78322e-08
4.88778e-08
4.8399e-08
4.74235e-08
4.58411e-08
4.42149e-08
4.30436e-08
4.26846e-08
4.39657e-08
4.76178e-08
5.12123e-08
5.41723e-08
5.88655e-08
6.73636e-08
8.1366e-08
1.01184e-07
1.24888e-07
1.44361e-07
1.4754e-07
1.37178e-07
1.16168e-07
1.08863e-07
1.63286e-07
1.86715e-07
1.04465e-07
7.3472e-08
1.63671e-07
3.81406e-07
3.86402e-07
3.28732e-07
3.67735e-07
2.57795e-07
1.58329e-07
2.01861e-07
3.28874e-07
5.36884e-07
7.85292e-07
1.05133e-06
1.33e-06
1.60637e-06
1.87647e-06
2.13552e-06
2.38032e-06
2.60976e-06
2.8279e-06
3.03579e-06
3.23064e-06
3.40917e-06
3.5715e-06
3.72067e-06
3.85802e-06
3.98513e-06
4.10376e-06
4.20211e-06
0
0
0
0
0
0
0
0
0
0
0
0
0
0
0
0
0
0
0
0
0
0
0
0
0
0
0
0
0
0
0
4.68038e-12
1.05667e-11
1.91663e-11
9.30455e-11
1.88946e-10
3.59143e-10
6.96928e-10
1.08252e-09
1.32415e-09
1.05823e-09
1.37176e-09
1.84375e-09
2.74449e-09
4.23365e-09
9.70835e-09
1.78769e-08
2.89832e-08
3.51913e-08
3.81298e-08
3.88638e-08
3.80889e-08
3.68108e-08
3.53429e-08
3.37669e-08
3.26245e-08
3.22828e-08
3.28245e-08
3.48913e-08
3.87617e-08
4.37598e-08
5.05819e-08
6.05018e-08
7.47928e-08
9.08707e-08
1.00449e-07
9.99962e-08
8.57067e-08
6.69832e-08
8.25432e-08
1.25017e-07
8.86602e-08
4.49958e-08
7.16506e-08
2.3905e-07
2.99444e-07
2.55296e-07
2.56275e-07
2.6394e-07
1.14869e-07
1.09033e-07
1.56975e-07
2.72592e-07
4.50569e-07
6.56874e-07
8.73121e-07
1.0901e-06
1.30888e-06
1.52517e-06
1.74059e-06
1.94754e-06
2.14586e-06
2.33268e-06
2.50769e-06
2.671e-06
2.82365e-06
2.97151e-06
3.11541e-06
3.25315e-06
3.36709e-06
0
0
0
0
0
0
0
0
0
0
0
0
0
0
0
0
0
0
0
0
0
0
0
0
0
0
0
0
0
0
0
0
0
0
0
5.663e-13
4.54903e-12
8.59491e-12
1.36513e-11
4.81211e-11
8.40887e-11
1.54315e-10
2.87352e-10
5.6238e-10
9.31952e-10
1.36087e-09
2.08393e-09
3.07132e-09
6.51522e-09
1.25683e-08
2.06911e-08
2.64299e-08
2.89891e-08
2.94457e-08
2.8893e-08
2.7698e-08
2.64201e-08
2.52676e-08
2.43288e-08
2.41289e-08
2.49653e-08
2.70404e-08
3.08286e-08
3.68201e-08
4.51641e-08
5.5891e-08
6.68113e-08
7.10895e-08
6.83629e-08
5.66551e-08
4.30548e-08
7.13423e-08
7.78836e-08
3.59519e-08
3.05914e-08
1.05983e-07
2.11364e-07
2.02059e-07
1.74188e-07
2.05227e-07
1.33961e-07
6.82716e-08
8.45294e-08
1.46727e-07
2.59318e-07
4.01489e-07
5.60514e-07
7.35614e-07
9.19703e-07
1.10744e-06
1.29271e-06
1.47284e-06
1.65023e-06
1.82157e-06
1.9914e-06
2.15453e-06
2.3114e-06
2.46131e-06
2.6028e-06
2.7207e-06
0
0
0
0
0
0
0
0
0
0
0
0
0
0
0
0
0
0
0
0
0
0
0
0
0
0
0
0
0
0
0
0
0
0
0
0
0
0
0
0
2.09189e-12
4.32638e-12
4.99984e-12
0
0
1.80061e-10
3.85135e-10
6.75377e-10
1.04094e-09
1.55226e-09
2.30263e-09
3.76399e-09
7.59789e-09
1.18286e-08
1.69354e-08
1.97122e-08
2.07761e-08
2.06371e-08
2.00529e-08
1.92294e-08
1.84989e-08
1.82237e-08
1.84675e-08
1.96982e-08
2.23373e-08
2.67286e-08
3.33529e-08
4.20061e-08
5.07036e-08
5.32166e-08
4.88731e-08
3.75928e-08
2.94964e-08
5.28783e-08
4.47203e-08
1.63115e-08
3.05322e-08
1.23501e-07
1.48707e-07
1.25619e-07
1.31597e-07
1.34306e-07
5.04135e-08
4.7514e-08
7.82377e-08
1.58122e-07
2.72494e-07
4.05321e-07
5.4886e-07
6.97686e-07
8.52294e-07
1.01109e-06
1.17753e-06
1.34217e-06
1.50254e-06
1.65568e-06
1.8025e-06
1.94609e-06
2.0821e-06
2.19802e-06
0
0
0
0
0
0
0
0
0
0
0
0
0
0
0
0
0
0
0
0
0
0
0
0
0
0
0
0
0
0
0
0
0
0
0
0
0
0
0
0
0
0
0
2.48936e-13
7.66804e-13
0
0
0
1.11724e-10
2.44678e-10
4.49681e-10
7.08981e-10
1.01121e-09
1.49145e-09
2.0379e-09
3.01126e-09
5.23475e-09
7.59244e-09
1.02743e-08
1.25243e-08
1.33739e-08
1.36611e-08
1.35885e-08
1.36536e-08
1.39803e-08
1.49942e-08
1.68992e-08
2.00624e-08
2.50722e-08
3.18276e-08
3.9091e-08
4.14739e-08
3.7131e-08
2.65778e-08
2.13317e-08
3.78733e-08
2.13495e-08
1.02398e-08
4.85169e-08
9.96109e-08
9.0054e-08
8.04203e-08
9.9323e-08
4.24095e-08
2.73029e-08
4.23636e-08
9.5454e-08
1.82586e-07
2.9303e-07
4.16119e-07
5.46233e-07
6.81009e-07
8.19056e-07
9.57444e-07
1.09651e-06
1.23413e-06
1.37163e-06
1.50714e-06
1.63594e-06
1.74461e-06
0
0
0
0
0
0
0
0
0
0
0
0
0
0
0
0
0
0
0
0
0
0
0
0
0
0
0
0
0
0
0
0
0
0
0
0
0
0
0
0
0
0
0
0
0
0
0
0
0
0
0
3.40997e-11
1.25867e-10
2.195e-10
3.48687e-10
5.25252e-10
7.24997e-10
1.02171e-09
1.42434e-09
1.84231e-09
2.65728e-09
4.13723e-09
5.66182e-09
7.47394e-09
8.82993e-09
9.72557e-09
1.04793e-08
1.16118e-08
1.3248e-08
1.59095e-08
1.96301e-08
2.44043e-08
2.97177e-08
3.26146e-08
2.86919e-08
1.96567e-08
1.62579e-08
2.95797e-08
9.27778e-09
9.73568e-09
5.28677e-08
6.15596e-08
4.74158e-08
5.96351e-08
3.13405e-08
1.49999e-08
2.50004e-08
6.32664e-08
1.30438e-07
2.16473e-07
3.15468e-07
4.23542e-07
5.40148e-07
6.61368e-07
7.84006e-07
9.05174e-07
1.02426e-06
1.1392e-06
1.25177e-06
1.34855e-06
0
0
0
0
0
0
0
0
0
0
0
0
0
0
0
0
0
0
0
0
0
0
0
0
0
0
0
0
0
0
0
0
0
0
0
0
0
0
0
0
0
0
0
0
0
0
0
0
0
0
0
0
0
0
0
1.38064e-11
6.75659e-11
1.06703e-10
1.60957e-10
2.40192e-10
3.80313e-10
5.5614e-10
8.58473e-10
1.27907e-09
1.81016e-09
2.74663e-09
4.18693e-09
5.91705e-09
7.52084e-09
8.93927e-09
1.06423e-08
1.28003e-08
1.59513e-08
1.94893e-08
2.26057e-08
2.44209e-08
2.12467e-08
1.39395e-08
1.37722e-08
1.73661e-08
5.07265e-09
1.40642e-08
4.78239e-08
3.47566e-08
3.39101e-08
1.65279e-08
7.94246e-09
1.59353e-08
4.75236e-08
1.0036e-07
1.66891e-07
2.44766e-07
3.33175e-07
4.28713e-07
5.29133e-07
6.32242e-07
7.3731e-07
8.41176e-07
9.41514e-07
1.02763e-06
0
0
0
0
0
0
0
0
0
0
0
0
0
0
0
0
0
0
0
0
0
0
0
0
0
0
0
0
0
0
0
0
0
0
0
0
0
0
0
0
0
0
0
0
0
0
0
0
0
0
0
0
0
0
0
0
0
0
0
0
6.22753e-12
3.29698e-11
5.13775e-11
7.69033e-11
1.46415e-10
3.3985e-10
6.51048e-10
1.17977e-09
1.89074e-09
3.05722e-09
4.70823e-09
6.65871e-09
8.47991e-09
1.05591e-08
1.29106e-08
1.57515e-08
1.7678e-08
1.82942e-08
1.46094e-08
9.1527e-09
1.23682e-08
9.72635e-09
2.62855e-09
2.27761e-08
2.72382e-08
1.62354e-08
1.30408e-08
4.02977e-09
1.37382e-08
4.53911e-08
8.47151e-08
1.34667e-07
1.97621e-07
2.67817e-07
3.43706e-07
4.25077e-07
5.10064e-07
5.95484e-07
6.79325e-07
7.53897e-07
0
0
0
0
0
0
0
0
0
0
0
0
0
0
0
0
0
0
0
0
0
0
0
0
0
0
0
0
0
0
0
0
0
0
0
0
0
0
0
0
0
0
0
0
0
0
0
0
0
0
0
0
0
0
0
0
0
0
0
0
0
0
0
0
0
4.82374e-12
1.84134e-11
3.20274e-11
1.0464e-10
3.86401e-10
9.02726e-10
1.66927e-09
2.74976e-09
4.42556e-09
6.51856e-09
8.47692e-09
1.06379e-08
1.24424e-08
1.36499e-08
1.38948e-08
1.04986e-08
8.75931e-09
1.02644e-08
2.1412e-09
6.12923e-09
2.20632e-08
9.27132e-09
4.87911e-09
2.89579e-09
1.62691e-08
4.10106e-08
7.57284e-08
1.21512e-07
1.73527e-07
2.25162e-07
2.82961e-07
3.45322e-07
4.08673e-07
4.72648e-07
5.32604e-07
0
0
0
0
0
0
0
0
0
0
0
0
0
0
0
0
0
0
0
0
0
0
0
0
0
0
0
0
0
0
0
0
0
0
0
0
0
0
0
0
0
0
0
0
0
0
0
0
0
0
0
0
0
0
0
0
0
0
0
0
0
0
0
0
0
0
0
0
0
3.58021e-12
1.10532e-11
3.92115e-11
2.99891e-10
8.23834e-10
1.66544e-09
2.73939e-09
4.42659e-09
6.53093e-09
8.3144e-09
9.89362e-09
1.02531e-08
9.32771e-09
7.09546e-09
8.5024e-09
4.66404e-09
2.38881e-09
1.44558e-08
5.71763e-09
8.34037e-10
5.89606e-09
2.75151e-08
5.37608e-08
8.23036e-08
1.11648e-07
1.44654e-07
1.83493e-07
2.27551e-07
2.72193e-07
3.14244e-07
3.57435e-07
0
0
0
0
0
0
0
0
0
0
0
0
0
0
0
0
0
0
0
0
0
0
0
0
0
0
0
0
0
0
0
0
0
0
0
0
0
0
0
0
0
0
0
0
0
0
0
0
0
0
0
0
0
0
0
0
0
0
0
0
0
0
0
0
0
0
0
0
0
0
0
0
2.45823e-13
5.13172e-12
1.32422e-11
2.6918e-10
8.16467e-10
1.69492e-09
2.67841e-09
4.23089e-09
6.17847e-09
7.24742e-09
6.72443e-09
5.01104e-09
7.50293e-09
2.85347e-09
2.54726e-09
6.0697e-09
1.63121e-09
5.41001e-09
2.05847e-08
3.87542e-08
5.68562e-08
7.50368e-08
9.25383e-08
1.10099e-07
1.33328e-07
1.62389e-07
1.97815e-07
2.34943e-07
0
0
0
0
0
0
0
0
0
0
0
0
0
0
0
0
0
0
0
0
0
0
0
0
0
0
0
0
0
0
0
0
0
0
0
0
0
0
0
0
0
0
0
0
0
0
0
0
0
0
0
0
0
0
0
0
0
0
0
0
0
0
0
0
0
0
0
0
0
0
0
0
0
0
0
0
2.37688e-12
6.98264e-12
2.24544e-10
7.56191e-10
1.55637e-09
2.28291e-09
3.16065e-09
3.7293e-09
1.95096e-09
4.90765e-09
5.66759e-10
2.61067e-09
2.26661e-09
6.9572e-09
1.51595e-08
2.50437e-08
3.42185e-08
4.56635e-08
5.74459e-08
6.98481e-08
8.60378e-08
1.0793e-07
1.35115e-07
1.64378e-07
0
0
0
0
0
0
0
0
0
0
0
0
0
0
0
0
0
0
0
0
0
0
0
0
0
0
0
0
0
0
0
0
0
0
0
0
0
0
0
0
0
0
0
0
0
0
0
0
0
0
0
0
0
0
0
0
0
0
0
0
0
0
0
0
0
0
0
0
0
0
0
0
0
0
0
0
0
0
0
7.69692e-13
2.59174e-12
1.09054e-10
4.75129e-10
6.47032e-10
6.99736e-10
7.82431e-10
1.30236e-09
2.14136e-10
5.07956e-09
8.77898e-09
1.35417e-08
1.95717e-08
2.46783e-08
3.73193e-08
4.47518e-08
5.20861e-08
6.0466e-08
7.00871e-08
8.15167e-08
9.42543e-08
0
0
0
0
0
0
0
0
0
0
0
0
0
0
0
0
0
0
0
0
0
0
0
0
0
0
0
0
0
0
0
0
0
0
0
0
0
0
0
0
0
0
0
0
0
0
0
0
0
0
0
0
0
0
0
0
0
0
0
0
0
0
0
0
0
0
0
0
0
0
0
0
0
0
0
0
0
0
0
0
0
0
8.76794e-14
2.73297e-13
5.16506e-12
3.37038e-12
6.28743e-11
1.98192e-11
1.36288e-09
5.07087e-09
8.22406e-09
1.24887e-08
1.66872e-08
2.16015e-08
2.55656e-08
2.94363e-08
3.38894e-08
3.84088e-08
4.33389e-08
4.89716e-08
0
0
0
0
0
0
0
0
0
0
0
0
0
0
0
0
0
0
0
0
0
0
0
0
0
0
0
0
0
0
0
0
0
0
0
0
0
0
0
0
0
0
0
0
0
0
0
0
0
0
0
0
0
0
0
0
0
0
0
0
0
0
0
0
0
0
0
0
0
0
0
0
0
0
0
0
0
0
0
0
0
0
0
0
0
0
1.70145e-16
2.86049e-10
3.34508e-10
2.80907e-11
2.81746e-11
1.84877e-09
3.95084e-09
6.38963e-09
9.22936e-09
1.23895e-08
1.58977e-08
1.98367e-08
2.35788e-08
2.60776e-08
0
0
0
0
0
0
0
0
0
0
0
0
0
0
0
0
0
0
0
0
0
0
0
0
0
0
0
0
0
0
0
0
0
0
0
0
0
0
0
0
0
0
0
0
0
0
0
0
0
0
0
0
0
0
0
0
0
0
0
0
0
0
0
0
0
0
0
0
0
0
0
0
0
0
0
0
0
0
0
0
0
0
0
0
0
0
0
0
0
5.71896e-14
4.09663e-13
2.47409e-11
8.52094e-12
9.11608e-12
1.44398e-11
1.34918e-09
2.98301e-09
4.74429e-09
6.598e-09
8.42167e-09
0
0
0
0
0
0
0
0
0
0
0
0
0
0
0
0
0
0
0
0
0
0
0
0
0
0
0
0
0
0
0
0
0
0
0
0
0
0
0
0
0
0
0
0
0
0
0
0
0
0
0
0
0
0
0
0
0
0
0
0
0
0
0
0
0
0
0
0
0
0
0
0
0
0
0
0
0
0
0
0
0
0
0
0
0
0
0
0
0
0
0
0
0
2.5371e-14
2.63846e-13
1.49931e-11
2.09589e-11
8.28169e-12
6.26558e-12
1.18586e-11
0
0
0
0
0
0
0
0
0
0
0
0
0
0
0
0
0
0
0
0
0
0
0
0
0
0
0
0
0
0
0
0
0
0
0
0
0
0
0
0
0
0
0
0
0
0
0
0
0
0
0
0
0
0
0
0
0
0
0
0
0
0
0
0
0
0
0
0
0
0
0
0
0
0
0
0
0
0
0
0
0
0
0
0
0
0
0
0
0
0
0
0
0
0
0
0
0
0
0
0
0
0
0
0
0
0
0
0
0
0
0
0
0
0
0
0
0
0
0
0
0
0
0
0
0
0
0
0
0
0
0
0
0
0
0
0
0
0
0
0
0
0
0
0
0
0
0
0
0
0
0
0
0
0
0
0
0
0
0
0
0
0
0
0
0
0
0
0
0
0
0
0
0
0
0
0
0
0
0
0
0
0
0
0
0
0
0
0
0
0
0
0
0
0
0
0
0
0
0
0
0
0
0
0
0
0
0
0
0
0
0
0
0
0
0
0
0
0
0
0
0
0
0
0
0
0
0
0
0
0
0
0
0
0
0
0
0
0
0
0
0
0
0
0
0
0
0
0
0
0
0
0
0
0
0
0
0
0
0
0
0
0
0
0
0
0
0
0
0
0
0
0
0
0
0
0
0
0
0
0
0
0
0
0
0
0
0
0
0
0
0
0
0
0
0
0
0
0
0
0
0
0
0
0
0
0
0
0
0
0
0
0
0
0
0
0
0
0
0
0
0
0
0
0
0
0
0
0
0
0
0
0
0
0
0
0
0
0
0
0
0
0
0
0
0
0
0
0
0
0
0
0
0
0
0
0
0
0
0
0
0
0
0
0
0
0
0
0
0
0
0
0
0
0
0
0
0
0
0
0
0
0
0
0
0
0
0
0
0
0
0
0
0
0
0
0
0
0
0
0
0
0
0
0
0
0
0
0
0
0
0
0
0
0
0
0
0
0
0
0
0
0
0
0
0
0
0
0
0
0
0
0
0
0
0
0
0
0
0
0
0
0
0
0
0
0
0
0
0
0
0
0
0
0
0
0
0
0
0
0
0
0
0
0
0
0
0
0
0
0
0
0
0
0
0
0
0
0
0
0
0
0
0
0
0
0
0
0
0
0
0
0
0
0
0
0
0
0
0
0
0
0
0
0
0
0
0
0
0
0
0
0
0
0
0
0
0
0
0
0
0
0
0
0
0
0
0
0
0
0
0
0
0
0
0
0
0
0
0
0
0
0
0
0
0
0
0
0
0
0
0
0
0
0
0
0
0
0
0
0
0
0
0
0
0
0
0
0
0
0
0
0
0
0
0
0
0
0
0
0
0
0
0
0
0
0
0
0
0
0
0
0
0
0
0
0
0
0
0
0
0
0
0
0
0
0
0
0
0
0
0
0
0
0
0
0
0
0
0
0
0
0
0
0
0
0
0
0
0
0
0
0
0
0
0
0
0
0
0
0
0
0
0
0
0
0
0
0
0
0
0
0
0
0
0
0
0
0
0
0
0
0
0
0
0
0
0
0
0
0
0
0
0
0
0
0
0
0
0
0
0
0
0
0
0
0
0
0
0
0
0
0
0
0
0
0
0
0
0
0
0
0
0
0
0
0
0
0
0
0
0
0
0
0
0
0
0
0
0
0
0
0
0
0
0
0
0
0
0
0
0
0
0
0
0
0
0
0
0
0
0
0
0
0
0
0
0
0
0
0
0
0
0
0
0
0
0
0
0
0
0
0
0
0
0
0
0
0
0
0
0
0
0
0
0
0
0
0
0
0
0
0
0
0
0
0
0
0
0
0
0
0
0
0
0
0
0
0
0
0
0
0
0
0
0
0
0
0
0
0
0
0
0
0
0
0
0
0
0
0
0
0
0
0
0
0
0
0
0
0
0
0
0
0
0
0
0
0
0
0
0
0
0
0
0
0
0
0
0
0
0
0
0
0
0
0
0
0
0
0
0
0
0
0
0
0
0
0
0
0
0
0
0
0
0
0
0
0
0
0
0
0
0
0
0
0
0
0
0
0
0
0
0
0
0
0
0
0
0
0
0
0
0
0
0
0
0
0
0
0
0
0
0
0
0
0
0
0
0
0
0
0
0
0
0
0
0
0
0
0
0
0
0
0
0
0
0
0
0
0
0
0
0
0
0
0
0
0
0
0
0
0
0
0
0
0
0
0
0
0
0
0
0
0
0
0
0
0
0
0
0
0
0
0
0
0
0
0
0
0
0
0
0
0
0
0
0
0
0
0
0
0
0
0
0
0
0
0
0
0
0
0
0
0
0
0
0
0
0
0
0
0
0
0
0
0
0
0
0
0
0
0
0
0
0
0
0
0
0
0
0
0
0
0
0
0
0
0
0
0
0
0
0
0
0
0
0
0
0
0
0
0
0
0
0
0
0
0
0
0
0
0
0
0
0
0
0
0
0
0
0
0
0
0
0
0
0
0
0
0
0
0
0
0
0
0
0
0
0
0
0
0
0
0
0
0
0
0
0
0
0
0
0
0
0
0
0
0
0
0
0
0
0
0
0
0
0
0
0
0
0
0
0
0
0
0
0
0
0
0
0
0
0
0
0
0
0
0
0
0
0
0
0
0
0
0
0
0
0
0
0
0
0
0
0
0
0
0
0
0
0
0
0
0
0
0
0
0
0
0
0
0
0
0
0
0
0
0
0
0
0
0
0
0
0
0
0
0
0
0
0
0
0
0
0
0
0
0
0
0
0
0
0
0
0
0
0
0
0
0
0
0
0
0
0
0
0
0
0
0
0
0
0
0
0
0
0
0
0
0
0
0
0
0
0
0
0
0
0
0
0
0
0
0
0
0
0
0
0
0
0
0
0
0
0
0
0
0
0
0
0
0
0
0
0
0
0
0
0
0
0
0
0
0
0
0
0
0
0
0
0
0
0
0
0
0
0
0
0
0
0
0
0
0
0
0
0
0
0
0
0
0
0
0
0
0
0
0
0
0
0
0
0
0
0
0
0
0
0
0
0
0
0
0
0
0
0
0
0
0
0
0
0
0
0
0
0
0
0
0
0
0
0
0
0
0
0
0
0
0
0
0
0
0
0
0
0
0
0
0
0
0
0
0
0
0
0
0
0
0
0
0
0
0
0
0
0
0
0
0
0
0
0
0
0
0
0
0
0
0
0
0
0
0
0
0
0
0
0
0
)
;

boundaryField
{
    AXIS
    {
        type            empty;
    }
    OUTLET
    {
        type            calculated;
        value           nonuniform List<scalar> 
80
(
0.000211793
0.000211549
0.000211014
0.000210175
0.000209123
0.000207891
0.000206496
0.000204952
0.000203263
0.000201425
0.000199465
0.000197377
0.000195172
0.000192886
0.000190464
0.000187442
0.000183714
0.000179785
0.000175716
0.000171505
0.000167069
0.000162618
0.000158023
0.000153282
0.000148396
0.000143521
0.000138744
0.000133878
0.000128982
0.000124122
0.000116718
0.000106186
9.59848e-05
8.59037e-05
7.60222e-05
6.68085e-05
5.80851e-05
4.971e-05
4.23957e-05
3.55402e-05
2.9604e-05
2.43416e-05
1.97891e-05
1.60455e-05
1.28003e-05
1.03209e-05
8.2e-06
6.5756e-06
5.24754e-06
4.20211e-06
3.36709e-06
2.7207e-06
2.19802e-06
1.74461e-06
1.34855e-06
1.02763e-06
7.53897e-07
5.32604e-07
3.57435e-07
2.34943e-07
1.64378e-07
9.42543e-08
4.89716e-08
2.60776e-08
8.42167e-09
1.18586e-11
0
0
0
0
0
0
0
0
0
0
0
0
0
0
)
;
    }
    COFLOW
    {
        type            calculated;
        value           uniform 0;
    }
    PILOT
    {
        type            calculated;
        value           uniform 0.000588468;
    }
    FUEL
    {
        type            calculated;
        value           uniform 2.71838e-13;
    }
    WALL
    {
        type            calculated;
        value           uniform 0;
    }
    front
    {
        type            wedge;
    }
    back
    {
        type            wedge;
    }
}


// ************************************************************************* //
