/*--------------------------------*- C++ -*----------------------------------*\
  =========                 |
  \\      /  F ield         | OpenFOAM: The Open Source CFD Toolbox
   \\    /   O peration     | Website:  https://openfoam.org
    \\  /    A nd           | Version:  6
     \\/     M anipulation  |
\*---------------------------------------------------------------------------*/
FoamFile
{
    version     2.0;
    format      ascii;
    class       volScalarField;
    location    "0.1";
    object      H2O;
}
// * * * * * * * * * * * * * * * * * * * * * * * * * * * * * * * * * * * * * //

dimensions      [0 0 0 0 0 0 0];

internalField   nonuniform List<scalar> 
8000
(
0.000226396
0.00430347
0.0224222
0.059407
0.0825183
0.0601385
0.0350921
0.01613
0.00582999
0.00162968
0.000530821
0.000391315
0.00077955
0.00593027
0.00526701
0.00540419
0.0363906
0.12224
0.0537891
0.0313457
0.0356332
0.0527814
0.0792148
0.105763
0.122884
0.127254
0.127764
0.127799
0.126441
0.0926777
0.120706
0.116278
0.104384
0.0937592
0.0847973
0.0778933
0.0742118
0.0756268
0.0845176
0.0936307
0.0890787
0.0878415
0.0925323
0.101304
0.111363
0.121022
0.127988
0.131679
0.131863
0.113645
0.121913
0.127377
0.128066
0.127961
0.127754
0.127492
0.127352
0.127521
0.128059
0.128868
0.131216
0.131997
0.134393
0.134143
0.134186
0.132513
0.131354
0.13011
0.129164
0.128525
0.128046
0.126751
0.126904
0.12383
0.123967
0.127342
0.127308
0.127783
0.128563
0.128926
0.128257
0.128154
0.127219
0.123592
0.121623
0.118949
0.116389
0.113983
0.113372
0.108326
0.104914
0.101646
0.0992053
0.0973993
0.0926871
0.0901014
0.0883823
0.0870844
0.0869219
0.0826507
0.000219071
0.00490165
0.0251185
0.0626048
0.0880448
0.0606173
0.03371
0.0155482
0.0053739
0.0014141
0.000478535
0.000437085
0.00126939
0.0192914
0.0161029
0.00815855
0.0158239
0.0309938
0.0356795
0.0371753
0.0404004
0.0560729
0.0815647
0.107
0.123415
0.127237
0.127912
0.127911
0.126742
0.123426
0.121904
0.11448
0.104307
0.0953166
0.0880873
0.0821414
0.07848
0.0793473
0.0882322
0.110553
0.0947767
0.0906416
0.0945748
0.102969
0.112595
0.121809
0.128379
0.131852
0.132005
0.131101
0.128854
0.128291
0.12802
0.12788
0.127714
0.127516
0.127447
0.127673
0.12823
0.129013
0.131295
0.132058
0.13445
0.133944
0.134083
0.132409
0.131252
0.130035
0.1291
0.128429
0.128031
0.126654
0.126872
0.123749
0.123901
0.127314
0.127251
0.12774
0.12851
0.128929
0.128219
0.128138
0.127172
0.123545
0.121621
0.118908
0.116346
0.113946
0.111847
0.10828
0.104882
0.10161
0.0991737
0.0973864
0.092649
0.0900731
0.0883545
0.0870564
0.0869223
0.0826203
0.000259813
0.0081379
0.042944
0.0973324
0.0624535
0.0451309
0.0248498
0.0282459
0.0171184
0.00148703
0.00444023
0.000476818
0.00195582
0.0472505
0.0449869
0.0186292
0.0104868
0.0150797
0.0579034
0.112251
0.0594607
0.0643581
0.0867118
0.109557
0.124448
0.12675
0.127788
0.12815
0.127377
0.124994
0.121394
0.114386
0.105521
0.0987244
0.0950223
0.0917994
0.0876293
0.0871625
0.0901
0.0941454
0.0921859
0.093225
0.0981889
0.106253
0.115047
0.12338
0.129207
0.132172
0.132261
0.131432
0.130866
0.128079
0.127697
0.127703
0.127676
0.127607
0.127657
0.127975
0.128562
0.12987
0.13145
0.132185
0.134573
0.134162
0.133915
0.132184
0.13042
0.129863
0.128966
0.128229
0.127708
0.12647
0.12428
0.123568
0.123756
0.125782
0.127125
0.127648
0.128395
0.128548
0.128132
0.128105
0.127067
0.123447
0.120699
0.118818
0.116254
0.113867
0.11153
0.108188
0.104813
0.101531
0.096874
0.0947973
0.0925652
0.0900108
0.0882933
0.0869949
0.0826856
0.0825532
0.0003935
0.014012
0.0457995
0.0580747
0.0451001
0.0303634
0.0158746
0.00698828
0.00211924
0.000553759
0.000258395
0.000298505
0.0010337
0.0464329
0.124603
0.0274206
0.00796537
0.00977461
0.0386058
0.0513487
0.0505747
0.0667771
0.091993
0.114072
0.125542
0.122314
0.127117
0.128451
0.127971
0.125839
0.122221
0.115526
0.107752
0.102735
0.10332
0.110771
0.100174
0.102548
0.0972519
0.0971792
0.0966608
0.099199
0.103775
0.110775
0.119011
0.126227
0.130336
0.1325
0.132468
0.132168
0.130863
0.127799
0.120534
0.127581
0.127756
0.127822
0.127972
0.128374
0.128987
0.131129
0.131652
0.133738
0.134747
0.134317
0.133709
0.131848
0.130095
0.129584
0.128781
0.127945
0.126206
0.12385
0.123892
0.123282
0.12354
0.12679
0.126931
0.127508
0.128224
0.128509
0.127995
0.128056
0.126898
0.123314
0.121242
0.118677
0.116116
0.113748
0.111263
0.108056
0.104708
0.101413
0.0988494
0.0967496
0.0924354
0.0899166
0.0882006
0.0869016
0.0862117
0.0824482
0.000334752
0.0290309
0.122411
0.071005
0.0380961
0.0209277
0.00898983
0.00288391
0.000779794
0.000257344
0.00234372
0.00214948
0.00239285
0.0209309
0.0296446
0.0117558
0.00532565
0.007957
0.0237682
0.0354559
0.0487928
0.072849
0.0997326
0.118008
0.126214
0.127311
0.128133
0.12888
0.128702
0.126764
0.123397
0.117434
0.110641
0.106024
0.104339
0.102855
0.10012
0.100252
0.102757
0.106985
0.105199
0.107899
0.110924
0.11654
0.122456
0.128453
0.131811
0.133016
0.13261
0.13154
0.130909
0.12806
0.127059
0.127904
0.128048
0.128171
0.128358
0.128819
0.130028
0.131428
0.131882
0.133983
0.134906
0.134457
0.133113
0.131413
0.129664
0.129173
0.128202
0.127592
0.127017
0.123421
0.123249
0.122915
0.12326
0.126374
0.126681
0.127324
0.128005
0.128175
0.127819
0.126949
0.126658
0.122785
0.12094
0.118491
0.115931
0.113592
0.110977
0.107887
0.104568
0.101257
0.098586
0.0962496
0.0922696
0.0897912
0.0880771
0.0867785
0.0856438
0.082315
0.000235604
0.0272526
0.0936618
0.0512653
0.0246459
0.0123681
0.00420153
0.0097678
0.000367844
0.000181599
0.00015837
0.000207831
0.000373952
0.00836502
0.0106843
0.00861866
0.0118623
0.0109661
0.01793
0.0330749
0.0546756
0.0837645
0.114719
0.124271
0.127084
0.12793
0.128687
0.129124
0.12923
0.127805
0.124938
0.119928
0.115012
0.109854
0.106941
0.104421
0.102918
0.103925
0.107306
0.111774
0.11272
0.11782
0.117502
0.121249
0.126221
0.130447
0.132566
0.13318
0.132759
0.121441
0.131069
0.128435
0.120417
0.128264
0.128453
0.128611
0.128786
0.12927
0.13135
0.131747
0.132143
0.134227
0.135053
0.133999
0.132635
0.130866
0.129134
0.128614
0.128006
0.127173
0.126555
0.122897
0.122626
0.122487
0.122921
0.125969
0.126384
0.127097
0.127744
0.127887
0.127606
0.126515
0.124015
0.12265
0.120663
0.118265
0.1157
0.113397
0.110687
0.107681
0.104396
0.101066
0.0983102
0.0929921
0.0920715
0.089633
0.0879234
0.0866266
0.0851796
0.0821574
0.000156731
0.0162088
0.0467433
0.0369699
0.0123083
0.00588163
0.0122356
0.00816841
0.00311078
0.000193763
0.000193451
0.000304885
0.00310534
0.0034182
0.00457286
0.00421881
0.00690693
0.0121648
0.021855
0.0384965
0.074723
0.0957437
0.11523
0.124392
0.12772
0.122923
0.123005
0.129413
0.123407
0.128934
0.126778
0.12353
0.119061
0.115575
0.112996
0.110708
0.10844
0.110405
0.113387
0.118046
0.118257
0.119969
0.121193
0.124592
0.128341
0.132092
0.122668
0.133163
0.133007
0.132642
0.131512
0.130377
0.120599
0.128748
0.128942
0.129109
0.129261
0.121138
0.131698
0.132064
0.132391
0.134426
0.133384
0.133453
0.131976
0.12958
0.128505
0.127939
0.127445
0.126709
0.126095
0.122301
0.122005
0.121995
0.122531
0.123103
0.126044
0.126824
0.127449
0.126576
0.127359
0.127278
0.123552
0.122161
0.120395
0.117998
0.115423
0.114069
0.110377
0.107443
0.10419
0.100842
0.0980159
0.095347
0.0918414
0.0894448
0.08774
0.0864466
0.0847784
0.0819774
0.00124128
0.00990435
0.026545
0.0116425
0.00467211
0.00190571
0.00802105
0.000557562
0.00023962
0.000221514
0.00209521
0.00338073
0.0020209
0.00642146
0.00365691
0.00500931
0.00963466
0.0174705
0.0286122
0.0465129
0.0743709
0.112347
0.119815
0.125061
0.127912
0.128608
0.129179
0.129688
0.129955
0.129689
0.123354
0.126377
0.123971
0.121581
0.120051
0.116156
0.116246
0.116662
0.119551
0.121443
0.121791
0.121463
0.123167
0.126741
0.12979
0.132508
0.133428
0.133708
0.133317
0.133049
0.131948
0.131425
0.120877
0.129907
0.130058
0.130184
0.130311
0.131572
0.132035
0.133552
0.133982
0.130206
0.132667
0.132836
0.130843
0.128848
0.127792
0.127166
0.126864
0.124121
0.122792
0.121629
0.121343
0.121452
0.121803
0.12255
0.123272
0.126498
0.12713
0.126075
0.127078
0.126867
0.123035
0.12168
0.118283
0.117692
0.115102
0.112782
0.110041
0.10717
0.103953
0.100587
0.0976999
0.0948729
0.0915841
0.0892274
0.0875276
0.0862391
0.0844178
0.0817762
7.79129e-05
0.00233343
0.0132193
0.0114707
0.00137926
0.000554269
0.000416987
0.000254454
0.00023879
0.000347364
0.00301104
0.00570619
0.0140051
0.0088644
0.0111875
0.0113974
0.0191511
0.0268709
0.0380659
0.0579849
0.0826168
0.105477
0.119125
0.126254
0.123216
0.122645
0.129465
0.129789
0.123137
0.130092
0.129544
0.128435
0.12775
0.126506
0.124909
0.124027
0.119896
0.122913
0.124529
0.12095
0.124246
0.124584
0.126222
0.128623
0.130918
0.132894
0.133579
0.133946
0.133575
0.133347
0.133016
0.1319
0.131551
0.131375
0.121295
0.131511
0.131551
0.131923
0.132238
0.133709
0.1295
0.131112
0.133054
0.13198
0.13006
0.128028
0.126995
0.126307
0.124873
0.125349
0.12204
0.12087
0.120656
0.120867
0.121445
0.121967
0.122753
0.126106
0.125306
0.126804
0.124828
0.12403
0.122493
0.121183
0.117925
0.117331
0.114738
0.112372
0.10968
0.106854
0.103684
0.100304
0.0973015
0.0944127
0.0913018
0.0889817
0.0872867
0.086004
0.0840844
0.0815547
3.27867e-05
0.00060222
0.00175105
0.00651489
0.000402193
0.000229704
0.0022574
0.000231845
0.00196121
0.00388431
0.00155844
0.00920511
0.029445
0.0454839
0.01795
0.0172442
0.023608
0.0383905
0.0624475
0.0823153
0.103453
0.109376
0.120117
0.126615
0.128932
0.122968
0.129707
0.13001
0.130239
0.130291
0.129999
0.129693
0.129405
0.122236
0.122229
0.127986
0.127435
0.127314
0.127494
0.127392
0.126924
0.127118
0.128456
0.130301
0.132133
0.133284
0.133831
0.134122
0.133731
0.133545
0.133305
0.133066
0.13203
0.131794
0.131827
0.131857
0.12169
0.12375
0.133612
0.133851
0.134247
0.132931
0.132065
0.130339
0.128556
0.12693
0.12612
0.125366
0.123084
0.121855
0.120914
0.120054
0.119956
0.120232
0.120771
0.121351
0.121799
0.122954
0.126314
0.126298
0.126223
0.123495
0.121936
0.120658
0.119087
0.116723
0.114333
0.111935
0.109294
0.106505
0.103382
0.0999916
0.0968887
0.0939615
0.0909892
0.0887084
0.0870177
0.085743
0.0837679
0.0813133
7.49876e-06
0.00160737
0.00356153
0.00302195
0.000213722
0.00019685
0.000244962
0.00197085
0.00280813
0.00449253
0.00833727
0.0168655
0.0740096
0.0835496
0.0366271
0.0275812
0.0324961
0.0468946
0.0692708
0.087636
0.102184
0.113096
0.122083
0.127191
0.129339
0.129469
0.130003
0.130271
0.130373
0.130472
0.130397
0.130302
0.130086
0.129962
0.129671
0.122262
0.129541
0.122195
0.129662
0.122488
0.129657
0.12947
0.130426
0.132043
0.132905
0.133632
0.134035
0.134231
0.122482
0.133661
0.133521
0.133361
0.133242
0.132128
0.121852
0.13213
0.12446
0.133554
0.133758
0.13393
0.13218
0.132174
0.130949
0.129328
0.127214
0.125919
0.12517
0.124347
0.121588
0.120476
0.119825
0.119242
0.119226
0.119561
0.120085
0.120723
0.121534
0.122596
0.125816
0.12311
0.123282
0.122732
0.121347
0.120105
0.118462
0.116265
0.113887
0.111471
0.108877
0.105448
0.103049
0.099652
0.0964568
0.0935116
0.0906498
0.0884078
0.0867223
0.085457
0.0833809
0.0810513
0.000234315
0.00148892
0.00222698
0.00242016
0.000321971
0.0023208
0.000661789
0.00379846
0.00529763
0.00667786
0.0105632
0.0142854
0.0524814
0.112403
0.0506564
0.0340283
0.0357979
0.0520075
0.0844171
0.107225
0.108031
0.118256
0.124962
0.128063
0.129689
0.123166
0.122836
0.130564
0.130355
0.122853
0.130448
0.130506
0.130573
0.130607
0.13057
0.129983
0.130265
0.130214
0.122528
0.131099
0.131224
0.131507
0.132174
0.132918
0.133399
0.133856
0.134315
0.134279
0.134142
0.133755
0.122395
0.122334
0.12228
0.133453
0.133443
0.133477
0.133577
0.133732
0.133849
0.131826
0.131955
0.131964
0.129237
0.127317
0.125854
0.124558
0.121724
0.120438
0.120081
0.119474
0.118766
0.118396
0.118454
0.118849
0.119392
0.120065
0.120831
0.121819
0.122915
0.122735
0.122558
0.122008
0.120734
0.119522
0.117831
0.115765
0.113407
0.110973
0.108438
0.105582
0.102676
0.0971215
0.0960021
0.0930574
0.0902875
0.088081
0.0864012
0.0851498
0.0829922
0.0807696
0.00025177
0.000105145
0.000191254
0.00046328
0.00121053
0.00412803
0.00289615
0.00732311
0.00734395
0.0110873
0.0138782
0.0223486
0.0539429
0.0855038
0.0526764
0.0371955
0.0406233
0.0574411
0.0849773
0.102536
0.11241
0.121824
0.125221
0.128946
0.130091
0.123732
0.130546
0.130812
0.122543
0.130387
0.122578
0.130197
0.129878
0.130013
0.130511
0.130623
0.130387
0.130533
0.131278
0.131817
0.122837
0.123171
0.132881
0.133548
0.122987
0.134082
0.134375
0.123089
0.13422
0.133879
0.123231
0.133824
0.133752
0.133647
0.126019
0.127806
0.133762
0.129579
0.131577
0.13161
0.130457
0.129634
0.12793
0.125936
0.123718
0.123122
0.120124
0.119118
0.118666
0.118206
0.117757
0.117526
0.117653
0.118097
0.118677
0.119381
0.120134
0.121036
0.121882
0.121946
0.121818
0.121019
0.120097
0.118905
0.117185
0.115229
0.112889
0.110443
0.107978
0.104989
0.100732
0.0987828
0.0955238
0.0925935
0.0899051
0.0877291
0.0860547
0.08475
0.0825992
0.0804684
0.000341926
0.00121753
0.000534014
0.00553254
0.016167
0.0104579
0.012248
0.0201212
0.0283769
0.0623745
0.0315493
0.0615977
0.0573839
0.102734
0.0703153
0.0415673
0.0490949
0.0755892
0.0996178
0.111529
0.117613
0.125328
0.128717
0.129431
0.130429
0.131001
0.131232
0.13117
0.131254
0.131087
0.131125
0.130566
0.130244
0.122409
0.13056
0.130705
0.130807
0.130953
0.122522
0.132271
0.132583
0.133134
0.133531
0.133773
0.122913
0.134159
0.134056
0.133857
0.134124
0.134037
0.133864
0.133723
0.13387
0.128157
0.128135
0.133804
0.133829
0.130147
0.13163
0.130312
0.128501
0.12747
0.125968
0.12443
0.122891
0.119204
0.118393
0.117569
0.117365
0.117037
0.116759
0.116632
0.116822
0.117315
0.117938
0.118671
0.119413
0.120232
0.121367
0.121163
0.121078
0.120593
0.119441
0.117246
0.116333
0.11582
0.113231
0.109885
0.107486
0.104379
0.10162
0.0982437
0.0950247
0.0921133
0.0895028
0.0873529
0.0856836
0.0843397
0.0821995
0.0801473
0.00422102
0.0031574
0.00323265
0.0208556
0.107091
0.0442834
0.0360202
0.0426163
0.0689757
0.0528679
0.070929
0.0687325
0.0596065
0.0962045
0.0806153
0.048792
0.0605471
0.0893365
0.0967218
0.115549
0.121135
0.126189
0.125626
0.129765
0.130812
0.131532
0.123748
0.131648
0.13177
0.131707
0.131513
0.131593
0.122687
0.131196
0.1225
0.131053
0.131132
0.122121
0.122483
0.132687
0.133013
0.133378
0.13374
0.134017
0.134339
0.134148
0.133807
0.133395
0.133107
0.128364
0.131909
0.132934
0.132617
0.13236
0.131891
0.130184
0.131616
0.131135
0.130431
0.129152
0.127245
0.125225
0.124073
0.122819
0.119098
0.117413
0.11658
0.116068
0.1157
0.115911
0.11554
0.115504
0.115768
0.116503
0.117179
0.117925
0.118683
0.11943
0.120171
0.120359
0.12031
0.119852
0.11876
0.117553
0.115619
0.11399
0.111711
0.109294
0.106963
0.103745
0.0991564
0.0976836
0.0945035
0.0916205
0.0890738
0.0869479
0.0852889
0.0839193
0.0817918
0.0798082
0.0466082
0.0254798
0.018621
0.0634477
0.109507
0.0727139
0.0633057
0.0891892
0.0852161
0.0718827
0.0718864
0.0883099
0.0717862
0.0725875
0.0623257
0.0718338
0.0718512
0.0855995
0.100674
0.113675
0.123868
0.12591
0.128437
0.125968
0.125392
0.124115
0.124084
0.132078
0.132193
0.132221
0.123143
0.123008
0.132319
0.132422
0.132273
0.122334
0.122302
0.131795
0.132451
0.122883
0.133446
0.133738
0.12283
0.134366
0.123553
0.133816
0.126082
0.132334
0.131424
0.129329
0.130647
0.131245
0.131409
0.131339
0.131113
0.131072
0.130853
0.129359
0.128911
0.126665
0.12459
0.122927
0.121841
0.118836
0.116773
0.115311
0.114549
0.114331
0.11433
0.114335
0.114317
0.114371
0.114689
0.115296
0.117053
0.117004
0.117788
0.116728
0.119315
0.118508
0.119386
0.118971
0.117912
0.116649
0.114735
0.114229
0.110914
0.108547
0.106304
0.101702
0.100042
0.0969981
0.0938457
0.0910144
0.0885387
0.0864247
0.0847913
0.0834028
0.0812936
0.0793811
0.0878656
0.047675
0.0448624
0.0508388
0.0719733
0.0709996
0.0877232
0.100491
0.093398
0.0910255
0.103226
0.101386
0.102579
0.0808167
0.0913693
0.075403
0.0850058
0.10286
0.11155
0.117047
0.122954
0.125753
0.12825
0.13024
0.125503
0.1252
0.125152
0.131859
0.124994
0.13237
0.132639
0.132651
0.132773
0.132857
0.13276
0.13288
0.133012
0.133211
0.122946
0.133571
0.122976
0.122613
0.122829
0.134174
0.133811
0.132916
0.129658
0.128071
0.12836
0.129516
0.130807
0.130688
0.130439
0.130283
0.12974
0.129238
0.129131
0.127103
0.125008
0.123358
0.121479
0.118651
0.11723
0.115949
0.114322
0.112981
0.112184
0.11219
0.112527
0.11284
0.112951
0.113072
0.113442
0.114079
0.114856
0.115892
0.116658
0.117269
0.118016
0.118204
0.118298
0.117924
0.116902
0.115372
0.113685
0.112058
0.109945
0.107612
0.105348
0.101974
0.098961
0.0960504
0.0930503
0.0902852
0.0878837
0.0857775
0.0841766
0.082775
0.0806975
0.0788547
0.102199
0.0689792
0.064664
0.0645161
0.0729324
0.0839224
0.100214
0.106112
0.10353
0.104989
0.115295
0.10422
0.0976141
0.104844
0.0987603
0.101504
0.0981887
0.107767
0.118482
0.12318
0.122861
0.126374
0.127888
0.130341
0.125875
0.131374
0.131283
0.13127
0.125349
0.131775
0.12488
0.124532
0.132689
0.133137
0.123778
0.133121
0.133335
0.133523
0.133739
0.123242
0.134254
0.134319
0.134087
0.123641
0.132891
0.129245
0.127527
0.127943
0.127804
0.12773
0.12794
0.128371
0.127834
0.127775
0.126633
0.12623
0.125681
0.123855
0.122281
0.120722
0.119101
0.115695
0.114137
0.113231
0.113099
0.110565
0.11014
0.110337
0.111955
0.112521
0.111574
0.111752
0.112163
0.112842
0.113617
0.114521
0.11547
0.11605
0.116714
0.116981
0.117112
0.116827
0.116735
0.114219
0.112589
0.110927
0.10893
0.106615
0.104288
0.0992875
0.0978653
0.0950867
0.0922221
0.0895183
0.0871891
0.0850878
0.0835057
0.0821207
0.0800758
0.0782958
0.105718
0.0871872
0.0788487
0.075543
0.0821532
0.0934542
0.103168
0.106869
0.108699
0.112558
0.117339
0.115496
0.108264
0.103556
0.108904
0.103645
0.109632
0.114998
0.119339
0.12307
0.125578
0.123781
0.124254
0.125727
0.12593
0.130788
0.130721
0.130263
0.129786
0.130315
0.125059
0.130555
0.131173
0.124973
0.131893
0.132279
0.125159
0.133638
0.133995
0.13419
0.134177
0.123696
0.133563
0.13269
0.12592
0.127967
0.12641
0.125979
0.125359
0.125251
0.125554
0.125408
0.125151
0.12482
0.124082
0.123348
0.122528
0.120972
0.119366
0.11611
0.114189
0.111489
0.111254
0.111603
0.109307
0.108402
0.108177
0.10853
0.109125
0.109755
0.110885
0.110415
0.110852
0.111569
0.11237
0.113326
0.114032
0.1146
0.115407
0.116227
0.115892
0.115674
0.114447
0.113062
0.111443
0.109766
0.10787
0.105557
0.103121
0.0997533
0.0967419
0.094112
0.0912699
0.0887121
0.0864474
0.084359
0.0827888
0.0814377
0.0794271
0.0777044
0.106677
0.0989683
0.0897684
0.0846592
0.0888623
0.0959078
0.10102
0.105254
0.109592
0.114681
0.120379
0.119553
0.116729
0.117236
0.111222
0.113456
0.117087
0.120359
0.122381
0.1237
0.125273
0.120916
0.126628
0.127997
0.129469
0.129961
0.130448
0.124487
0.127544
0.12414
0.127278
0.127327
0.124693
0.129775
0.125583
0.131605
0.132623
0.133077
0.133372
0.133909
0.13377
0.133184
0.131063
0.125162
0.126139
0.126153
0.122344
0.120732
0.120134
0.120032
0.120499
0.120486
0.120425
0.121912
0.119314
0.120272
0.117677
0.115751
0.114484
0.112771
0.111003
0.109518
0.108363
0.107779
0.106953
0.106299
0.106243
0.106725
0.10739
0.108105
0.108671
0.10904
0.109497
0.110266
0.111091
0.112097
0.114042
0.11329
0.113855
0.114219
0.114398
0.114214
0.114508
0.11181
0.110258
0.108564
0.106741
0.104429
0.101886
0.0985186
0.0955965
0.0931122
0.0902953
0.0878031
0.0856635
0.0835932
0.0820322
0.0807024
0.0787511
0.0770815
0.106912
0.104041
0.0978791
0.0927933
0.0940542
0.096915
0.0984428
0.101411
0.107328
0.11407
0.119942
0.123923
0.124408
0.122184
0.120511
0.123316
0.124797
0.122584
0.125285
0.124863
0.12481
0.124338
0.124952
0.126457
0.127741
0.123922
0.128006
0.126813
0.125517
0.125064
0.124875
0.125288
0.125872
0.126756
0.128113
0.130926
0.132033
0.126448
0.132738
0.132649
0.132079
0.130473
0.124935
0.125132
0.124606
0.120569
0.116974
0.117175
0.116609
0.116552
0.116702
0.116464
0.116428
0.116508
0.115851
0.114885
0.113756
0.112532
0.111225
0.109495
0.107901
0.106666
0.105768
0.10525
0.104525
0.104199
0.104225
0.104827
0.105601
0.106446
0.107109
0.107562
0.108111
0.108916
0.109782
0.110793
0.111472
0.111983
0.112504
0.11281
0.113058
0.112929
0.111872
0.110517
0.109027
0.10734
0.10547
0.102256
0.100637
0.0972782
0.0944264
0.0919583
0.0892594
0.0868607
0.0847233
0.0827883
0.0812428
0.0799344
0.0780405
0.0764307
0.106885
0.105298
0.101998
0.0983754
0.0976013
0.0971274
0.096116
0.0969283
0.10163
0.109599
0.117606
0.124683
0.126718
0.121988
0.125172
0.125489
0.125304
0.126008
0.122165
0.124845
0.119203
0.122648
0.123053
0.124868
0.11997
0.120395
0.126363
0.122335
0.123655
0.122746
0.122768
0.123485
0.123255
0.124773
0.126297
0.128013
0.126988
0.131677
0.131639
0.126543
0.129867
0.125028
0.124435
0.12076
0.11875
0.116476
0.114567
0.11344
0.113006
0.113016
0.113793
0.112686
0.112653
0.112485
0.112099
0.111261
0.110087
0.108925
0.10846
0.106472
0.10512
0.104012
0.103246
0.102801
0.102362
0.101983
0.10214
0.102865
0.103748
0.104729
0.104885
0.105992
0.106641
0.107529
0.108434
0.109437
0.110092
0.110631
0.111129
0.111401
0.113012
0.112946
0.110464
0.109177
0.107748
0.106024
0.104161
0.101886
0.0992333
0.0960127
0.0932352
0.090786
0.0882003
0.0858889
0.0837897
0.0819415
0.0804236
0.0790732
0.0772874
0.0757289
0.10671
0.104939
0.102409
0.0996951
0.0972083
0.0937393
0.0908806
0.091005
0.0945227
0.101977
0.111277
0.120446
0.124428
0.125974
0.126004
0.126847
0.126498
0.124696
0.124197
0.122278
0.120641
0.119725
0.117783
0.122182
0.123708
0.121462
0.124878
0.122205
0.122015
0.120758
0.12096
0.122239
0.122879
0.123673
0.1247
0.125799
0.12663
0.130152
0.129573
0.128197
0.125642
0.120605
0.120113
0.117793
0.114369
0.11289
0.110767
0.109922
0.109643
0.109699
0.110609
0.109027
0.108979
0.109009
0.108499
0.107692
0.106684
0.105667
0.104773
0.102847
0.102405
0.101352
0.100633
0.100253
0.0997898
0.0996262
0.0999312
0.100768
0.101774
0.10284
0.10375
0.104373
0.1051
0.106052
0.107034
0.108036
0.108684
0.109259
0.10973
0.109972
0.110239
0.111332
0.109044
0.107774
0.106413
0.104629
0.102759
0.100456
0.0978161
0.0947171
0.0920135
0.0896034
0.0871121
0.0848903
0.0828501
0.0810656
0.0795738
0.078208
0.0765098
0.0749816
0.106373
0.103667
0.100188
0.096855
0.0924721
0.0866158
0.0827023
0.0831002
0.0870218
0.0936891
0.102944
0.111851
0.118723
0.121918
0.123707
0.123981
0.118791
0.117434
0.120412
0.115071
0.116295
0.115988
0.117386
0.118917
0.120098
0.120698
0.120957
0.121849
0.121355
0.120103
0.119344
0.120599
0.121396
0.122938
0.12471
0.125514
0.125713
0.12559
0.124174
0.123313
0.119694
0.117989
0.116338
0.113812
0.110106
0.108062
0.106316
0.106332
0.105624
0.106455
0.105934
0.105644
0.105596
0.105597
0.104846
0.104389
0.103452
0.1025
0.101552
0.100584
0.0995616
0.0985746
0.0978685
0.0951037
0.097177
0.0971984
0.0976262
0.0986037
0.0997455
0.100902
0.101862
0.102654
0.103474
0.104524
0.105543
0.106571
0.107267
0.107837
0.108299
0.108524
0.108724
0.10864
0.108082
0.106343
0.104992
0.103195
0.101255
0.0989501
0.0963981
0.0933862
0.0907729
0.0884106
0.0860034
0.0838657
0.0818826
0.0801639
0.0786976
0.0773297
0.075704
0.0742097
0.105763
0.101348
0.0958231
0.090624
0.0840778
0.0765723
0.0724947
0.0740958
0.0793856
0.0863876
0.0948556
0.103629
0.110997
0.11518
0.117963
0.115374
0.116871
0.114994
0.113816
0.113219
0.111709
0.112073
0.113365
0.114279
0.11647
0.118152
0.119306
0.120268
0.119024
0.118042
0.117114
0.117679
0.118988
0.120935
0.123732
0.124711
0.125695
0.124388
0.122878
0.11894
0.11661
0.11439
0.111165
0.107561
0.104308
0.103534
0.102643
0.102381
0.102507
0.101561
0.102376
0.102111
0.102109
0.102137
0.101758
0.101038
0.100116
0.0991831
0.0982607
0.0973337
0.096567
0.0957236
0.0949837
0.0948248
0.0944867
0.0946726
0.0952763
0.0963597
0.0976246
0.0989104
0.0999756
0.100834
0.101761
0.102897
0.103993
0.10502
0.105782
0.106392
0.106842
0.107036
0.107168
0.107015
0.106082
0.104824
0.103538
0.101672
0.099722
0.097395
0.0949168
0.0920341
0.0894986
0.0871975
0.0848777
0.0828208
0.0808959
0.0792343
0.0777981
0.0764347
0.0748745
0.0734151
0.104642
0.0973145
0.0885979
0.0808755
0.0727609
0.0647803
0.0615418
0.0648446
0.0720273
0.0801279
0.0882769
0.0963187
0.103443
0.107876
0.110214
0.109713
0.108678
0.107846
0.108933
0.107964
0.107767
0.1085
0.109848
0.111501
0.113182
0.115033
0.116271
0.117903
0.117203
0.115681
0.113288
0.115095
0.11656
0.118754
0.121481
0.122669
0.123435
0.121713
0.119454
0.115556
0.111833
0.108527
0.105723
0.1029
0.100447
0.0985173
0.09779
0.0951434
0.0982663
0.0988158
0.0982387
0.0981919
0.0982965
0.09838
0.0980202
0.0974385
0.0965468
0.0956573
0.0914803
0.0939838
0.0934688
0.089023
0.0920565
0.0918722
0.0917353
0.0920979
0.0928633
0.0940759
0.095447
0.096879
0.0980457
0.0989536
0.0999973
0.101195
0.102333
0.103428
0.104224
0.104845
0.105316
0.105505
0.105596
0.105362
0.104453
0.103251
0.101915
0.100081
0.0981274
0.0958307
0.0933624
0.0906598
0.0882147
0.085962
0.0837353
0.0817444
0.0798923
0.0782823
0.0768739
0.075517
0.0740282
0.0725955
0.102475
0.0905232
0.0775736
0.0678594
0.0593133
0.0523183
0.0507747
0.0559076
0.064937
0.0745319
0.083005
0.090418
0.0967793
0.100901
0.102992
0.102935
0.10247
0.102403
0.10296
0.102803
0.103263
0.104334
0.105392
0.106525
0.107644
0.109993
0.11058
0.112786
0.112158
0.110105
0.110897
0.111757
0.1141
0.116336
0.118688
0.119713
0.119637
0.118349
0.114422
0.110313
0.106161
0.102678
0.0997355
0.0969068
0.0909706
0.0932678
0.0927613
0.0935461
0.0937463
0.094263
0.0938835
0.0940045
0.0942034
0.0943637
0.0940835
0.0936391
0.0928039
0.0919647
0.0914008
0.0905719
0.090281
0.089905
0.0890568
0.088918
0.0889834
0.0895246
0.090436
0.0917447
0.093196
0.0947028
0.0961265
0.0970283
0.0981528
0.0994163
0.100604
0.101716
0.102587
0.103246
0.10371
0.103873
0.103926
0.103623
0.102809
0.101597
0.100218
0.0984481
0.0964753
0.0941692
0.0917943
0.0892461
0.0869148
0.0847104
0.0825835
0.0806441
0.0788673
0.0773094
0.0759287
0.0745777
0.0731673
0.0717502
0.0980853
0.0789642
0.0621677
0.0519605
0.0450062
0.0403575
0.0407483
0.0473373
0.0579069
0.0690206
0.0783305
0.0855627
0.091193
0.0947579
0.0966318
0.0968308
0.0968872
0.0972705
0.0979288
0.0983932
0.0991883
0.100398
0.100794
0.101311
0.101552
0.102055
0.104086
0.103335
0.105352
0.104977
0.105589
0.107627
0.110933
0.113517
0.115095
0.115535
0.11498
0.112189
0.108393
0.104328
0.100023
0.0965009
0.0934381
0.0907463
0.0890898
0.0878608
0.0876608
0.0885589
0.0890204
0.0896665
0.0894024
0.0896485
0.0899416
0.0901723
0.0900105
0.0897324
0.0889347
0.0881717
0.0876794
0.0871029
0.0870558
0.0866694
0.0860019
0.0859485
0.0862073
0.0869158
0.087972
0.0893939
0.0909202
0.0925058
0.0906722
0.0950607
0.0962705
0.0975565
0.0987973
0.0999505
0.100843
0.101542
0.10202
0.102205
0.102214
0.101865
0.101001
0.0998489
0.0985154
0.0967455
0.094812
0.092495
0.0902137
0.0878202
0.0855948
0.0834428
0.0814103
0.0795289
0.0778274
0.0763148
0.0749527
0.0736239
0.0722333
0.0708842
0.0897616
0.0612796
0.0431539
0.0353451
0.0316889
0.0299571
0.031884
0.0391089
0.0505946
0.0630567
0.0735497
0.0810148
0.0862406
0.0893883
0.0910167
0.0915056
0.0919726
0.0927137
0.0935737
0.094245
0.0949343
0.0961742
0.0947701
0.0949746
0.0933762
0.0934693
0.0944687
0.0964992
0.0960103
0.0984994
0.100656
0.104132
0.107018
0.109698
0.110749
0.110478
0.109235
0.10562
0.101714
0.097675
0.0891289
0.0902479
0.087406
0.0846577
0.0831393
0.0824869
0.0825848
0.0835532
0.0841853
0.0848509
0.0848455
0.0852097
0.0855793
0.0858796
0.0858496
0.0803263
0.0850039
0.08432
0.0839559
0.0836133
0.0835531
0.0833497
0.0829451
0.0830067
0.0834463
0.08432
0.0855109
0.0870226
0.0886088
0.0902971
0.0919056
0.0930421
0.0943162
0.0956603
0.0969153
0.0981008
0.0990585
0.0997645
0.100215
0.100405
0.100394
0.0999848
0.0991396
0.0980584
0.0967416
0.0950091
0.0930656
0.0908143
0.088608
0.0863782
0.0842651
0.0821662
0.0802221
0.0783946
0.076771
0.0752969
0.073959
0.0726557
0.0712862
0.0699981
0.0704768
0.0375647
0.0243954
0.0211652
0.0210005
0.0217797
0.0245203
0.031382
0.0428688
0.056222
0.0680585
0.0760506
0.0811791
0.0841047
0.0856806
0.086434
0.0872235
0.0882044
0.089137
0.0896847
0.0898718
0.0897019
0.0881024
0.0867894
0.0856886
0.084534
0.085625
0.0880727
0.0903424
0.0923834
0.0957164
0.0979876
0.102814
0.104721
0.105438
0.104343
0.09995
0.0984884
0.0943415
0.0904449
0.0867079
0.0839978
0.0742364
0.078655
0.0774629
0.0772606
0.0776143
0.0786124
0.079368
0.0801336
0.0802884
0.0807391
0.0811808
0.0815451
0.0816343
0.0818623
0.0810179
0.08044
0.0802341
0.0801442
0.0800607
0.0801248
0.0798993
0.0800851
0.0806983
0.0817236
0.083038
0.0846432
0.086286
0.0880441
0.0896446
0.090998
0.0923154
0.0936982
0.0949957
0.0961845
0.0971659
0.097921
0.0983727
0.0985509
0.098504
0.0980752
0.0972421
0.0961815
0.0949332
0.0932377
0.0912955
0.0891309
0.0870016
0.0849131
0.0829303
0.0808645
0.079026
0.0772504
0.0756998
0.074256
0.0729521
0.0716675
0.0703287
0.069093
0.00516227
0.00649491
0.00763438
0.00960376
0.012133
0.0148508
0.0182288
0.0237506
0.033243
0.0453383
0.0573912
0.0660738
0.0712628
0.0741424
0.0758949
0.0771755
0.0785287
0.0798646
0.0807006
0.0805561
0.0793005
0.0770559
0.074327
0.0722309
0.0712565
0.071547
0.0734871
0.0764764
0.079747
0.0834528
0.0875398
0.0913934
0.0944193
0.0960249
0.0901328
0.0919999
0.0892438
0.0857737
0.0814672
0.0780874
0.0752738
0.0734918
0.0705421
0.0689644
0.0683926
0.068744
0.0695773
0.0707288
0.0716617
0.0726705
0.0729534
0.0735003
0.0740242
0.0744646
0.0747454
0.0748452
0.0744517
0.0741231
0.0741804
0.0741517
0.0744112
0.0750335
0.075006
0.0753802
0.07627
0.0775279
0.0790059
0.0807279
0.0824839
0.0843688
0.0859954
0.0876016
0.089003
0.0904375
0.0917607
0.09298
0.0939758
0.0947166
0.0951994
0.0953753
0.0952881
0.0948264
0.0940458
0.0930664
0.0918849
0.0902939
0.0884294
0.0863552
0.0843877
0.0825171
0.0806488
0.0787356
0.0770847
0.0753817
0.0739307
0.0725614
0.0712981
0.070055
0.068766
0.0675991
0.000760106
0.00152949
0.00263425
0.00421355
0.00596496
0.00766363
0.00961815
0.0129819
0.018583
0.026736
0.0357109
0.0439377
0.0498196
0.0535819
0.0564155
0.0589478
0.0613195
0.0629692
0.0630237
0.0612486
0.0583272
0.055398
0.0535615
0.0533646
0.0547996
0.0574655
0.0611276
0.0652543
0.0693579
0.0732583
0.0766037
0.0790227
0.0801485
0.0797847
0.0770428
0.0744101
0.0715457
0.0687894
0.0653
0.0628883
0.0616436
0.0598986
0.0582184
0.0575845
0.0577452
0.0585945
0.0595761
0.06059
0.0616645
0.0627143
0.0634598
0.0642121
0.0648665
0.065414
0.0658783
0.0660649
0.0660398
0.0660236
0.0663424
0.0666179
0.0671784
0.0678386
0.0684035
0.0692169
0.0703835
0.0718651
0.0735455
0.0754218
0.077312
0.079293
0.0810265
0.0828012
0.0843192
0.085777
0.087126
0.0883543
0.0893502
0.090103
0.090617
0.0908198
0.0906999
0.0902485
0.0895298
0.0886579
0.0876375
0.0861907
0.0844074
0.0825404
0.0807817
0.0791052
0.0773858
0.075748
0.0742742
0.0727242
0.0714317
0.0701525
0.068945
0.0677544
0.0665407
0.0654543
0.000109337
0.000399078
0.000902097
0.00169599
0.00270255
0.00375355
0.00480073
0.00608106
0.00816829
0.0113901
0.014803
0.018323
0.0221127
0.0259212
0.0298006
0.0334474
0.0363168
0.0377098
0.0374121
0.0361272
0.0350189
0.0349536
0.0362429
0.0388182
0.0424561
0.0467583
0.051262
0.0555892
0.0593614
0.0623343
0.0642152
0.0647656
0.0639032
0.0620266
0.0592017
0.0566172
0.054301
0.0520997
0.0502303
0.0491373
0.0487662
0.0479935
0.0474354
0.0475769
0.0481816
0.0491467
0.0501498
0.0513035
0.0524789
0.053526
0.0542466
0.0550698
0.0558592
0.0565649
0.0572737
0.0577043
0.0580237
0.0583246
0.0588813
0.0594759
0.060256
0.0610683
0.0620002
0.0631418
0.0645751
0.0662436
0.0680759
0.0700509
0.072033
0.0740551
0.0758825
0.0777525
0.0793726
0.080797
0.0821548
0.0833735
0.0843563
0.0851308
0.0856599
0.0859251
0.0857809
0.0853729
0.0847499
0.08398
0.0831413
0.0817884
0.0801892
0.0785762
0.077032
0.0755567
0.0740245
0.0726035
0.071365
0.0699272
0.0687766
0.0676272
0.0664425
0.0653258
0.0641944
0.0631751
2.62421e-05
0.000138754
0.000342377
0.000663709
0.00110416
0.00162828
0.00221037
0.00290832
0.00377961
0.00474894
0.00587982
0.00726799
0.00883593
0.0105674
0.0125002
0.0143541
0.015824
0.0167866
0.0174526
0.0182646
0.0196485
0.0218251
0.0248511
0.0286154
0.0329303
0.0374461
0.0416171
0.0451647
0.0477724
0.0492984
0.0496572
0.0488716
0.0472684
0.0452694
0.0430659
0.041317
0.0399833
0.0388778
0.0382144
0.0380562
0.0382414
0.0382861
0.0384796
0.0390222
0.0398094
0.0407907
0.041822
0.0428987
0.043924
0.0449177
0.0458713
0.0468119
0.0476305
0.0483148
0.049051
0.0497001
0.050308
0.0509319
0.0517825
0.0526741
0.0536812
0.0547332
0.0559524
0.0573348
0.0589421
0.0607307
0.0626473
0.0646661
0.0666765
0.0687045
0.070575
0.0724461
0.0740446
0.0755226
0.0768776
0.0780759
0.0790496
0.0798382
0.0803856
0.0807704
0.0805863
0.0802572
0.0797537
0.079096
0.0783044
0.0771764
0.0758559
0.074493
0.0731704
0.0718839
0.0705511
0.0693304
0.0681871
0.0669771
0.0659357
0.0648579
0.0638093
0.0627682
0.061724
0.0607764
9.95877e-06
5.91807e-05
0.000148272
0.000282977
0.000463342
0.000686058
0.000953807
0.00128902
0.00172758
0.00223489
0.00276979
0.00329281
0.00382272
0.00447212
0.00531405
0.00603424
0.00660686
0.00712157
0.00778343
0.00886493
0.0105542
0.0129097
0.0158973
0.0193898
0.023175
0.0268921
0.0300707
0.0324741
0.033917
0.0344208
0.0341209
0.0332427
0.0320922
0.0309404
0.0298805
0.029209
0.0288437
0.0286814
0.0288229
0.0292385
0.0298001
0.0303213
0.0309059
0.0316403
0.0324862
0.033425
0.0343863
0.0353787
0.0363827
0.0373866
0.0383009
0.0391857
0.0400709
0.040958
0.0418136
0.0425763
0.0433047
0.0441504
0.0451539
0.0462951
0.0475602
0.0488499
0.0502602
0.0517978
0.053506
0.0553513
0.0572924
0.0592927
0.0612884
0.0632756
0.0651337
0.0669502
0.0685369
0.0700077
0.0713444
0.0725105
0.0734844
0.0742831
0.0748611
0.0751976
0.0751725
0.0749615
0.0745937
0.0740722
0.0734075
0.0724877
0.0714345
0.07031
0.0692114
0.0681136
0.0669823
0.0659354
0.0649211
0.0639001
0.06296
0.0619927
0.0610505
0.0600933
0.0591351
0.0582682
4.52504e-06
2.72757e-05
6.87848e-05
0.000130156
0.000209876
0.000307732
0.000427253
0.000580467
0.000783098
0.00103598
0.00132337
0.00164011
0.00197088
0.00227591
0.00255006
0.00277
0.00295242
0.0031621
0.00348158
0.00404528
0.00497406
0.00637896
0.00824166
0.0104904
0.012955
0.0153842
0.0174797
0.0190552
0.0200515
0.0205248
0.0205998
0.0204313
0.0201943
0.0200176
0.0199534
0.0200859
0.0203832
0.0208018
0.021379
0.0220823
0.022836
0.0235704
0.0243181
0.0251283
0.0259913
0.0269005
0.0278263
0.0287739
0.0297364
0.0307039
0.0316344
0.0325692
0.033476
0.0343532
0.0352714
0.0362157
0.0371803
0.0381765
0.0392702
0.0405152
0.0418422
0.0433264
0.0448769
0.0465075
0.0482571
0.0501049
0.0520153
0.0539592
0.0558944
0.0578011
0.0595917
0.0613321
0.0628797
0.064313
0.0656082
0.0667502
0.0677207
0.0685371
0.0691649
0.069527
0.0696263
0.0695455
0.0693263
0.0689622
0.0684662
0.0677603
0.0669511
0.0660553
0.0651728
0.0642565
0.0633291
0.0624455
0.0615729
0.0607064
0.0598719
0.05902
0.0581776
0.057312
0.0564447
0.055656
1.87163e-06
1.26902e-05
3.26641e-05
6.20349e-05
9.97834e-05
0.000145882
0.000202383
0.000275169
0.000371606
0.00049535
0.000642672
0.00081091
0.000993743
0.00118273
0.00135902
0.00150991
0.00163555
0.00174994
0.00188408
0.00207165
0.00236587
0.00284964
0.00366273
0.00464192
0.00577098
0.00696793
0.00812968
0.00915498
0.0100068
0.0106632
0.0111511
0.0115403
0.011909
0.0123122
0.012778
0.0133235
0.0139408
0.0146158
0.0153627
0.0161626
0.0169729
0.0177678
0.0185623
0.0193876
0.0202446
0.0211342
0.0220433
0.0229735
0.0239195
0.0248725
0.0258034
0.0267394
0.0276753
0.0286198
0.0295869
0.0305718
0.0316337
0.0327829
0.0340046
0.0352687
0.036656
0.0381216
0.0397527
0.0414304
0.0431761
0.0449798
0.0468241
0.0486804
0.0505179
0.0523078
0.0540084
0.0556534
0.0571351
0.0585035
0.0597585
0.0608735
0.0618419
0.0626823
0.0633919
0.0638001
0.0640284
0.0640739
0.0640144
0.063822
0.0635249
0.0630124
0.0624313
0.0617572
0.0610812
0.0603403
0.0596005
0.0588736
0.0581436
0.0574148
0.0566911
0.0559495
0.0552011
0.0544294
0.0536572
0.0529565
0
5.73293e-06
1.5394e-05
2.97728e-05
4.83817e-05
7.1102e-05
9.92224e-05
0.000135571
0.000183625
0.000246277
0.000323274
0.000413563
0.000514066
0.000618194
0.000724053
0.000823483
0.000912899
0.00099799
0.0010893
0.00120659
0.00137015
0.0015853
0.00185011
0.0021533
0.00251133
0.00297621
0.0035044
0.00403887
0.00457219
0.00508106
0.00555484
0.00601559
0.00649486
0.00701768
0.00759573
0.00822841
0.00890827
0.00962997
0.0103975
0.0111938
0.0119925
0.0127841
0.0135784
0.0143945
0.0152347
0.0161018
0.0169904
0.0179007
0.0188296
0.0197693
0.0207001
0.0216382
0.0225831
0.0235481
0.0245573
0.0256016
0.0266935
0.0278722
0.0291489
0.0304821
0.031842
0.0333123
0.0348624
0.0365365
0.0382461
0.0399768
0.0417253
0.0434709
0.0451823
0.0468497
0.0484407
0.0499791
0.051376
0.0526799
0.0538893
0.0549804
0.0559508
0.0568117
0.057551
0.0580492
0.0583958
0.058612
0.0587142
0.0586938
0.0585764
0.0582735
0.0579009
0.0574423
0.0569378
0.0563847
0.0558208
0.0552411
0.0546426
0.0540379
0.0534233
0.0527887
0.0521401
0.0514675
0.0507975
0.0501881
0
2.36882e-06
6.71229e-06
1.4043e-05
2.33985e-05
3.50137e-05
4.95223e-05
6.83414e-05
9.3232e-05
0.000126182
0.000167608
0.000217313
0.000274196
0.000334741
0.000395822
0.000457577
0.000517872
0.000576943
0.000639254
0.000712738
0.000805147
0.000922821
0.00106045
0.00121003
0.00137094
0.00154701
0.0017392
0.00194805
0.00217809
0.00242193
0.00267974
0.00296229
0.00327871
0.00364061
0.00406414
0.00456023
0.0051223
0.00573785
0.0064049
0.00710593
0.00782917
0.00857006
0.00932916
0.0101169
0.0109281
0.0117631
0.0126211
0.0135014
0.0144012
0.0153156
0.016232
0.0171601
0.0181016
0.0190684
0.0200785
0.021139
0.0222526
0.0234228
0.0246791
0.0260095
0.027375
0.0287766
0.0302693
0.0318239
0.0334628
0.0351043
0.0367385
0.0383568
0.0399394
0.0414784
0.0429548
0.0443763
0.0456981
0.0469415
0.0481073
0.0491767
0.0501514
0.0510284
0.0517961
0.0524
0.0528779
0.0532432
0.0535005
0.0536448
0.0536911
0.0535843
0.0533955
0.0531288
0.0527828
0.0524051
0.0520023
0.0515637
0.0510894
0.0506013
0.0500942
0.0495617
0.0490106
0.0484365
0.0478677
0.0473553
0
0
2.8133e-06
6.0059e-06
1.06135e-05
1.7094e-05
2.47926e-05
3.48643e-05
4.82072e-05
6.59123e-05
8.85745e-05
0.000116502
0.000149114
0.000184929
0.000222198
0.000259595
0.000298922
0.000338932
0.000381194
0.00042823
0.000483328
0.000548404
0.000623702
0.000707624
0.000797251
0.000892494
0.00099201
0.00109689
0.0012086
0.00132674
0.00144974
0.0015831
0.00173348
0.00191063
0.00212559
0.00238736
0.0027033
0.00307673
0.00351594
0.00402577
0.00460685
0.00524538
0.00591054
0.00660276
0.00732642
0.00808999
0.00888823
0.00971814
0.010575
0.0114504
0.0123365
0.0132395
0.0141604
0.0151093
0.0160987
0.0171359
0.0182292
0.0193756
0.0205759
0.0218481
0.0231726
0.0245212
0.0259084
0.0273573
0.028851
0.0303844
0.0319007
0.0333897
0.0348453
0.0362594
0.0376225
0.0389401
0.040197
0.041385
0.0425142
0.0435641
0.0445378
0.0454402
0.0462518
0.0469461
0.0475392
0.0480338
0.0484293
0.0487212
0.0489141
0.0489802
0.0489585
0.0488374
0.0486528
0.0484274
0.048166
0.0478604
0.0474925
0.0471118
0.0467103
0.0462809
0.0458322
0.045363
0.0449012
0.0444868
0
0
0
2.54721e-06
4.7158e-06
7.06419e-06
1.17928e-05
1.76986e-05
2.50308e-05
3.46957e-05
4.73366e-05
6.3112e-05
8.18635e-05
0.000103088
0.000125995
0.000149715
0.000173804
0.000200495
0.000228704
0.000259653
0.00029458
0.000333791
0.000377696
0.000425607
0.00047844
0.000534452
0.000592756
0.000653235
0.000716742
0.000782943
0.000850413
0.000921172
0.000998599
0.0010882
0.00119506
0.00132428
0.00148154
0.00167312
0.0019079
0.00219457
0.00253695
0.00293265
0.00338768
0.00392059
0.00453303
0.00519407
0.00588695
0.00660898
0.00736335
0.00815923
0.00898596
0.00984465
0.0107282
0.0116378
0.012583
0.0135706
0.0146076
0.0156963
0.0168312
0.0180099
0.0192443
0.0205207
0.0218107
0.0231299
0.0244884
0.0258657
0.0272619
0.0286311
0.0299666
0.0312658
0.0325277
0.0337562
0.0349486
0.036096
0.0371912
0.0382251
0.0392068
0.0401319
0.0409859
0.0417551
0.0424424
0.0430436
0.043553
0.0439657
0.0442828
0.0444912
0.044592
0.0446111
0.044568
0.0444736
0.0443352
0.0441643
0.0438845
0.0436061
0.0433047
0.0429758
0.0426284
0.0422641
0.0419093
0.0415925
0
0
0
0
2.14517e-06
3.37174e-06
5.05779e-06
7.3378e-06
1.2384e-05
1.80672e-05
2.49527e-05
3.40098e-05
4.5016e-05
5.76462e-05
7.15456e-05
8.63823e-05
0.000101887
0.000118607
0.000137343
0.000157728
0.000180239
0.000205138
0.00023254
0.00026241
0.000294477
0.000328032
0.000363713
0.000401293
0.000439678
0.000478845
0.000518352
0.000559047
0.000602186
0.000650332
0.000706632
0.000774388
0.000855279
0.000954119
0.00107691
0.00123059
0.00141858
0.00164721
0.00192241
0.00225158
0.00263707
0.00307658
0.00360255
0.00419749
0.00485147
0.00554138
0.00625988
0.00700736
0.00779443
0.00862978
0.00951075
0.0104355
0.0113943
0.0123934
0.0134375
0.0145185
0.0156323
0.0167924
0.0179879
0.0191872
0.0204056
0.021646
0.0228869
0.0241433
0.0253712
0.0265708
0.0277438
0.0288939
0.0300212
0.0311222
0.032194
0.0332215
0.0342085
0.0351511
0.0360387
0.0368614
0.0376145
0.0382924
0.0388889
0.0393983
0.039806
0.0401141
0.040334
0.0404733
0.0405444
0.0405578
0.0405213
0.0404299
0.0402718
0.0400933
0.0398906
0.039662
0.0394172
0.0391597
0.0389134
0.0386949
0
0
0
0
0
1.83415e-06
2.40445e-06
3.75126e-06
5.05773e-06
7.57055e-06
1.24291e-05
1.73433e-05
2.37678e-05
3.15185e-05
4.01438e-05
4.96151e-05
5.95158e-05
7.00304e-05
8.19208e-05
9.53473e-05
0.000110105
0.000126461
0.000144372
0.000163713
0.000184208
0.000205502
0.000227437
0.000248898
0.000271847
0.000296526
0.0003216
0.000346619
0.000373083
0.000401379
0.000432533
0.000468783
0.000511516
0.00056317
0.000626732
0.000707161
0.000808705
0.000933896
0.00108954
0.00128366
0.00151936
0.00180157
0.00213797
0.00252815
0.00298103
0.00350612
0.00409915
0.00474867
0.00543339
0.00614924
0.00689921
0.00769769
0.00855479
0.00945996
0.0104065
0.0113813
0.0123782
0.0134036
0.0144637
0.0155475
0.0166499
0.0177509
0.0188763
0.0199967
0.0211241
0.0222331
0.0233273
0.0244063
0.025472
0.0265243
0.0275596
0.0285675
0.0295516
0.0305006
0.0314057
0.0322595
0.0330555
0.0337843
0.034439
0.0350122
0.0354996
0.0358969
0.0362091
0.0364418
0.0366048
0.0367077
0.0367578
0.0367512
0.036696
0.0366132
0.0365053
0.0363746
0.0362305
0.0360777
0.0359368
0.0358125
0
0
0
0
0
0
0
1.96764e-06
2.62355e-06
3.8684e-06
5.08914e-06
7.56985e-06
1.14589e-05
1.55424e-05
2.07419e-05
2.70113e-05
3.36459e-05
4.06881e-05
4.83283e-05
5.65333e-05
6.63014e-05
7.74209e-05
8.95038e-05
0.000102474
0.000116024
0.000130153
0.000144667
0.00015948
0.000174426
0.000186018
0.000197736
0.000211894
0.000228585
0.000247018
0.000267355
0.000290221
0.000315629
0.000344527
0.000379574
0.000421696
0.000474363
0.000539859
0.000621729
0.000726886
0.000858907
0.0010227
0.00122748
0.00147546
0.00177037
0.00211801
0.00252555
0.00299195
0.003522
0.00411537
0.00476312
0.00544817
0.00616525
0.00691473
0.00770909
0.00855376
0.00943876
0.0103723
0.0113132
0.012271
0.0132484
0.0142376
0.0152278
0.0162335
0.0172475
0.018283
0.0193083
0.0203193
0.021326
0.0223269
0.0233198
0.0242972
0.0252596
0.0261967
0.0271016
0.0279656
0.0287807
0.0295379
0.0302288
0.0308456
0.0313845
0.0318418
0.0322198
0.0325227
0.0327588
0.0329368
0.0330632
0.033139
0.0331747
0.0331821
0.0331664
0.0331313
0.0330859
0.033035
0.0329957
0.032961
0
0
0
0
0
0
0
0
0
2.02445e-06
2.83233e-06
3.9648e-06
5.07207e-06
6.94616e-06
9.71855e-06
1.27286e-05
1.64187e-05
2.12758e-05
2.69364e-05
3.2407e-05
3.78522e-05
4.46334e-05
5.31208e-05
6.23435e-05
7.24585e-05
8.24766e-05
9.26534e-05
0.000102849
0.00011291
0.000123048
0.000133248
0.000140318
0.000146391
0.000153149
0.000161315
0.000171817
0.000186161
0.000205195
0.00022921
0.000256692
0.000288611
0.000325079
0.000369312
0.000423368
0.000491587
0.000577101
0.000686207
0.000825479
0.000997258
0.00121097
0.00147011
0.00177535
0.00213854
0.00255674
0.00302975
0.00356459
0.00415788
0.00479696
0.00546888
0.0061688
0.00689669
0.00765846
0.00846005
0.00932391
0.0102217
0.0111103
0.0120035
0.0129015
0.0138106
0.0147302
0.0156542
0.0166024
0.0175625
0.018521
0.0194644
0.0204011
0.0213308
0.0222422
0.0231284
0.0239817
0.0247933
0.0255545
0.0262577
0.0268965
0.0274659
0.0279625
0.0283872
0.0287437
0.0290391
0.0292811
0.029476
0.0296283
0.0297462
0.0298381
0.0299098
0.0299656
0.0300136
0.0300586
0.0301137
0.0301615
0
0
0
0
0
0
0
0
0
0
1.71747e-06
2.05878e-06
2.86214e-06
3.87891e-06
4.80436e-06
5.98384e-06
7.86217e-06
9.85215e-06
1.23831e-05
1.59257e-05
2.05369e-05
2.53074e-05
3.00034e-05
3.50663e-05
4.11235e-05
4.86015e-05
5.64625e-05
6.4403e-05
7.24404e-05
8.00901e-05
8.75563e-05
9.49539e-05
0.000102343
0.000107029
0.000111239
0.000115908
0.000121357
0.000128173
0.000136996
0.00014892
0.000165482
0.000189055
0.000220049
0.000255348
0.000294916
0.000340457
0.000396494
0.000466592
0.000553955
0.000664807
0.000807859
0.000983896
0.00120189
0.00146575
0.0017794
0.00214833
0.00256948
0.00304175
0.00356858
0.00414497
0.00475981
0.00540837
0.00608351
0.00678067
0.00750705
0.00826851
0.00910159
0.00995751
0.0107693
0.0116045
0.0124503
0.0133032
0.014172
0.0150519
0.0159357
0.0168302
0.0177267
0.0186063
0.0194613
0.0202887
0.0210805
0.021829
0.0225271
0.0231692
0.0237509
0.0242694
0.0247253
0.0251219
0.0254652
0.0257619
0.0260182
0.0262392
0.0264312
0.026601
0.0267537
0.0268937
0.027028
0.0271607
0.027301
0.0274225
0
0
0
0
0
0
0
0
0
0
0
0
1.74697e-06
2.03897e-06
2.71335e-06
3.6085e-06
4.41146e-06
5.31605e-06
6.52912e-06
8.0031e-06
9.59379e-06
1.24246e-05
1.58711e-05
1.99031e-05
2.39502e-05
2.78591e-05
3.18271e-05
3.61729e-05
4.12978e-05
4.72739e-05
5.35111e-05
5.94805e-05
6.55636e-05
7.17023e-05
7.78017e-05
8.15525e-05
8.54976e-05
8.98302e-05
9.48377e-05
0.000100798
0.0001082
0.000117585
0.00013
0.000146688
0.000169626
0.000200562
0.000237932
0.000278762
0.00032437
0.000379862
0.000449163
0.000535714
0.000644893
0.00078655
0.000960407
0.00117643
0.00144063
0.00175251
0.0021179
0.00253255
0.00299458
0.00350487
0.00405696
0.00464944
0.00527904
0.0059269
0.00659592
0.0072871
0.00800161
0.00878181
0.00957318
0.0103783
0.0111729
0.0119766
0.0127927
0.013613
0.0144346
0.0152515
0.0160561
0.0168494
0.017617
0.0183468
0.01903
0.019665
0.0202485
0.0207783
0.0212555
0.0216833
0.0220662
0.0224104
0.022721
0.0230028
0.0232608
0.0235003
0.0237259
0.0239414
0.0241524
0.0243623
0.0245768
0.0247619
0
0
0
0
0
0
0
0
0
0
0
0
0
0
1.70688e-06
1.9671e-06
2.42975e-06
3.26709e-06
4.06151e-06
4.84444e-06
5.78823e-06
6.97886e-06
8.43999e-06
1.02916e-05
1.271e-05
1.55697e-05
1.87078e-05
2.17235e-05
2.4563e-05
2.72578e-05
2.9931e-05
3.28383e-05
3.61492e-05
4.00416e-05
4.47849e-05
5.03004e-05
5.55178e-05
6.01293e-05
6.49596e-05
7.01102e-05
7.56226e-05
8.19344e-05
8.91881e-05
9.77243e-05
0.000108136
0.000121258
0.000138425
0.000160929
0.000190508
0.000226683
0.000266363
0.000310275
0.000362976
0.000428381
0.00051094
0.000614679
0.00074925
0.000917582
0.00112618
0.00138377
0.00168945
0.00204595
0.0024543
0.00290657
0.00340376
0.00393661
0.00450917
0.00511733
0.00573275
0.00637183
0.00703243
0.00771776
0.00844921
0.00920789
0.00995433
0.010726
0.0114816
0.0122316
0.0129777
0.0137082
0.014418
0.0151031
0.0157559
0.0163738
0.0169544
0.0174934
0.017989
0.0184436
0.0188605
0.0192458
0.0196034
0.0199377
0.0202526
0.0205522
0.0208406
0.0211207
0.021397
0.0216721
0.0219485
0.0221864
0
0
0
0
0
0
0
0
0
0
0
0
0
0
0
0
1.62772e-06
1.90928e-06
2.26689e-06
3.00958e-06
3.81697e-06
4.52844e-06
5.35005e-06
6.32101e-06
7.49709e-06
8.81014e-06
1.03708e-05
1.21809e-05
1.41648e-05
1.62018e-05
1.82655e-05
2.01128e-05
2.18621e-05
2.35395e-05
2.5281e-05
2.7159e-05
2.94904e-05
3.25183e-05
3.66947e-05
4.18337e-05
4.80691e-05
5.42326e-05
6.07747e-05
6.77076e-05
7.51395e-05
8.33756e-05
9.26472e-05
0.000103443
0.000116513
0.000133048
0.000154129
0.000180943
0.000213622
0.000250662
0.000291408
0.000339248
0.000399125
0.000475455
0.000571572
0.000696594
0.000857995
0.0010596
0.0013113
0.00161321
0.00196323
0.00236277
0.00280444
0.00328549
0.00380244
0.00435738
0.00493138
0.00551985
0.00613167
0.00675732
0.00740223
0.00807583
0.00876163
0.0094656
0.0101797
0.0108705
0.0115296
0.0121672
0.0127829
0.0133702
0.0139268
0.0144536
0.0149505
0.0154174
0.0158573
0.0162739
0.0166707
0.0170494
0.0174132
0.0177643
0.0181059
0.01844
0.0187701
0.0190981
0.0194239
0.0197039
0
0
0
0
0
0
0
0
0
0
0
0
0
0
0
0
0
0
0
1.88661e-06
2.18243e-06
2.84265e-06
3.61411e-06
4.26126e-06
4.94404e-06
5.71473e-06
6.57933e-06
7.54077e-06
8.55026e-06
9.59887e-06
1.07699e-05
1.19662e-05
1.32079e-05
1.44328e-05
1.56675e-05
1.69211e-05
1.81639e-05
1.95407e-05
2.12e-05
2.33826e-05
2.62461e-05
2.99873e-05
3.50211e-05
4.1388e-05
4.88303e-05
5.61114e-05
6.36435e-05
7.14411e-05
7.9842e-05
8.89398e-05
9.92076e-05
0.000111244
0.000125958
0.000144329
0.000167069
0.000195038
0.000228433
0.000265963
0.000308998
0.000363008
0.000433034
0.000523502
0.000641354
0.000798653
0.000995715
0.00124292
0.00153862
0.00188162
0.00226729
0.00269776
0.00316207
0.00365313
0.00418032
0.00472915
0.00528898
0.00586021
0.00644054
0.00704205
0.00765164
0.00826516
0.0088697
0.00948301
0.0100827
0.0106561
0.0111945
0.0117088
0.0122001
0.0126703
0.0131202
0.0135517
0.0139687
0.0143738
0.0147687
0.0151545
0.0155333
0.0159068
0.0162771
0.016645
0.017008
0.0173199
0
0
0
0
0
0
0
0
0
0
0
0
0
0
0
0
0
0
0
0
0
1.88251e-06
2.1238e-06
2.62099e-06
3.35795e-06
3.95393e-06
4.48356e-06
5.06055e-06
5.67683e-06
6.31306e-06
6.99971e-06
7.70463e-06
8.41816e-06
9.14799e-06
9.91847e-06
1.07159e-05
1.15813e-05
1.2561e-05
1.36392e-05
1.48486e-05
1.62156e-05
1.81295e-05
2.06337e-05
2.36807e-05
2.74071e-05
3.22354e-05
3.84315e-05
4.58855e-05
5.3108e-05
6.03846e-05
6.78064e-05
7.56038e-05
8.38769e-05
9.29213e-05
0.000103212
0.000115424
0.000130529
0.000149337
0.000172705
0.00020154
0.000236467
0.000277255
0.000326927
0.000392789
0.000480665
0.000595797
0.000749443
0.000942709
0.00118442
0.00147324
0.00180555
0.0021815
0.00259168
0.00303073
0.00350111
0.00399366
0.00450448
0.0050224
0.00554508
0.0060741
0.00659962
0.00713034
0.00765463
0.00817685
0.0086877
0.00919062
0.00969061
0.0101708
0.0106339
0.0110766
0.0115075
0.0119277
0.0123401
0.0127463
0.0131468
0.0135428
0.0139369
0.014329
0.0147149
0.0150471
0
0
0
0
0
0
0
0
0
0
0
0
0
0
0
0
0
0
0
0
0
0
0
1.8725e-06
2.04944e-06
2.39424e-06
2.97864e-06
3.5357e-06
3.97497e-06
4.36947e-06
4.78688e-06
5.22681e-06
5.67741e-06
6.13033e-06
6.63229e-06
7.16844e-06
7.75971e-06
8.41818e-06
9.16764e-06
1.00043e-05
1.09455e-05
1.20409e-05
1.33663e-05
1.50184e-05
1.70147e-05
1.95003e-05
2.25861e-05
2.6131e-05
3.05664e-05
3.60693e-05
4.26287e-05
4.92935e-05
5.57795e-05
6.23335e-05
6.90859e-05
7.63096e-05
8.40848e-05
9.2765e-05
0.000102875
0.000115279
0.00013104
0.000151254
0.000177049
0.000209621
0.000249912
0.000298607
0.000362972
0.000450144
0.000564376
0.000716012
0.000906463
0.00114184
0.00142143
0.00173998
0.00209462
0.00248123
0.00289791
0.00333263
0.00377926
0.00423822
0.00470589
0.00517551
0.00564042
0.00609993
0.00655479
0.00700768
0.00745457
0.00789925
0.00834312
0.00878256
0.00922213
0.00966202
0.0100932
0.0105181
0.0109346
0.0113463
0.0117539
0.0121577
0.0125537
0.0128959
0
0
0
0
0
0
0
0
0
0
0
0
0
0
0
0
0
0
0
0
0
0
0
0
0
1.82628e-06
1.96778e-06
2.14277e-06
2.45588e-06
2.92665e-06
3.35533e-06
3.71125e-06
4.00077e-06
4.28263e-06
4.59232e-06
4.94402e-06
5.32234e-06
5.74927e-06
6.24349e-06
6.8318e-06
7.52893e-06
8.34187e-06
9.28127e-06
1.02844e-05
1.14533e-05
1.28879e-05
1.45235e-05
1.6427e-05
1.87477e-05
2.1537e-05
2.4664e-05
2.83087e-05
3.265e-05
3.76476e-05
4.33397e-05
4.89544e-05
5.46001e-05
6.04512e-05
6.66976e-05
7.36821e-05
8.15737e-05
9.07021e-05
0.000101829
0.000116039
0.000134744
0.000159306
0.000191013
0.000231398
0.000281121
0.000346407
0.000434424
0.000550247
0.000697712
0.000883883
0.00111076
0.00137382
0.00167346
0.00200717
0.00236598
0.00273958
0.00312923
0.00352806
0.00393823
0.00434695
0.00476373
0.00517829
0.00558907
0.0059969
0.00640188
0.00680964
0.00721758
0.00762682
0.00803973
0.00845428
0.00886799
0.00928565
0.00970391
0.0101164
0.0105197
0.0108676
0
0
0
0
0
0
0
0
0
0
0
0
0
0
0
0
0
0
0
0
0
0
0
0
0
0
0
0
1.88689e-06
1.98278e-06
2.0902e-06
2.27215e-06
2.54187e-06
2.91298e-06
3.24288e-06
3.54231e-06
3.80606e-06
4.06365e-06
4.37543e-06
4.76424e-06
5.22428e-06
5.76178e-06
6.39662e-06
7.14435e-06
8.01078e-06
8.98688e-06
1.0032e-05
1.11849e-05
1.25249e-05
1.39944e-05
1.56575e-05
1.75589e-05
1.97514e-05
2.22764e-05
2.49749e-05
2.80429e-05
3.15494e-05
3.56419e-05
4.02829e-05
4.55132e-05
5.09098e-05
5.68219e-05
6.35228e-05
7.13845e-05
8.07336e-05
9.19076e-05
0.000105972
0.000124565
0.000149395
0.000181668
0.000223026
0.000274773
0.000341594
0.000429678
0.000543838
0.000686788
0.000866226
0.00107675
0.00132368
0.00160029
0.00190153
0.00221947
0.00255251
0.00290357
0.00325726
0.00361765
0.0039822
0.00435167
0.00473077
0.00511043
0.00549003
0.00587033
0.00625147
0.00663645
0.00702683
0.00741982
0.00781485
0.0082116
0.00860284
0.00894588
0
0
0
0
0
0
0
0
0
0
0
0
0
0
0
0
0
0
0
0
0
0
0
0
0
0
0
0
0
0
0
1.83577e-06
1.95266e-06
2.01158e-06
2.08127e-06
2.20462e-06
2.41651e-06
2.76804e-06
3.11247e-06
3.45273e-06
3.75887e-06
4.08123e-06
4.49213e-06
4.9967e-06
5.57637e-06
6.23165e-06
6.97936e-06
7.82411e-06
8.74573e-06
9.71594e-06
1.07371e-05
1.1857e-05
1.30724e-05
1.43545e-05
1.57397e-05
1.73037e-05
1.90343e-05
2.10756e-05
2.33034e-05
2.57674e-05
2.86974e-05
3.22434e-05
3.66303e-05
4.20707e-05
4.84002e-05
5.55936e-05
6.39432e-05
7.40213e-05
8.61331e-05
0.000101022
0.000120452
0.000146257
0.000179514
0.000221739
0.000274641
0.000341375
0.000427071
0.000537875
0.000673919
0.000837604
0.00103351
0.00125966
0.00150383
0.0017714
0.00205656
0.0023566
0.00266227
0.00298004
0.00330428
0.00363735
0.00397806
0.00432682
0.00468509
0.00504652
0.00540968
0.00577418
0.00613954
0.00650474
0.00687163
0.0071975
0
0
0
0
0
0
0
0
0
0
0
0
0
0
0
0
0
0
0
0
0
0
0
0
0
0
0
0
0
0
0
0
0
0
0
1.83734e-06
1.96817e-06
2.02448e-06
2.07804e-06
2.19801e-06
2.45428e-06
2.87965e-06
3.27221e-06
3.61734e-06
3.95731e-06
4.37985e-06
4.8881e-06
5.45228e-06
6.07501e-06
6.75002e-06
7.49044e-06
8.27554e-06
9.09509e-06
9.91736e-06
1.07762e-05
1.16889e-05
1.26641e-05
1.36702e-05
1.47508e-05
1.59375e-05
1.73628e-05
1.90056e-05
2.11128e-05
2.36135e-05
2.66588e-05
3.05422e-05
3.57978e-05
4.26477e-05
5.07962e-05
6.00631e-05
7.09878e-05
8.41719e-05
0.000100033
0.000120416
0.000146848
0.000180442
0.00022316
0.000274928
0.000338943
0.000422144
0.000523391
0.000646801
0.000800205
0.000975885
0.00116982
0.00139227
0.0016296
0.00188408
0.00214783
0.0024275
0.0027171
0.00301869
0.00332908
0.00364843
0.00397574
0.00431064
0.00465299
0.00499664
0.00533666
0.00564075
0
0
0
0
0
0
0
0
0
0
0
0
0
0
0
0
0
0
0
0
0
0
0
0
0
0
0
0
0
0
0
0
0
0
0
0
0
0
0
1.90396e-06
2.02148e-06
2.06322e-06
2.14209e-06
2.37366e-06
2.80859e-06
3.19926e-06
3.53646e-06
3.86386e-06
4.25758e-06
4.71457e-06
5.21023e-06
5.7446e-06
6.29914e-06
6.87672e-06
7.49014e-06
8.12236e-06
8.77295e-06
9.43698e-06
1.01166e-05
1.08538e-05
1.16605e-05
1.25571e-05
1.35449e-05
1.46718e-05
1.60229e-05
1.7852e-05
2.02178e-05
2.33784e-05
2.73671e-05
3.26465e-05
3.98957e-05
4.89579e-05
5.90272e-05
7.06609e-05
8.45446e-05
0.000101027
0.000121819
0.000148156
0.00018159
0.000222444
0.000270439
0.00033165
0.000405674
0.000498519
0.000612559
0.000745056
0.000900272
0.00107499
0.00126846
0.00147971
0.00170696
0.00195256
0.00220953
0.00248071
0.00276316
0.00305429
0.0033527
0.00365709
0.00396374
0.00424505
0
0
0
0
0
0
0
0
0
0
0
0
0
0
0
0
0
0
0
0
0
0
0
0
0
0
0
0
0
0
0
0
0
0
0
0
0
0
0
0
0
0
0
2.03656e-06
2.07013e-06
2.13016e-06
2.34182e-06
2.75526e-06
3.10703e-06
3.41066e-06
3.69285e-06
4.0136e-06
4.37531e-06
4.76733e-06
5.1775e-06
5.6113e-06
6.05582e-06
6.50473e-06
6.97748e-06
7.49007e-06
8.03384e-06
8.6225e-06
9.26788e-06
9.98278e-06
1.08222e-05
1.182e-05
1.29901e-05
1.43596e-05
1.60469e-05
1.84603e-05
2.17766e-05
2.60607e-05
3.16089e-05
3.93147e-05
4.89545e-05
5.93962e-05
7.13497e-05
8.55003e-05
0.000102024
0.000122374
0.000147927
0.000179502
0.000216557
0.00026094
0.000315357
0.000384893
0.000467659
0.000567808
0.000684609
0.000816817
0.00097037
0.00114271
0.00133494
0.00154554
0.00177224
0.00201182
0.0022629
0.00252474
0.00279186
0.00304014
0
0
0
0
0
0
0
0
0
0
0
0
0
0
0
0
0
0
0
0
0
0
0
0
0
0
0
0
0
0
0
0
0
0
0
0
0
0
0
0
0
0
0
0
0
0
2.05255e-06
2.07489e-06
2.10901e-06
2.26371e-06
2.55234e-06
2.91315e-06
3.17601e-06
3.40611e-06
3.63043e-06
3.88394e-06
4.16269e-06
4.45964e-06
4.77512e-06
5.11864e-06
5.49415e-06
5.90683e-06
6.3345e-06
6.81949e-06
7.39311e-06
8.05299e-06
8.81814e-06
9.70233e-06
1.07557e-05
1.20399e-05
1.35385e-05
1.53009e-05
1.77709e-05
2.12087e-05
2.57604e-05
3.14768e-05
3.94408e-05
4.92846e-05
5.96165e-05
7.14293e-05
8.54064e-05
0.000101517
0.000120905
0.000144844
0.000174352
0.000206424
0.000248792
0.000298323
0.000360193
0.000430505
0.000513861
0.00061311
0.000731196
0.000870063
0.00102655
0.00120104
0.00139292
0.00160247
0.00181876
0.00202797
0
0
0
0
0
0
0
0
0
0
0
0
0
0
0
0
0
0
0
0
0
0
0
0
0
0
0
0
0
0
0
0
0
0
0
0
0
0
0
0
0
0
0
0
0
0
0
0
0
2.05036e-06
2.0793e-06
2.08007e-06
2.13558e-06
2.29014e-06
2.52537e-06
2.81712e-06
3.01195e-06
3.18559e-06
3.35425e-06
3.52745e-06
3.73799e-06
3.98364e-06
4.25926e-06
4.57084e-06
4.96367e-06
5.43202e-06
5.97757e-06
6.57306e-06
7.29164e-06
8.13739e-06
9.11342e-06
1.023e-05
1.15976e-05
1.31846e-05
1.49886e-05
1.74767e-05
2.09678e-05
2.55812e-05
3.10947e-05
3.88566e-05
4.85904e-05
5.84048e-05
6.96339e-05
8.38077e-05
9.89446e-05
0.000117694
0.000139444
0.000167183
0.000198376
0.000233276
0.000274285
0.000324759
0.000386139
0.000460628
0.000550255
0.000653586
0.000775091
0.00091605
0.0010727
0.00122927
0
0
0
0
0
0
0
0
0
0
0
0
0
0
0
0
0
0
0
0
0
0
0
0
0
0
0
0
0
0
0
0
0
0
0
0
0
0
0
0
0
0
0
0
0
0
0
0
0
0
0
0
1.98408e-06
2.07394e-06
2.08187e-06
2.06776e-06
2.08155e-06
2.15725e-06
2.29289e-06
2.47649e-06
2.72129e-06
2.8667e-06
3.01332e-06
3.1744e-06
3.35626e-06
3.6095e-06
3.94109e-06
4.32631e-06
4.81943e-06
5.44081e-06
6.13676e-06
6.89633e-06
7.8086e-06
8.83524e-06
9.98746e-06
1.13611e-05
1.29572e-05
1.47386e-05
1.70833e-05
2.04394e-05
2.47969e-05
2.96636e-05
3.62294e-05
4.49407e-05
5.33344e-05
6.91907e-05
8.15273e-05
9.73011e-05
0.000114475
0.000133689
0.000155673
0.000181166
0.000213035
0.000252387
0.00029912
0.000351754
0.000414716
0.000490361
0.00058006
0.000676584
0
0
0
0
0
0
0
0
0
0
0
0
0
0
0
0
0
0
0
0
0
0
0
0
0
0
0
0
0
0
0
0
0
0
0
0
0
0
0
0
0
0
0
0
0
0
0
0
0
0
0
0
0
0
0
0
0
2.04091e-06
2.08362e-06
2.06838e-06
2.03594e-06
2.02947e-06
2.08006e-06
2.19433e-06
2.36834e-06
2.63414e-06
2.79316e-06
2.9887e-06
3.21854e-06
3.55041e-06
3.98958e-06
4.4855e-06
5.14834e-06
5.91906e-06
6.69958e-06
7.61423e-06
8.63751e-06
9.76456e-06
1.10739e-05
1.26122e-05
1.43291e-05
1.63533e-05
1.9272e-05
2.23992e-05
2.60289e-05
3.17858e-05
4.00955e-05
4.90566e-05
6.23788e-05
7.63682e-05
9.1276e-05
0.000108002
0.000125973
0.000148328
0.000171558
0.000198622
0.000228712
0.000263876
0.000305643
0.00035225
0
0
0
0
0
0
0
0
0
0
0
0
0
0
0
0
0
0
0
0
0
0
0
0
0
0
0
0
0
0
0
0
0
0
0
0
0
0
0
0
0
0
0
0
0
0
0
0
0
0
0
0
0
0
0
0
0
0
0
0
0
0
2.01921e-06
2.06122e-06
2.02109e-06
1.96126e-06
1.97063e-06
2.07835e-06
2.27064e-06
2.57493e-06
2.77612e-06
3.03085e-06
3.32388e-06
3.80586e-06
4.31852e-06
4.969e-06
5.75822e-06
6.51792e-06
7.38482e-06
8.36509e-06
9.43343e-06
1.06559e-05
1.21302e-05
1.38073e-05
1.56981e-05
1.79092e-05
2.02329e-05
2.31085e-05
2.92695e-05
4.13334e-05
5.17863e-05
5.97991e-05
7.20313e-05
8.62041e-05
9.94369e-05
0.000113345
0.000129285
0.000146971
0.000166374
0.000187187
0
0
0
0
0
0
0
0
0
0
0
0
0
0
0
0
0
0
0
0
0
0
0
0
0
0
0
0
0
0
0
0
0
0
0
0
0
0
0
0
0
0
0
0
0
0
0
0
0
0
0
0
0
0
0
0
0
0
0
0
0
0
0
0
0
0
0
2.02262e-06
1.95657e-06
1.88148e-06
1.94048e-06
2.11216e-06
2.36255e-06
2.64946e-06
2.91722e-06
3.19545e-06
3.65893e-06
4.17788e-06
4.78471e-06
5.52436e-06
6.28154e-06
7.09102e-06
7.99314e-06
9.06997e-06
1.07085e-05
1.18989e-05
1.38771e-05
1.53396e-05
1.73153e-05
1.94399e-05
2.20615e-05
2.77433e-05
3.42276e-05
4.16152e-05
4.99704e-05
5.93357e-05
6.96951e-05
8.11398e-05
9.26999e-05
0.000102029
0
0
0
0
0
0
0
0
0
0
0
0
0
0
0
0
0
0
0
0
0
0
0
0
0
0
0
0
0
0
0
0
0
0
0
0
0
0
0
0
0
0
0
0
0
0
0
0
0
0
0
0
0
0
0
0
0
0
0
0
0
0
0
0
0
0
0
0
0
0
0
1.95931e-06
1.82796e-06
1.85282e-06
2.01169e-06
2.2422e-06
2.54248e-06
2.8076e-06
3.09596e-06
3.48068e-06
4.04976e-06
4.68273e-06
5.35966e-06
6.14432e-06
7.12633e-06
7.72943e-06
8.85377e-06
9.71534e-06
1.081e-05
1.2102e-05
1.36472e-05
1.54321e-05
1.73669e-05
1.94647e-05
2.17344e-05
2.61886e-05
3.12785e-05
3.67146e-05
4.2411e-05
4.79216e-05
0
0
0
0
0
0
0
0
0
0
0
0
0
0
0
0
0
0
0
0
0
0
0
0
0
0
0
0
0
0
0
0
0
0
0
0
0
0
0
0
0
0
0
0
0
0
0
0
0
0
0
0
0
0
0
0
0
0
0
0
0
0
0
0
0
0
0
0
0
0
0
0
0
0
1.96922e-06
1.7638e-06
1.76042e-06
1.90805e-06
2.11847e-06
2.4292e-06
2.68171e-06
3.11256e-06
3.63922e-06
4.31756e-06
4.99194e-06
5.57899e-06
5.98422e-06
6.37608e-06
7.20857e-06
8.25442e-06
8.98158e-06
9.80646e-06
1.07801e-05
1.18684e-05
1.313e-05
1.44856e-05
1.59246e-05
1.73688e-05
1.88019e-05
2.01205e-05
0
0
0
0
0
0
0
0
0
0
0
0
0
0
0
0
0
0
0
0
0
0
0
0
0
0
0
0
0
0
0
0
0
0
0
0
0
0
0
0
0
0
0
0
0
0
0
0
0
0
0
0
0
0
0
0
0
0
0
0
0
0
0
0
0
0
0
0
0
0
0
0
0
0
0
0
0
1.94661e-06
1.63514e-06
1.63864e-06
1.80629e-06
2.06011e-06
2.40884e-06
2.92276e-06
3.45694e-06
3.68075e-06
4.13077e-06
4.59383e-06
5.05401e-06
5.4679e-06
5.92433e-06
6.3372e-06
6.99625e-06
7.88969e-06
8.62555e-06
9.1151e-06
9.71829e-06
1.03598e-05
1.09572e-05
1.14962e-05
0
0
0
0
0
0
0
0
0
0
0
0
0
0
0
0
0
0
0
0
0
0
0
0
0
0
0
0
0
0
0
0
0
0
0
0
0
0
0
0
0
0
0
0
0
0
0
0
0
0
0
0
0
0
0
0
0
0
0
0
0
0
0
0
0
0
0
0
0
0
0
0
0
0
0
0
0
0
0
0
0
1.42999e-06
1.60074e-06
2.14527e-06
2.56955e-06
2.76848e-06
2.98769e-06
3.22729e-06
3.45165e-06
3.6854e-06
4.08822e-06
4.48163e-06
4.88546e-06
5.08442e-06
5.56227e-06
6.00266e-06
6.07268e-06
6.37743e-06
6.67183e-06
6.97209e-06
0
0
0
0
0
0
0
0
0
0
0
0
0
0
0
0
0
0
0
0
0
0
0
0
0
0
0
0
0
0
0
0
0
0
0
0
0
0
0
0
0
0
0
0
0
0
0
0
0
0
0
0
0
0
0
0
0
0
0
0
0
0
0
0
0
0
0
0
0
0
0
0
0
0
0
0
0
0
0
0
0
0
0
0
0
2.06011e-06
2.20766e-06
2.40191e-06
2.56646e-06
2.74239e-06
2.9284e-06
3.12058e-06
3.31709e-06
3.47555e-06
3.6382e-06
3.82241e-06
4.09825e-06
4.28629e-06
4.43863e-06
4.54681e-06
0
0
0
0
0
0
0
0
0
0
0
0
0
0
0
0
0
0
0
0
0
0
0
0
0
0
0
0
0
0
0
0
0
0
0
0
0
0
0
0
0
0
0
0
0
0
0
0
0
0
0
0
0
0
0
0
0
0
0
0
0
0
0
0
0
0
0
0
0
0
0
0
0
0
0
0
0
0
0
0
0
0
0
0
0
0
0
0
0
2.0349e-06
2.13571e-06
2.27474e-06
2.41961e-06
2.53493e-06
2.64502e-06
2.74608e-06
2.83392e-06
2.9039e-06
2.93942e-06
2.94254e-06
0
0
0
0
0
0
0
0
0
0
0
0
0
0
0
0
0
0
0
0
0
0
0
0
0
0
0
0
0
0
0
0
0
0
0
0
0
0
0
0
0
0
0
0
0
0
0
0
0
0
0
0
0
0
0
0
0
0
0
0
0
0
0
0
0
0
0
0
0
0
0
0
0
0
0
0
0
0
0
0
0
0
0
0
0
0
0
0
0
0
0
0
0
0
0
2.01071e-06
2.02982e-06
2.0464e-06
2.05286e-06
2.05176e-06
0
0
0
0
0
0
0
0
0
0
0
0
0
0
0
0
0
0
0
0
0
0
0
0
0
0
0
0
0
0
0
0
0
0
0
0
0
0
0
0
0
0
0
0
0
0
0
0
0
0
0
0
0
0
0
0
0
0
0
0
0
0
0
0
0
0
0
0
0
0
0
0
0
0
0
0
0
0
0
0
0
0
0
0
0
0
0
0
0
0
0
0
0
0
0
0
0
0
0
0
0
0
0
0
0
0
0
0
0
0
0
0
0
0
0
0
0
0
0
0
0
0
0
0
0
0
0
0
0
0
0
0
0
0
0
0
0
0
0
0
0
0
0
0
0
0
0
0
0
0
0
0
0
0
0
0
0
0
0
0
0
0
0
0
0
0
0
0
0
0
0
0
0
0
0
0
0
0
0
0
0
0
0
0
0
0
0
0
0
0
0
0
0
0
0
0
0
0
0
0
0
0
0
0
0
0
0
0
0
0
0
0
0
0
0
0
0
0
0
0
0
0
0
0
0
0
0
0
0
0
0
0
0
0
0
0
0
0
0
0
0
0
0
0
0
0
0
0
0
0
0
0
0
0
0
0
0
0
0
0
0
0
0
0
0
0
0
0
0
0
0
0
0
0
0
0
0
0
0
0
0
0
0
0
0
0
0
0
0
0
0
0
0
0
0
0
0
0
0
0
0
0
0
0
0
0
0
0
0
0
0
0
0
0
0
0
0
0
0
0
0
0
0
0
0
0
0
0
0
0
0
0
0
0
0
0
0
0
0
0
0
0
0
0
0
0
0
0
0
0
0
0
0
0
0
0
0
0
0
0
0
0
0
0
0
0
0
0
0
0
0
0
0
0
0
0
0
0
0
0
0
0
0
0
0
0
0
0
0
0
0
0
0
0
0
0
0
0
0
0
0
0
0
0
0
0
0
0
0
0
0
0
0
0
0
0
0
0
0
0
0
0
0
0
0
0
0
0
0
0
0
0
0
0
0
0
0
0
0
0
0
0
0
0
0
0
0
0
0
0
0
0
0
0
0
0
0
0
0
0
0
0
0
0
0
0
0
0
0
0
0
0
0
0
0
0
0
0
0
0
0
0
0
0
0
0
0
0
0
0
0
0
0
0
0
0
0
0
0
0
0
0
0
0
0
0
0
0
0
0
0
0
0
0
0
0
0
0
0
0
0
0
0
0
0
0
0
0
0
0
0
0
0
0
0
0
0
0
0
0
0
0
0
0
0
0
0
0
0
0
0
0
0
0
0
0
0
0
0
0
0
0
0
0
0
0
0
0
0
0
0
0
0
0
0
0
0
0
0
0
0
0
0
0
0
0
0
0
0
0
0
0
0
0
0
0
0
0
0
0
0
0
0
0
0
0
0
0
0
0
0
0
0
0
0
0
0
0
0
0
0
0
0
0
0
0
0
0
0
0
0
0
0
0
0
0
0
0
0
0
0
0
0
0
0
0
0
0
0
0
0
0
0
0
0
0
0
0
0
0
0
0
0
0
0
0
0
0
0
0
0
0
0
0
0
0
0
0
0
0
0
0
0
0
0
0
0
0
0
0
0
0
0
0
0
0
0
0
0
0
0
0
0
0
0
0
0
0
0
0
0
0
0
0
0
0
0
0
0
0
0
0
0
0
0
0
0
0
0
0
0
0
0
0
0
0
0
0
0
0
0
0
0
0
0
0
0
0
0
0
0
0
0
0
0
0
0
0
0
0
0
0
0
0
0
0
0
0
0
0
0
0
0
0
0
0
0
0
0
0
0
0
0
0
0
0
0
0
0
0
0
0
0
0
0
0
0
0
0
0
0
0
0
0
0
0
0
0
0
0
0
0
0
0
0
0
0
0
0
0
0
0
0
0
0
0
0
0
0
0
0
0
0
0
0
0
0
0
0
0
0
0
0
0
0
0
0
0
0
0
0
0
0
0
0
0
0
0
0
0
0
0
0
0
0
0
0
0
0
0
0
0
0
0
0
0
0
0
0
0
0
0
0
0
0
0
0
0
0
0
0
0
0
0
0
0
0
0
0
0
)
;

boundaryField
{
    AXIS
    {
        type            empty;
    }
    OUTLET
    {
        type            calculated;
        value           nonuniform List<scalar> 
80
(
0.0826507
0.0826203
0.0825532
0.0824482
0.082315
0.0821574
0.0819774
0.0817762
0.0815547
0.0813133
0.0810513
0.0807696
0.0804684
0.0801473
0.0798082
0.0793811
0.0788547
0.0782958
0.0777044
0.0770815
0.0764307
0.0757289
0.0749816
0.0742097
0.0734151
0.0725955
0.0717502
0.0708842
0.0699981
0.069093
0.0675991
0.0654543
0.0631751
0.0607764
0.0582682
0.055656
0.0529565
0.0501881
0.0473553
0.0444868
0.0415925
0.0386949
0.0358125
0.032961
0.0301615
0.0274225
0.0247619
0.0221864
0.0197039
0.0173199
0.0150471
0.0128959
0.0108676
0.00894588
0.0071975
0.00564075
0.00424505
0.00304014
0.00202797
0.00122927
0.000676584
0.00035225
0.000187187
0.000102029
4.79216e-05
2.01205e-05
1.14962e-05
6.97209e-06
4.54681e-06
2.94254e-06
2.05176e-06
0
0
0
0
0
0
0
0
0
)
;
    }
    COFLOW
    {
        type            calculated;
        value           uniform 0;
    }
    PILOT
    {
        type            calculated;
        value           uniform 0.108502;
    }
    FUEL
    {
        type            calculated;
        value           uniform 2.81842e-06;
    }
    WALL
    {
        type            calculated;
        value           uniform 0;
    }
    front
    {
        type            wedge;
    }
    back
    {
        type            wedge;
    }
}


// ************************************************************************* //
