/*--------------------------------*- C++ -*----------------------------------*\
  =========                 |
  \\      /  F ield         | OpenFOAM: The Open Source CFD Toolbox
   \\    /   O peration     | Website:  https://openfoam.org
    \\  /    A nd           | Version:  6
     \\/     M anipulation  |
\*---------------------------------------------------------------------------*/
FoamFile
{
    version     2.0;
    format      ascii;
    class       volScalarField;
    location    "0.1";
    object      HO2;
}
// * * * * * * * * * * * * * * * * * * * * * * * * * * * * * * * * * * * * * //

dimensions      [0 0 0 0 0 0 0];

internalField   nonuniform List<scalar> 
8000
(
2.66917e-07
8.56257e-06
3.31639e-05
7.76428e-05
0.000107778
8.42737e-05
5.0571e-05
2.62835e-05
1.1206e-05
3.42056e-06
9.56302e-07
6.40139e-07
1.65343e-06
1.33776e-05
1.26242e-05
1.37821e-05
4.25582e-05
0.000184089
3.88325e-05
4.39637e-05
4.67585e-05
4.09691e-05
3.12538e-05
4.4614e-05
7.37989e-05
9.78743e-05
0.000106279
0.000101357
9.96937e-05
0.00045653
0.000191819
5.67391e-05
3.95074e-05
3.08482e-05
2.8899e-05
2.92415e-05
2.98435e-05
3.02357e-05
3.24064e-05
3.66987e-05
3.10303e-05
2.71635e-05
2.55761e-05
2.653e-05
3.11675e-05
4.12442e-05
5.57146e-05
7.16297e-05
9.15605e-05
0.000651581
0.000210221
0.000148316
0.000128834
0.000127865
0.000127363
0.000127326
0.000127113
0.000126271
0.000125258
0.000124321
9.66476e-05
9.25742e-05
5.59198e-05
6.05631e-05
4.75813e-05
2.50436e-05
4.04011e-05
2.98307e-05
2.98169e-05
2.95757e-05
3.89117e-05
2.84325e-05
2.85744e-05
3.71379e-05
3.73704e-05
2.88405e-05
2.88151e-05
2.91384e-05
2.95835e-05
2.98126e-05
2.95693e-05
2.95404e-05
2.88769e-05
3.66439e-05
3.35145e-05
2.96371e-05
2.61237e-05
2.37629e-05
4.66065e-05
1.89531e-05
1.68595e-05
1.56025e-05
1.49857e-05
1.45269e-05
1.42945e-05
1.44144e-05
1.45544e-05
1.46869e-05
1.44096e-05
1.53809e-05
2.49835e-07
9.72857e-06
3.55086e-05
8.12316e-05
0.000124929
8.43161e-05
4.85117e-05
2.53665e-05
1.04184e-05
2.94677e-06
8.30164e-07
7.52327e-07
2.98614e-06
2.93888e-05
2.8185e-05
1.89858e-05
3.27507e-05
3.87986e-05
4.10191e-05
4.17605e-05
4.47904e-05
3.95608e-05
3.14982e-05
4.69548e-05
7.62178e-05
0.00010311
0.000107116
0.000101533
9.47827e-05
0.000106433
6.53991e-05
5.04711e-05
3.77735e-05
3.10744e-05
2.98808e-05
3.0273e-05
3.07753e-05
3.12357e-05
3.41405e-05
0.000117263
3.43053e-05
2.83408e-05
2.65298e-05
2.76566e-05
3.25564e-05
4.28977e-05
5.69403e-05
7.20589e-05
9.11218e-05
0.000100044
0.000128587
0.000129173
0.000128817
0.000128008
0.000127401
0.000127165
0.000126772
0.000125925
0.000124928
0.000124203
9.66028e-05
9.19104e-05
5.50904e-05
6.43652e-05
3.68305e-05
2.50145e-05
4.03095e-05
2.97884e-05
2.97727e-05
2.95169e-05
2.9341e-05
2.83413e-05
2.85432e-05
3.70187e-05
3.72725e-05
2.88157e-05
2.87705e-05
2.91051e-05
2.9553e-05
2.98003e-05
2.95381e-05
2.95238e-05
2.88327e-05
3.65793e-05
3.35242e-05
2.95945e-05
2.60874e-05
2.37389e-05
2.2009e-05
1.89318e-05
1.68551e-05
1.56006e-05
1.4987e-05
1.45305e-05
1.43012e-05
1.44212e-05
1.45618e-05
1.46953e-05
1.44106e-05
1.53903e-05
3.41445e-07
1.55556e-05
5.78706e-05
8.88033e-05
8.77691e-05
6.45054e-05
3.77704e-05
4.91595e-05
4.48116e-05
3.19218e-06
1.70576e-05
8.52541e-07
4.90238e-06
4.06053e-05
4.21331e-05
3.52126e-05
2.50324e-05
3.21108e-05
3.6992e-05
7.30109e-05
3.82452e-05
3.64712e-05
3.24057e-05
5.19579e-05
8.06094e-05
0.000116268
0.000113007
0.00010195
8.95166e-05
7.46221e-05
5.88767e-05
4.6171e-05
3.67672e-05
3.22279e-05
3.2919e-05
3.43821e-05
3.39886e-05
3.4347e-05
3.47652e-05
3.5698e-05
3.20566e-05
2.94675e-05
2.83907e-05
2.99777e-05
3.54402e-05
4.63841e-05
5.96379e-05
7.56232e-05
9.06217e-05
9.93346e-05
9.95529e-05
0.000129351
0.000129484
0.000128329
0.000127309
0.000126669
0.000126086
0.000125208
0.000124272
0.000110857
9.6397e-05
9.02186e-05
5.32999e-05
5.82192e-05
3.70661e-05
2.4949e-05
2.9665e-05
2.96954e-05
2.96739e-05
2.93888e-05
2.91201e-05
2.81688e-05
5.92241e-05
3.6754e-05
3.70612e-05
5.07851e-05
2.86724e-05
2.90319e-05
2.94825e-05
3.58032e-05
2.94687e-05
2.94879e-05
2.87325e-05
3.64477e-05
5.63908e-05
2.94994e-05
2.60109e-05
2.36881e-05
2.17241e-05
1.88927e-05
1.68458e-05
1.55964e-05
5.92347e-05
6.25029e-05
1.4316e-05
1.44362e-05
1.4578e-05
1.47138e-05
8.6801e-05
1.5411e-05
6.70645e-07
2.39777e-05
5.8459e-05
7.37473e-05
6.31353e-05
4.52286e-05
2.58422e-05
1.28181e-05
4.38194e-06
9.97802e-07
3.2008e-07
4.15098e-07
2.34613e-06
0.00014661
0.000203222
4.10323e-05
2.00464e-05
2.38434e-05
4.2735e-05
4.05868e-05
4.19799e-05
3.5419e-05
3.46914e-05
5.63872e-05
8.49713e-05
0.000220638
0.000123177
0.000102322
8.63247e-05
6.97258e-05
5.64554e-05
4.50557e-05
3.76804e-05
3.43941e-05
3.76167e-05
0.000112827
4.02341e-05
9.78217e-05
3.89975e-05
3.74778e-05
3.44556e-05
3.26887e-05
3.15667e-05
3.33706e-05
3.95111e-05
5.14739e-05
6.57621e-05
7.9649e-05
9.01935e-05
9.13734e-05
9.85177e-05
0.000129484
0.000201492
0.000128114
0.000126604
0.000125716
0.000125135
0.000124381
0.000123636
9.66303e-05
9.57606e-05
6.41614e-05
5.06748e-05
5.19816e-05
3.71815e-05
2.48809e-05
2.94946e-05
2.95562e-05
2.95279e-05
2.91775e-05
4.86819e-05
3.71901e-05
3.72545e-05
3.63404e-05
3.67486e-05
2.84206e-05
2.8522e-05
2.89222e-05
2.93756e-05
2.95844e-05
2.93603e-05
2.94353e-05
2.85724e-05
3.62742e-05
3.29854e-05
2.93498e-05
2.58966e-05
2.36136e-05
2.15101e-05
1.88398e-05
1.68319e-05
1.55904e-05
1.49612e-05
1.45303e-05
1.43382e-05
1.4459e-05
1.46025e-05
1.47418e-05
1.46148e-05
1.54432e-05
5.20409e-07
3.88044e-05
0.000206222
8.57386e-05
5.18928e-05
3.22876e-05
1.58586e-05
5.75731e-06
1.504e-06
3.17601e-07
7.61718e-06
6.06125e-06
6.82957e-06
3.62744e-05
3.86921e-05
2.66143e-05
1.39158e-05
2.02908e-05
4.10646e-05
4.49012e-05
4.20941e-05
3.39936e-05
4.07406e-05
6.63332e-05
9.10732e-05
0.00011662
0.000112277
0.000101649
8.39827e-05
7.05688e-05
5.76587e-05
4.71424e-05
4.07734e-05
3.72974e-05
3.74617e-05
3.8118e-05
3.77239e-05
3.90369e-05
4.14433e-05
0.000126544
3.92969e-05
3.78278e-05
3.62439e-05
3.75704e-05
4.50333e-05
5.75325e-05
6.88662e-05
7.84688e-05
8.95684e-05
9.70316e-05
9.7323e-05
0.000127589
0.000145974
0.000126312
0.00012512
0.000124449
0.000124288
0.000123702
0.000110407
9.6747e-05
9.41655e-05
6.07931e-05
4.69584e-05
4.174e-05
3.16631e-05
3.97882e-05
2.92982e-05
2.93543e-05
3.5571e-05
2.89114e-05
2.85934e-05
3.65653e-05
3.63111e-05
3.5817e-05
3.63485e-05
2.8065e-05
2.83253e-05
2.87767e-05
2.92149e-05
2.938e-05
2.9219e-05
4.57481e-05
2.83459e-05
6.18626e-05
3.25596e-05
2.9158e-05
2.57456e-05
2.35176e-05
2.12895e-05
1.8775e-05
1.68139e-05
1.55832e-05
1.49486e-05
1.45364e-05
1.4367e-05
1.4489e-05
1.46353e-05
1.47786e-05
1.4785e-05
1.5484e-05
2.77231e-07
9.38791e-05
0.000104843
5.88738e-05
3.52461e-05
2.06192e-05
8.1758e-06
3.1573e-05
5.67951e-07
1.60984e-07
1.21503e-07
2.08893e-07
6.01803e-07
2.02554e-05
2.40737e-05
3.32084e-05
4.78901e-05
4.48615e-05
7.359e-05
4.53316e-05
3.94324e-05
3.35752e-05
0.000119083
0.000141486
9.43302e-05
0.000110189
0.000106603
0.000101552
8.86215e-05
7.33102e-05
6.16059e-05
5.2059e-05
4.48266e-05
4.21952e-05
4.06309e-05
3.97681e-05
3.96331e-05
4.08798e-05
4.32099e-05
4.37163e-05
4.18564e-05
4.4493e-05
9.96772e-05
4.32208e-05
5.10836e-05
6.5879e-05
7.93752e-05
8.09384e-05
8.83165e-05
0.000220077
9.57914e-05
0.000125097
0.000206003
0.000124492
0.000123432
0.000123167
0.000123764
0.000123562
9.6608e-05
9.60363e-05
9.06543e-05
5.62372e-05
4.25424e-05
4.14593e-05
3.17534e-05
3.93177e-05
2.90705e-05
2.90428e-05
2.90181e-05
2.8592e-05
2.82217e-05
3.5821e-05
3.54205e-05
3.52104e-05
3.58722e-05
2.77038e-05
2.80668e-05
2.85948e-05
2.90209e-05
2.91683e-05
2.9048e-05
4.76833e-05
3.74266e-05
3.52759e-05
3.21948e-05
2.89282e-05
2.55597e-05
2.34032e-05
2.10814e-05
1.87e-05
1.67919e-05
1.55749e-05
1.49452e-05
6.62206e-05
1.44021e-05
1.45248e-05
1.46758e-05
1.48239e-05
1.49251e-05
1.55322e-05
1.12297e-07
3.00162e-05
4.82437e-05
6.05538e-05
2.03839e-05
1.10966e-05
3.85372e-05
3.23057e-05
1.07201e-05
1.83016e-07
1.80716e-07
4.32225e-07
9.77936e-06
8.85974e-06
1.18415e-05
1.10234e-05
1.76293e-05
2.84647e-05
4.07881e-05
4.48724e-05
0.000116538
3.64029e-05
5.59311e-05
7.89172e-05
9.52964e-05
0.000221057
0.000220191
0.000101975
0.000209278
7.98678e-05
6.79328e-05
5.81023e-05
5.26958e-05
4.81455e-05
4.56781e-05
4.3953e-05
4.45042e-05
4.36905e-05
4.55974e-05
4.98801e-05
0.000107263
4.54223e-05
4.39857e-05
4.73385e-05
5.60208e-05
6.88686e-05
0.000222619
8.35632e-05
8.64235e-05
8.60844e-05
9.36657e-05
0.000101806
0.000208879
0.00012257
0.000121931
0.000122231
0.000123543
0.000214988
9.63169e-05
9.41035e-05
8.37193e-05
5.06024e-05
5.91545e-05
4.57649e-05
1.52642e-05
2.87085e-05
2.8745e-05
2.867e-05
2.86152e-05
2.82306e-05
2.78082e-05
3.49874e-05
3.45436e-05
3.45267e-05
3.53346e-05
3.61709e-05
2.77626e-05
2.83791e-05
2.88014e-05
4.56126e-05
2.88462e-05
2.88139e-05
3.67463e-05
3.45415e-05
3.18648e-05
2.86635e-05
2.53411e-05
4.60141e-05
2.088e-05
1.86122e-05
1.67665e-05
1.55664e-05
1.49472e-05
1.45606e-05
1.4443e-05
1.45672e-05
1.47242e-05
1.48776e-05
1.5048e-05
1.55869e-05
3.65504e-06
3.88189e-05
6.00743e-05
1.98801e-05
9.25188e-06
4.03789e-06
3.13004e-05
1.03354e-06
2.77604e-07
2.40698e-07
5.89231e-06
1.05847e-05
4.91491e-06
2.45455e-05
9.43879e-06
1.30026e-05
2.33469e-05
3.56216e-05
4.3606e-05
4.24344e-05
3.28481e-05
0.000101406
6.68033e-05
0.000159636
0.000104041
0.000109597
0.000105514
0.000102279
9.49e-05
8.28056e-05
0.000185241
6.72164e-05
6.16657e-05
5.70592e-05
5.4024e-05
0.000113451
5.07241e-05
5.03632e-05
5.11142e-05
5.16916e-05
4.87751e-05
4.63256e-05
4.69292e-05
5.18032e-05
5.96932e-05
6.92904e-05
7.67096e-05
7.83999e-05
8.43003e-05
8.34669e-05
9.17313e-05
9.28792e-05
0.000212427
0.000109009
0.000108985
0.000109634
0.000110773
9.69655e-05
9.50077e-05
6.72534e-05
5.60661e-05
9.22084e-05
3.59792e-05
3.60972e-05
2.41238e-05
2.83392e-05
2.83367e-05
2.82006e-05
2.81708e-05
5.58794e-05
6.11204e-05
3.40708e-05
3.36464e-05
3.37736e-05
6.08451e-05
3.54058e-05
3.6425e-05
2.81218e-05
2.85596e-05
4.77791e-05
2.86174e-05
2.8492e-05
3.60012e-05
3.38506e-05
5.30713e-05
2.83683e-05
2.50922e-05
2.29985e-05
2.06797e-05
1.85183e-05
1.67346e-05
1.55573e-05
1.49553e-05
1.4577e-05
1.44896e-05
1.46161e-05
1.47802e-05
1.49394e-05
1.51603e-05
1.56477e-05
1.60583e-08
5.71637e-06
4.26562e-05
3.65114e-05
2.92812e-06
1.01227e-06
6.9241e-07
3.10563e-07
2.75977e-07
5.45591e-07
8.84888e-06
2.0269e-05
5.31083e-05
1.93461e-05
4.55557e-05
4.65741e-05
7.8674e-05
4.23401e-05
0.000120796
3.84533e-05
3.1704e-05
3.94003e-05
6.02429e-05
8.21711e-05
0.00022
0.000224633
0.000105182
0.00010198
0.000219051
8.8208e-05
8.09954e-05
7.70772e-05
7.57388e-05
7.21174e-05
6.71745e-05
6.21379e-05
0.000143688
5.8198e-05
5.97537e-05
0.000142662
5.25959e-05
5.00912e-05
5.18222e-05
5.6693e-05
6.29295e-05
6.95303e-05
7.85803e-05
7.69858e-05
8.22781e-05
8.12926e-05
8.1167e-05
9.16706e-05
9.34508e-05
9.47531e-05
0.000216883
9.62046e-05
9.73294e-05
9.58104e-05
9.12343e-05
6.15783e-05
0.000110208
8.16583e-05
4.10472e-05
1.49543e-05
3.76928e-05
2.79534e-05
2.78581e-05
2.75945e-05
4.94256e-05
2.71235e-05
3.47495e-05
3.30698e-05
3.27253e-05
3.29658e-05
3.38449e-05
3.46131e-05
3.57086e-05
2.77922e-05
5.09367e-05
2.83452e-05
5.49867e-05
5.85777e-05
3.52203e-05
3.31667e-05
5.27064e-05
2.80202e-05
2.48163e-05
2.27179e-05
2.04786e-05
1.84265e-05
1.66986e-05
1.55482e-05
1.49499e-05
1.46073e-05
1.45413e-05
1.46713e-05
1.48436e-05
1.50127e-05
1.52659e-05
1.57141e-05
1.23307e-09
1.20362e-06
4.0216e-06
2.48607e-05
6.61826e-07
2.58401e-07
7.38582e-06
2.5886e-07
5.45174e-06
1.16891e-05
3.73955e-06
3.64019e-05
3.98572e-05
0.000115826
3.28002e-05
3.37885e-05
4.06011e-05
4.43631e-05
0.000133461
0.000101292
7.7014e-05
4.31302e-05
6.04547e-05
8.05484e-05
9.82017e-05
0.000223818
0.000103995
0.000101241
9.94036e-05
9.2817e-05
9.0269e-05
8.89763e-05
9.87404e-05
0.000210424
0.000196334
8.01315e-05
7.43618e-05
7.0067e-05
6.79057e-05
6.51341e-05
5.82571e-05
5.6117e-05
5.7768e-05
6.18374e-05
6.71599e-05
7.21825e-05
7.78424e-05
7.54037e-05
8.04332e-05
7.94788e-05
7.92425e-05
7.92978e-05
9.28492e-05
9.45764e-05
9.53538e-05
9.59873e-05
0.000219513
0.000211279
6.36384e-05
5.49412e-05
4.47392e-05
4.93731e-05
3.52074e-05
2.36782e-05
2.30096e-05
3.27778e-05
2.72552e-05
2.6943e-05
5.68281e-05
3.45617e-05
3.32678e-05
3.20306e-05
3.1789e-05
3.21192e-05
3.29194e-05
3.37954e-05
6.19411e-05
5.97428e-05
2.79392e-05
2.79584e-05
2.79132e-05
3.67292e-05
3.44128e-05
3.24723e-05
3.02879e-05
2.69131e-05
2.4517e-05
2.24347e-05
2.0276e-05
1.83295e-05
1.66607e-05
1.55463e-05
1.49502e-05
1.46405e-05
1.45966e-05
1.47326e-05
1.49143e-05
1.50933e-05
1.53684e-05
1.57857e-05
6.27623e-11
5.14792e-06
1.2808e-05
1.02841e-05
2.22121e-07
1.828e-07
2.84996e-07
5.57278e-06
8.17975e-06
1.44757e-05
3.10629e-05
7.13995e-05
0.000123082
9.62912e-05
4.20035e-05
4.15824e-05
0.000131306
4.28353e-05
3.51355e-05
3.22534e-05
3.60774e-05
4.81184e-05
6.54609e-05
8.04279e-05
9.21296e-05
0.000104807
0.000103005
0.000100538
9.88531e-05
9.80681e-05
9.65244e-05
9.56168e-05
9.9994e-05
9.80565e-05
9.49975e-05
0.000211345
9.14147e-05
0.000207052
8.25804e-05
0.000195087
6.73905e-05
6.52592e-05
6.61755e-05
6.77097e-05
7.15219e-05
7.46737e-05
7.69649e-05
7.38306e-05
0.000226716
7.78878e-05
7.7482e-05
7.7265e-05
7.69809e-05
9.43015e-05
0.000220693
9.40874e-05
0.000208929
6.41516e-05
5.67467e-05
4.80013e-05
5.87846e-05
2.63959e-05
3.01671e-05
3.64168e-05
2.69252e-05
2.67787e-05
2.66003e-05
2.61811e-05
3.42319e-05
6.02148e-05
3.19037e-05
3.09908e-05
3.08511e-05
3.1257e-05
3.20112e-05
3.29506e-05
3.40891e-05
3.55213e-05
2.75249e-05
5.94753e-05
3.64458e-05
3.56595e-05
3.35938e-05
3.1773e-05
2.9559e-05
2.65194e-05
2.41996e-05
2.21449e-05
2.00803e-05
5.00282e-05
1.66219e-05
1.55504e-05
1.49608e-05
1.46781e-05
1.46602e-05
1.48031e-05
1.49908e-05
1.51815e-05
1.54795e-05
1.58653e-05
6.33273e-07
4.46134e-06
7.35509e-06
7.98458e-06
4.61929e-07
6.61373e-06
1.32782e-06
1.21394e-05
1.82334e-05
2.45862e-05
4.29637e-05
2.95231e-05
3.96604e-05
8.99179e-05
4.00916e-05
4.31634e-05
4.47497e-05
4.10882e-05
3.10681e-05
8.35335e-05
4.04416e-05
5.41665e-05
0.000136987
8.21773e-05
9.06e-05
0.000224257
0.000225848
9.97587e-05
0.000103069
0.000223556
0.000101366
0.000100465
9.99413e-05
9.86752e-05
9.6923e-05
0.000101652
9.71583e-05
9.85232e-05
0.000211053
8.29058e-05
7.75997e-05
7.26533e-05
7.2287e-05
7.53012e-05
7.75959e-05
7.68513e-05
7.1677e-05
7.24543e-05
7.24791e-05
7.61634e-05
0.000223019
0.000221834
0.000220875
7.31182e-05
7.02248e-05
6.72672e-05
6.2636e-05
5.69643e-05
4.94136e-05
6.20622e-05
4.04168e-05
1.39337e-05
2.30605e-05
2.65301e-05
2.64638e-05
2.60715e-05
5.68139e-05
6.06946e-05
3.24447e-05
3.1646e-05
3.06417e-05
2.99586e-05
2.99122e-05
3.03797e-05
3.1131e-05
3.20902e-05
3.31886e-05
3.45046e-05
3.59523e-05
3.57059e-05
3.54537e-05
3.46758e-05
3.27733e-05
3.10647e-05
2.88788e-05
2.61077e-05
2.38686e-05
2.18533e-05
1.98909e-05
1.8056e-05
1.65945e-05
5.99983e-05
1.49859e-05
1.47206e-05
1.47341e-05
1.48827e-05
1.50733e-05
1.52759e-05
1.5584e-05
1.59517e-05
6.75706e-07
2.67459e-08
1.53649e-07
8.04217e-07
2.78248e-06
1.39138e-05
7.52235e-06
2.81129e-05
1.8117e-05
2.46636e-05
2.86297e-05
3.66086e-05
3.97006e-05
3.96996e-05
3.97454e-05
4.34756e-05
4.46726e-05
3.90728e-05
2.9711e-05
3.38673e-05
4.50554e-05
6.34189e-05
0.000171128
8.36579e-05
8.94082e-05
0.000218819
9.94214e-05
9.78025e-05
0.000225976
0.000105792
0.000225283
0.000106941
0.000110905
0.000109398
0.000102835
0.000101448
0.000104563
0.000103097
9.4227e-05
8.84313e-05
0.000217743
0.000214868
7.98526e-05
7.60512e-05
0.000224716
7.61894e-05
7.01682e-05
0.000223275
6.89461e-05
7.36682e-05
0.000216996
7.03664e-05
6.85357e-05
6.67903e-05
0.000195711
0.000172331
5.53097e-05
9.89807e-05
6.70288e-05
4.63058e-05
3.41937e-05
1.62131e-05
2.33166e-05
2.61533e-05
4.22562e-05
2.53202e-05
6.01034e-05
3.1292e-05
3.08538e-05
3.02103e-05
2.94514e-05
2.89511e-05
2.89859e-05
2.94964e-05
3.02642e-05
3.12329e-05
3.22868e-05
3.35052e-05
6.13592e-05
3.4665e-05
3.44728e-05
5.96881e-05
3.19569e-05
3.03541e-05
2.82187e-05
2.56919e-05
2.35364e-05
2.15656e-05
1.97063e-05
1.79032e-05
5.52575e-05
1.55408e-05
1.50186e-05
1.47714e-05
1.48125e-05
1.49683e-05
1.51636e-05
1.53764e-05
1.56896e-05
1.60428e-05
9.96935e-08
3.4562e-06
9.32759e-07
1.90602e-05
6.3298e-05
2.44215e-05
2.77968e-05
7.97735e-05
0.000106736
0.000144447
4.16477e-05
0.000152178
3.97775e-05
5.01816e-05
0.000136607
4.35369e-05
4.30489e-05
0.000118297
6.42387e-05
8.81447e-05
4.96725e-05
0.000132657
8.74201e-05
8.5989e-05
8.72219e-05
9.10319e-05
9.4155e-05
9.64372e-05
9.53126e-05
9.86732e-05
9.90216e-05
0.000104779
0.000109349
0.000223896
0.000106231
0.0001047
0.000103796
0.000102616
0.000222432
8.77058e-05
8.51869e-05
7.96514e-05
7.73793e-05
7.76963e-05
0.000226094
7.51557e-05
7.35223e-05
7.259e-05
6.47353e-05
6.60145e-05
6.54739e-05
6.55356e-05
5.89563e-05
0.000172121
0.000166416
5.23311e-05
4.8098e-05
9.82393e-05
4.75111e-05
3.51944e-05
2.24294e-05
2.22179e-05
2.60864e-05
2.56734e-05
2.52063e-05
3.15861e-05
3.07888e-05
2.97425e-05
2.94532e-05
2.89169e-05
2.83511e-05
2.79904e-05
2.809e-05
2.86311e-05
2.94118e-05
3.03797e-05
3.13939e-05
3.25089e-05
3.3947e-05
3.36607e-05
3.35173e-05
3.28205e-05
3.11538e-05
5.29754e-05
2.68727e-05
4.74375e-05
4.7294e-05
2.12728e-05
1.95276e-05
1.77524e-05
1.64894e-05
1.55307e-05
1.50569e-05
1.4842e-05
1.48956e-05
1.506e-05
1.52647e-05
1.54818e-05
1.57968e-05
1.61385e-05
1.31776e-05
7.58185e-06
8.42853e-06
9.15967e-05
5.9849e-05
4.21937e-05
0.000127629
4.38502e-05
0.000129376
4.25534e-05
0.000127657
0.000134427
4.0209e-05
5.77217e-05
0.000101594
4.29933e-05
3.96158e-05
7.96083e-05
2.97024e-05
9.98555e-05
5.64186e-05
7.02667e-05
0.000166615
7.96392e-05
8.4868e-05
8.56575e-05
0.000220746
9.0343e-05
8.9925e-05
9.17025e-05
9.57085e-05
9.5179e-05
0.000224894
9.99098e-05
0.000224394
0.000102937
0.000102253
0.000221857
0.000224341
8.62903e-05
8.40768e-05
8.15993e-05
7.8878e-05
7.60663e-05
7.12169e-05
7.13216e-05
6.957e-05
6.89138e-05
7.214e-05
0.000168689
8.68532e-05
6.55412e-05
6.71271e-05
6.90825e-05
6.96805e-05
0.000111302
6.12979e-05
5.24174e-05
3.61436e-05
1.64982e-05
3.42252e-05
2.51606e-05
2.52038e-05
2.5044e-05
3.16106e-05
3.00266e-05
2.91601e-05
2.83828e-05
5.45269e-05
2.77691e-05
2.65904e-05
2.63457e-05
2.6515e-05
2.77819e-05
2.85912e-05
2.95309e-05
3.05293e-05
3.15249e-05
5.95852e-05
3.2674e-05
3.25697e-05
3.18836e-05
3.03615e-05
2.88911e-05
2.6243e-05
2.47812e-05
2.28272e-05
2.09788e-05
1.9356e-05
1.76153e-05
5.80149e-05
1.55417e-05
1.50955e-05
1.49175e-05
1.4978e-05
1.51581e-05
1.53721e-05
1.55907e-05
1.59062e-05
1.62385e-05
7.73486e-05
0.000100354
4.7288e-05
0.000175628
4.2165e-05
0.000133587
3.74824e-05
8.25593e-05
9.13995e-05
3.67036e-05
3.72212e-05
8.17349e-05
3.8124e-05
3.83255e-05
3.99874e-05
0.000126907
3.5678e-05
3.01096e-05
2.90734e-05
3.89057e-05
9.80198e-05
0.000116738
7.03413e-05
0.000166761
0.000195801
0.000216801
0.00021502
8.04466e-05
7.99737e-05
8.60817e-05
0.00022312
0.00022383
8.66185e-05
8.57842e-05
8.90056e-05
0.00022334
0.000223182
9.70637e-05
9.06591e-05
0.000226702
8.22625e-05
7.94619e-05
0.000227863
7.15597e-05
0.000219572
6.73467e-05
0.000184294
6.57198e-05
7.40394e-05
0.000129227
8.18338e-05
7.42574e-05
6.66635e-05
6.48587e-05
5.909e-05
5.40131e-05
4.20306e-05
2.55775e-05
1.69147e-05
3.39069e-05
2.8403e-05
3.57258e-05
2.44721e-05
3.14739e-05
2.97258e-05
2.83178e-05
2.74661e-05
2.69224e-05
2.60923e-05
2.57879e-05
2.54695e-05
2.5326e-05
2.55293e-05
2.61133e-05
4.9303e-05
2.85431e-05
2.95347e-05
5.45575e-05
3.14972e-05
5.67489e-05
3.14517e-05
3.08334e-05
2.94376e-05
2.79983e-05
2.55232e-05
4.79055e-05
2.23714e-05
2.06282e-05
1.91402e-05
5.54642e-05
1.63377e-05
1.55655e-05
1.51587e-05
1.5013e-05
1.50819e-05
1.52819e-05
1.55057e-05
1.57295e-05
1.60394e-05
1.63631e-05
9.48723e-06
8.14845e-05
7.77126e-05
4.99489e-05
3.63301e-05
3.51776e-05
2.62268e-05
2.77471e-05
2.83169e-05
2.93929e-05
5.60838e-05
5.73747e-05
5.44425e-05
3.71072e-05
7.32745e-05
3.57663e-05
3.15463e-05
6.12522e-05
7.60543e-05
4.09328e-05
4.99377e-05
5.76921e-05
6.30232e-05
7.11927e-05
0.000192572
0.00019604
0.000194674
7.69894e-05
0.000192203
7.4406e-05
7.46533e-05
7.68477e-05
7.68624e-05
7.94535e-05
8.26188e-05
8.08695e-05
8.07637e-05
8.07282e-05
0.000226959
8.18041e-05
0.000228635
0.000228476
0.000227149
7.46253e-05
6.73308e-05
6.33844e-05
7.32217e-05
7.11713e-05
6.37654e-05
5.34049e-05
3.55787e-05
2.89083e-05
2.77642e-05
2.76288e-05
3.02743e-05
2.8584e-05
1.83525e-05
2.38958e-05
2.50442e-05
3.3425e-05
4.09978e-05
5.44192e-05
3.02058e-05
2.93005e-05
2.78897e-05
2.65799e-05
2.52174e-05
2.48175e-05
2.46781e-05
2.45791e-05
2.43457e-05
2.42545e-05
2.44905e-05
2.50652e-05
2.58432e-05
2.74438e-05
2.83627e-05
2.91103e-05
3.00176e-05
3.01625e-05
3.02174e-05
2.96759e-05
2.84314e-05
2.63253e-05
2.47484e-05
2.34652e-05
2.18675e-05
2.02421e-05
1.8845e-05
1.72881e-05
1.62617e-05
1.55767e-05
1.52415e-05
1.51309e-05
1.52191e-05
1.54384e-05
1.56702e-05
1.58925e-05
1.62043e-05
1.65144e-05
7.6311e-06
2.08095e-05
5.45134e-05
5.36077e-05
3.77838e-05
2.40435e-05
1.51584e-05
1.68181e-05
1.95613e-05
2.38524e-05
8.06113e-05
3.48032e-05
3.50741e-05
5.24237e-05
6.10377e-05
6.15735e-05
3.13903e-05
3.26312e-05
0.000108502
4.99989e-05
0.000110534
5.42926e-05
5.9441e-05
6.65073e-05
0.000167867
6.93579e-05
6.76115e-05
6.68341e-05
0.000163187
6.65734e-05
0.000186052
0.00019287
6.85383e-05
7.23212e-05
0.000209379
7.04981e-05
7.38584e-05
7.75224e-05
8.06744e-05
0.000227839
7.45551e-05
7.19781e-05
7.42635e-05
0.000212783
6.36925e-05
7.1408e-05
6.5169e-05
4.41591e-05
3.22102e-05
2.79966e-05
2.76143e-05
2.29845e-05
2.68109e-05
2.33553e-05
2.60263e-05
2.44638e-05
2.51185e-05
3.20438e-05
2.44147e-05
2.38773e-05
2.32921e-05
2.90531e-05
2.80663e-05
2.74141e-05
5.43139e-05
2.45276e-05
2.38343e-05
2.35338e-05
5.08057e-05
4.98716e-05
2.33065e-05
2.32537e-05
2.34955e-05
2.40783e-05
2.48211e-05
2.57227e-05
2.72288e-05
2.79049e-05
2.86531e-05
2.88861e-05
2.896e-05
2.85638e-05
4.97164e-05
2.54026e-05
2.40012e-05
2.27955e-05
2.13893e-05
1.98823e-05
1.85587e-05
5.95522e-05
1.6199e-05
1.56229e-05
1.53335e-05
1.52765e-05
1.53726e-05
1.56138e-05
1.58455e-05
1.60605e-05
1.63774e-05
1.6675e-05
7.29018e-06
1.21008e-05
2.48737e-05
3.39909e-05
2.36987e-05
1.30573e-05
9.26654e-06
9.16776e-06
1.07958e-05
1.68242e-05
3.13823e-05
3.9367e-05
3.75305e-05
3.89628e-05
5.97095e-05
3.59894e-05
3.70092e-05
9.99928e-05
4.26299e-05
4.49381e-05
4.92711e-05
0.000123163
0.000132279
0.000136697
0.000146837
6.23825e-05
6.07408e-05
5.85382e-05
5.54406e-05
5.68607e-05
0.000143461
5.67245e-05
5.91755e-05
0.000175393
6.27573e-05
6.5071e-05
0.000193829
6.99171e-05
7.04887e-05
7.24973e-05
7.32779e-05
0.000216129
6.63896e-05
6.22939e-05
0.00012238
7.0128e-05
4.73007e-05
2.75074e-05
2.68814e-05
2.65946e-05
2.65405e-05
3.47467e-05
3.38504e-05
2.57532e-05
2.53689e-05
2.49375e-05
2.4538e-05
2.40092e-05
2.34137e-05
2.91699e-05
2.80171e-05
5.89625e-05
2.62669e-05
5.52024e-05
2.42285e-05
2.31795e-05
2.25652e-05
2.23531e-05
2.23527e-05
2.23956e-05
4.96336e-05
2.23293e-05
2.25698e-05
2.31451e-05
2.38631e-05
2.47892e-05
2.55103e-05
2.61132e-05
2.74247e-05
5.24316e-05
2.78017e-05
2.75147e-05
2.57909e-05
2.4593e-05
2.33009e-05
2.21674e-05
2.09301e-05
1.9543e-05
1.82945e-05
1.70121e-05
1.61672e-05
1.56858e-05
1.54576e-05
1.54237e-05
1.55378e-05
1.5798e-05
1.60338e-05
1.62353e-05
1.65548e-05
1.6849e-05
7.09586e-06
8.85414e-06
1.7257e-05
2.35972e-05
2.11265e-05
1.88618e-05
1.61917e-05
1.15417e-05
8.9384e-06
1.21109e-05
2.33011e-05
8.73151e-05
4.24621e-05
9.57517e-05
4.33473e-05
4.44577e-05
4.63613e-05
4.45678e-05
4.38127e-05
4.25711e-05
4.38953e-05
0.000133584
4.61453e-05
5.11544e-05
5.38916e-05
5.50656e-05
5.61521e-05
0.000122882
4.62969e-05
0.000110473
4.55544e-05
4.58528e-05
0.000108383
5.21151e-05
0.000133303
6.01416e-05
6.48859e-05
6.71865e-05
7.08143e-05
6.76506e-05
6.57614e-05
6.30098e-05
6.6166e-05
0.000117414
5.91483e-05
3.20328e-05
3.44931e-05
3.25224e-05
3.2012e-05
3.20937e-05
5.72378e-05
5.59148e-05
5.44807e-05
2.46691e-05
5.5528e-05
2.38475e-05
3.03875e-05
5.97538e-05
2.81588e-05
2.71599e-05
2.61761e-05
2.4954e-05
2.42527e-05
2.37643e-05
2.2826e-05
2.1921e-05
2.1369e-05
2.12343e-05
2.12766e-05
2.13545e-05
2.13972e-05
2.14791e-05
2.16898e-05
2.226e-05
2.29735e-05
2.39012e-05
4.9357e-05
2.50915e-05
2.56217e-05
2.59275e-05
2.60167e-05
2.57994e-05
4.93995e-05
2.37737e-05
2.26499e-05
2.1599e-05
2.05139e-05
1.9219e-05
1.80688e-05
1.69054e-05
1.61606e-05
1.57543e-05
1.55935e-05
1.55735e-05
1.57103e-05
1.59902e-05
1.62217e-05
1.64248e-05
1.67363e-05
1.70304e-05
7.0531e-06
7.69445e-06
1.16311e-05
1.81752e-05
2.03573e-05
2.01012e-05
2.10731e-05
1.97483e-05
1.29634e-05
1.06455e-05
2.05419e-05
3.25765e-05
4.753e-05
5.34665e-05
5.22158e-05
6.03973e-05
6.02716e-05
0.00011714
4.86948e-05
4.21863e-05
3.87446e-05
3.58843e-05
3.7289e-05
4.20195e-05
4.61478e-05
0.000127928
4.63825e-05
4.11675e-05
3.65236e-05
3.56934e-05
3.52155e-05
3.72396e-05
3.99106e-05
4.31551e-05
4.84604e-05
5.56165e-05
6.1145e-05
0.000159013
6.48082e-05
6.48498e-05
6.68883e-05
6.28424e-05
0.00011265
5.69984e-05
3.20804e-05
3.2227e-05
5.37478e-05
2.8695e-05
2.85523e-05
2.89313e-05
2.96049e-05
2.96621e-05
2.96485e-05
2.96888e-05
2.91623e-05
2.84628e-05
2.77998e-05
2.7066e-05
2.62919e-05
2.4987e-05
2.41371e-05
2.34457e-05
2.2835e-05
2.23439e-05
5.85347e-05
2.07049e-05
2.02768e-05
2.02135e-05
2.0286e-05
2.03985e-05
2.04846e-05
2.05875e-05
2.08394e-05
2.14276e-05
2.21313e-05
2.30403e-05
2.36757e-05
2.41756e-05
2.46516e-05
2.48909e-05
2.5044e-05
2.49075e-05
2.40482e-05
2.30352e-05
2.20462e-05
2.10575e-05
2.00952e-05
5.81559e-05
1.78638e-05
1.68312e-05
1.61893e-05
1.58348e-05
1.57401e-05
1.57515e-05
1.59265e-05
1.61939e-05
1.64159e-05
1.66277e-05
1.69278e-05
1.72171e-05
7.10623e-06
7.54071e-06
8.71897e-06
1.21652e-05
1.40197e-05
1.38899e-05
1.63939e-05
2.12165e-05
1.97474e-05
1.26018e-05
1.45578e-05
3.00519e-05
4.32886e-05
0.000155702
5.69062e-05
0.000128661
0.000123819
5.13623e-05
0.000121213
3.84982e-05
0.000122443
2.97878e-05
3.02742e-05
3.47908e-05
0.000134555
0.000135033
3.86407e-05
8.33836e-05
2.88918e-05
2.68158e-05
2.75162e-05
3.28521e-05
6.65088e-05
3.73628e-05
4.30885e-05
5.2108e-05
0.000123437
6.03021e-05
6.09023e-05
0.000140113
6.25785e-05
0.000104768
5.34119e-05
3.41046e-05
2.99633e-05
2.7938e-05
2.58944e-05
2.51589e-05
2.52292e-05
2.57258e-05
5.52605e-05
2.6812e-05
2.6882e-05
5.83456e-05
5.87582e-05
2.62325e-05
2.53003e-05
2.47238e-05
5.71084e-05
2.34751e-05
2.26468e-05
2.19884e-05
2.14205e-05
2.09543e-05
2.03119e-05
1.96119e-05
1.92787e-05
1.92706e-05
1.93876e-05
1.95706e-05
5.4788e-05
1.97979e-05
2.00555e-05
2.06236e-05
2.13415e-05
2.22081e-05
2.28092e-05
2.3321e-05
2.37705e-05
2.39987e-05
5.0754e-05
5.0779e-05
2.32471e-05
2.2347e-05
2.14733e-05
2.0545e-05
1.96882e-05
1.86869e-05
1.76799e-05
1.67787e-05
1.62353e-05
1.59476e-05
1.58956e-05
1.59372e-05
1.61415e-05
1.63937e-05
1.662e-05
1.68426e-05
1.7134e-05
1.73907e-05
7.21047e-06
7.66472e-06
8.07421e-06
9.18247e-06
9.97847e-06
1.05255e-05
1.31848e-05
1.85695e-05
2.23599e-05
1.72814e-05
1.19869e-05
9.93351e-06
3.10289e-05
4.16304e-05
4.79262e-05
5.33306e-05
4.94718e-05
4.09235e-05
3.62685e-05
3.02685e-05
2.54156e-05
2.24048e-05
7.2158e-05
2.71525e-05
3.10778e-05
7.62383e-05
3.46504e-05
5.01964e-05
2.40749e-05
2.05382e-05
1.93219e-05
2.21169e-05
2.50817e-05
2.97435e-05
3.85907e-05
4.76383e-05
5.32078e-05
5.84279e-05
5.93389e-05
5.81532e-05
5.65426e-05
3.62389e-05
3.27895e-05
2.87731e-05
2.56348e-05
4.93335e-05
2.31547e-05
2.27057e-05
2.29616e-05
2.35619e-05
5.4154e-05
2.40641e-05
2.42116e-05
2.44318e-05
2.42662e-05
2.39332e-05
2.35502e-05
2.30574e-05
2.26201e-05
6.14824e-05
2.1153e-05
2.05648e-05
2.01054e-05
1.97263e-05
1.92117e-05
1.87302e-05
1.84718e-05
1.85108e-05
1.86445e-05
1.87924e-05
1.89319e-05
1.90564e-05
1.93481e-05
1.99065e-05
2.05838e-05
2.14212e-05
2.19973e-05
2.25122e-05
2.29483e-05
2.31718e-05
2.33801e-05
5.17344e-05
2.25275e-05
2.1702e-05
2.09126e-05
2.00754e-05
1.92968e-05
1.84363e-05
1.75576e-05
1.6754e-05
1.62948e-05
1.60796e-05
1.60473e-05
1.6135e-05
1.636e-05
1.65982e-05
1.68349e-05
1.70554e-05
1.73428e-05
1.7582e-05
7.35448e-06
7.86043e-06
8.38895e-06
8.77588e-06
9.36928e-06
1.04966e-05
1.33418e-05
1.81342e-05
2.25969e-05
2.1299e-05
1.37881e-05
1.19363e-05
1.85136e-05
2.68191e-05
3.38929e-05
3.71609e-05
0.000121276
9.36197e-05
2.65753e-05
6.56807e-05
1.76681e-05
1.63463e-05
1.77681e-05
2.02863e-05
2.27319e-05
2.55514e-05
3.34022e-05
2.0562e-05
2.71603e-05
1.36129e-05
1.22594e-05
1.52012e-05
2.74583e-05
2.0972e-05
2.98899e-05
4.06178e-05
4.71957e-05
8.30493e-05
4.4324e-05
7.49264e-05
3.39052e-05
3.03295e-05
2.73135e-05
4.81398e-05
2.261e-05
2.14312e-05
5.36828e-05
2.0428e-05
5.52452e-05
2.1609e-05
5.67936e-05
2.2046e-05
2.22706e-05
2.25407e-05
5.94617e-05
2.22058e-05
2.18318e-05
2.13746e-05
2.09273e-05
2.04391e-05
1.97682e-05
1.93169e-05
1.90102e-05
6.91167e-05
1.83163e-05
1.79929e-05
1.78018e-05
1.78482e-05
1.80021e-05
1.81536e-05
1.83043e-05
1.84388e-05
1.87055e-05
1.92364e-05
1.99164e-05
2.06472e-05
2.12177e-05
2.17471e-05
2.2168e-05
2.23923e-05
2.25926e-05
2.25783e-05
5.35618e-05
2.10709e-05
2.04018e-05
1.96118e-05
1.89594e-05
1.81866e-05
1.74682e-05
1.67826e-05
1.63658e-05
1.6236e-05
1.62263e-05
1.63507e-05
1.65734e-05
1.68125e-05
1.70513e-05
1.72818e-05
1.75361e-05
1.77772e-05
7.54159e-06
8.18115e-06
8.76822e-06
9.48635e-06
1.06959e-05
1.25907e-05
1.6393e-05
2.09245e-05
2.42472e-05
2.37311e-05
1.7567e-05
1.14043e-05
1.17585e-05
1.7635e-05
2.23322e-05
6.28551e-05
2.30324e-05
1.97346e-05
5.55751e-05
1.51606e-05
1.27382e-05
1.18589e-05
1.25466e-05
2.26125e-05
1.50875e-05
1.33741e-05
1.22287e-05
1.51458e-05
2.34397e-05
1.06934e-05
8.89935e-06
9.63846e-06
1.15585e-05
1.53915e-05
2.43729e-05
4.32278e-05
3.7977e-05
3.86159e-05
3.56088e-05
5.32735e-05
2.83656e-05
4.6199e-05
2.29999e-05
5.21124e-05
5.56438e-05
1.87211e-05
1.83797e-05
1.84076e-05
1.89152e-05
6.03436e-05
1.99039e-05
2.00244e-05
2.03378e-05
2.06623e-05
2.06759e-05
2.04614e-05
2.01619e-05
1.98217e-05
1.94584e-05
1.91101e-05
1.86484e-05
1.83064e-05
1.81008e-05
1.79592e-05
1.76345e-05
1.73902e-05
1.7273e-05
1.73506e-05
1.74901e-05
1.76259e-05
1.77472e-05
1.7896e-05
1.81788e-05
1.86571e-05
1.92532e-05
1.99605e-05
2.04905e-05
2.0997e-05
2.14222e-05
2.16653e-05
2.18588e-05
2.18384e-05
2.11914e-05
2.05068e-05
1.9932e-05
1.92265e-05
1.86502e-05
1.80122e-05
1.74041e-05
1.68132e-05
1.64827e-05
1.63782e-05
1.64096e-05
1.657e-05
1.67853e-05
1.70356e-05
1.72719e-05
1.75106e-05
1.77324e-05
1.79746e-05
7.74794e-06
8.66987e-06
9.92715e-06
1.15456e-05
1.30622e-05
1.56911e-05
2.11142e-05
2.61397e-05
2.76424e-05
2.60399e-05
2.07719e-05
1.38659e-05
1.02745e-05
1.12003e-05
1.49258e-05
1.74881e-05
1.61112e-05
1.45996e-05
1.30212e-05
9.86909e-06
8.60502e-06
8.32345e-06
8.3053e-06
8.12765e-06
7.55873e-06
6.86078e-06
7.3795e-06
1.25219e-05
2.23735e-05
8.58749e-06
1.72155e-05
6.08128e-06
7.59189e-06
1.13119e-05
1.82998e-05
3.34042e-05
3.04598e-05
4.86245e-05
2.84795e-05
2.55447e-05
2.36255e-05
2.15031e-05
1.93345e-05
1.81319e-05
1.7193e-05
1.65478e-05
1.64836e-05
6.76712e-05
1.72611e-05
1.7986e-05
1.80704e-05
1.82903e-05
1.86438e-05
1.89965e-05
1.90437e-05
1.89538e-05
1.87981e-05
1.85902e-05
7.37874e-05
1.80384e-05
1.77577e-05
7.65117e-05
1.73681e-05
1.7282e-05
1.70877e-05
1.69271e-05
1.68641e-05
1.69294e-05
1.70783e-05
1.72126e-05
1.7323e-05
1.74414e-05
1.77057e-05
1.81699e-05
1.86908e-05
1.92998e-05
1.98455e-05
2.03298e-05
2.07174e-05
2.09607e-05
2.11454e-05
2.1108e-05
2.05829e-05
1.9989e-05
1.9467e-05
1.89056e-05
1.83918e-05
1.78708e-05
1.73718e-05
1.68535e-05
1.66169e-05
1.65427e-05
1.66207e-05
1.67911e-05
1.70063e-05
1.72586e-05
1.75056e-05
1.77203e-05
1.79305e-05
1.81693e-05
8.04205e-06
9.41655e-06
1.2129e-05
1.39405e-05
1.54078e-05
1.90351e-05
2.59469e-05
3.21107e-05
3.2414e-05
2.86609e-05
2.32193e-05
1.67026e-05
1.17563e-05
1.00565e-05
1.06108e-05
1.0851e-05
1.04613e-05
9.88888e-06
9.29729e-06
8.80063e-06
8.49695e-06
8.17449e-06
7.95187e-06
7.71346e-06
7.56463e-06
7.56894e-06
2.15908e-05
7.4861e-06
2.17644e-05
1.93049e-05
4.9017e-06
4.85617e-06
5.23452e-06
8.3414e-06
1.3645e-05
1.90294e-05
2.35601e-05
4.01442e-05
2.26146e-05
2.13469e-05
1.9784e-05
1.75316e-05
1.62781e-05
1.558e-05
7.28716e-05
1.48322e-05
1.49775e-05
1.55037e-05
1.59484e-05
1.65306e-05
1.66373e-05
1.69128e-05
1.7292e-05
1.76485e-05
1.77419e-05
1.77256e-05
1.77112e-05
1.76186e-05
1.74083e-05
1.71808e-05
1.70222e-05
1.69392e-05
1.68395e-05
1.67809e-05
1.6668e-05
1.65716e-05
1.65653e-05
1.66447e-05
1.67637e-05
1.68489e-05
1.69891e-05
1.70943e-05
1.73399e-05
1.7721e-05
1.82176e-05
1.87662e-05
1.92492e-05
1.97046e-05
2.00942e-05
2.03477e-05
2.05211e-05
2.04768e-05
2.00421e-05
1.95239e-05
1.91096e-05
1.86115e-05
1.82117e-05
1.77383e-05
1.7368e-05
1.6942e-05
1.67482e-05
1.67172e-05
1.6835e-05
1.70044e-05
1.72341e-05
1.74901e-05
1.77373e-05
1.79321e-05
1.81275e-05
1.83659e-05
8.64517e-06
1.1785e-05
1.4854e-05
1.60086e-05
1.72784e-05
2.07442e-05
2.85329e-05
3.72259e-05
3.76767e-05
3.19665e-05
2.54729e-05
1.91611e-05
1.40961e-05
1.14725e-05
1.04879e-05
1.02899e-05
1.00698e-05
9.84871e-06
9.57769e-06
9.3365e-06
9.06135e-06
8.7053e-06
8.53697e-06
8.20432e-06
8.24541e-06
8.12066e-06
7.03216e-06
3.15114e-05
6.88046e-06
6.32655e-06
5.76098e-06
5.98848e-06
4.98797e-06
6.17523e-06
1.02354e-05
1.46212e-05
1.85615e-05
1.88417e-05
1.83528e-05
1.71166e-05
1.4848e-05
1.40756e-05
1.36995e-05
1.3365e-05
1.31966e-05
1.31899e-05
1.35834e-05
1.42897e-05
1.4816e-05
1.5385e-05
1.54762e-05
1.57878e-05
1.61806e-05
1.65557e-05
1.66924e-05
1.66953e-05
1.67849e-05
1.67962e-05
1.66423e-05
1.65169e-05
1.64581e-05
1.64213e-05
1.64024e-05
1.64176e-05
1.63787e-05
1.63448e-05
1.63477e-05
1.64246e-05
1.65318e-05
1.66038e-05
7.5135e-05
1.68072e-05
1.70482e-05
1.73925e-05
1.78082e-05
1.83092e-05
1.87791e-05
1.9169e-05
1.95156e-05
1.97525e-05
1.99273e-05
1.98706e-05
1.95322e-05
1.91636e-05
1.87791e-05
1.83947e-05
1.80575e-05
1.76662e-05
1.7355e-05
1.7055e-05
1.68916e-05
1.69191e-05
1.7048e-05
1.72288e-05
1.74593e-05
1.77295e-05
1.7944e-05
1.81451e-05
1.83403e-05
1.85619e-05
7.95714e-06
1.52168e-05
1.71907e-05
1.69709e-05
1.7196e-05
1.9561e-05
2.73031e-05
3.94203e-05
4.26911e-05
3.59616e-05
2.80084e-05
2.15742e-05
1.65998e-05
1.36804e-05
1.23188e-05
1.18018e-05
1.14367e-05
1.10532e-05
1.06698e-05
1.03789e-05
1.01234e-05
9.70997e-06
3.53602e-05
1.018e-05
4.72866e-05
1.04161e-05
9.76137e-06
8.80762e-06
4.31874e-05
7.5132e-06
6.60524e-06
5.61788e-06
6.16359e-06
5.22445e-06
7.71453e-06
1.13604e-05
1.43633e-05
1.41448e-05
1.37708e-05
1.23865e-05
7.45029e-05
1.13533e-05
1.09611e-05
1.07019e-05
1.07061e-05
1.11223e-05
1.19053e-05
1.29293e-05
1.36509e-05
1.4181e-05
1.43832e-05
1.47809e-05
1.52405e-05
1.56339e-05
1.58157e-05
8.58403e-05
1.6018e-05
1.60754e-05
1.60049e-05
1.60047e-05
1.6034e-05
1.60573e-05
1.60961e-05
1.61593e-05
1.618e-05
1.61987e-05
1.62272e-05
1.63026e-05
1.63715e-05
1.64113e-05
1.65268e-05
1.66192e-05
1.68076e-05
1.71181e-05
1.7513e-05
1.79292e-05
1.83506e-05
1.8733e-05
1.90663e-05
1.92846e-05
1.94357e-05
1.94047e-05
1.91312e-05
1.88187e-05
1.85334e-05
1.82298e-05
1.79355e-05
1.76314e-05
1.73933e-05
1.71663e-05
1.70471e-05
1.71283e-05
1.72507e-05
1.74582e-05
1.76983e-05
1.79476e-05
1.81593e-05
1.83548e-05
1.85506e-05
1.87558e-05
1.68746e-05
2.07991e-05
1.55976e-05
1.42504e-05
1.44466e-05
1.63144e-05
2.29151e-05
3.72891e-05
4.62669e-05
4.07041e-05
3.14361e-05
2.43929e-05
1.94285e-05
1.64179e-05
1.4789e-05
1.39833e-05
1.33545e-05
1.27442e-05
1.22154e-05
1.18871e-05
1.17366e-05
1.193e-05
1.27099e-05
1.32772e-05
1.36316e-05
1.3972e-05
1.32797e-05
1.1778e-05
1.04505e-05
9.4401e-06
8.03697e-06
3.4218e-05
6.41637e-06
5.69605e-06
5.99645e-06
8.48812e-06
5.29881e-05
1.07173e-05
9.83732e-06
8.92529e-06
7.95882e-06
8.09696e-06
9.35811e-05
7.29419e-06
7.42785e-06
8.121e-06
9.38033e-06
1.09613e-05
1.20306e-05
1.27891e-05
1.319e-05
1.37563e-05
1.4333e-05
1.4798e-05
1.50474e-05
1.51905e-05
1.5364e-05
1.54737e-05
1.54797e-05
1.55616e-05
1.56507e-05
1.5746e-05
1.58844e-05
1.60051e-05
1.60744e-05
1.61149e-05
1.61652e-05
1.62348e-05
1.62712e-05
1.63177e-05
1.639e-05
1.6486e-05
1.66652e-05
1.69154e-05
1.726e-05
1.7653e-05
1.80245e-05
1.83581e-05
1.86566e-05
1.88846e-05
1.90356e-05
1.90028e-05
1.87763e-05
1.85667e-05
1.8362e-05
1.80955e-05
1.7889e-05
1.76086e-05
1.74737e-05
1.72941e-05
1.72326e-05
1.73321e-05
1.74677e-05
1.76885e-05
1.79367e-05
1.81616e-05
1.83727e-05
1.8562e-05
1.87556e-05
1.89562e-05
5.77963e-06
5.74363e-06
6.54125e-06
7.61964e-06
9.0643e-06
1.12696e-05
1.64795e-05
2.93337e-05
4.51359e-05
4.66685e-05
3.86739e-05
3.10554e-05
2.58289e-05
2.25619e-05
2.04905e-05
1.90579e-05
1.77757e-05
1.66375e-05
1.58601e-05
1.56752e-05
1.60597e-05
1.68578e-05
1.78e-05
1.84927e-05
1.88045e-05
1.86947e-05
1.8001e-05
1.68489e-05
1.54315e-05
1.36323e-05
1.13901e-05
9.38595e-06
7.64491e-06
8.25586e-06
6.91677e-05
7.69788e-06
6.76252e-06
7.14761e-06
9.54252e-06
1.06658e-05
1.12132e-05
1.1121e-05
1.14692e-05
1.15511e-05
1.13132e-05
1.07823e-05
8.21033e-06
6.89628e-06
7.575e-06
9.01717e-06
1.00385e-05
1.12244e-05
1.2263e-05
1.30419e-05
1.35409e-05
1.38932e-05
1.41996e-05
1.44538e-05
1.46543e-05
1.48936e-05
1.51587e-05
1.53964e-05
1.56646e-05
1.58822e-05
1.60283e-05
1.61322e-05
1.61887e-05
1.62159e-05
1.62441e-05
1.62727e-05
1.63216e-05
1.6417e-05
1.65368e-05
1.67457e-05
1.70223e-05
1.73224e-05
1.76512e-05
1.7944e-05
1.82117e-05
1.84226e-05
1.85571e-05
1.85535e-05
1.8421e-05
1.82828e-05
1.81454e-05
1.80061e-05
1.78334e-05
1.77019e-05
1.76011e-05
1.7543e-05
1.75488e-05
1.76605e-05
1.78182e-05
1.8073e-05
1.82692e-05
1.85007e-05
1.87032e-05
1.88861e-05
1.90782e-05
1.92268e-05
8.63341e-07
1.47361e-06
2.36463e-06
3.56238e-06
4.81402e-06
6.15932e-06
8.27971e-06
1.37758e-05
2.67112e-05
4.19478e-05
4.72139e-05
4.44076e-05
3.95819e-05
3.53637e-05
3.19166e-05
2.89221e-05
2.63005e-05
2.43352e-05
2.332e-05
2.31656e-05
2.35039e-05
2.39246e-05
2.43477e-05
2.46037e-05
2.44746e-05
2.38758e-05
2.26283e-05
2.10815e-05
1.95089e-05
1.80305e-05
1.65797e-05
1.47433e-05
1.2627e-05
1.18679e-05
1.21388e-05
1.15237e-05
1.10855e-05
1.14089e-05
1.2614e-05
1.3113e-05
1.31805e-05
1.32222e-05
1.33303e-05
1.31628e-05
1.15896e-05
8.85635e-06
8.71754e-06
1.19224e-05
1.14196e-05
1.0641e-05
7.61532e-06
6.81763e-06
7.41127e-06
8.65334e-06
9.81559e-06
1.0708e-05
1.14833e-05
1.21782e-05
1.2869e-05
1.35333e-05
1.4226e-05
1.48498e-05
1.5388e-05
1.58104e-05
1.61205e-05
1.63161e-05
1.63785e-05
1.64103e-05
1.64263e-05
1.64378e-05
1.64603e-05
1.65094e-05
1.66012e-05
1.67396e-05
1.69448e-05
1.71679e-05
1.7419e-05
1.76577e-05
1.78771e-05
1.80521e-05
1.81792e-05
1.82115e-05
1.81636e-05
1.81149e-05
1.80636e-05
1.80107e-05
1.79229e-05
1.78571e-05
1.78951e-05
1.79071e-05
1.79836e-05
1.81516e-05
1.83081e-05
1.85397e-05
1.87265e-05
1.8947e-05
1.91529e-05
1.92989e-05
1.94521e-05
1.96057e-05
1.20107e-07
3.87852e-07
8.37923e-07
1.52683e-06
2.38556e-06
3.25168e-06
4.16691e-06
5.55701e-06
8.58972e-06
1.48403e-05
2.33695e-05
3.22559e-05
3.85977e-05
4.04114e-05
3.85953e-05
3.54351e-05
3.23522e-05
2.99802e-05
2.84343e-05
2.75886e-05
2.74331e-05
2.79076e-05
2.86428e-05
2.90834e-05
2.88991e-05
2.78999e-05
2.63329e-05
2.44817e-05
2.29357e-05
2.17917e-05
2.11889e-05
2.08512e-05
2.03372e-05
1.96247e-05
1.92675e-05
1.88206e-05
1.84946e-05
1.85536e-05
1.88052e-05
1.877e-05
1.83435e-05
1.81504e-05
1.77798e-05
1.65905e-05
1.47152e-05
1.30073e-05
1.34663e-05
1.19037e-05
8.57325e-06
8.51516e-06
1.17286e-05
1.16712e-05
1.07463e-05
9.56122e-06
6.83904e-06
6.6906e-06
7.01903e-06
7.93235e-06
9.26843e-06
1.06906e-05
1.21555e-05
1.3467e-05
1.45932e-05
1.54829e-05
1.61408e-05
1.64952e-05
1.66742e-05
1.67668e-05
1.68146e-05
1.67742e-05
1.67792e-05
1.68133e-05
1.68613e-05
1.69642e-05
1.70908e-05
1.72611e-05
1.74469e-05
1.76354e-05
1.78045e-05
1.79365e-05
1.80545e-05
1.81127e-05
1.81342e-05
1.81266e-05
1.81389e-05
1.8125e-05
1.81276e-05
1.81332e-05
1.82056e-05
1.83201e-05
1.84471e-05
1.86106e-05
1.87546e-05
1.90049e-05
1.91846e-05
1.93443e-05
1.95275e-05
1.96767e-05
1.97999e-05
1.99192e-05
2.71825e-08
1.38618e-07
3.30294e-07
6.27129e-07
1.0413e-06
1.52787e-06
2.06015e-06
2.68519e-06
3.55878e-06
4.74574e-06
6.40451e-06
9.3346e-06
1.34333e-05
1.76741e-05
2.10163e-05
2.27099e-05
2.30808e-05
2.28966e-05
2.2768e-05
2.30504e-05
2.39691e-05
2.53728e-05
2.69741e-05
2.81986e-05
2.86181e-05
2.81771e-05
2.69865e-05
2.56531e-05
2.44175e-05
2.36016e-05
2.31404e-05
2.28991e-05
2.26773e-05
2.24022e-05
2.2001e-05
2.15779e-05
2.12912e-05
2.11039e-05
2.10793e-05
2.11688e-05
2.12781e-05
2.13423e-05
2.12337e-05
2.07038e-05
1.95562e-05
1.7686e-05
1.53394e-05
1.29485e-05
1.25975e-05
1.28301e-05
9.9994e-06
7.87766e-06
8.48255e-06
1.16875e-05
1.17766e-05
1.08054e-05
1.0592e-05
8.22097e-06
6.6507e-06
7.07673e-06
8.7386e-06
1.08429e-05
1.28169e-05
1.44482e-05
1.56386e-05
1.64057e-05
1.68805e-05
1.71551e-05
1.71982e-05
1.72024e-05
1.72173e-05
1.723e-05
1.72398e-05
1.72998e-05
1.7395e-05
1.75118e-05
1.76511e-05
1.77865e-05
1.79065e-05
1.80042e-05
1.81173e-05
1.81801e-05
1.82252e-05
1.82779e-05
1.83075e-05
1.8339e-05
1.83671e-05
1.84625e-05
1.85706e-05
1.87105e-05
1.88723e-05
1.90576e-05
1.92405e-05
1.94233e-05
1.95702e-05
1.97365e-05
1.98658e-05
1.99814e-05
2.01012e-05
2.01905e-05
9.62754e-09
5.74922e-08
1.49351e-07
2.83301e-07
4.56025e-07
6.75289e-07
9.44608e-07
1.26117e-06
1.66709e-06
2.1676e-06
2.79753e-06
3.53206e-06
4.51315e-06
5.82739e-06
7.48314e-06
8.81307e-06
9.6876e-06
1.02358e-05
1.07569e-05
1.16026e-05
1.30126e-05
1.50443e-05
1.75161e-05
1.99533e-05
2.1684e-05
2.25474e-05
2.25943e-05
2.21411e-05
2.14844e-05
2.07947e-05
2.01418e-05
1.95063e-05
1.88962e-05
1.83582e-05
1.78861e-05
1.76176e-05
1.75197e-05
1.75637e-05
1.77859e-05
1.81641e-05
1.86252e-05
1.90531e-05
1.94503e-05
1.97325e-05
1.97399e-05
1.92553e-05
1.81682e-05
1.65255e-05
1.44738e-05
1.23654e-05
1.16533e-05
1.23415e-05
1.10444e-05
8.22171e-06
7.46086e-06
8.91138e-06
1.19993e-05
1.13573e-05
1.05543e-05
8.48288e-06
6.60134e-06
7.58283e-06
1.00003e-05
1.24037e-05
1.43334e-05
1.57701e-05
1.67523e-05
1.72461e-05
1.74769e-05
1.75961e-05
1.76576e-05
1.76224e-05
1.76397e-05
1.76855e-05
1.77538e-05
1.78161e-05
1.79139e-05
1.80014e-05
1.80829e-05
1.81691e-05
1.82579e-05
1.83195e-05
1.83767e-05
1.84444e-05
1.85173e-05
1.8572e-05
1.865e-05
1.87618e-05
1.89106e-05
1.90926e-05
1.92605e-05
1.94388e-05
1.96167e-05
1.97722e-05
1.99004e-05
2.00359e-05
2.0137e-05
2.02178e-05
2.03095e-05
2.0408e-05
1.88813e-09
2.7771e-08
7.00913e-08
1.35869e-07
2.17349e-07
3.18816e-07
4.38492e-07
5.91916e-07
7.85408e-07
1.02772e-06
1.32126e-06
1.70605e-06
2.13701e-06
2.61539e-06
3.09005e-06
3.49663e-06
3.83593e-06
4.15411e-06
4.53457e-06
5.07009e-06
5.83192e-06
6.91601e-06
8.33139e-06
9.97089e-06
1.1632e-05
1.29686e-05
1.38009e-05
1.41543e-05
1.41508e-05
1.39316e-05
1.36106e-05
1.32665e-05
1.29684e-05
1.27616e-05
1.26574e-05
1.26966e-05
1.28583e-05
1.31221e-05
1.35138e-05
1.40208e-05
1.45932e-05
1.51764e-05
1.5767e-05
1.63822e-05
1.69296e-05
1.73238e-05
1.74017e-05
1.70009e-05
1.60936e-05
1.47199e-05
1.30479e-05
1.1335e-05
1.07577e-05
1.15543e-05
1.08324e-05
8.07697e-06
7.05735e-06
9.14047e-06
1.18428e-05
1.0456e-05
9.95575e-06
6.3971e-06
7.08321e-06
9.58278e-06
1.22186e-05
1.43833e-05
1.58993e-05
1.68547e-05
1.7448e-05
1.77919e-05
1.78585e-05
1.78987e-05
1.79531e-05
1.8014e-05
1.80211e-05
1.80678e-05
1.81272e-05
1.81881e-05
1.82485e-05
1.83224e-05
1.8401e-05
1.84677e-05
1.85314e-05
1.86022e-05
1.86793e-05
1.87841e-05
1.89032e-05
1.90357e-05
1.92022e-05
1.93821e-05
1.95611e-05
1.97384e-05
1.99035e-05
2.00313e-05
2.01297e-05
2.02265e-05
2.03153e-05
2.03802e-05
2.04397e-05
2.04967e-05
0
1.25364e-08
3.25731e-08
6.37744e-08
1.09421e-07
1.56471e-07
2.1641e-07
2.9454e-07
3.86309e-07
5.01815e-07
6.45874e-07
8.29792e-07
1.0554e-06
1.29414e-06
1.54111e-06
1.77806e-06
1.98879e-06
2.17865e-06
2.39145e-06
2.63401e-06
2.89257e-06
3.16416e-06
3.76357e-06
4.34589e-06
4.99504e-06
5.63779e-06
6.20342e-06
6.63172e-06
6.94787e-06
7.16174e-06
7.29309e-06
7.38704e-06
7.48703e-06
7.6212e-06
7.80585e-06
8.05683e-06
8.38313e-06
8.7753e-06
9.24904e-06
9.79804e-06
1.03931e-05
1.10154e-05
1.16696e-05
1.23717e-05
1.31002e-05
1.38163e-05
1.44453e-05
1.48667e-05
1.49244e-05
1.45506e-05
1.37484e-05
1.25734e-05
1.11634e-05
9.83755e-06
1.00624e-05
1.07169e-05
8.77408e-06
6.57877e-06
7.4964e-06
1.12775e-05
1.00734e-05
9.66739e-06
6.088e-06
6.84427e-06
9.45012e-06
1.2126e-05
1.42464e-05
1.57988e-05
1.68787e-05
1.74135e-05
1.77213e-05
1.79082e-05
1.80616e-05
1.80994e-05
1.81275e-05
1.81721e-05
1.82221e-05
1.82734e-05
1.83238e-05
1.83983e-05
1.84679e-05
1.85478e-05
1.86287e-05
1.87213e-05
1.88102e-05
1.89325e-05
1.90709e-05
1.92324e-05
1.94052e-05
1.95843e-05
1.97585e-05
1.99197e-05
2.00655e-05
2.01746e-05
2.02464e-05
2.03038e-05
2.03505e-05
2.04033e-05
2.04508e-05
2.05009e-05
0
3.35973e-09
1.65384e-08
3.10099e-08
5.00241e-08
7.70762e-08
1.1146e-07
1.48696e-07
1.96955e-07
2.59351e-07
3.34192e-07
4.2365e-07
5.31935e-07
6.57686e-07
7.89975e-07
9.23338e-07
1.05423e-06
1.18678e-06
1.32966e-06
1.50262e-06
1.72348e-06
1.95031e-06
2.14179e-06
2.2821e-06
2.361e-06
2.50992e-06
2.72008e-06
2.88528e-06
3.04926e-06
3.21248e-06
3.36619e-06
3.51411e-06
3.67587e-06
3.87275e-06
4.11581e-06
4.41454e-06
4.75676e-06
5.1483e-06
5.61017e-06
6.13015e-06
6.68451e-06
7.26177e-06
7.87759e-06
8.55529e-06
9.27744e-06
1.00367e-05
1.07996e-05
1.15154e-05
1.2088e-05
1.24066e-05
1.23633e-05
1.19424e-05
1.11478e-05
1.004e-05
8.83634e-06
8.75986e-06
9.62141e-06
8.08317e-06
5.92487e-06
6.98255e-06
1.04997e-05
9.24876e-06
8.78625e-06
5.6811e-06
6.64718e-06
9.25865e-06
1.18372e-05
1.3925e-05
1.53981e-05
1.64007e-05
1.70522e-05
1.74854e-05
1.77259e-05
1.7855e-05
1.79598e-05
1.80473e-05
1.81323e-05
1.82075e-05
1.82468e-05
1.83171e-05
1.84046e-05
1.8498e-05
1.85989e-05
1.8711e-05
1.88323e-05
1.89886e-05
1.91543e-05
1.93304e-05
1.94922e-05
1.9668e-05
1.98208e-05
1.99531e-05
2.00655e-05
2.01505e-05
2.01991e-05
2.02398e-05
2.02806e-05
2.03325e-05
2.03982e-05
2.04299e-05
0
0
4.38743e-09
1.49356e-08
2.68722e-08
3.65002e-08
5.21978e-08
7.42175e-08
1.04501e-07
1.36847e-07
1.75766e-07
2.26138e-07
2.863e-07
3.51871e-07
4.23859e-07
4.97922e-07
5.74118e-07
6.55729e-07
7.47876e-07
8.5859e-07
9.93633e-07
1.15315e-06
1.31073e-06
1.43587e-06
1.51799e-06
1.5586e-06
1.56803e-06
1.56258e-06
1.55651e-06
1.54888e-06
1.55485e-06
1.59679e-06
1.66872e-06
1.76664e-06
1.90096e-06
2.08816e-06
2.32888e-06
2.62238e-06
2.97298e-06
3.36836e-06
3.80813e-06
4.28938e-06
4.802e-06
5.37436e-06
6.00292e-06
6.68356e-06
7.39425e-06
8.11968e-06
8.8339e-06
9.44628e-06
9.85406e-06
9.9775e-06
9.76995e-06
9.21954e-06
8.36751e-06
7.42317e-06
7.5906e-06
8.38805e-06
6.74516e-06
5.18185e-06
6.88314e-06
9.50782e-06
8.29822e-06
7.51999e-06
5.22714e-06
6.33796e-06
8.80929e-06
1.11786e-05
1.31047e-05
1.45848e-05
1.56638e-05
1.63559e-05
1.68251e-05
1.71628e-05
1.74111e-05
1.76111e-05
1.77806e-05
1.78601e-05
1.79466e-05
1.80581e-05
1.81816e-05
1.83097e-05
1.84436e-05
1.85833e-05
1.87313e-05
1.88988e-05
1.90646e-05
1.92244e-05
1.94079e-05
1.95752e-05
1.97159e-05
1.98368e-05
1.99391e-05
2.00136e-05
2.00384e-05
2.00477e-05
2.00583e-05
2.00767e-05
2.01123e-05
2.01547e-05
0
0
0
3.20746e-09
1.04596e-08
1.96053e-08
2.84145e-08
3.63379e-08
5.01162e-08
6.91738e-08
9.58827e-08
1.2501e-07
1.55653e-07
1.92183e-07
2.34384e-07
2.80239e-07
3.27589e-07
3.77274e-07
4.34142e-07
5.01705e-07
5.82674e-07
6.75346e-07
7.75263e-07
8.75035e-07
9.58288e-07
1.01388e-06
1.03886e-06
1.03656e-06
1.01574e-06
9.86722e-07
9.56475e-07
9.32365e-07
9.20727e-07
9.27003e-07
9.57105e-07
1.01363e-06
1.10408e-06
1.23543e-06
1.41119e-06
1.63148e-06
1.90627e-06
2.24693e-06
2.6298e-06
3.052e-06
3.52258e-06
4.05831e-06
4.64248e-06
5.26565e-06
5.92962e-06
6.5889e-06
7.16743e-06
7.58661e-06
7.78821e-06
7.71487e-06
7.34297e-06
6.7143e-06
6.04929e-06
6.51982e-06
7.12059e-06
5.41708e-06
4.50336e-06
6.75812e-06
8.36881e-06
7.39013e-06
6.39593e-06
4.72377e-06
5.7578e-06
7.94788e-06
1.01133e-05
1.19423e-05
1.33756e-05
1.44467e-05
1.52587e-05
1.58878e-05
1.63716e-05
1.67329e-05
1.69756e-05
1.71849e-05
1.73799e-05
1.75687e-05
1.77522e-05
1.79319e-05
1.81102e-05
1.82877e-05
1.84642e-05
1.86425e-05
1.88111e-05
1.89907e-05
1.91603e-05
1.93005e-05
1.94081e-05
1.94916e-05
1.9566e-05
1.9613e-05
1.96399e-05
1.96556e-05
1.96747e-05
1.97049e-05
1.97524e-05
1.98033e-05
0
0
0
0
1.61064e-09
4.00209e-09
1.16155e-08
1.99924e-08
2.8335e-08
3.52691e-08
4.7287e-08
6.39876e-08
8.58265e-08
1.10101e-07
1.33415e-07
1.58591e-07
1.87017e-07
2.18561e-07
2.54831e-07
2.97389e-07
3.47842e-07
4.04876e-07
4.67019e-07
5.30323e-07
5.93832e-07
6.4768e-07
6.84972e-07
7.05054e-07
7.08641e-07
6.99209e-07
6.79891e-07
6.57146e-07
6.35904e-07
6.19977e-07
6.12693e-07
6.17721e-07
6.37124e-07
6.75103e-07
7.35243e-07
8.2351e-07
9.43274e-07
1.09854e-06
1.29584e-06
1.55175e-06
1.87578e-06
2.25072e-06
2.67914e-06
3.15139e-06
3.67043e-06
4.24278e-06
4.81847e-06
5.34793e-06
5.7812e-06
6.03454e-06
6.0436e-06
5.8016e-06
5.35889e-06
4.92723e-06
5.52127e-06
5.94625e-06
4.40774e-06
3.8732e-06
6.16373e-06
7.30045e-06
6.50955e-06
5.80332e-06
4.18369e-06
4.92627e-06
6.75486e-06
8.69905e-06
1.03981e-05
1.18243e-05
1.29929e-05
1.39395e-05
1.46862e-05
1.52555e-05
1.57303e-05
1.61287e-05
1.64757e-05
1.679e-05
1.70759e-05
1.73396e-05
1.75668e-05
1.77686e-05
1.79643e-05
1.81532e-05
1.83575e-05
1.85436e-05
1.87014e-05
1.88286e-05
1.89242e-05
1.89898e-05
1.90686e-05
1.9115e-05
1.91332e-05
1.91404e-05
1.91528e-05
1.91763e-05
1.92166e-05
1.92578e-05
0
0
0
0
0
2.9178e-10
1.28226e-09
3.65806e-09
1.17737e-08
1.95957e-08
2.66446e-08
3.30923e-08
4.31725e-08
5.7007e-08
7.28978e-08
9.12681e-08
1.10851e-07
1.30783e-07
1.51256e-07
1.76281e-07
2.06186e-07
2.41964e-07
2.82395e-07
3.25691e-07
3.69001e-07
4.08881e-07
4.44212e-07
4.72186e-07
4.90555e-07
4.98934e-07
4.98753e-07
4.91961e-07
4.8151e-07
4.70444e-07
4.60348e-07
4.53257e-07
4.49824e-07
4.53176e-07
4.6569e-07
4.91224e-07
5.3364e-07
5.96215e-07
6.83326e-07
8.0084e-07
9.54159e-07
1.14522e-06
1.40988e-06
1.73189e-06
2.11063e-06
2.54199e-06
3.01047e-06
3.5001e-06
3.98461e-06
4.41028e-06
4.6823e-06
4.76585e-06
4.63951e-06
4.31763e-06
4.02652e-06
4.58901e-06
4.95919e-06
3.68689e-06
3.26964e-06
5.1672e-06
6.38318e-06
5.67941e-06
5.57817e-06
3.65759e-06
4.03515e-06
5.38438e-06
7.09192e-06
8.71052e-06
1.01494e-05
1.13638e-05
1.23865e-05
1.32575e-05
1.40058e-05
1.46391e-05
1.5185e-05
1.56436e-05
1.60114e-05
1.63372e-05
1.66332e-05
1.69027e-05
1.71698e-05
1.74109e-05
1.7624e-05
1.78046e-05
1.79521e-05
1.80672e-05
1.81518e-05
1.8217e-05
1.82756e-05
1.83144e-05
1.83459e-05
1.83734e-05
1.84081e-05
1.84554e-05
1.85198e-05
1.85825e-05
0
0
0
0
0
0
0
3.09226e-10
5.26748e-10
3.31765e-09
1.04522e-08
1.59302e-08
2.36504e-08
2.97933e-08
3.72611e-08
4.81194e-08
5.98208e-08
7.2992e-08
8.86261e-08
1.0638e-07
1.26102e-07
1.4771e-07
1.71428e-07
1.98923e-07
2.28023e-07
2.5712e-07
2.84238e-07
3.06461e-07
3.26282e-07
3.42546e-07
3.53158e-07
3.58664e-07
3.60748e-07
3.59917e-07
3.5676e-07
3.52359e-07
3.47736e-07
3.4343e-07
3.41575e-07
3.44221e-07
3.53544e-07
3.71693e-07
4.02227e-07
4.50002e-07
5.18893e-07
6.13937e-07
7.39875e-07
9.01874e-07
1.11747e-06
1.39391e-06
1.72956e-06
2.11718e-06
2.54006e-06
2.9673e-06
3.34522e-06
3.62491e-06
3.76268e-06
3.70368e-06
3.48628e-06
3.26706e-06
3.72592e-06
4.13829e-06
3.16212e-06
2.70361e-06
3.9798e-06
5.53028e-06
4.97761e-06
5.10712e-06
3.39579e-06
3.3101e-06
4.11142e-06
5.53042e-06
7.03365e-06
8.42711e-06
9.69569e-06
1.08354e-05
1.18489e-05
1.27115e-05
1.3428e-05
1.40451e-05
1.45811e-05
1.5047e-05
1.54591e-05
1.58209e-05
1.61403e-05
1.64189e-05
1.66567e-05
1.68535e-05
1.70107e-05
1.71284e-05
1.72202e-05
1.72982e-05
1.73651e-05
1.742e-05
1.7464e-05
1.75086e-05
1.75615e-05
1.76265e-05
1.77075e-05
1.77828e-05
0
0
0
0
0
0
0
0
0
4.65666e-12
9.88439e-11
2.87879e-09
7.63665e-09
1.15572e-08
1.76894e-08
2.53648e-08
3.1347e-08
3.84668e-08
4.82049e-08
5.81697e-08
7.0633e-08
8.63625e-08
1.04185e-07
1.23611e-07
1.43408e-07
1.62797e-07
1.81275e-07
1.99447e-07
2.1603e-07
2.22065e-07
2.2693e-07
2.35357e-07
2.46497e-07
2.55847e-07
2.61898e-07
2.65949e-07
2.66966e-07
2.66196e-07
2.64926e-07
2.63082e-07
2.62073e-07
2.63566e-07
2.69548e-07
2.83368e-07
3.07567e-07
3.45515e-07
4.02199e-07
4.82406e-07
5.90288e-07
7.30888e-07
9.20875e-07
1.16234e-06
1.45616e-06
1.79808e-06
2.16339e-06
2.5092e-06
2.77622e-06
2.90766e-06
2.89624e-06
2.7611e-06
2.59311e-06
2.93867e-06
3.39248e-06
2.7489e-06
2.20101e-06
2.87523e-06
4.63283e-06
4.40968e-06
4.29708e-06
3.66324e-06
2.78425e-06
3.14777e-06
4.17919e-06
5.51581e-06
6.87016e-06
8.15289e-06
9.32577e-06
1.03697e-05
1.1298e-05
1.21116e-05
1.28209e-05
1.34353e-05
1.39558e-05
1.43778e-05
1.47369e-05
1.5043e-05
1.53008e-05
1.55143e-05
1.56894e-05
1.58327e-05
1.59507e-05
1.60534e-05
1.61429e-05
1.62232e-05
1.6301e-05
1.63818e-05
1.64711e-05
1.65713e-05
1.66852e-05
1.67878e-05
0
0
0
0
0
0
0
0
0
0
0
0
5.65992e-11
1.64547e-09
4.60809e-09
6.43889e-09
9.39085e-09
1.67696e-08
2.50295e-08
3.03575e-08
3.50971e-08
4.28426e-08
5.53565e-08
6.91991e-08
8.42085e-08
1.0005e-07
1.15308e-07
1.29936e-07
1.43086e-07
1.54939e-07
1.64905e-07
1.66009e-07
1.63411e-07
1.60328e-07
1.57821e-07
1.58106e-07
1.65015e-07
1.76563e-07
1.90601e-07
1.98147e-07
2.01827e-07
2.02046e-07
2.02217e-07
2.03304e-07
2.07759e-07
2.17726e-07
2.3678e-07
2.68278e-07
3.15107e-07
3.82427e-07
4.75959e-07
5.98599e-07
7.67796e-07
9.79993e-07
1.23259e-06
1.5175e-06
1.8055e-06
2.04106e-06
2.17997e-06
2.20142e-06
2.11555e-06
1.99853e-06
2.23537e-06
2.66963e-06
2.32904e-06
1.7765e-06
2.06314e-06
3.64127e-06
3.85199e-06
3.54833e-06
3.6574e-06
2.39713e-06
2.50379e-06
3.16464e-06
4.27789e-06
5.50996e-06
6.72371e-06
7.8663e-06
8.92286e-06
9.88197e-06
1.0712e-05
1.14228e-05
1.20334e-05
1.25583e-05
1.30055e-05
1.33856e-05
1.37059e-05
1.39741e-05
1.41982e-05
1.43874e-05
1.45506e-05
1.46966e-05
1.48276e-05
1.49495e-05
1.50687e-05
1.51898e-05
1.53181e-05
1.54557e-05
1.56036e-05
1.57322e-05
0
0
0
0
0
0
0
0
0
0
0
0
0
0
9.71972e-12
3.64453e-10
1.82276e-09
2.52634e-09
3.23708e-09
6.15824e-09
1.47774e-08
2.22872e-08
2.64988e-08
3.10517e-08
3.8101e-08
4.94652e-08
6.2969e-08
7.60117e-08
8.80978e-08
9.94393e-08
1.09332e-07
1.18063e-07
1.2584e-07
1.26414e-07
1.24355e-07
1.21488e-07
1.18028e-07
1.14668e-07
1.12401e-07
1.11572e-07
1.15296e-07
1.28442e-07
1.45258e-07
1.54208e-07
1.57399e-07
1.58959e-07
1.62615e-07
1.7039e-07
1.84868e-07
2.09378e-07
2.48104e-07
3.03679e-07
3.81091e-07
4.88132e-07
6.32227e-07
8.12124e-07
1.01968e-06
1.23282e-06
1.42035e-06
1.54908e-06
1.5877e-06
1.54603e-06
1.47919e-06
1.65439e-06
2.01278e-06
1.85273e-06
1.39609e-06
1.52333e-06
2.704e-06
3.21427e-06
2.94879e-06
3.11847e-06
2.24644e-06
2.0341e-06
2.41462e-06
3.28001e-06
4.35923e-06
5.45856e-06
6.50967e-06
7.49051e-06
8.38773e-06
9.19145e-06
9.90087e-06
1.05215e-05
1.10593e-05
1.15113e-05
1.18879e-05
1.22044e-05
1.24737e-05
1.27073e-05
1.29156e-05
1.3106e-05
1.32825e-05
1.34506e-05
1.36147e-05
1.3779e-05
1.39482e-05
1.41238e-05
1.43064e-05
1.4465e-05
0
0
0
0
0
0
0
0
0
0
0
0
0
0
0
0
5.00438e-14
6.66571e-11
4.33756e-10
5.95798e-10
2.34093e-11
1.87555e-09
6.14559e-09
1.37612e-08
2.00053e-08
2.3336e-08
2.64422e-08
3.03944e-08
3.67537e-08
4.65292e-08
5.8106e-08
6.7921e-08
7.73731e-08
8.54792e-08
9.28097e-08
9.36208e-08
9.34185e-08
9.25279e-08
9.13843e-08
8.97865e-08
8.8111e-08
8.64871e-08
8.60181e-08
8.73964e-08
9.42922e-08
1.08652e-07
1.2104e-07
1.257e-07
1.29006e-07
1.3515e-07
1.46251e-07
1.64813e-07
1.9409e-07
2.38527e-07
3.00548e-07
3.87158e-07
5.05335e-07
6.4595e-07
7.99888e-07
9.41035e-07
1.03874e-06
1.07954e-06
1.06792e-06
1.03781e-06
1.18522e-06
1.47051e-06
1.39292e-06
1.04574e-06
1.10957e-06
1.95022e-06
2.5723e-06
2.40833e-06
2.50083e-06
2.1074e-06
1.63857e-06
1.85899e-06
2.46827e-06
3.34728e-06
4.29403e-06
5.22418e-06
6.10823e-06
6.92944e-06
7.67115e-06
8.33286e-06
8.91745e-06
9.42904e-06
9.87471e-06
1.0263e-05
1.06037e-05
1.09073e-05
1.11827e-05
1.14373e-05
1.16755e-05
1.1903e-05
1.21242e-05
1.23431e-05
1.25573e-05
1.27717e-05
1.29888e-05
1.31745e-05
0
0
0
0
0
0
0
0
0
0
0
0
0
0
0
0
0
0
3.6476e-14
9.32238e-12
4.25276e-11
0
1.14826e-11
3.89661e-10
2.05609e-09
5.79163e-09
1.16289e-08
1.63054e-08
1.87985e-08
2.001e-08
2.09467e-08
2.22495e-08
2.55665e-08
2.97845e-08
3.73861e-08
4.7827e-08
5.66075e-08
6.2515e-08
6.66663e-08
6.92601e-08
7.06198e-08
7.09993e-08
7.10183e-08
7.05852e-08
6.99695e-08
6.97322e-08
7.11619e-08
7.5304e-08
8.55858e-08
9.64731e-08
1.02429e-07
1.07665e-07
1.16093e-07
1.2979e-07
1.51356e-07
1.83715e-07
2.31233e-07
2.98243e-07
3.85535e-07
4.90887e-07
5.91387e-07
6.67403e-07
7.05017e-07
7.03627e-07
6.8792e-07
8.02706e-07
1.02507e-06
1.00617e-06
7.50316e-07
7.93244e-07
1.37977e-06
1.96982e-06
1.90596e-06
1.92602e-06
1.88871e-06
1.30975e-06
1.43028e-06
1.82575e-06
2.48562e-06
3.24554e-06
4.02254e-06
4.78463e-06
5.50516e-06
6.17489e-06
6.7884e-06
7.34465e-06
7.84496e-06
8.29333e-06
8.69166e-06
9.05274e-06
9.38353e-06
9.6913e-06
9.98084e-06
1.02569e-05
1.05244e-05
1.07853e-05
1.10433e-05
1.12998e-05
1.15538e-05
1.17701e-05
0
0
0
0
0
0
0
0
0
0
0
0
0
0
0
0
0
0
0
0
0
1.09684e-12
0
0
3.74455e-12
2.07945e-11
4.15026e-10
1.54843e-09
3.60958e-09
6.62692e-09
9.98352e-09
1.19709e-08
1.28047e-08
1.24115e-08
1.19536e-08
1.13284e-08
1.12533e-08
1.34438e-08
1.93263e-08
2.75908e-08
3.89378e-08
4.69351e-08
5.27582e-08
5.60076e-08
5.75532e-08
5.79514e-08
5.7982e-08
5.7606e-08
5.74678e-08
5.86572e-08
6.1452e-08
6.82817e-08
7.70137e-08
8.43164e-08
9.14274e-08
1.01442e-07
1.16932e-07
1.40286e-07
1.7397e-07
2.22386e-07
2.87238e-07
3.56323e-07
4.16849e-07
4.47922e-07
4.48164e-07
4.39815e-07
5.07637e-07
6.76542e-07
6.91625e-07
5.26264e-07
5.41857e-07
9.22259e-07
1.45868e-06
1.47294e-06
1.45428e-06
1.58086e-06
1.07333e-06
1.08239e-06
1.30563e-06
1.75717e-06
2.34855e-06
2.98182e-06
3.61113e-06
4.21976e-06
4.80063e-06
5.35362e-06
5.87312e-06
6.35427e-06
6.79964e-06
7.21309e-06
7.59864e-06
7.96103e-06
8.30415e-06
8.63182e-06
8.94713e-06
9.25231e-06
9.54655e-06
9.83439e-06
1.01148e-05
1.03514e-05
0
0
0
0
0
0
0
0
0
0
0
0
0
0
0
0
0
0
0
0
0
0
0
0
0
0
0
5.07318e-12
1.94779e-11
8.00095e-11
5.01534e-10
1.17029e-09
2.17979e-09
3.33932e-09
4.55028e-09
5.45136e-09
5.59339e-09
5.16779e-09
4.28142e-09
4.25132e-09
5.5705e-09
8.54462e-09
1.51584e-08
2.42487e-08
3.53046e-08
4.19747e-08
4.56524e-08
4.72771e-08
4.75819e-08
4.74926e-08
4.70573e-08
4.68619e-08
4.76489e-08
4.98048e-08
5.39347e-08
6.09059e-08
6.91497e-08
7.80552e-08
8.93674e-08
1.0598e-07
1.30333e-07
1.64165e-07
2.09015e-07
2.56338e-07
2.84247e-07
2.87729e-07
2.78911e-07
2.98839e-07
4.14493e-07
4.70744e-07
3.62001e-07
3.51526e-07
5.55255e-07
1.01455e-06
1.11661e-06
1.08234e-06
1.21078e-06
9.94313e-07
8.03901e-07
9.14904e-07
1.18739e-06
1.61002e-06
2.09958e-06
2.61178e-06
3.13454e-06
3.6464e-06
4.14213e-06
4.61617e-06
5.06793e-06
5.49815e-06
5.90865e-06
6.30373e-06
6.68329e-06
7.0465e-06
7.39524e-06
7.73153e-06
8.05717e-06
8.37302e-06
8.67742e-06
8.93375e-06
0
0
0
0
0
0
0
0
0
0
0
0
0
0
0
0
0
0
0
0
0
0
0
0
0
0
0
0
0
0
0
8.08921e-12
1.85407e-11
3.47022e-11
1.58964e-10
3.16864e-10
5.60159e-10
9.51341e-10
1.33473e-09
1.55025e-09
1.2903e-09
1.72587e-09
2.47022e-09
3.73089e-09
5.56494e-09
1.04061e-08
1.75318e-08
2.75085e-08
3.36152e-08
3.69471e-08
3.83487e-08
3.84542e-08
3.81279e-08
3.77585e-08
3.75138e-08
3.79634e-08
3.9773e-08
4.30133e-08
4.82931e-08
5.62277e-08
6.65925e-08
7.98048e-08
9.73012e-08
1.21531e-07
1.52402e-07
1.81075e-07
1.95807e-07
1.86478e-07
1.76277e-07
2.23155e-07
3.03985e-07
2.60167e-07
2.18483e-07
2.98042e-07
6.34477e-07
8.14472e-07
8.06673e-07
8.60659e-07
9.00296e-07
6.17947e-07
6.46858e-07
7.77759e-07
1.0343e-06
1.40844e-06
1.83181e-06
2.26957e-06
2.70562e-06
3.1422e-06
3.57354e-06
4.00273e-06
4.4198e-06
4.82458e-06
5.21461e-06
5.58898e-06
5.94934e-06
6.29659e-06
6.63373e-06
6.96296e-06
7.28042e-06
7.54736e-06
0
0
0
0
0
0
0
0
0
0
0
0
0
0
0
0
0
0
0
0
0
0
0
0
0
0
0
0
0
0
0
0
0
0
0
9.77971e-13
7.85635e-12
1.51216e-11
2.47494e-11
8.22611e-11
1.34634e-10
2.03015e-10
3.4943e-10
6.90841e-10
1.16183e-09
1.79725e-09
2.85354e-09
4.2097e-09
7.45747e-09
1.27749e-08
2.00877e-08
2.57158e-08
2.8677e-08
2.98264e-08
3.01084e-08
2.98683e-08
2.96068e-08
2.9603e-08
3.00402e-08
3.14912e-08
3.4596e-08
3.9641e-08
4.72262e-08
5.82438e-08
7.30718e-08
9.12327e-08
1.12105e-07
1.29712e-07
1.35773e-07
1.26317e-07
1.19716e-07
1.76651e-07
1.93599e-07
1.42845e-07
1.58692e-07
3.13956e-07
5.44363e-07
5.90627e-07
5.91542e-07
6.83089e-07
5.50737e-07
4.49805e-07
5.19387e-07
6.78663e-07
9.34632e-07
1.24743e-06
1.59203e-06
1.96713e-06
2.35897e-06
2.75278e-06
3.14208e-06
3.52431e-06
3.90422e-06
4.27492e-06
4.63783e-06
4.98872e-06
5.32822e-06
5.65527e-06
5.96633e-06
6.22765e-06
0
0
0
0
0
0
0
0
0
0
0
0
0
0
0
0
0
0
0
0
0
0
0
0
0
0
0
0
0
0
0
0
0
0
0
0
0
0
0
0
3.60996e-12
7.58161e-12
9.0905e-12
0
0
2.18961e-10
4.71982e-10
8.36986e-10
1.36335e-09
2.14405e-09
3.213e-09
4.87003e-09
8.30839e-09
1.21936e-08
1.70238e-08
2.00911e-08
2.17244e-08
2.23324e-08
2.26133e-08
2.27777e-08
2.31117e-08
2.40355e-08
2.57517e-08
2.88447e-08
3.41479e-08
4.22264e-08
5.38206e-08
6.89861e-08
8.51491e-08
9.66202e-08
9.7671e-08
8.63957e-08
8.46913e-08
1.28242e-07
1.18549e-07
8.80829e-08
1.2976e-07
3.11978e-07
4.01906e-07
4.08389e-07
4.53104e-07
4.68116e-07
3.17484e-07
3.42051e-07
4.33792e-07
6.17605e-07
8.65874e-07
1.14847e-06
1.45017e-06
1.76315e-06
2.08877e-06
2.42405e-06
2.77518e-06
3.12445e-06
3.46664e-06
3.79743e-06
4.11824e-06
4.43556e-06
4.73881e-06
4.99878e-06
0
0
0
0
0
0
0
0
0
0
0
0
0
0
0
0
0
0
0
0
0
0
0
0
0
0
0
0
0
0
0
0
0
0
0
0
0
0
0
0
0
0
0
4.29285e-13
1.32242e-12
0
0
0
1.35861e-10
2.98294e-10
5.56333e-10
9.06617e-10
1.38017e-09
2.10217e-09
2.90581e-09
4.07104e-09
6.16637e-09
8.48274e-09
1.12233e-08
1.37985e-08
1.52846e-08
1.63389e-08
1.71766e-08
1.83161e-08
1.98275e-08
2.22225e-08
2.59078e-08
3.15146e-08
4.02392e-08
5.20985e-08
6.58857e-08
7.45991e-08
7.37623e-08
6.20469e-08
6.20147e-08
9.10058e-08
6.74799e-08
6.1153e-08
1.37377e-07
2.5097e-07
2.72042e-07
2.86494e-07
3.34531e-07
2.26723e-07
2.20474e-07
2.74525e-07
4.00169e-07
5.87004e-07
8.17209e-07
1.07087e-06
1.33861e-06
1.61641e-06
1.90106e-06
2.18884e-06
2.4835e-06
2.77872e-06
3.07634e-06
3.37257e-06
3.65728e-06
3.89974e-06
0
0
0
0
0
0
0
0
0
0
0
0
0
0
0
0
0
0
0
0
0
0
0
0
0
0
0
0
0
0
0
0
0
0
0
0
0
0
0
0
0
0
0
0
0
0
0
0
0
0
0
4.14664e-11
1.53059e-10
2.69172e-10
4.32949e-10
6.785e-10
9.90196e-10
1.46635e-09
2.07659e-09
2.7244e-09
3.7239e-09
5.31135e-09
7.10744e-09
9.38163e-09
1.14705e-08
1.33005e-08
1.51003e-08
1.7507e-08
2.05645e-08
2.50297e-08
3.12544e-08
3.99255e-08
5.06012e-08
5.87072e-08
5.66478e-08
4.63535e-08
4.6894e-08
6.85533e-08
3.90625e-08
4.76938e-08
1.29743e-07
1.71878e-07
1.73018e-07
2.08276e-07
1.51547e-07
1.35302e-07
1.73926e-07
2.64431e-07
4.06988e-07
5.82776e-07
7.82479e-07
9.99214e-07
1.2341e-06
1.48022e-06
1.73163e-06
1.98308e-06
2.233e-06
2.47696e-06
2.7239e-06
2.93912e-06
0
0
0
0
0
0
0
0
0
0
0
0
0
0
0
0
0
0
0
0
0
0
0
0
0
0
0
0
0
0
0
0
0
0
0
0
0
0
0
0
0
0
0
0
0
0
0
0
0
0
0
0
0
0
0
1.6789e-11
8.21624e-11
1.29755e-10
1.98932e-10
3.00572e-10
5.06775e-10
7.84812e-10
1.27504e-09
1.9373e-09
2.76924e-09
4.02203e-09
5.94908e-09
8.46472e-09
1.11027e-08
1.36652e-08
1.67145e-08
2.03856e-08
2.54486e-08
3.17469e-08
3.90778e-08
4.51393e-08
4.25047e-08
3.40963e-08
3.76525e-08
4.22374e-08
2.58872e-08
4.55281e-08
1.13798e-07
1.12707e-07
1.24132e-07
8.54299e-08
7.96353e-08
1.08317e-07
1.80456e-07
2.89861e-07
4.23207e-07
5.76974e-07
7.50635e-07
9.38189e-07
1.1365e-06
1.34227e-06
1.55652e-06
1.77217e-06
1.9838e-06
2.16808e-06
0
0
0
0
0
0
0
0
0
0
0
0
0
0
0
0
0
0
0
0
0
0
0
0
0
0
0
0
0
0
0
0
0
0
0
0
0
0
0
0
0
0
0
0
0
0
0
0
0
0
0
0
0
0
0
0
0
0
0
0
7.57288e-12
4.00924e-11
6.24767e-11
9.56616e-11
1.85372e-10
4.79797e-10
9.78091e-10
1.82869e-09
2.96677e-09
4.67661e-09
7.21577e-09
1.03784e-08
1.34693e-08
1.69793e-08
2.09169e-08
2.58842e-08
3.11203e-08
3.47689e-08
3.05238e-08
2.41928e-08
3.11452e-08
2.57332e-08
1.74243e-08
5.36231e-08
7.47657e-08
6.83099e-08
5.89914e-08
4.49789e-08
7.17266e-08
1.37501e-07
2.16576e-07
3.14418e-07
4.34919e-07
5.68782e-07
7.14206e-07
8.71826e-07
1.03854e-06
1.20809e-06
1.3771e-06
1.52944e-06
0
0
0
0
0
0
0
0
0
0
0
0
0
0
0
0
0
0
0
0
0
0
0
0
0
0
0
0
0
0
0
0
0
0
0
0
0
0
0
0
0
0
0
0
0
0
0
0
0
0
0
0
0
0
0
0
0
0
0
0
0
0
0
0
0
5.86583e-12
2.23913e-11
3.99045e-11
1.33601e-10
5.67977e-10
1.40306e-09
2.65087e-09
4.35388e-09
7.05089e-09
1.0531e-08
1.38262e-08
1.74892e-08
2.10109e-08
2.47486e-08
2.74481e-08
2.26772e-08
2.09311e-08
2.36464e-08
1.12e-08
1.92969e-08
5.05856e-08
3.99658e-08
2.76972e-08
2.66346e-08
5.58451e-08
1.0435e-07
1.69078e-07
2.52355e-07
3.47029e-07
4.43478e-07
5.52193e-07
6.7031e-07
7.92239e-07
9.18011e-07
1.03775e-06
0
0
0
0
0
0
0
0
0
0
0
0
0
0
0
0
0
0
0
0
0
0
0
0
0
0
0
0
0
0
0
0
0
0
0
0
0
0
0
0
0
0
0
0
0
0
0
0
0
0
0
0
0
0
0
0
0
0
0
0
0
0
0
0
0
0
0
0
0
4.35366e-12
1.34411e-11
5.04409e-11
4.38092e-10
1.28365e-09
2.6633e-09
4.4132e-09
7.23222e-09
1.08616e-08
1.40045e-08
1.72092e-08
1.93136e-08
1.93286e-08
1.62266e-08
1.85305e-08
1.20925e-08
9.673e-09
3.15296e-08
2.46016e-08
1.13123e-08
2.28803e-08
6.13555e-08
1.06504e-07
1.55785e-07
2.07297e-07
2.66178e-07
3.35919e-07
4.15725e-07
4.98701e-07
5.80643e-07
6.64576e-07
0
0
0
0
0
0
0
0
0
0
0
0
0
0
0
0
0
0
0
0
0
0
0
0
0
0
0
0
0
0
0
0
0
0
0
0
0
0
0
0
0
0
0
0
0
0
0
0
0
0
0
0
0
0
0
0
0
0
0
0
0
0
0
0
0
0
0
0
0
0
0
0
2.98929e-13
6.24034e-12
1.7438e-11
3.91915e-10
1.27519e-09
2.72559e-09
4.35639e-09
7.02548e-09
1.05476e-08
1.28635e-08
1.30648e-08
1.12812e-08
1.57476e-08
7.64027e-09
7.95532e-09
1.69275e-08
8.54806e-09
1.59248e-08
4.06905e-08
6.89893e-08
9.76995e-08
1.27563e-07
1.57594e-07
1.89147e-07
2.30013e-07
2.80998e-07
3.43217e-07
4.09343e-07
0
0
0
0
0
0
0
0
0
0
0
0
0
0
0
0
0
0
0
0
0
0
0
0
0
0
0
0
0
0
0
0
0
0
0
0
0
0
0
0
0
0
0
0
0
0
0
0
0
0
0
0
0
0
0
0
0
0
0
0
0
0
0
0
0
0
0
0
0
0
0
0
0
0
0
0
2.89036e-12
9.3047e-12
3.21191e-10
1.17417e-09
2.49704e-09
3.70364e-09
5.24756e-09
6.47614e-09
4.52773e-09
1.03173e-08
3.05442e-09
7.60445e-09
6.54596e-09
1.43759e-08
2.68406e-08
4.16665e-08
5.54151e-08
7.26397e-08
9.09892e-08
1.1003e-07
1.32956e-07
1.61763e-07
1.96906e-07
2.35427e-07
0
0
0
0
0
0
0
0
0
0
0
0
0
0
0
0
0
0
0
0
0
0
0
0
0
0
0
0
0
0
0
0
0
0
0
0
0
0
0
0
0
0
0
0
0
0
0
0
0
0
0
0
0
0
0
0
0
0
0
0
0
0
0
0
0
0
0
0
0
0
0
0
0
0
0
0
0
0
0
9.35972e-13
3.45819e-12
1.40512e-10
7.04229e-10
1.00415e-09
1.14941e-09
1.58689e-09
2.84777e-09
1.04998e-09
9.58227e-09
1.54165e-08
2.19208e-08
3.00656e-08
3.63579e-08
4.66959e-08
5.52911e-08
6.47277e-08
7.5549e-08
8.81985e-08
1.03299e-07
1.20216e-07
0
0
0
0
0
0
0
0
0
0
0
0
0
0
0
0
0
0
0
0
0
0
0
0
0
0
0
0
0
0
0
0
0
0
0
0
0
0
0
0
0
0
0
0
0
0
0
0
0
0
0
0
0
0
0
0
0
0
0
0
0
0
0
0
0
0
0
0
0
0
0
0
0
0
0
0
0
0
0
0
0
0
1.06621e-13
3.32339e-13
6.83674e-12
4.90028e-12
9.89532e-11
3.23142e-11
2.14538e-09
7.7794e-09
1.19784e-08
1.50829e-08
2.0144e-08
2.60748e-08
3.09108e-08
3.56555e-08
4.11181e-08
4.6975e-08
5.34378e-08
6.05967e-08
0
0
0
0
0
0
0
0
0
0
0
0
0
0
0
0
0
0
0
0
0
0
0
0
0
0
0
0
0
0
0
0
0
0
0
0
0
0
0
0
0
0
0
0
0
0
0
0
0
0
0
0
0
0
0
0
0
0
0
0
0
0
0
0
0
0
0
0
0
0
0
0
0
0
0
0
0
0
0
0
0
0
0
0
0
0
2.06902e-16
4.34461e-10
5.06799e-10
4.26064e-11
3.82416e-11
2.22969e-09
4.77869e-09
7.72105e-09
1.11077e-08
1.49365e-08
1.91866e-08
2.39255e-08
2.84814e-08
3.15445e-08
0
0
0
0
0
0
0
0
0
0
0
0
0
0
0
0
0
0
0
0
0
0
0
0
0
0
0
0
0
0
0
0
0
0
0
0
0
0
0
0
0
0
0
0
0
0
0
0
0
0
0
0
0
0
0
0
0
0
0
0
0
0
0
0
0
0
0
0
0
0
0
0
0
0
0
0
0
0
0
0
0
0
0
0
0
0
0
0
0
6.95445e-14
4.98164e-13
3.74073e-11
1.28251e-11
1.38071e-11
2.1926e-11
1.62756e-09
3.61097e-09
5.73196e-09
7.9675e-09
1.01415e-08
0
0
0
0
0
0
0
0
0
0
0
0
0
0
0
0
0
0
0
0
0
0
0
0
0
0
0
0
0
0
0
0
0
0
0
0
0
0
0
0
0
0
0
0
0
0
0
0
0
0
0
0
0
0
0
0
0
0
0
0
0
0
0
0
0
0
0
0
0
0
0
0
0
0
0
0
0
0
0
0
0
0
0
0
0
0
0
0
0
0
0
0
0
3.0852e-14
3.20845e-13
2.25875e-11
3.15913e-11
1.24651e-11
9.47701e-12
1.79817e-11
0
0
0
0
0
0
0
0
0
0
0
0
0
0
0
0
0
0
0
0
0
0
0
0
0
0
0
0
0
0
0
0
0
0
0
0
0
0
0
0
0
0
0
0
0
0
0
0
0
0
0
0
0
0
0
0
0
0
0
0
0
0
0
0
0
0
0
0
0
0
0
0
0
0
0
0
0
0
0
0
0
0
0
0
0
0
0
0
0
0
0
0
0
0
0
0
0
0
0
0
0
0
0
0
0
0
0
0
0
0
0
0
0
0
0
0
0
0
0
0
0
0
0
0
0
0
0
0
0
0
0
0
0
0
0
0
0
0
0
0
0
0
0
0
0
0
0
0
0
0
0
0
0
0
0
0
0
0
0
0
0
0
0
0
0
0
0
0
0
0
0
0
0
0
0
0
0
0
0
0
0
0
0
0
0
0
0
0
0
0
0
0
0
0
0
0
0
0
0
0
0
0
0
0
0
0
0
0
0
0
0
0
0
0
0
0
0
0
0
0
0
0
0
0
0
0
0
0
0
0
0
0
0
0
0
0
0
0
0
0
0
0
0
0
0
0
0
0
0
0
0
0
0
0
0
0
0
0
0
0
0
0
0
0
0
0
0
0
0
0
0
0
0
0
0
0
0
0
0
0
0
0
0
0
0
0
0
0
0
0
0
0
0
0
0
0
0
0
0
0
0
0
0
0
0
0
0
0
0
0
0
0
0
0
0
0
0
0
0
0
0
0
0
0
0
0
0
0
0
0
0
0
0
0
0
0
0
0
0
0
0
0
0
0
0
0
0
0
0
0
0
0
0
0
0
0
0
0
0
0
0
0
0
0
0
0
0
0
0
0
0
0
0
0
0
0
0
0
0
0
0
0
0
0
0
0
0
0
0
0
0
0
0
0
0
0
0
0
0
0
0
0
0
0
0
0
0
0
0
0
0
0
0
0
0
0
0
0
0
0
0
0
0
0
0
0
0
0
0
0
0
0
0
0
0
0
0
0
0
0
0
0
0
0
0
0
0
0
0
0
0
0
0
0
0
0
0
0
0
0
0
0
0
0
0
0
0
0
0
0
0
0
0
0
0
0
0
0
0
0
0
0
0
0
0
0
0
0
0
0
0
0
0
0
0
0
0
0
0
0
0
0
0
0
0
0
0
0
0
0
0
0
0
0
0
0
0
0
0
0
0
0
0
0
0
0
0
0
0
0
0
0
0
0
0
0
0
0
0
0
0
0
0
0
0
0
0
0
0
0
0
0
0
0
0
0
0
0
0
0
0
0
0
0
0
0
0
0
0
0
0
0
0
0
0
0
0
0
0
0
0
0
0
0
0
0
0
0
0
0
0
0
0
0
0
0
0
0
0
0
0
0
0
0
0
0
0
0
0
0
0
0
0
0
0
0
0
0
0
0
0
0
0
0
0
0
0
0
0
0
0
0
0
0
0
0
0
0
0
0
0
0
0
0
0
0
0
0
0
0
0
0
0
0
0
0
0
0
0
0
0
0
0
0
0
0
0
0
0
0
0
0
0
0
0
0
0
0
0
0
0
0
0
0
0
0
0
0
0
0
0
0
0
0
0
0
0
0
0
0
0
0
0
0
0
0
0
0
0
0
0
0
0
0
0
0
0
0
0
0
0
0
0
0
0
0
0
0
0
0
0
0
0
0
0
0
0
0
0
0
0
0
0
0
0
0
0
0
0
0
0
0
0
0
0
0
0
0
0
0
0
0
0
0
0
0
0
0
0
0
0
0
0
0
0
0
0
0
0
0
0
0
0
0
0
0
0
0
0
0
0
0
0
0
0
0
0
0
0
0
0
0
0
0
0
0
0
0
0
0
0
0
0
0
0
0
0
0
0
0
0
0
0
0
0
0
0
0
0
0
0
0
0
0
0
0
0
0
0
0
0
0
0
0
0
0
0
0
0
0
0
0
0
0
0
0
0
0
0
0
0
0
0
0
0
0
0
0
0
0
0
0
0
0
0
0
0
0
0
0
0
0
0
0
0
0
0
0
0
0
0
0
0
0
0
0
0
0
0
0
0
0
0
0
0
0
0
0
0
0
0
0
0
0
0
0
0
0
0
0
0
0
0
0
0
0
0
0
0
0
0
0
0
0
0
0
0
0
0
0
0
0
0
0
0
0
0
0
0
0
0
0
0
0
0
0
0
0
0
0
0
0
0
0
0
0
0
0
0
0
0
0
0
0
0
0
0
0
0
0
0
0
0
0
0
0
0
0
0
0
0
0
0
0
0
0
0
0
0
0
0
0
0
0
0
0
0
0
0
0
0
0
0
0
0
0
0
0
0
0
0
0
0
0
0
0
0
0
0
0
0
0
0
0
0
0
0
0
0
0
0
0
0
0
0
0
0
0
0
0
0
0
0
0
0
0
0
0
0
0
0
0
0
0
0
0
0
0
0
0
0
0
0
0
0
0
0
0
0
0
0
0
0
0
0
0
0
0
0
0
0
0
0
0
0
0
0
0
0
0
0
0
0
0
0
0
0
0
0
0
0
0
0
0
0
0
0
0
0
0
0
0
0
0
0
0
0
0
0
0
0
0
0
0
0
0
0
0
0
0
0
0
0
0
0
0
0
0
0
0
0
0
0
0
0
0
0
0
0
0
0
0
0
0
0
0
0
0
0
0
0
0
0
0
0
0
0
0
0
0
0
0
0
0
0
0
0
0
0
0
0
0
0
0
0
0
0
0
0
0
0
0
0
0
0
0
0
0
0
0
0
0
0
0
0
0
0
0
0
0
0
0
0
0
0
0
0
0
0
0
0
0
0
0
0
0
0
0
0
0
0
0
0
0
0
0
0
0
0
0
0
0
0
0
0
0
0
0
0
0
0
0
0
0
0
0
0
0
0
0
0
0
0
0
0
0
0
0
0
0
0
0
0
0
0
0
0
0
0
0
0
0
0
0
0
0
0
0
0
0
0
0
0
0
0
0
0
0
0
0
0
0
0
0
0
0
0
0
0
0
0
0
0
0
0
0
0
0
0
0
0
0
0
0
0
0
0
0
0
0
0
0
0
0
0
0
0
0
0
0
0
0
0
0
0
0
0
0
0
0
0
0
0
0
0
0
0
0
0
0
0
0
0
0
0
0
0
0
0
0
0
0
0
0
0
0
0
0
0
0
0
0
0
0
0
0
0
0
0
0
)
;

boundaryField
{
    AXIS
    {
        type            empty;
    }
    OUTLET
    {
        type            calculated;
        value           nonuniform List<scalar> 
80
(
1.53809e-05
1.53903e-05
1.5411e-05
1.54432e-05
1.5484e-05
1.55322e-05
1.55869e-05
1.56477e-05
1.57141e-05
1.57857e-05
1.58653e-05
1.59517e-05
1.60428e-05
1.61385e-05
1.62385e-05
1.63631e-05
1.65144e-05
1.6675e-05
1.6849e-05
1.70304e-05
1.72171e-05
1.73907e-05
1.7582e-05
1.77772e-05
1.79746e-05
1.81693e-05
1.83659e-05
1.85619e-05
1.87558e-05
1.89562e-05
1.92268e-05
1.96057e-05
1.99192e-05
2.01905e-05
2.0408e-05
2.04967e-05
2.05009e-05
2.04299e-05
2.01547e-05
1.98033e-05
1.92578e-05
1.85825e-05
1.77828e-05
1.67878e-05
1.57322e-05
1.4465e-05
1.31745e-05
1.17701e-05
1.03514e-05
8.93375e-06
7.54736e-06
6.22765e-06
4.99878e-06
3.89974e-06
2.93912e-06
2.16808e-06
1.52944e-06
1.03775e-06
6.64576e-07
4.09343e-07
2.35427e-07
1.20216e-07
6.05967e-08
3.15445e-08
1.01415e-08
1.79817e-11
0
0
0
0
0
0
0
0
0
0
0
0
0
0
)
;
    }
    COFLOW
    {
        type            calculated;
        value           uniform 0;
    }
    PILOT
    {
        type            calculated;
        value           uniform 3.38989e-06;
    }
    FUEL
    {
        type            calculated;
        value           uniform 6.21899e-17;
    }
    WALL
    {
        type            calculated;
        value           uniform 0;
    }
    front
    {
        type            wedge;
    }
    back
    {
        type            wedge;
    }
}


// ************************************************************************* //
