/*--------------------------------*- C++ -*----------------------------------*\
  =========                 |
  \\      /  F ield         | OpenFOAM: The Open Source CFD Toolbox
   \\    /   O peration     | Website:  https://openfoam.org
    \\  /    A nd           | Version:  6
     \\/     M anipulation  |
\*---------------------------------------------------------------------------*/
FoamFile
{
    version     2.0;
    format      ascii;
    class       volScalarField;
    location    "0.1";
    object      N2;
}
// * * * * * * * * * * * * * * * * * * * * * * * * * * * * * * * * * * * * * //

dimensions      [0 0 0 0 0 0 0];

internalField   nonuniform List<scalar> 
8000
(
0.743771
0.738567
0.72177
0.678449
0.646744
0.670644
0.703989
0.72461
0.735055
0.739769
0.74139
0.741459
0.74027
0.736786
0.73656
0.735985
0.722821
0.626527
0.708096
0.723859
0.722997
0.713422
0.694153
0.667392
0.642021
0.625737
0.619502
0.621027
0.622761
0.564823
0.621113
0.653932
0.671399
0.683464
0.691716
0.697357
0.700141
0.698748
0.690435
0.681156
0.687211
0.68966
0.686269
0.678475
0.668087
0.655451
0.64198
0.628102
0.608757
0.565027
0.591702
0.586622
0.58694
0.586114
0.584808
0.583294
0.582343
0.58268
0.584575
0.587726
0.593399
0.598858
0.606449
0.625599
0.630288
0.639854
0.639943
0.644078
0.646121
0.647403
0.643897
0.650925
0.650648
0.655467
0.655132
0.64969
0.649748
0.648853
0.647322
0.646648
0.648068
0.648319
0.650157
0.656064
0.65935
0.663243
0.66664
0.669568
0.666633
0.67579
0.679295
0.682517
0.684871
0.686575
0.690645
0.692815
0.694222
0.695274
0.695446
0.698738
0.743822
0.738434
0.720408
0.674255
0.634298
0.670622
0.706291
0.725814
0.735658
0.739911
0.741305
0.741123
0.739335
0.729826
0.730897
0.734495
0.732168
0.723454
0.720573
0.720071
0.719613
0.710896
0.691995
0.66562
0.640484
0.623478
0.618572
0.620823
0.624782
0.622087
0.643324
0.657982
0.672084
0.682077
0.688569
0.693385
0.696221
0.695287
0.686737
0.659678
0.681255
0.68688
0.684176
0.676607
0.66646
0.654032
0.640933
0.627641
0.609807
0.599912
0.592335
0.588722
0.58661
0.585684
0.584568
0.583319
0.582657
0.583239
0.585233
0.58834
0.594013
0.59937
0.606924
0.626029
0.634076
0.640088
0.640171
0.644224
0.646237
0.647583
0.648421
0.651092
0.650696
0.655602
0.655243
0.649734
0.649849
0.648928
0.647422
0.646635
0.648137
0.648342
0.650235
0.65614
0.659346
0.663293
0.666688
0.669607
0.672088
0.675834
0.679324
0.682548
0.684897
0.686585
0.690675
0.692837
0.694243
0.695295
0.695445
0.698761
0.743617
0.736969
0.715282
0.671314
0.667097
0.692653
0.716353
0.726641
0.734392
0.739472
0.740718
0.740686
0.738367
0.710008
0.710001
0.728107
0.733294
0.730623
0.705038
0.668033
0.705217
0.704418
0.687184
0.661915
0.637547
0.616836
0.615781
0.620343
0.627616
0.635927
0.647181
0.659789
0.671409
0.678792
0.681612
0.683741
0.687405
0.68765
0.685016
0.68125
0.684232
0.684232
0.680377
0.67287
0.663154
0.651096
0.638599
0.625648
0.609894
0.601045
0.594544
0.58732
0.584963
0.584724
0.584237
0.583533
0.583367
0.584353
0.586523
0.590243
0.595266
0.600439
0.607938
0.626895
0.634288
0.640591
0.643324
0.644557
0.64648
0.647956
0.649032
0.651404
0.649865
0.655904
0.655484
0.647387
0.65007
0.649091
0.647638
0.643079
0.648293
0.648392
0.650414
0.656294
0.656164
0.663403
0.66679
0.669692
0.672393
0.67592
0.679387
0.682616
0.683984
0.685906
0.690741
0.692885
0.694289
0.695341
0.695336
0.69881
0.743192
0.733567
0.699314
0.682651
0.694544
0.71061
0.72607
0.734777
0.739452
0.741256
0.741717
0.741254
0.739599
0.714394
0.628736
0.722044
0.734501
0.733437
0.718183
0.709657
0.712607
0.702918
0.681944
0.656555
0.634453
0.604776
0.611372
0.619867
0.628504
0.638416
0.647839
0.659247
0.669142
0.674602
0.672944
0.660392
0.674638
0.671086
0.677501
0.678036
0.679503
0.677901
0.674344
0.667594
0.657594
0.645345
0.634669
0.622701
0.608523
0.600805
0.593561
0.58549
0.582489
0.583888
0.584293
0.584174
0.584454
0.58585
0.588295
0.593011
0.596946
0.603192
0.609412
0.628256
0.634443
0.641323
0.643986
0.645095
0.646808
0.648474
0.646788
0.655357
0.655278
0.656377
0.655841
0.650662
0.650407
0.649334
0.647955
0.647447
0.648537
0.648461
0.650701
0.6565
0.659897
0.663576
0.666944
0.669817
0.672652
0.676045
0.679481
0.682718
0.68517
0.687122
0.690844
0.692957
0.694359
0.695411
0.695985
0.698886
0.74316
0.724632
0.604898
0.665388
0.704717
0.721808
0.733099
0.738814
0.741226
0.741977
0.741552
0.740737
0.740395
0.727389
0.719597
0.731913
0.736307
0.735079
0.727421
0.721446
0.714923
0.69827
0.673441
0.649764
0.631592
0.615377
0.615677
0.621169
0.62861
0.637669
0.646553
0.656736
0.665448
0.670661
0.67204
0.673058
0.67554
0.674935
0.67188
0.661176
0.670332
0.668353
0.666266
0.660458
0.652259
0.640176
0.628993
0.618477
0.606435
0.598335
0.592961
0.586334
0.583826
0.584886
0.585168
0.585336
0.585843
0.587605
0.59131
0.595357
0.598905
0.605118
0.611342
0.631161
0.637079
0.639519
0.644844
0.645885
0.643563
0.649105
0.650264
0.656074
0.656383
0.65698
0.6563
0.65139
0.650834
0.649652
0.648357
0.648084
0.64885
0.645687
0.651106
0.652363
0.66032
0.663801
0.667148
0.669983
0.672928
0.676205
0.679606
0.682852
0.685392
0.687543
0.690975
0.693054
0.694452
0.695503
0.696417
0.698983
0.743167
0.725744
0.645166
0.695176
0.720386
0.730753
0.737485
0.740038
0.741701
0.742163
0.741955
0.741488
0.740894
0.735161
0.732734
0.735301
0.732953
0.733756
0.729759
0.723871
0.711215
0.688987
0.657229
0.638392
0.628087
0.617468
0.617386
0.620964
0.626471
0.635548
0.643488
0.652493
0.659496
0.665416
0.668487
0.670969
0.672309
0.67096
0.667123
0.662364
0.662142
0.656409
0.653544
0.653979
0.645498
0.634367
0.622476
0.614963
0.604939
0.595073
0.593141
0.587492
0.585058
0.585972
0.586501
0.586903
0.587574
0.589976
0.594755
0.598021
0.601005
0.607396
0.613664
0.632567
0.638065
0.640751
0.64587
0.646938
0.648208
0.649837
0.651057
0.656935
0.657418
0.657657
0.656849
0.65208
0.651336
0.650041
0.64883
0.648614
0.649222
0.646346
0.655106
0.657543
0.660696
0.664075
0.667402
0.670186
0.673211
0.676399
0.679761
0.683017
0.685623
0.687292
0.691131
0.693175
0.694568
0.695616
0.696768
0.699098
0.743616
0.733475
0.704751
0.720075
0.731907
0.736218
0.737462
0.738181
0.740979
0.741642
0.741519
0.740904
0.739965
0.73792
0.736856
0.736952
0.735201
0.733557
0.729712
0.721012
0.69895
0.677849
0.655717
0.638934
0.62658
0.611924
0.61317
0.620152
0.618113
0.630813
0.638797
0.645789
0.652631
0.657396
0.660551
0.663195
0.665508
0.663525
0.660084
0.654125
0.65019
0.654096
0.653618
0.648657
0.641266
0.628775
0.609334
0.610852
0.604839
0.599594
0.595076
0.590873
0.586802
0.58763
0.588336
0.589108
0.590013
0.592274
0.597615
0.600893
0.603283
0.610024
0.628325
0.631944
0.63564
0.644836
0.647047
0.648173
0.649199
0.650624
0.65182
0.657881
0.658392
0.658413
0.657473
0.656396
0.651903
0.650503
0.649355
0.646158
0.649648
0.649835
0.655884
0.658293
0.661051
0.664395
0.667706
0.6656
0.673505
0.676614
0.679945
0.68321
0.685869
0.688298
0.691312
0.693319
0.694706
0.695751
0.697071
0.699229
0.742009
0.737288
0.727203
0.733537
0.737898
0.739391
0.738567
0.740388
0.74131
0.741135
0.740393
0.739513
0.738442
0.737836
0.737532
0.736723
0.734469
0.731525
0.726613
0.71641
0.697087
0.663331
0.648403
0.633825
0.622818
0.615634
0.616845
0.619298
0.622398
0.628189
0.626271
0.638958
0.643292
0.647334
0.649861
0.650857
0.655348
0.655096
0.651333
0.649327
0.65027
0.652363
0.650709
0.644687
0.638035
0.627965
0.618675
0.613869
0.605563
0.601316
0.597171
0.594063
0.589599
0.590753
0.591506
0.592322
0.59331
0.596802
0.600723
0.605299
0.607454
0.611537
0.622776
0.636193
0.643248
0.646251
0.648339
0.649539
0.650191
0.649665
0.651914
0.658908
0.659402
0.659226
0.653607
0.657309
0.65602
0.651046
0.64991
0.646902
0.650125
0.65055
0.656741
0.659015
0.659958
0.66476
0.668056
0.670801
0.673819
0.676861
0.680154
0.683429
0.686132
0.688687
0.691515
0.693484
0.694866
0.695905
0.697342
0.699374
0.74349
0.74075
0.736483
0.738459
0.740618
0.741219
0.741067
0.741424
0.741272
0.740532
0.739635
0.737583
0.733886
0.734383
0.734591
0.734045
0.729034
0.725939
0.71908
0.708655
0.690807
0.669354
0.651433
0.635871
0.614105
0.608262
0.615955
0.61734
0.614273
0.62521
0.62888
0.631669
0.632301
0.635147
0.639814
0.642315
0.638569
0.645012
0.642614
0.63823
0.646175
0.647028
0.644908
0.640503
0.635096
0.627152
0.620484
0.614077
0.60614
0.602689
0.599925
0.596932
0.595237
0.594397
0.593894
0.595953
0.596802
0.599899
0.603964
0.60877
0.60867
0.621736
0.634882
0.634799
0.642209
0.647764
0.649726
0.651
0.648447
0.652862
0.658036
0.66005
0.660427
0.660089
0.659126
0.658236
0.656869
0.651694
0.647965
0.650515
0.648742
0.650077
0.657608
0.659746
0.660444
0.665191
0.668453
0.671208
0.674157
0.677148
0.680388
0.683672
0.686465
0.689062
0.691736
0.693672
0.695047
0.69608
0.697592
0.699535
0.744074
0.742615
0.740902
0.741115
0.74205
0.74218
0.74185
0.741543
0.740494
0.738488
0.737823
0.734981
0.722279
0.714944
0.728389
0.729615
0.726469
0.718383
0.705644
0.693671
0.675765
0.665222
0.650622
0.636224
0.623348
0.611097
0.616161
0.617226
0.619601
0.622763
0.62452
0.62491
0.618058
0.613521
0.620525
0.629892
0.632778
0.634392
0.635188
0.637629
0.640908
0.64186
0.639889
0.636039
0.630199
0.625211
0.620091
0.613957
0.606394
0.603903
0.601994
0.600554
0.598778
0.597617
0.598318
0.599028
0.598312
0.601406
0.608651
0.61253
0.615525
0.632675
0.63849
0.644191
0.643144
0.645354
0.651191
0.652537
0.651011
0.65808
0.659769
0.661244
0.661413
0.661
0.660126
0.659175
0.653357
0.651573
0.651299
0.651371
0.651565
0.655717
0.658458
0.660502
0.662771
0.665965
0.668892
0.671644
0.674518
0.677464
0.680649
0.68394
0.686809
0.689428
0.691982
0.69388
0.695249
0.696275
0.697828
0.69971
0.744146
0.743021
0.741822
0.742129
0.742376
0.742237
0.741728
0.740911
0.73988
0.738261
0.735296
0.729971
0.700139
0.692904
0.71751
0.723482
0.721536
0.713642
0.699376
0.685839
0.673196
0.660703
0.647154
0.635607
0.625526
0.616921
0.61565
0.616715
0.617382
0.619338
0.620313
0.618917
0.616244
0.617289
0.61954
0.612972
0.620913
0.615383
0.626242
0.621682
0.632814
0.635587
0.634151
0.62947
0.626257
0.622896
0.61959
0.614154
0.605045
0.605128
0.604234
0.603405
0.602843
0.60084
0.600293
0.602257
0.601188
0.607973
0.612447
0.616478
0.632307
0.628224
0.641511
0.643497
0.649041
0.651383
0.652716
0.65413
0.658207
0.655164
0.661395
0.662357
0.662408
0.661917
0.66112
0.660102
0.658785
0.656965
0.652121
0.651369
0.655953
0.656993
0.659337
0.661256
0.663587
0.666505
0.669372
0.672107
0.674911
0.675263
0.680937
0.684228
0.687168
0.689791
0.692247
0.694108
0.695471
0.696487
0.698117
0.6999
0.743878
0.742576
0.742022
0.741625
0.741121
0.74054
0.740547
0.739084
0.737789
0.736827
0.734041
0.72806
0.706074
0.665077
0.707908
0.719256
0.719608
0.71112
0.68796
0.671545
0.66708
0.654208
0.639268
0.633706
0.625884
0.612896
0.60902
0.61585
0.614143
0.610169
0.614713
0.614906
0.614447
0.615191
0.616282
0.614026
0.616325
0.614301
0.614586
0.62189
0.62603
0.628031
0.627159
0.623913
0.621493
0.620755
0.617861
0.615473
0.611318
0.606822
0.605245
0.604715
0.604146
0.605271
0.605911
0.606959
0.608526
0.612094
0.616391
0.633212
0.637445
0.63297
0.646017
0.648598
0.651195
0.653459
0.652664
0.654618
0.66052
0.661666
0.662875
0.663492
0.663437
0.662874
0.662069
0.661056
0.659833
0.658212
0.656369
0.656751
0.657143
0.658158
0.660235
0.66204
0.664366
0.667087
0.669888
0.672602
0.675325
0.678298
0.681259
0.68336
0.687545
0.690157
0.692529
0.694356
0.695712
0.696716
0.698403
0.700104
0.74365
0.742978
0.742275
0.740941
0.739539
0.73909
0.738525
0.736624
0.735256
0.732505
0.728512
0.721146
0.703826
0.678638
0.70579
0.716908
0.716735
0.707903
0.688563
0.673286
0.662169
0.64812
0.631145
0.631783
0.625843
0.61647
0.616895
0.616877
0.606314
0.611762
0.607173
0.61055
0.608928
0.609204
0.611652
0.611958
0.61057
0.610602
0.615114
0.616884
0.612567
0.615188
0.621712
0.618254
0.610877
0.619842
0.618139
0.612573
0.617362
0.609793
0.608944
0.60997
0.609732
0.60907
0.6067
0.607741
0.612663
0.613817
0.633423
0.636663
0.641793
0.639964
0.642878
0.650806
0.649496
0.655543
0.654738
0.661664
0.662573
0.663432
0.66423
0.664627
0.664475
0.663865
0.663028
0.661999
0.660843
0.659405
0.65304
0.658024
0.658325
0.654708
0.661138
0.662855
0.665148
0.667691
0.670436
0.673125
0.675754
0.678837
0.679905
0.684958
0.68794
0.690529
0.692827
0.694623
0.695972
0.697015
0.698692
0.700321
0.743564
0.742122
0.741243
0.737532
0.731669
0.733581
0.733338
0.728805
0.724084
0.706178
0.716065
0.706747
0.699898
0.679676
0.702358
0.71347
0.711092
0.699141
0.681526
0.666439
0.656395
0.640418
0.631135
0.630901
0.62676
0.622926
0.620135
0.619345
0.615966
0.61444
0.612708
0.610625
0.607853
0.605104
0.60812
0.608339
0.607976
0.607722
0.607609
0.615076
0.616192
0.617721
0.617475
0.615103
0.60957
0.620428
0.622252
0.623791
0.621683
0.621026
0.623311
0.624278
0.620958
0.60994
0.611029
0.615047
0.617022
0.629815
0.636345
0.641881
0.647173
0.64885
0.646649
0.6531
0.655595
0.660813
0.662295
0.663785
0.664322
0.664988
0.665504
0.665732
0.665499
0.664852
0.664001
0.66295
0.661857
0.660586
0.658826
0.659225
0.659441
0.660282
0.662025
0.660916
0.666206
0.662835
0.666097
0.673675
0.676215
0.679392
0.682176
0.685411
0.688351
0.69091
0.69314
0.694908
0.696251
0.697322
0.698986
0.700553
0.741057
0.740311
0.73742
0.727466
0.6749
0.714044
0.719887
0.713755
0.702583
0.703076
0.701716
0.702965
0.698669
0.685499
0.696553
0.708722
0.703411
0.690175
0.679307
0.660555
0.651518
0.641624
0.632823
0.63295
0.627597
0.624182
0.615868
0.621561
0.620591
0.617344
0.614549
0.613899
0.608491
0.610212
0.60637
0.606503
0.605876
0.601426
0.60611
0.614029
0.614905
0.614776
0.614561
0.613966
0.617118
0.622977
0.62581
0.62806
0.629303
0.615884
0.63303
0.629485
0.630325
0.630712
0.632195
0.631346
0.633926
0.636792
0.641447
0.640575
0.646664
0.651554
0.653412
0.655449
0.66053
0.663276
0.664708
0.665716
0.661987
0.6664
0.667039
0.667146
0.666816
0.665844
0.664958
0.66393
0.662832
0.661733
0.655596
0.660411
0.660571
0.661351
0.662928
0.664579
0.667049
0.669037
0.671621
0.674231
0.676704
0.679969
0.6812
0.685879
0.688777
0.6913
0.693469
0.695214
0.696546
0.697636
0.699284
0.700797
0.72273
0.733604
0.729241
0.706367
0.673912
0.701348
0.703577
0.689894
0.692784
0.69522
0.694554
0.690804
0.691952
0.689709
0.697741
0.701203
0.696867
0.688507
0.676813
0.663398
0.649778
0.643327
0.639291
0.633173
0.625458
0.619537
0.620025
0.625405
0.62477
0.621376
0.613206
0.61152
0.617236
0.617028
0.61459
0.60414
0.603706
0.607297
0.610493
0.609047
0.613472
0.612617
0.608124
0.616002
0.615193
0.626748
0.623055
0.633702
0.63558
0.632035
0.637087
0.635644
0.635565
0.63549
0.636517
0.636947
0.6395
0.63974
0.640991
0.647695
0.648389
0.650277
0.656604
0.660482
0.663773
0.665992
0.667245
0.667822
0.668131
0.668357
0.668505
0.668472
0.668091
0.667333
0.660825
0.665099
0.664006
0.661087
0.661835
0.658319
0.661886
0.662543
0.664027
0.665668
0.668057
0.664626
0.672415
0.674929
0.677307
0.67856
0.683557
0.68645
0.689307
0.691779
0.693879
0.695608
0.696919
0.698022
0.699649
0.701105
0.694258
0.721814
0.719057
0.706173
0.694047
0.699457
0.688987
0.677296
0.682763
0.684151
0.678524
0.680237
0.679301
0.685689
0.688691
0.693344
0.688438
0.678351
0.667814
0.660378
0.652615
0.647691
0.642717
0.636643
0.626355
0.625068
0.625289
0.629752
0.625563
0.627308
0.625655
0.624861
0.624307
0.6227
0.620991
0.618118
0.617482
0.616534
0.609467
0.613399
0.608993
0.60616
0.608395
0.62059
0.626738
0.631939
0.642826
0.646451
0.645243
0.642581
0.641678
0.637321
0.63794
0.638193
0.644194
0.645234
0.640613
0.644078
0.651864
0.649788
0.651951
0.655338
0.662349
0.664496
0.666939
0.668802
0.670036
0.670317
0.670213
0.670062
0.670034
0.669921
0.66948
0.668723
0.667789
0.666444
0.665437
0.66459
0.663583
0.663391
0.663336
0.663915
0.665278
0.667221
0.6692
0.671088
0.673376
0.675808
0.678173
0.681547
0.684501
0.687242
0.689947
0.692354
0.694378
0.696094
0.697379
0.698485
0.700084
0.701484
0.682767
0.707963
0.709098
0.705725
0.699849
0.695258
0.683576
0.677701
0.678735
0.675657
0.663482
0.671306
0.675735
0.677154
0.682485
0.679586
0.678106
0.6703
0.65591
0.652438
0.650138
0.648436
0.645134
0.638494
0.632818
0.634579
0.635294
0.635205
0.633311
0.633385
0.626754
0.625077
0.629042
0.625491
0.620425
0.626123
0.624452
0.62223
0.619037
0.611974
0.616819
0.61716
0.62103
0.618284
0.631888
0.643976
0.64766
0.647071
0.647952
0.648321
0.647865
0.643464
0.647804
0.643838
0.649538
0.646378
0.647097
0.649201
0.655847
0.657966
0.660088
0.664129
0.666412
0.667928
0.663562
0.671544
0.672273
0.672344
0.666494
0.666153
0.671533
0.671351
0.670885
0.670089
0.669175
0.668107
0.666861
0.666099
0.665263
0.664973
0.664867
0.665299
0.661096
0.668535
0.670376
0.672209
0.674366
0.676742
0.679132
0.680576
0.685434
0.688044
0.690612
0.692956
0.694906
0.69661
0.697878
0.698967
0.700537
0.701887
0.679924
0.694446
0.699873
0.701849
0.697794
0.690428
0.682944
0.679494
0.677503
0.672187
0.663423
0.661957
0.66751
0.670036
0.672071
0.671886
0.66731
0.661107
0.658182
0.654269
0.650854
0.646924
0.644472
0.640403
0.637555
0.638857
0.63954
0.64066
0.642166
0.640398
0.637824
0.639721
0.6376
0.629597
0.634991
0.633547
0.625493
0.627248
0.625041
0.623203
0.622763
0.617278
0.627623
0.632498
0.64451
0.640937
0.646031
0.651653
0.652506
0.652555
0.6519
0.647323
0.647608
0.652486
0.653487
0.654438
0.655524
0.657663
0.659775
0.663448
0.665914
0.664582
0.669852
0.66489
0.672677
0.673834
0.6743
0.674188
0.673802
0.673321
0.66826
0.67273
0.672233
0.671444
0.670543
0.669434
0.668585
0.667848
0.666842
0.661376
0.66635
0.666672
0.668207
0.669785
0.671567
0.673359
0.675353
0.677724
0.680193
0.683495
0.686383
0.688851
0.69137
0.693584
0.695467
0.697155
0.698408
0.699469
0.701008
0.702312
0.6792
0.685232
0.691638
0.695322
0.692441
0.68692
0.683169
0.680598
0.6773
0.671493
0.663492
0.658025
0.660137
0.65917
0.663525
0.661741
0.658532
0.656345
0.655128
0.654573
0.652827
0.650093
0.650617
0.647355
0.644071
0.643051
0.641932
0.644756
0.649192
0.646736
0.649654
0.649612
0.645973
0.643508
0.640344
0.63845
0.63478
0.632773
0.630745
0.627999
0.628208
0.630573
0.638419
0.646133
0.650143
0.651083
0.656997
0.659358
0.66008
0.659993
0.653984
0.65367
0.653566
0.656708
0.654765
0.658693
0.661427
0.658813
0.665582
0.667623
0.669708
0.67155
0.673052
0.673998
0.675091
0.675969
0.676234
0.675982
0.675522
0.674966
0.674487
0.674142
0.673622
0.67278
0.671876
0.670773
0.6642
0.669342
0.668694
0.668308
0.668141
0.668417
0.663693
0.671112
0.672743
0.674536
0.676411
0.678742
0.681312
0.684578
0.687348
0.689662
0.692144
0.694285
0.69606
0.697728
0.698963
0.700004
0.701499
0.70276
0.67902
0.681223
0.685639
0.688993
0.687686
0.685251
0.683865
0.681891
0.678382
0.67272
0.664456
0.657816
0.652624
0.652168
0.653683
0.648608
0.647429
0.649128
0.651184
0.653722
0.654843
0.656058
0.654959
0.651923
0.649296
0.645297
0.649186
0.652114
0.654786
0.655493
0.65605
0.655462
0.654203
0.652365
0.649428
0.642488
0.638775
0.635326
0.635147
0.63454
0.635581
0.640589
0.646099
0.651983
0.653416
0.659613
0.660334
0.664216
0.664816
0.664699
0.664216
0.664176
0.663971
0.663667
0.664275
0.665282
0.666554
0.667965
0.669474
0.6714
0.673153
0.674597
0.675727
0.676523
0.673127
0.678018
0.678233
0.677855
0.677269
0.676572
0.675998
0.675564
0.674981
0.67415
0.67321
0.672123
0.671364
0.670755
0.670177
0.669874
0.669647
0.669834
0.670984
0.672411
0.673958
0.675669
0.677597
0.677093
0.682412
0.685646
0.688331
0.690597
0.692966
0.695008
0.696771
0.698328
0.699541
0.700562
0.702013
0.703228
0.679019
0.68018
0.682702
0.685113
0.685462
0.68587
0.686345
0.685047
0.681709
0.676378
0.668406
0.657858
0.651951
0.645359
0.6486
0.642303
0.64347
0.649483
0.649514
0.654791
0.653865
0.659546
0.658965
0.655687
0.650849
0.650368
0.653649
0.654646
0.659136
0.660555
0.660506
0.659606
0.655353
0.657313
0.654316
0.650374
0.641923
0.640246
0.639371
0.636904
0.642466
0.645728
0.653192
0.659743
0.66201
0.665037
0.66737
0.668651
0.669082
0.668928
0.662944
0.668777
0.668595
0.663753
0.663898
0.669594
0.670788
0.672027
0.667687
0.674639
0.676037
0.677278
0.678216
0.678898
0.679579
0.680168
0.680239
0.679734
0.679048
0.678231
0.674526
0.677099
0.676419
0.675494
0.674556
0.673488
0.672761
0.672174
0.671642
0.671364
0.665157
0.665275
0.67242
0.673728
0.675185
0.676901
0.678782
0.681043
0.683647
0.68672
0.689323
0.691541
0.6938
0.695752
0.697475
0.698952
0.70014
0.701187
0.702553
0.703728
0.679118
0.680413
0.682444
0.684495
0.686426
0.689229
0.691179
0.690354
0.687055
0.682012
0.674938
0.665695
0.657703
0.652922
0.650724
0.647787
0.649274
0.653833
0.655839
0.659627
0.662521
0.664232
0.661299
0.660528
0.658007
0.656352
0.656612
0.658543
0.661822
0.663827
0.663927
0.662144
0.661025
0.659611
0.657724
0.655512
0.65364
0.644351
0.644611
0.646946
0.6515
0.661097
0.660519
0.663174
0.667347
0.66504
0.671508
0.672386
0.672645
0.672495
0.66663
0.672732
0.67259
0.672436
0.672797
0.673461
0.674405
0.675393
0.676304
0.673609
0.678737
0.679911
0.680769
0.681364
0.682053
0.682442
0.682357
0.681747
0.680938
0.680022
0.679217
0.678635
0.677908
0.67694
0.675908
0.674872
0.674175
0.673546
0.673051
0.672817
0.672585
0.667014
0.673809
0.675093
0.676433
0.678212
0.680054
0.682313
0.684896
0.687818
0.690322
0.692488
0.694647
0.696513
0.698182
0.699596
0.70076
0.701815
0.70311
0.704256
0.679337
0.681406
0.684195
0.686905
0.690437
0.695053
0.697832
0.696967
0.693272
0.688198
0.681982
0.674379
0.66644
0.661004
0.656981
0.655472
0.653076
0.658569
0.662261
0.664866
0.668645
0.669318
0.667608
0.665458
0.663707
0.662799
0.661801
0.662685
0.66248
0.666181
0.667289
0.665277
0.662398
0.661559
0.658136
0.656136
0.65559
0.649172
0.657205
0.651243
0.662189
0.66344
0.664843
0.663881
0.671927
0.674128
0.672275
0.675976
0.672757
0.675685
0.671663
0.676073
0.67596
0.675842
0.671861
0.676772
0.677604
0.678506
0.679446
0.680435
0.681526
0.682623
0.683442
0.681843
0.684517
0.684723
0.684514
0.683761
0.682827
0.681846
0.681015
0.680268
0.679451
0.678395
0.677361
0.676277
0.675547
0.674964
0.674472
0.674241
0.674058
0.674176
0.670546
0.676418
0.677765
0.67951
0.681425
0.683643
0.686119
0.688942
0.691333
0.693442
0.695505
0.697292
0.698902
0.700259
0.701397
0.70245
0.703684
0.7048
0.679768
0.683274
0.687749
0.691897
0.696949
0.70262
0.705462
0.703921
0.699409
0.69388
0.68812
0.681928
0.675168
0.66983
0.665733
0.664209
0.66638
0.669106
0.667144
0.67211
0.674223
0.674219
0.672829
0.670395
0.669259
0.668078
0.667043
0.665536
0.665714
0.669038
0.670491
0.669696
0.667843
0.664865
0.659995
0.655493
0.65522
0.65666
0.658293
0.658795
0.665103
0.663483
0.670619
0.670712
0.674053
0.678584
0.679534
0.679824
0.679604
0.676367
0.679355
0.67945
0.679315
0.679164
0.67942
0.680011
0.680825
0.681702
0.682616
0.683558
0.684413
0.685353
0.686172
0.6865
0.68701
0.687042
0.686667
0.685825
0.684785
0.683683
0.682751
0.681963
0.681075
0.679935
0.678821
0.677783
0.676973
0.67633
0.675871
0.67568
0.675569
0.675741
0.676613
0.677841
0.6791
0.680897
0.68279
0.685021
0.68738
0.690065
0.692363
0.694399
0.696372
0.698085
0.699633
0.700939
0.702051
0.703096
0.704273
0.705362
0.680624
0.686524
0.693428
0.699255
0.705328
0.711122
0.71329
0.710671
0.705058
0.698768
0.693028
0.687732
0.68234
0.67807
0.674905
0.674594
0.675885
0.677094
0.676655
0.678474
0.679082
0.678551
0.677393
0.67595
0.674485
0.672794
0.671371
0.668519
0.66773
0.671908
0.672876
0.673357
0.671432
0.668099
0.663523
0.659144
0.6585
0.656781
0.662372
0.666503
0.670195
0.673441
0.676215
0.67903
0.681492
0.683394
0.68413
0.682585
0.683597
0.682906
0.683271
0.683175
0.682936
0.682735
0.682975
0.683439
0.684214
0.685033
0.684129
0.686715
0.687328
0.68676
0.688863
0.689185
0.689498
0.689358
0.68883
0.687868
0.686738
0.685532
0.684524
0.683688
0.682693
0.681531
0.680389
0.67927
0.67846
0.677813
0.677312
0.677108
0.677014
0.67725
0.678132
0.679285
0.680572
0.682341
0.684197
0.686382
0.688702
0.691195
0.693399
0.695365
0.69725
0.698894
0.700376
0.701635
0.702721
0.703754
0.704873
0.705939
0.682361
0.692003
0.701741
0.708811
0.714886
0.719766
0.720762
0.716994
0.710285
0.703068
0.696999
0.692131
0.687821
0.684602
0.682539
0.6825
0.683032
0.68328
0.682994
0.683307
0.683018
0.682207
0.68138
0.680494
0.679527
0.677332
0.674696
0.67456
0.673051
0.675711
0.677646
0.676949
0.674579
0.671303
0.667399
0.664758
0.66353
0.661299
0.668198
0.672121
0.676018
0.679341
0.682118
0.684767
0.685808
0.688231
0.688717
0.688
0.687714
0.687087
0.687293
0.687055
0.686734
0.686463
0.686635
0.686979
0.687682
0.688433
0.689004
0.689839
0.690238
0.690707
0.691553
0.691811
0.691922
0.691614
0.690955
0.689919
0.688728
0.687459
0.686242
0.685431
0.684378
0.683159
0.681995
0.68088
0.679987
0.679304
0.678826
0.678652
0.678577
0.678869
0.679634
0.680787
0.682124
0.683782
0.685657
0.687802
0.690022
0.692348
0.694436
0.696339
0.698132
0.699716
0.70113
0.702345
0.703405
0.704424
0.705484
0.706533
0.685885
0.70075
0.712858
0.719908
0.724662
0.727831
0.727554
0.722927
0.715325
0.707185
0.70052
0.6957
0.692052
0.689605
0.6882
0.688063
0.688079
0.687817
0.687333
0.687012
0.686404
0.685459
0.685162
0.684817
0.684542
0.684
0.682427
0.680886
0.681602
0.682286
0.682051
0.680262
0.677593
0.674606
0.671611
0.66967
0.668939
0.671158
0.67457
0.678243
0.682232
0.685361
0.688039
0.690409
0.69191
0.693028
0.693205
0.692378
0.691881
0.691183
0.691301
0.690961
0.690567
0.690243
0.690313
0.690522
0.691168
0.691836
0.692334
0.692927
0.693092
0.69355
0.694218
0.694386
0.694314
0.693852
0.693066
0.691938
0.690696
0.689383
0.68703
0.687167
0.686059
0.684852
0.683641
0.682503
0.68162
0.680886
0.680379
0.680163
0.680129
0.680445
0.681269
0.682382
0.683626
0.685287
0.687091
0.689232
0.691332
0.693508
0.695476
0.697321
0.699022
0.700546
0.701895
0.703068
0.704104
0.705104
0.706145
0.707141
0.692871
0.713543
0.725904
0.731116
0.73356
0.734733
0.73346
0.728522
0.720459
0.711545
0.704078
0.699018
0.69566
0.69365
0.692573
0.692276
0.691972
0.691444
0.690814
0.690315
0.689779
0.6888
0.689136
0.689608
0.689144
0.690644
0.689902
0.688457
0.687024
0.687388
0.685943
0.683347
0.680674
0.678262
0.676136
0.675006
0.675083
0.678033
0.681314
0.68485
0.687508
0.691125
0.693502
0.695803
0.6971
0.697659
0.697544
0.69665
0.696016
0.695342
0.695247
0.694817
0.694368
0.693997
0.69396
0.693309
0.694607
0.695193
0.695571
0.695951
0.696101
0.69639
0.696818
0.696873
0.696635
0.696028
0.695135
0.693943
0.692657
0.691271
0.689916
0.688931
0.687774
0.686528
0.685341
0.684178
0.68323
0.682517
0.682051
0.681816
0.681785
0.682158
0.682949
0.683956
0.685193
0.686802
0.688582
0.690646
0.692653
0.694667
0.696518
0.698306
0.699915
0.701387
0.702669
0.703805
0.704815
0.705795
0.706813
0.707763
0.706739
0.72966
0.738364
0.740478
0.740596
0.740103
0.738311
0.733705
0.725801
0.716404
0.708068
0.702602
0.699273
0.697445
0.696474
0.696023
0.695511
0.694837
0.694182
0.693791
0.693646
0.693685
0.694768
0.695657
0.696432
0.697286
0.69651
0.694819
0.693305
0.691955
0.689609
0.686165
0.684057
0.682302
0.681097
0.680986
0.680768
0.684908
0.688287
0.691474
0.694525
0.696649
0.698466
0.700932
0.701897
0.702053
0.701699
0.70077
0.700041
0.699307
0.699078
0.698583
0.69809
0.697682
0.69755
0.697329
0.697995
0.69848
0.698715
0.698874
0.699024
0.699086
0.699348
0.69929
0.698899
0.698164
0.69717
0.695911
0.6946
0.693165
0.69183
0.690676
0.689507
0.688242
0.687023
0.685893
0.684932
0.68417
0.683694
0.683479
0.683482
0.683856
0.684621
0.685612
0.686776
0.688315
0.690091
0.692042
0.693969
0.69583
0.697559
0.6993
0.700812
0.702233
0.703452
0.704553
0.705537
0.706496
0.707488
0.708397
0.750885
0.750024
0.749287
0.748017
0.746382
0.744623
0.742429
0.738769
0.732348
0.723986
0.715561
0.709575
0.706145
0.704341
0.703284
0.70252
0.701682
0.700826
0.700289
0.700393
0.701252
0.702814
0.704751
0.706237
0.70695
0.706779
0.705435
0.703326
0.701023
0.698401
0.695484
0.692668
0.690407
0.688735
0.689628
0.691349
0.693326
0.695804
0.698754
0.701145
0.703223
0.704595
0.706806
0.708035
0.708533
0.708335
0.707869
0.707065
0.706295
0.705401
0.705059
0.704494
0.703949
0.703497
0.703216
0.703094
0.70339
0.703661
0.703663
0.703746
0.703609
0.703216
0.703296
0.703071
0.702451
0.701529
0.700414
0.699081
0.697695
0.696183
0.694856
0.693515
0.692295
0.691021
0.689815
0.688673
0.68772
0.686996
0.686507
0.686294
0.686324
0.686718
0.687411
0.688294
0.689374
0.690811
0.69247
0.694322
0.696067
0.697716
0.699322
0.700909
0.702259
0.703607
0.70473
0.70577
0.706715
0.707637
0.708587
0.709437
0.753753
0.753253
0.752537
0.751516
0.750382
0.749283
0.748016
0.745824
0.742119
0.736648
0.730537
0.724908
0.720942
0.718477
0.716676
0.71508
0.713577
0.712542
0.712567
0.713821
0.715844
0.71785
0.71911
0.719267
0.718331
0.716572
0.71412
0.71132
0.708477
0.705699
0.703241
0.701462
0.700648
0.700767
0.702574
0.704366
0.706358
0.70827
0.71068
0.712364
0.713266
0.714543
0.715777
0.716266
0.716223
0.715708
0.71501
0.714189
0.71342
0.712658
0.712219
0.71167
0.711125
0.710633
0.710217
0.71003
0.710027
0.710036
0.70981
0.709634
0.709246
0.708793
0.70841
0.70784
0.706999
0.705913
0.704656
0.703233
0.701776
0.700225
0.698844
0.697399
0.696123
0.694868
0.693674
0.692564
0.691646
0.690933
0.690431
0.690196
0.690253
0.690628
0.691247
0.692011
0.692922
0.694199
0.695756
0.697382
0.698922
0.700362
0.701803
0.703148
0.704332
0.705538
0.70653
0.707489
0.708385
0.709257
0.710143
0.710932
0.754178
0.753989
0.753662
0.753147
0.752495
0.751814
0.751136
0.750306
0.748947
0.746833
0.744571
0.742211
0.739668
0.737143
0.734612
0.732264
0.730428
0.729551
0.729772
0.730629
0.731361
0.731407
0.730569
0.728893
0.726525
0.723715
0.720761
0.717887
0.71534
0.713271
0.711902
0.711441
0.711942
0.713182
0.715093
0.716851
0.718425
0.719927
0.72121
0.721965
0.722238
0.722793
0.723206
0.723146
0.722771
0.72214
0.721436
0.720665
0.719912
0.719174
0.718586
0.717997
0.717446
0.716972
0.716561
0.716272
0.716053
0.715834
0.715425
0.714995
0.714428
0.71384
0.713169
0.712351
0.711319
0.710106
0.708759
0.707292
0.705801
0.704252
0.70283
0.701348
0.700028
0.698834
0.69767
0.696606
0.69573
0.695027
0.694525
0.69425
0.69433
0.694658
0.695186
0.695843
0.696579
0.697742
0.699118
0.7005
0.70182
0.703068
0.704326
0.705469
0.706453
0.707555
0.708428
0.709279
0.710145
0.710959
0.711778
0.71251
0.754233
0.754159
0.754027
0.753817
0.753531
0.753191
0.752814
0.752362
0.751797
0.751167
0.750427
0.74951
0.748463
0.747305
0.746022
0.744808
0.743855
0.743237
0.74281
0.742285
0.741387
0.739974
0.738011
0.735569
0.732769
0.729839
0.727126
0.724809
0.723089
0.722066
0.721806
0.722283
0.72332
0.724639
0.726103
0.727265
0.728154
0.728896
0.729346
0.729458
0.729342
0.729324
0.729207
0.728855
0.728341
0.727701
0.727033
0.726333
0.725638
0.724958
0.724353
0.723745
0.723175
0.722651
0.722153
0.721738
0.721338
0.720982
0.720455
0.719857
0.719144
0.718388
0.717515
0.716527
0.715377
0.714093
0.712708
0.711239
0.709754
0.708238
0.706818
0.705371
0.704101
0.7029
0.701776
0.700765
0.699927
0.699238
0.698742
0.698389
0.698506
0.698763
0.69918
0.699737
0.700412
0.701368
0.702488
0.703644
0.704755
0.70582
0.706892
0.707859
0.708747
0.70966
0.710438
0.711229
0.71199
0.71274
0.71349
0.714166
0.754243
0.754211
0.754153
0.754065
0.753948
0.753803
0.753629
0.753412
0.753127
0.752798
0.752451
0.752108
0.751756
0.751324
0.750764
0.750284
0.749904
0.749565
0.749133
0.74843
0.747333
0.745804
0.743867
0.741605
0.739154
0.736749
0.734697
0.733147
0.73222
0.731901
0.732098
0.732671
0.733424
0.734179
0.734874
0.735317
0.735559
0.735669
0.735581
0.735312
0.734947
0.734607
0.734224
0.733739
0.733181
0.732562
0.731933
0.731288
0.730639
0.729992
0.72939
0.728791
0.728218
0.727665
0.727107
0.726586
0.726069
0.725523
0.724874
0.724155
0.72335
0.722476
0.72149
0.720404
0.719195
0.717888
0.716507
0.715072
0.713627
0.712174
0.710795
0.709422
0.708193
0.707033
0.705961
0.705005
0.704199
0.703527
0.703033
0.702735
0.702735
0.702898
0.7032
0.703637
0.704202
0.704973
0.705858
0.706798
0.707709
0.708601
0.709491
0.710304
0.711077
0.711839
0.71253
0.713231
0.713909
0.714592
0.715275
0.715892
0.754247
0.754232
0.754205
0.754165
0.754113
0.754049
0.753972
0.753872
0.753741
0.753576
0.75339
0.753183
0.752966
0.752765
0.752583
0.752435
0.752312
0.752172
0.75196
0.75159
0.750983
0.75007
0.748863
0.747408
0.745816
0.744249
0.7429
0.741889
0.741253
0.740955
0.740913
0.741027
0.741185
0.741303
0.741347
0.741264
0.741074
0.740806
0.740434
0.73998
0.739493
0.739017
0.73853
0.738003
0.737439
0.736843
0.736237
0.735619
0.734994
0.734369
0.733772
0.733173
0.732583
0.732001
0.731407
0.730815
0.730195
0.729525
0.728783
0.727981
0.727114
0.726182
0.725148
0.724025
0.722805
0.721513
0.72017
0.718794
0.717419
0.716051
0.714746
0.713463
0.712295
0.711197
0.710186
0.709282
0.708508
0.707851
0.707343
0.707044
0.706958
0.707024
0.707208
0.707516
0.707939
0.708532
0.709208
0.709947
0.71067
0.711398
0.712116
0.712788
0.713441
0.714078
0.714683
0.715294
0.715895
0.716509
0.717122
0.717678
0.754249
0.754242
0.754229
0.754209
0.754185
0.754155
0.754118
0.754071
0.754008
0.753928
0.753832
0.753722
0.753603
0.753479
0.753363
0.753263
0.753179
0.753102
0.753012
0.752887
0.752693
0.752378
0.751848
0.751213
0.750483
0.749711
0.748963
0.748305
0.747759
0.747339
0.747027
0.746779
0.746543
0.746286
0.745988
0.745638
0.745242
0.744809
0.744329
0.743814
0.743292
0.742779
0.742265
0.741731
0.741175
0.740598
0.740007
0.739404
0.73879
0.738173
0.737573
0.736972
0.736373
0.735768
0.735138
0.734493
0.733817
0.733086
0.732284
0.731431
0.730533
0.729576
0.728541
0.727428
0.726236
0.724992
0.723712
0.722416
0.72113
0.719862
0.718648
0.717464
0.716373
0.715348
0.7144
0.713548
0.712804
0.712158
0.711613
0.711296
0.711123
0.711098
0.711163
0.711339
0.711603
0.712034
0.71252
0.713072
0.713621
0.714195
0.714757
0.715301
0.715839
0.716367
0.716885
0.717411
0.717939
0.718482
0.719024
0.719515
0.75425
0.754247
0.75424
0.754231
0.754218
0.754203
0.754185
0.754161
0.75413
0.75409
0.75404
0.753981
0.753915
0.753847
0.753778
0.753713
0.753654
0.753597
0.753536
0.753457
0.753348
0.753206
0.753032
0.752835
0.752604
0.752304
0.751963
0.75162
0.751277
0.75095
0.750646
0.750351
0.750043
0.749708
0.749337
0.748931
0.748495
0.748031
0.747537
0.747025
0.746511
0.746001
0.745489
0.744962
0.744419
0.743858
0.743283
0.742694
0.742093
0.741486
0.740886
0.740282
0.739676
0.739059
0.738413
0.737738
0.737026
0.736271
0.735456
0.734584
0.733676
0.732726
0.731716
0.730646
0.729513
0.728339
0.727142
0.725941
0.724754
0.723592
0.722476
0.721394
0.720385
0.719434
0.718547
0.717743
0.717024
0.716387
0.715839
0.715472
0.715223
0.715079
0.715027
0.715072
0.715197
0.715461
0.71578
0.716159
0.71656
0.716981
0.717403
0.717828
0.718261
0.718693
0.719127
0.719574
0.720028
0.720499
0.720969
0.721393
0.75425
0.754249
0.754246
0.754241
0.754235
0.754227
0.754218
0.754205
0.754189
0.754168
0.754141
0.754108
0.754071
0.754032
0.753992
0.753952
0.753912
0.753873
0.753832
0.753783
0.753721
0.753643
0.753552
0.753453
0.753348
0.753234
0.75311
0.752976
0.752829
0.752673
0.752509
0.752328
0.752125
0.751893
0.751621
0.751302
0.750941
0.750545
0.750115
0.749664
0.749198
0.748721
0.748232
0.747725
0.747201
0.746662
0.746108
0.74554
0.744958
0.744368
0.743776
0.743179
0.742573
0.741953
0.741306
0.740627
0.739908
0.739148
0.738345
0.737492
0.736598
0.735673
0.734708
0.733699
0.732646
0.731559
0.730458
0.729358
0.728275
0.727218
0.7262
0.725213
0.724281
0.723398
0.722566
0.721802
0.721104
0.720473
0.719924
0.719495
0.719163
0.718917
0.718755
0.71868
0.718681
0.718793
0.718965
0.719191
0.71946
0.719745
0.720043
0.720361
0.7207
0.721045
0.721399
0.721769
0.722152
0.72255
0.722945
0.723301
0.75425
0.75425
0.754249
0.754246
0.754243
0.754239
0.754234
0.754227
0.754219
0.754207
0.754192
0.754174
0.754153
0.754129
0.754105
0.754081
0.754055
0.754029
0.754001
0.75397
0.753933
0.75389
0.75384
0.753784
0.753725
0.753662
0.753597
0.75353
0.753458
0.753383
0.753304
0.75322
0.753124
0.753011
0.752873
0.752705
0.752503
0.752262
0.75198
0.751652
0.751278
0.750866
0.750438
0.749992
0.749525
0.749033
0.748518
0.747983
0.74743
0.746865
0.746293
0.745711
0.745118
0.744508
0.743873
0.743208
0.742507
0.741767
0.74099
0.740177
0.739325
0.738442
0.737533
0.736597
0.73563
0.734643
0.733643
0.732646
0.731663
0.730705
0.729777
0.728875
0.72801
0.727185
0.726399
0.725667
0.724985
0.724355
0.723791
0.723311
0.722907
0.722576
0.722318
0.722138
0.72203
0.722012
0.722056
0.722161
0.722305
0.722474
0.722666
0.722884
0.723143
0.723409
0.723688
0.723985
0.724295
0.72462
0.72494
0.725227
0.75425
0.75425
0.75425
0.754249
0.754247
0.754245
0.754242
0.754238
0.754234
0.754227
0.754219
0.754209
0.754197
0.754183
0.754168
0.754152
0.754137
0.754119
0.754101
0.75408
0.754057
0.754031
0.754002
0.75397
0.753935
0.753898
0.753859
0.75382
0.753779
0.753736
0.753693
0.753648
0.753599
0.753542
0.753474
0.753391
0.75329
0.753167
0.753017
0.752832
0.752612
0.752358
0.752065
0.751722
0.751327
0.750901
0.750454
0.749989
0.749502
0.748989
0.748455
0.747902
0.747332
0.746747
0.746139
0.745505
0.74484
0.744141
0.743408
0.742647
0.741858
0.741036
0.740192
0.739331
0.738454
0.737563
0.736665
0.735768
0.73488
0.73401
0.733162
0.732333
0.731528
0.73075
0.730001
0.729293
0.72862
0.727988
0.727407
0.726887
0.726425
0.726025
0.72569
0.725423
0.725224
0.725102
0.725047
0.725046
0.725086
0.72516
0.725262
0.725385
0.725579
0.725772
0.72598
0.726206
0.726445
0.726695
0.726941
0.727159
0.75425
0.75425
0.75425
0.75425
0.754249
0.754248
0.754247
0.754245
0.754242
0.754238
0.754234
0.754228
0.754221
0.754213
0.754203
0.754194
0.754184
0.754173
0.75416
0.754147
0.754132
0.754116
0.754097
0.754078
0.754056
0.754034
0.75401
0.753985
0.75396
0.753935
0.753909
0.753883
0.753856
0.753825
0.753789
0.753746
0.753694
0.753631
0.753552
0.753453
0.753333
0.753186
0.753009
0.752797
0.752549
0.752266
0.751927
0.751544
0.751122
0.750677
0.750214
0.749732
0.749224
0.748686
0.748119
0.747525
0.746909
0.746268
0.745597
0.7449
0.744181
0.743439
0.742669
0.741886
0.741093
0.740293
0.739488
0.738684
0.737884
0.737094
0.736315
0.735549
0.734797
0.734061
0.733343
0.732653
0.731988
0.731355
0.730759
0.730209
0.729706
0.729256
0.728862
0.728529
0.728262
0.728063
0.727923
0.727836
0.727795
0.727792
0.727821
0.727887
0.727997
0.72812
0.72826
0.728417
0.728585
0.728763
0.728934
0.729086
0.75425
0.75425
0.75425
0.75425
0.75425
0.754249
0.754249
0.754248
0.754247
0.754245
0.754242
0.754239
0.754234
0.754229
0.754224
0.754218
0.754211
0.754204
0.754197
0.754188
0.754178
0.754167
0.754155
0.754143
0.754129
0.754115
0.7541
0.754086
0.754071
0.754055
0.754038
0.754022
0.754005
0.753986
0.753966
0.753943
0.753916
0.753883
0.753842
0.753791
0.753726
0.753645
0.753545
0.753421
0.753269
0.753088
0.752871
0.75262
0.752328
0.75199
0.751607
0.751189
0.750747
0.750286
0.749802
0.749288
0.748737
0.748156
0.747548
0.746922
0.746279
0.745618
0.744939
0.744242
0.743525
0.742808
0.742083
0.741357
0.740636
0.739918
0.739204
0.738494
0.73779
0.737093
0.736406
0.735738
0.735085
0.734455
0.733854
0.733287
0.732759
0.732277
0.731844
0.731466
0.731146
0.730886
0.730683
0.730532
0.730427
0.730362
0.730331
0.730339
0.730378
0.730436
0.730511
0.730602
0.730701
0.730808
0.730907
0.730995
0.75425
0.75425
0.75425
0.75425
0.75425
0.75425
0.75425
0.754249
0.754249
0.754248
0.754247
0.754245
0.754242
0.75424
0.754236
0.754232
0.754228
0.754223
0.754218
0.754213
0.754207
0.754199
0.754191
0.754183
0.754174
0.754164
0.754155
0.754145
0.754135
0.754127
0.75412
0.75411
0.754099
0.754087
0.754074
0.754059
0.754043
0.754024
0.754002
0.753975
0.753941
0.753899
0.753847
0.753779
0.753695
0.753589
0.753458
0.753298
0.753108
0.752885
0.752622
0.752321
0.75198
0.751597
0.751179
0.750738
0.750276
0.749794
0.749284
0.748742
0.748174
0.747572
0.746965
0.746351
0.745724
0.745083
0.744437
0.743789
0.743135
0.742469
0.74181
0.741155
0.740497
0.739841
0.739188
0.738545
0.737911
0.737292
0.736696
0.736126
0.735589
0.735091
0.734636
0.73423
0.733875
0.733574
0.733326
0.733128
0.732973
0.732857
0.732776
0.732728
0.732706
0.732704
0.732717
0.732743
0.732777
0.732815
0.732846
0.732874
0.75425
0.75425
0.75425
0.75425
0.75425
0.75425
0.75425
0.75425
0.75425
0.754249
0.754248
0.754248
0.754247
0.754245
0.754244
0.754242
0.754239
0.754236
0.754232
0.754229
0.754225
0.754221
0.754215
0.754209
0.754203
0.754196
0.754189
0.754182
0.754176
0.754169
0.754162
0.754157
0.754154
0.754149
0.754144
0.754137
0.754128
0.754115
0.7541
0.754082
0.754061
0.754038
0.75401
0.753975
0.753931
0.753876
0.753806
0.753717
0.753606
0.753469
0.753302
0.753106
0.752872
0.752602
0.752297
0.751952
0.75157
0.751158
0.750726
0.750276
0.749809
0.74932
0.748804
0.748247
0.74767
0.7471
0.746524
0.74594
0.745353
0.744761
0.744165
0.743559
0.742939
0.742316
0.741701
0.741088
0.740479
0.739882
0.739301
0.738741
0.738209
0.737709
0.737247
0.736828
0.736454
0.736129
0.73585
0.735617
0.735424
0.735266
0.735139
0.73504
0.734964
0.734906
0.734861
0.734828
0.734799
0.734773
0.734741
0.734714
0.75425
0.75425
0.75425
0.75425
0.75425
0.75425
0.75425
0.75425
0.75425
0.75425
0.754249
0.754249
0.754248
0.754248
0.754247
0.754246
0.754245
0.754243
0.754242
0.75424
0.754237
0.754233
0.75423
0.754227
0.754223
0.754218
0.754213
0.754208
0.754202
0.754197
0.754192
0.754187
0.754183
0.754179
0.754177
0.754174
0.75417
0.754166
0.75416
0.754152
0.754142
0.754126
0.754106
0.754083
0.754058
0.754029
0.753993
0.753948
0.753892
0.753821
0.753729
0.753616
0.753475
0.753305
0.753103
0.752865
0.752594
0.75229
0.75195
0.75158
0.751184
0.750768
0.750334
0.749886
0.749417
0.748928
0.748394
0.747843
0.747316
0.746777
0.746233
0.745683
0.745126
0.74456
0.743989
0.743407
0.742823
0.74225
0.741692
0.741151
0.740633
0.740144
0.739687
0.739267
0.738887
0.738548
0.73825
0.73799
0.737766
0.737572
0.737405
0.737261
0.737136
0.737027
0.736929
0.736839
0.736754
0.73667
0.736582
0.736505
0.75425
0.75425
0.75425
0.75425
0.75425
0.75425
0.75425
0.75425
0.75425
0.75425
0.75425
0.75425
0.754249
0.754249
0.754248
0.754248
0.754247
0.754247
0.754246
0.754245
0.754244
0.754242
0.75424
0.754237
0.754234
0.754232
0.754229
0.754226
0.754223
0.754219
0.754215
0.754211
0.754207
0.754203
0.754199
0.754196
0.754194
0.754191
0.754188
0.754184
0.754179
0.754173
0.754165
0.754154
0.754139
0.754119
0.754095
0.754069
0.75404
0.754004
0.75396
0.753904
0.753834
0.753743
0.753631
0.753492
0.753322
0.753121
0.752885
0.752618
0.752321
0.751993
0.751638
0.751258
0.750853
0.750435
0.750005
0.749562
0.749102
0.748598
0.748086
0.747569
0.747057
0.74654
0.746017
0.745488
0.744956
0.744425
0.743902
0.743386
0.742886
0.74241
0.741965
0.741551
0.74117
0.740824
0.740513
0.740234
0.739984
0.73976
0.739558
0.739375
0.739208
0.739053
0.738907
0.738768
0.738633
0.738498
0.738361
0.738242
0.75425
0.75425
0.75425
0.75425
0.75425
0.75425
0.75425
0.75425
0.75425
0.75425
0.75425
0.75425
0.75425
0.75425
0.754249
0.754249
0.754249
0.754248
0.754248
0.754247
0.754246
0.754245
0.754244
0.754243
0.754242
0.75424
0.754238
0.754236
0.754234
0.754232
0.75423
0.754228
0.754226
0.754224
0.754221
0.754217
0.754213
0.75421
0.754207
0.754204
0.7542
0.754196
0.754191
0.754186
0.754179
0.754171
0.75416
0.754145
0.754126
0.754103
0.754077
0.754049
0.754016
0.753974
0.753921
0.753854
0.753767
0.753659
0.753524
0.753358
0.753161
0.752932
0.75267
0.752379
0.752059
0.751717
0.751348
0.750957
0.750562
0.750151
0.749724
0.749282
0.748812
0.748324
0.747843
0.747348
0.746861
0.746377
0.745894
0.74542
0.744959
0.744514
0.74409
0.743688
0.74331
0.742959
0.742637
0.742341
0.74207
0.74182
0.741587
0.74137
0.741166
0.740972
0.740786
0.740605
0.740426
0.740249
0.740071
0.739918
0.75425
0.75425
0.75425
0.75425
0.75425
0.75425
0.75425
0.75425
0.75425
0.75425
0.75425
0.75425
0.75425
0.75425
0.75425
0.75425
0.754249
0.754249
0.754249
0.754248
0.754248
0.754247
0.754247
0.754246
0.754245
0.754244
0.754243
0.754242
0.754241
0.754239
0.754238
0.754237
0.754236
0.754235
0.754233
0.754232
0.754231
0.754229
0.754226
0.754222
0.754218
0.754214
0.75421
0.754206
0.754201
0.754195
0.754189
0.754183
0.754174
0.754163
0.75415
0.754133
0.754112
0.754088
0.754062
0.754031
0.753993
0.753944
0.753882
0.753801
0.753697
0.753567
0.753405
0.753211
0.752986
0.75273
0.752445
0.752135
0.751803
0.751447
0.751078
0.750699
0.750303
0.749901
0.749487
0.749053
0.748613
0.74816
0.7477
0.747253
0.746827
0.746413
0.746014
0.745633
0.745272
0.74493
0.744608
0.744305
0.744019
0.743749
0.743491
0.743246
0.74301
0.742783
0.742562
0.742346
0.742133
0.741921
0.74171
0.74153
0.75425
0.75425
0.75425
0.75425
0.75425
0.75425
0.75425
0.75425
0.75425
0.75425
0.75425
0.75425
0.75425
0.75425
0.75425
0.75425
0.75425
0.75425
0.75425
0.754249
0.754249
0.754248
0.754248
0.754248
0.754247
0.754246
0.754246
0.754245
0.754244
0.754244
0.754243
0.754242
0.754241
0.754241
0.75424
0.754239
0.754238
0.754237
0.754236
0.754235
0.754233
0.75423
0.754227
0.754223
0.754218
0.754213
0.754208
0.754203
0.754198
0.754192
0.754185
0.754178
0.754168
0.754156
0.754142
0.754124
0.754103
0.754078
0.754051
0.754016
0.753971
0.753913
0.753837
0.753735
0.753609
0.75345
0.75326
0.753039
0.752791
0.752514
0.752216
0.7519
0.751561
0.751206
0.750846
0.750479
0.750106
0.74972
0.749328
0.748933
0.748543
0.748147
0.747759
0.747388
0.747039
0.746706
0.746388
0.746083
0.745792
0.745512
0.745242
0.74498
0.744724
0.744474
0.744229
0.743988
0.743749
0.743511
0.743276
0.743075
0.75425
0.75425
0.75425
0.75425
0.75425
0.75425
0.75425
0.75425
0.75425
0.75425
0.75425
0.75425
0.75425
0.75425
0.75425
0.75425
0.75425
0.75425
0.75425
0.75425
0.75425
0.754249
0.754249
0.754249
0.754248
0.754248
0.754247
0.754247
0.754246
0.754246
0.754245
0.754245
0.754244
0.754244
0.754243
0.754243
0.754242
0.754242
0.754241
0.75424
0.754239
0.754238
0.754236
0.754234
0.754232
0.754229
0.754225
0.75422
0.754215
0.75421
0.754206
0.754201
0.754195
0.75419
0.754183
0.754175
0.754166
0.754154
0.754139
0.75412
0.754098
0.754071
0.754039
0.753997
0.75394
0.753866
0.753767
0.753643
0.753488
0.753302
0.753088
0.752847
0.752583
0.752301
0.751997
0.75168
0.751351
0.751018
0.750682
0.750343
0.750005
0.749664
0.749326
0.748988
0.748658
0.748333
0.748009
0.747699
0.747399
0.747113
0.746834
0.746562
0.746295
0.746033
0.745774
0.745518
0.745263
0.74501
0.74476
0.744546
0.75425
0.75425
0.75425
0.75425
0.75425
0.75425
0.75425
0.75425
0.75425
0.75425
0.75425
0.75425
0.75425
0.75425
0.75425
0.75425
0.75425
0.75425
0.75425
0.75425
0.75425
0.75425
0.75425
0.754249
0.754249
0.754249
0.754248
0.754248
0.754248
0.754247
0.754247
0.754247
0.754246
0.754246
0.754246
0.754245
0.754245
0.754244
0.754244
0.754243
0.754243
0.754242
0.754241
0.75424
0.754239
0.754237
0.754235
0.754233
0.75423
0.754226
0.754222
0.754218
0.754214
0.754209
0.754205
0.7542
0.754195
0.75419
0.754183
0.754176
0.754165
0.754152
0.754136
0.754115
0.754089
0.754058
0.754016
0.75396
0.753887
0.753789
0.753667
0.753515
0.753335
0.753131
0.752903
0.752654
0.752385
0.752106
0.751818
0.751523
0.751223
0.750921
0.750622
0.750326
0.750033
0.749741
0.749452
0.749165
0.748878
0.748594
0.74831
0.748026
0.747747
0.747472
0.747203
0.746937
0.746674
0.746412
0.746157
0.745936
0.75425
0.75425
0.75425
0.75425
0.75425
0.75425
0.75425
0.75425
0.75425
0.75425
0.75425
0.75425
0.75425
0.75425
0.75425
0.75425
0.75425
0.75425
0.75425
0.75425
0.75425
0.75425
0.75425
0.75425
0.75425
0.754249
0.754249
0.754249
0.754249
0.754248
0.754248
0.754248
0.754248
0.754247
0.754247
0.754247
0.754247
0.754246
0.754246
0.754246
0.754245
0.754245
0.754244
0.754243
0.754242
0.754242
0.75424
0.754239
0.754238
0.754236
0.754234
0.754231
0.754229
0.754225
0.754222
0.754218
0.754214
0.754211
0.754207
0.754202
0.754197
0.754191
0.754184
0.754175
0.754163
0.754147
0.754127
0.754101
0.754069
0.754027
0.75397
0.753896
0.753801
0.753681
0.753535
0.753366
0.753174
0.752959
0.752728
0.752488
0.752237
0.75198
0.751717
0.751454
0.751186
0.750919
0.750654
0.750391
0.750129
0.749866
0.749603
0.749338
0.749071
0.748804
0.748536
0.748267
0.747996
0.74773
0.74747
0.747245
0.75425
0.75425
0.75425
0.75425
0.75425
0.75425
0.75425
0.75425
0.75425
0.75425
0.75425
0.75425
0.75425
0.75425
0.75425
0.75425
0.75425
0.75425
0.75425
0.75425
0.75425
0.75425
0.75425
0.75425
0.75425
0.75425
0.75425
0.75425
0.754249
0.754249
0.754249
0.754249
0.754249
0.754248
0.754248
0.754248
0.754248
0.754248
0.754247
0.754247
0.754247
0.754246
0.754246
0.754245
0.754245
0.754244
0.754243
0.754243
0.754242
0.754241
0.75424
0.754238
0.754237
0.754235
0.754234
0.754232
0.754229
0.754227
0.754224
0.75422
0.754217
0.754213
0.754209
0.754204
0.754198
0.754191
0.754182
0.75417
0.754154
0.754133
0.754106
0.754073
0.75403
0.753974
0.7539
0.753808
0.753693
0.753558
0.753398
0.75322
0.753027
0.752822
0.752608
0.752383
0.752155
0.751923
0.751688
0.75145
0.751206
0.750961
0.750716
0.75047
0.750224
0.749976
0.749724
0.74947
0.749215
0.748959
0.748706
0.748485
0.75425
0.75425
0.75425
0.75425
0.75425
0.75425
0.75425
0.75425
0.75425
0.75425
0.75425
0.75425
0.75425
0.75425
0.75425
0.75425
0.75425
0.75425
0.75425
0.75425
0.75425
0.75425
0.75425
0.75425
0.75425
0.75425
0.75425
0.75425
0.75425
0.75425
0.75425
0.754249
0.754249
0.754249
0.754249
0.754249
0.754249
0.754248
0.754248
0.754248
0.754248
0.754247
0.754247
0.754247
0.754246
0.754246
0.754245
0.754245
0.754244
0.754244
0.754243
0.754242
0.754241
0.754241
0.75424
0.754239
0.754237
0.754236
0.754235
0.754233
0.754231
0.754229
0.754226
0.754223
0.754219
0.754214
0.754209
0.754202
0.754194
0.754185
0.754172
0.754156
0.754134
0.754107
0.754073
0.75403
0.753975
0.753904
0.753817
0.753711
0.753585
0.75344
0.753283
0.75311
0.752927
0.752734
0.752538
0.752333
0.752124
0.751909
0.75169
0.751465
0.751233
0.751
0.750766
0.750531
0.750295
0.750059
0.749822
0.749612
0.75425
0.75425
0.75425
0.75425
0.75425
0.75425
0.75425
0.75425
0.75425
0.75425
0.75425
0.75425
0.75425
0.75425
0.75425
0.75425
0.75425
0.75425
0.75425
0.75425
0.75425
0.75425
0.75425
0.75425
0.75425
0.75425
0.75425
0.75425
0.75425
0.75425
0.75425
0.75425
0.75425
0.75425
0.75425
0.754249
0.754249
0.754249
0.754249
0.754249
0.754249
0.754248
0.754248
0.754248
0.754248
0.754247
0.754247
0.754246
0.754246
0.754246
0.754245
0.754245
0.754244
0.754244
0.754243
0.754242
0.754242
0.754241
0.75424
0.75424
0.754239
0.754238
0.754236
0.754235
0.754233
0.75423
0.754227
0.754222
0.754217
0.754211
0.754204
0.754196
0.754186
0.754172
0.754155
0.754134
0.754106
0.754073
0.754032
0.753978
0.753913
0.753834
0.753735
0.753622
0.753498
0.753355
0.753202
0.753038
0.752868
0.752688
0.752502
0.752307
0.752107
0.751901
0.75169
0.751474
0.751253
0.751031
0.750812
0.750616
0.75425
0.75425
0.75425
0.75425
0.75425
0.75425
0.75425
0.75425
0.75425
0.75425
0.75425
0.75425
0.75425
0.75425
0.75425
0.75425
0.75425
0.75425
0.75425
0.75425
0.75425
0.75425
0.75425
0.75425
0.75425
0.75425
0.75425
0.75425
0.75425
0.75425
0.75425
0.75425
0.75425
0.75425
0.75425
0.75425
0.75425
0.75425
0.75425
0.754249
0.754249
0.754249
0.754249
0.754249
0.754248
0.754248
0.754248
0.754248
0.754247
0.754247
0.754247
0.754246
0.754246
0.754246
0.754245
0.754245
0.754244
0.754244
0.754243
0.754243
0.754242
0.754242
0.754241
0.75424
0.754239
0.754238
0.754237
0.754235
0.754232
0.754229
0.754224
0.754218
0.754212
0.754204
0.754196
0.754185
0.754172
0.754155
0.754133
0.754107
0.754076
0.754037
0.753989
0.753929
0.753856
0.753771
0.753671
0.753559
0.753434
0.753298
0.753152
0.752993
0.752828
0.752653
0.752471
0.752283
0.752091
0.751894
0.751696
0.751515
0.75425
0.75425
0.75425
0.75425
0.75425
0.75425
0.75425
0.75425
0.75425
0.75425
0.75425
0.75425
0.75425
0.75425
0.75425
0.75425
0.75425
0.75425
0.75425
0.75425
0.75425
0.75425
0.75425
0.75425
0.75425
0.75425
0.75425
0.75425
0.75425
0.75425
0.75425
0.75425
0.75425
0.75425
0.75425
0.75425
0.75425
0.75425
0.75425
0.75425
0.75425
0.75425
0.75425
0.754249
0.754249
0.754249
0.754249
0.754248
0.754248
0.754248
0.754248
0.754247
0.754247
0.754247
0.754247
0.754246
0.754246
0.754246
0.754246
0.754245
0.754245
0.754244
0.754244
0.754244
0.754243
0.754242
0.754242
0.754241
0.754239
0.754238
0.754236
0.754233
0.754229
0.754225
0.754218
0.754212
0.754204
0.754195
0.754184
0.754171
0.754155
0.754135
0.754111
0.754082
0.754047
0.754002
0.753949
0.753885
0.75381
0.753725
0.753626
0.753515
0.753391
0.753255
0.753109
0.752954
0.752792
0.752624
0.752451
0.752291
0.75425
0.75425
0.75425
0.75425
0.75425
0.75425
0.75425
0.75425
0.75425
0.75425
0.75425
0.75425
0.75425
0.75425
0.75425
0.75425
0.75425
0.75425
0.75425
0.75425
0.75425
0.75425
0.75425
0.75425
0.75425
0.75425
0.75425
0.75425
0.75425
0.75425
0.75425
0.75425
0.75425
0.75425
0.75425
0.75425
0.75425
0.75425
0.75425
0.75425
0.75425
0.75425
0.75425
0.75425
0.75425
0.75425
0.754249
0.754249
0.754249
0.754249
0.754249
0.754248
0.754248
0.754248
0.754248
0.754247
0.754247
0.754247
0.754247
0.754247
0.754246
0.754246
0.754246
0.754246
0.754245
0.754245
0.754244
0.754244
0.754243
0.754242
0.754241
0.75424
0.754238
0.754236
0.754233
0.75423
0.754224
0.754218
0.754212
0.754204
0.754195
0.754185
0.754172
0.754157
0.754138
0.754117
0.75409
0.754058
0.754019
0.753973
0.753919
0.753855
0.753779
0.75369
0.753589
0.753476
0.753353
0.753218
0.753078
0.752943
0.75425
0.75425
0.75425
0.75425
0.75425
0.75425
0.75425
0.75425
0.75425
0.75425
0.75425
0.75425
0.75425
0.75425
0.75425
0.75425
0.75425
0.75425
0.75425
0.75425
0.75425
0.75425
0.75425
0.75425
0.75425
0.75425
0.75425
0.75425
0.75425
0.75425
0.75425
0.75425
0.75425
0.75425
0.75425
0.75425
0.75425
0.75425
0.75425
0.75425
0.75425
0.75425
0.75425
0.75425
0.75425
0.75425
0.75425
0.75425
0.75425
0.754249
0.754249
0.754249
0.754249
0.754249
0.754249
0.754248
0.754248
0.754248
0.754248
0.754248
0.754248
0.754247
0.754247
0.754247
0.754247
0.754247
0.754246
0.754246
0.754245
0.754245
0.754244
0.754244
0.754243
0.754241
0.75424
0.754239
0.754236
0.754233
0.75423
0.754225
0.754219
0.754212
0.754205
0.754196
0.754186
0.754174
0.75416
0.754142
0.754122
0.7541
0.754073
0.754041
0.754001
0.753953
0.753895
0.753829
0.753751
0.75366
0.753559
0.753458
0.75425
0.75425
0.75425
0.75425
0.75425
0.75425
0.75425
0.75425
0.75425
0.75425
0.75425
0.75425
0.75425
0.75425
0.75425
0.75425
0.75425
0.75425
0.75425
0.75425
0.75425
0.75425
0.75425
0.75425
0.75425
0.75425
0.75425
0.75425
0.75425
0.75425
0.75425
0.75425
0.75425
0.75425
0.75425
0.75425
0.75425
0.75425
0.75425
0.75425
0.75425
0.75425
0.75425
0.75425
0.75425
0.75425
0.75425
0.75425
0.75425
0.75425
0.75425
0.75425
0.754249
0.754249
0.754249
0.754249
0.754249
0.754249
0.754249
0.754249
0.754248
0.754248
0.754248
0.754248
0.754248
0.754248
0.754247
0.754247
0.754247
0.754247
0.754246
0.754246
0.754245
0.754244
0.754244
0.754243
0.754242
0.75424
0.754239
0.754237
0.754234
0.754231
0.754227
0.754221
0.754216
0.754205
0.754197
0.754188
0.754177
0.754164
0.75415
0.754133
0.754113
0.754087
0.754057
0.754023
0.753983
0.753934
0.753876
0.753814
0.75425
0.75425
0.75425
0.75425
0.75425
0.75425
0.75425
0.75425
0.75425
0.75425
0.75425
0.75425
0.75425
0.75425
0.75425
0.75425
0.75425
0.75425
0.75425
0.75425
0.75425
0.75425
0.75425
0.75425
0.75425
0.75425
0.75425
0.75425
0.75425
0.75425
0.75425
0.75425
0.75425
0.75425
0.75425
0.75425
0.75425
0.75425
0.75425
0.75425
0.75425
0.75425
0.75425
0.75425
0.75425
0.75425
0.75425
0.75425
0.75425
0.75425
0.75425
0.75425
0.75425
0.75425
0.75425
0.75425
0.75425
0.754249
0.754249
0.754249
0.754249
0.754249
0.754249
0.754249
0.754249
0.754248
0.754248
0.754248
0.754248
0.754248
0.754247
0.754247
0.754247
0.754246
0.754246
0.754245
0.754245
0.754244
0.754243
0.754242
0.754241
0.754239
0.754237
0.754235
0.754233
0.75423
0.754224
0.754218
0.75421
0.754201
0.754191
0.75418
0.754169
0.754154
0.754139
0.754122
0.754102
0.75408
0.754053
0.754023
0.75425
0.75425
0.75425
0.75425
0.75425
0.75425
0.75425
0.75425
0.75425
0.75425
0.75425
0.75425
0.75425
0.75425
0.75425
0.75425
0.75425
0.75425
0.75425
0.75425
0.75425
0.75425
0.75425
0.75425
0.75425
0.75425
0.75425
0.75425
0.75425
0.75425
0.75425
0.75425
0.75425
0.75425
0.75425
0.75425
0.75425
0.75425
0.75425
0.75425
0.75425
0.75425
0.75425
0.75425
0.75425
0.75425
0.75425
0.75425
0.75425
0.75425
0.75425
0.75425
0.75425
0.75425
0.75425
0.75425
0.75425
0.75425
0.75425
0.75425
0.75425
0.75425
0.754249
0.754249
0.754249
0.754249
0.754249
0.754249
0.754249
0.754248
0.754248
0.754248
0.754248
0.754248
0.754247
0.754247
0.754246
0.754246
0.754245
0.754245
0.754244
0.754243
0.754242
0.754241
0.75424
0.754238
0.754237
0.754235
0.754231
0.754223
0.754216
0.754212
0.754204
0.754195
0.754186
0.754177
0.754167
0.754155
0.754143
0.754129
0.75425
0.75425
0.75425
0.75425
0.75425
0.75425
0.75425
0.75425
0.75425
0.75425
0.75425
0.75425
0.75425
0.75425
0.75425
0.75425
0.75425
0.75425
0.75425
0.75425
0.75425
0.75425
0.75425
0.75425
0.75425
0.75425
0.75425
0.75425
0.75425
0.75425
0.75425
0.75425
0.75425
0.75425
0.75425
0.75425
0.75425
0.75425
0.75425
0.75425
0.75425
0.75425
0.75425
0.75425
0.75425
0.75425
0.75425
0.75425
0.75425
0.75425
0.75425
0.75425
0.75425
0.75425
0.75425
0.75425
0.75425
0.75425
0.75425
0.75425
0.75425
0.75425
0.75425
0.75425
0.75425
0.75425
0.75425
0.754249
0.754249
0.754249
0.754249
0.754249
0.754248
0.754248
0.754248
0.754248
0.754248
0.754247
0.754247
0.754247
0.754246
0.754246
0.754245
0.754244
0.754243
0.754242
0.754242
0.75424
0.754239
0.754238
0.754236
0.754232
0.754228
0.754223
0.754218
0.754212
0.754205
0.754198
0.75419
0.754184
0.75425
0.75425
0.75425
0.75425
0.75425
0.75425
0.75425
0.75425
0.75425
0.75425
0.75425
0.75425
0.75425
0.75425
0.75425
0.75425
0.75425
0.75425
0.75425
0.75425
0.75425
0.75425
0.75425
0.75425
0.75425
0.75425
0.75425
0.75425
0.75425
0.75425
0.75425
0.75425
0.75425
0.75425
0.75425
0.75425
0.75425
0.75425
0.75425
0.75425
0.75425
0.75425
0.75425
0.75425
0.75425
0.75425
0.75425
0.75425
0.75425
0.75425
0.75425
0.75425
0.75425
0.75425
0.75425
0.75425
0.75425
0.75425
0.75425
0.75425
0.75425
0.75425
0.75425
0.75425
0.75425
0.75425
0.75425
0.75425
0.75425
0.75425
0.75425
0.754249
0.754249
0.754249
0.754249
0.754249
0.754248
0.754248
0.754248
0.754248
0.754247
0.754247
0.754247
0.754246
0.754246
0.754245
0.754245
0.754244
0.754243
0.754242
0.754241
0.75424
0.754239
0.754238
0.754236
0.754233
0.75423
0.754227
0.754223
0.754219
0.75425
0.75425
0.75425
0.75425
0.75425
0.75425
0.75425
0.75425
0.75425
0.75425
0.75425
0.75425
0.75425
0.75425
0.75425
0.75425
0.75425
0.75425
0.75425
0.75425
0.75425
0.75425
0.75425
0.75425
0.75425
0.75425
0.75425
0.75425
0.75425
0.75425
0.75425
0.75425
0.75425
0.75425
0.75425
0.75425
0.75425
0.75425
0.75425
0.75425
0.75425
0.75425
0.75425
0.75425
0.75425
0.75425
0.75425
0.75425
0.75425
0.75425
0.75425
0.75425
0.75425
0.75425
0.75425
0.75425
0.75425
0.75425
0.75425
0.75425
0.75425
0.75425
0.75425
0.75425
0.75425
0.75425
0.75425
0.75425
0.75425
0.75425
0.75425
0.75425
0.75425
0.75425
0.754248
0.754249
0.754249
0.754249
0.754249
0.754248
0.754248
0.754248
0.754248
0.754247
0.754247
0.754247
0.754246
0.754247
0.754246
0.754245
0.754245
0.754244
0.754243
0.754242
0.754241
0.754241
0.75424
0.754239
0.754238
0.754237
0.75425
0.75425
0.75425
0.75425
0.75425
0.75425
0.75425
0.75425
0.75425
0.75425
0.75425
0.75425
0.75425
0.75425
0.75425
0.75425
0.75425
0.75425
0.75425
0.75425
0.75425
0.75425
0.75425
0.75425
0.75425
0.75425
0.75425
0.75425
0.75425
0.75425
0.75425
0.75425
0.75425
0.75425
0.75425
0.75425
0.75425
0.75425
0.75425
0.75425
0.75425
0.75425
0.75425
0.75425
0.75425
0.75425
0.75425
0.75425
0.75425
0.75425
0.75425
0.75425
0.75425
0.75425
0.75425
0.75425
0.75425
0.75425
0.75425
0.75425
0.75425
0.75425
0.75425
0.75425
0.75425
0.75425
0.75425
0.75425
0.75425
0.75425
0.75425
0.75425
0.75425
0.75425
0.75425
0.75425
0.75425
0.754248
0.754249
0.754249
0.754249
0.754249
0.754248
0.754248
0.754248
0.754248
0.754248
0.754247
0.754247
0.754247
0.754247
0.754247
0.754246
0.754245
0.754245
0.754244
0.754244
0.754244
0.754243
0.754243
0.75425
0.75425
0.75425
0.75425
0.75425
0.75425
0.75425
0.75425
0.75425
0.75425
0.75425
0.75425
0.75425
0.75425
0.75425
0.75425
0.75425
0.75425
0.75425
0.75425
0.75425
0.75425
0.75425
0.75425
0.75425
0.75425
0.75425
0.75425
0.75425
0.75425
0.75425
0.75425
0.75425
0.75425
0.75425
0.75425
0.75425
0.75425
0.75425
0.75425
0.75425
0.75425
0.75425
0.75425
0.75425
0.75425
0.75425
0.75425
0.75425
0.75425
0.75425
0.75425
0.75425
0.75425
0.75425
0.75425
0.75425
0.75425
0.75425
0.75425
0.75425
0.75425
0.75425
0.75425
0.75425
0.75425
0.75425
0.75425
0.75425
0.75425
0.75425
0.75425
0.75425
0.75425
0.75425
0.75425
0.75425
0.75425
0.75425
0.75425
0.75425
0.754249
0.754249
0.754249
0.754248
0.754248
0.754248
0.754248
0.754248
0.754248
0.754248
0.754247
0.754247
0.754247
0.754247
0.754246
0.754247
0.754247
0.754246
0.754246
0.75425
0.75425
0.75425
0.75425
0.75425
0.75425
0.75425
0.75425
0.75425
0.75425
0.75425
0.75425
0.75425
0.75425
0.75425
0.75425
0.75425
0.75425
0.75425
0.75425
0.75425
0.75425
0.75425
0.75425
0.75425
0.75425
0.75425
0.75425
0.75425
0.75425
0.75425
0.75425
0.75425
0.75425
0.75425
0.75425
0.75425
0.75425
0.75425
0.75425
0.75425
0.75425
0.75425
0.75425
0.75425
0.75425
0.75425
0.75425
0.75425
0.75425
0.75425
0.75425
0.75425
0.75425
0.75425
0.75425
0.75425
0.75425
0.75425
0.75425
0.75425
0.75425
0.75425
0.75425
0.75425
0.75425
0.75425
0.75425
0.75425
0.75425
0.75425
0.75425
0.75425
0.75425
0.75425
0.75425
0.75425
0.75425
0.75425
0.75425
0.75425
0.75425
0.75425
0.75425
0.75425
0.754248
0.754249
0.754249
0.754248
0.754248
0.754248
0.754248
0.754248
0.754248
0.754248
0.754248
0.754248
0.754248
0.754247
0.754247
0.75425
0.75425
0.75425
0.75425
0.75425
0.75425
0.75425
0.75425
0.75425
0.75425
0.75425
0.75425
0.75425
0.75425
0.75425
0.75425
0.75425
0.75425
0.75425
0.75425
0.75425
0.75425
0.75425
0.75425
0.75425
0.75425
0.75425
0.75425
0.75425
0.75425
0.75425
0.75425
0.75425
0.75425
0.75425
0.75425
0.75425
0.75425
0.75425
0.75425
0.75425
0.75425
0.75425
0.75425
0.75425
0.75425
0.75425
0.75425
0.75425
0.75425
0.75425
0.75425
0.75425
0.75425
0.75425
0.75425
0.75425
0.75425
0.75425
0.75425
0.75425
0.75425
0.75425
0.75425
0.75425
0.75425
0.75425
0.75425
0.75425
0.75425
0.75425
0.75425
0.75425
0.75425
0.75425
0.75425
0.75425
0.75425
0.75425
0.75425
0.75425
0.75425
0.75425
0.75425
0.75425
0.75425
0.75425
0.75425
0.75425
0.754248
0.754249
0.754249
0.754249
0.754248
0.754248
0.754248
0.754248
0.754248
0.754248
0.754248
0.75425
0.75425
0.75425
0.75425
0.75425
0.75425
0.75425
0.75425
0.75425
0.75425
0.75425
0.75425
0.75425
0.75425
0.75425
0.75425
0.75425
0.75425
0.75425
0.75425
0.75425
0.75425
0.75425
0.75425
0.75425
0.75425
0.75425
0.75425
0.75425
0.75425
0.75425
0.75425
0.75425
0.75425
0.75425
0.75425
0.75425
0.75425
0.75425
0.75425
0.75425
0.75425
0.75425
0.75425
0.75425
0.75425
0.75425
0.75425
0.75425
0.75425
0.75425
0.75425
0.75425
0.75425
0.75425
0.75425
0.75425
0.75425
0.75425
0.75425
0.75425
0.75425
0.75425
0.75425
0.75425
0.75425
0.75425
0.75425
0.75425
0.75425
0.75425
0.75425
0.75425
0.75425
0.75425
0.75425
0.75425
0.75425
0.75425
0.75425
0.75425
0.75425
0.75425
0.75425
0.75425
0.75425
0.75425
0.75425
0.75425
0.75425
0.75425
0.75425
0.75425
0.75425
0.75425
0.754248
0.754248
0.754248
0.754248
0.754248
0.75425
0.75425
0.75425
0.75425
0.75425
0.75425
0.75425
0.75425
0.75425
0.75425
0.75425
0.75425
0.75425
0.75425
0.75425
0.75425
0.75425
0.75425
0.75425
0.75425
0.75425
0.75425
0.75425
0.75425
0.75425
0.75425
0.75425
0.75425
0.75425
0.75425
0.75425
0.75425
0.75425
0.75425
0.75425
0.75425
0.75425
0.75425
0.75425
0.75425
0.75425
0.75425
0.75425
0.75425
0.75425
0.75425
0.75425
0.75425
0.75425
0.75425
0.75425
0.75425
0.75425
0.75425
0.75425
0.75425
0.75425
0.75425
0.75425
0.75425
0.75425
0.75425
0.75425
0.75425
0.75425
0.75425
0.75425
0.75425
0.75425
0.75425
0.75425
0.75425
0.75425
0.75425
0.75425
0.75425
0.75425
0.75425
0.75425
0.75425
0.75425
0.75425
0.75425
0.75425
0.75425
0.75425
0.75425
0.75425
0.75425
0.75425
0.75425
0.75425
0.75425
0.75425
0.75425
0.75425
0.75425
0.75425
0.75425
0.75425
0.75425
0.75425
0.75425
0.75425
0.75425
0.75425
0.75425
0.75425
0.75425
0.75425
0.75425
0.75425
0.75425
0.75425
0.75425
0.75425
0.75425
0.75425
0.75425
0.75425
0.75425
0.75425
0.75425
0.75425
0.75425
0.75425
0.75425
0.75425
0.75425
0.75425
0.75425
0.75425
0.75425
0.75425
0.75425
0.75425
0.75425
0.75425
0.75425
0.75425
0.75425
0.75425
0.75425
0.75425
0.75425
0.75425
0.75425
0.75425
0.75425
0.75425
0.75425
0.75425
0.75425
0.75425
0.75425
0.75425
0.75425
0.75425
0.75425
0.75425
0.75425
0.75425
0.75425
0.75425
0.75425
0.75425
0.75425
0.75425
0.75425
0.75425
0.75425
0.75425
0.75425
0.75425
0.75425
0.75425
0.75425
0.75425
0.75425
0.75425
0.75425
0.75425
0.75425
0.75425
0.75425
0.75425
0.75425
0.75425
0.75425
0.75425
0.75425
0.75425
0.75425
0.75425
0.75425
0.75425
0.75425
0.75425
0.75425
0.75425
0.75425
0.75425
0.75425
0.75425
0.75425
0.75425
0.75425
0.75425
0.75425
0.75425
0.75425
0.75425
0.75425
0.75425
0.75425
0.75425
0.75425
0.75425
0.75425
0.75425
0.75425
0.75425
0.75425
0.75425
0.75425
0.75425
0.75425
0.75425
0.75425
0.75425
0.75425
0.75425
0.75425
0.75425
0.75425
0.75425
0.75425
0.75425
0.75425
0.75425
0.75425
0.75425
0.75425
0.75425
0.75425
0.75425
0.75425
0.75425
0.75425
0.75425
0.75425
0.75425
0.75425
0.75425
0.75425
0.75425
0.75425
0.75425
0.75425
0.75425
0.75425
0.75425
0.75425
0.75425
0.75425
0.75425
0.75425
0.75425
0.75425
0.75425
0.75425
0.75425
0.75425
0.75425
0.75425
0.75425
0.75425
0.75425
0.75425
0.75425
0.75425
0.75425
0.75425
0.75425
0.75425
0.75425
0.75425
0.75425
0.75425
0.75425
0.75425
0.75425
0.75425
0.75425
0.75425
0.75425
0.75425
0.75425
0.75425
0.75425
0.75425
0.75425
0.75425
0.75425
0.75425
0.75425
0.75425
0.75425
0.75425
0.75425
0.75425
0.75425
0.75425
0.75425
0.75425
0.75425
0.75425
0.75425
0.75425
0.75425
0.75425
0.75425
0.75425
0.75425
0.75425
0.75425
0.75425
0.75425
0.75425
0.75425
0.75425
0.75425
0.75425
0.75425
0.75425
0.75425
0.75425
0.75425
0.75425
0.75425
0.75425
0.75425
0.75425
0.75425
0.75425
0.75425
0.75425
0.75425
0.75425
0.75425
0.75425
0.75425
0.75425
0.75425
0.75425
0.75425
0.75425
0.75425
0.75425
0.75425
0.75425
0.75425
0.75425
0.75425
0.75425
0.75425
0.75425
0.75425
0.75425
0.75425
0.75425
0.75425
0.75425
0.75425
0.75425
0.75425
0.75425
0.75425
0.75425
0.75425
0.75425
0.75425
0.75425
0.75425
0.75425
0.75425
0.75425
0.75425
0.75425
0.75425
0.75425
0.75425
0.75425
0.75425
0.75425
0.75425
0.75425
0.75425
0.75425
0.75425
0.75425
0.75425
0.75425
0.75425
0.75425
0.75425
0.75425
0.75425
0.75425
0.75425
0.75425
0.75425
0.75425
0.75425
0.75425
0.75425
0.75425
0.75425
0.75425
0.75425
0.75425
0.75425
0.75425
0.75425
0.75425
0.75425
0.75425
0.75425
0.75425
0.75425
0.75425
0.75425
0.75425
0.75425
0.75425
0.75425
0.75425
0.75425
0.75425
0.75425
0.75425
0.75425
0.75425
0.75425
0.75425
0.75425
0.75425
0.75425
0.75425
0.75425
0.75425
0.75425
0.75425
0.75425
0.75425
0.75425
0.75425
0.75425
0.75425
0.75425
0.75425
0.75425
0.75425
0.75425
0.75425
0.75425
0.75425
0.75425
0.75425
0.75425
0.75425
0.75425
0.75425
0.75425
0.75425
0.75425
0.75425
0.75425
0.75425
0.75425
0.75425
0.75425
0.75425
0.75425
0.75425
0.75425
0.75425
0.75425
0.75425
0.75425
0.75425
0.75425
0.75425
0.75425
0.75425
0.75425
0.75425
0.75425
0.75425
0.75425
0.75425
0.75425
0.75425
0.75425
0.75425
0.75425
0.75425
0.75425
0.75425
0.75425
0.75425
0.75425
0.75425
0.75425
0.75425
0.75425
0.75425
0.75425
0.75425
0.75425
0.75425
0.75425
0.75425
0.75425
0.75425
0.75425
0.75425
0.75425
0.75425
0.75425
0.75425
0.75425
0.75425
0.75425
0.75425
0.75425
0.75425
0.75425
0.75425
0.75425
0.75425
0.75425
0.75425
0.75425
0.75425
0.75425
0.75425
0.75425
0.75425
0.75425
0.75425
0.75425
0.75425
0.75425
0.75425
0.75425
0.75425
0.75425
0.75425
0.75425
0.75425
0.75425
0.75425
0.75425
0.75425
0.75425
0.75425
0.75425
0.75425
0.75425
0.75425
0.75425
0.75425
0.75425
0.75425
0.75425
0.75425
0.75425
0.75425
0.75425
0.75425
0.75425
0.75425
0.75425
0.75425
0.75425
0.75425
0.75425
0.75425
0.75425
0.75425
0.75425
0.75425
0.75425
0.75425
0.75425
0.75425
0.75425
0.75425
0.75425
0.75425
0.75425
0.75425
0.75425
0.75425
0.75425
0.75425
0.75425
0.75425
0.75425
0.75425
0.75425
0.75425
0.75425
0.75425
0.75425
0.75425
0.75425
0.75425
0.75425
0.75425
0.75425
0.75425
0.75425
0.75425
0.75425
0.75425
0.75425
0.75425
0.75425
0.75425
0.75425
0.75425
0.75425
0.75425
0.75425
0.75425
0.75425
0.75425
0.75425
0.75425
0.75425
0.75425
0.75425
0.75425
0.75425
0.75425
0.75425
0.75425
0.75425
0.75425
0.75425
0.75425
0.75425
0.75425
0.75425
0.75425
0.75425
0.75425
0.75425
0.75425
0.75425
0.75425
0.75425
0.75425
0.75425
0.75425
0.75425
0.75425
0.75425
0.75425
0.75425
0.75425
0.75425
0.75425
0.75425
0.75425
0.75425
0.75425
0.75425
0.75425
0.75425
0.75425
0.75425
0.75425
0.75425
0.75425
0.75425
0.75425
0.75425
0.75425
0.75425
0.75425
0.75425
0.75425
0.75425
0.75425
0.75425
0.75425
0.75425
0.75425
0.75425
0.75425
0.75425
0.75425
0.75425
0.75425
0.75425
0.75425
0.75425
0.75425
0.75425
0.75425
0.75425
0.75425
0.75425
0.75425
0.75425
0.75425
0.75425
0.75425
0.75425
0.75425
0.75425
0.75425
0.75425
0.75425
0.75425
0.75425
0.75425
0.75425
0.75425
0.75425
0.75425
0.75425
0.75425
0.75425
0.75425
0.75425
0.75425
0.75425
0.75425
0.75425
0.75425
0.75425
0.75425
0.75425
0.75425
0.75425
0.75425
0.75425
0.75425
0.75425
0.75425
0.75425
0.75425
0.75425
0.75425
0.75425
0.75425
0.75425
0.75425
0.75425
0.75425
0.75425
0.75425
0.75425
0.75425
0.75425
0.75425
0.75425
0.75425
0.75425
0.75425
0.75425
0.75425
0.75425
0.75425
0.75425
0.75425
0.75425
0.75425
0.75425
0.75425
0.75425
0.75425
0.75425
0.75425
0.75425
0.75425
0.75425
0.75425
0.75425
0.75425
0.75425
0.75425
0.75425
0.75425
0.75425
0.75425
0.75425
0.75425
0.75425
0.75425
0.75425
0.75425
0.75425
0.75425
0.75425
0.75425
0.75425
0.75425
0.75425
0.75425
0.75425
0.75425
0.75425
0.75425
0.75425
0.75425
0.75425
0.75425
0.75425
0.75425
0.75425
0.75425
0.75425
0.75425
0.75425
0.75425
0.75425
0.75425
0.75425
0.75425
0.75425
0.75425
0.75425
0.75425
0.75425
0.75425
0.75425
0.75425
0.75425
0.75425
0.75425
0.75425
0.75425
0.75425
0.75425
0.75425
0.75425
0.75425
0.75425
0.75425
0.75425
0.75425
0.75425
0.75425
0.75425
0.75425
0.75425
0.75425
0.75425
0.75425
0.75425
0.75425
0.75425
0.75425
0.75425
0.75425
0.75425
0.75425
0.75425
0.75425
0.75425
0.75425
0.75425
0.75425
0.75425
0.75425
0.75425
0.75425
0.75425
0.75425
0.75425
0.75425
0.75425
0.75425
0.75425
0.75425
0.75425
0.75425
0.75425
0.75425
0.75425
0.75425
0.75425
0.75425
0.75425
0.75425
)
;

boundaryField
{
    AXIS
    {
        type            empty;
    }
    OUTLET
    {
        type            calculated;
        value           nonuniform List<scalar> 
80
(
0.698738
0.698761
0.69881
0.698886
0.698983
0.699098
0.699229
0.699374
0.699535
0.69971
0.6999
0.700104
0.700321
0.700553
0.700797
0.701105
0.701484
0.701887
0.702312
0.70276
0.703228
0.703728
0.704256
0.7048
0.705362
0.705939
0.706533
0.707141
0.707763
0.708397
0.709437
0.710932
0.71251
0.714166
0.715892
0.717678
0.719515
0.721393
0.723301
0.725227
0.727159
0.729086
0.730995
0.732874
0.734714
0.736505
0.738242
0.739918
0.74153
0.743075
0.744546
0.745936
0.747245
0.748485
0.749612
0.750616
0.751515
0.752291
0.752943
0.753458
0.753814
0.754023
0.754129
0.754184
0.754219
0.754237
0.754243
0.754246
0.754247
0.754248
0.754248
0.75425
0.75425
0.75425
0.75425
0.75425
0.75425
0.75425
0.75425
0.75425
)
;
    }
    COFLOW
    {
        type            calculated;
        value           uniform 0.75425;
    }
    PILOT
    {
        type            calculated;
        value           uniform 0.678826;
    }
    FUEL
    {
        type            calculated;
        value           uniform 0.744445;
    }
    WALL
    {
        type            calculated;
        value           uniform 0.75425;
    }
    front
    {
        type            wedge;
    }
    back
    {
        type            wedge;
    }
}


// ************************************************************************* //
