/*--------------------------------*- C++ -*----------------------------------*\
  =========                 |
  \\      /  F ield         | OpenFOAM: The Open Source CFD Toolbox
   \\    /   O peration     | Website:  https://openfoam.org
    \\  /    A nd           | Version:  6
     \\/     M anipulation  |
\*---------------------------------------------------------------------------*/
FoamFile
{
    version     2.0;
    format      ascii;
    class       volScalarField;
    location    "0.1";
    object      O2;
}
// * * * * * * * * * * * * * * * * * * * * * * * * * * * * * * * * * * * * * //

dimensions      [0 0 0 0 0 0 0];

internalField   nonuniform List<scalar> 
8000
(
0.228441
0.220541
0.186847
0.117957
0.0762761
0.115447
0.16228
0.197743
0.217105
0.225116
0.227273
0.227498
0.226568
0.217405
0.218425
0.218059
0.161295
0.0113046
0.127377
0.170979
0.163328
0.130102
0.0797014
0.0365776
0.0149025
0.0111553
0.0107834
0.0101342
0.0109773
0.053298
0.0124005
0.021988
0.0384007
0.0548664
0.0702418
0.08278
0.0897009
0.0872628
0.071597
0.0563105
0.0634583
0.0650415
0.0564647
0.0415087
0.025817
0.0130761
0.00603392
0.00351201
0.00369448
0.0268776
0.00571663
0.0032935
0.00303478
0.00288579
0.00263985
0.00234088
0.00202489
0.00169022
0.00132508
0.000969469
0.000584019
0.000442623
0.000321894
0.000521046
0.000869589
0.00123037
0.00218277
0.0024258
0.00308437
0.00357717
0.00454413
0.00497962
0.00484476
0.00790752
0.00782029
0.00454407
0.00457386
0.00417481
0.00355006
0.00324424
0.00372466
0.00378263
0.00452597
0.00804942
0.010054
0.0131133
0.0162224
0.0193951
0.0232111
0.027404
0.0324734
0.0374961
0.041312
0.0441702
0.0521298
0.0565835
0.0595986
0.0618921
0.0620929
0.0699646
0.228467
0.219539
0.182047
0.112033
0.0665901
0.114664
0.165026
0.198993
0.218004
0.225492
0.227324
0.227329
0.22555
0.193317
0.198934
0.213156
0.199768
0.171388
0.162492
0.15986
0.154013
0.123696
0.0755987
0.0349468
0.0144265
0.0113496
0.0106178
0.0100532
0.0105704
0.014668
0.0146919
0.0240453
0.0382515
0.052242
0.0646729
0.0754224
0.0822186
0.0807905
0.0653246
0.0322378
0.0540175
0.0603765
0.0531595
0.0389807
0.0241434
0.0122254
0.00571185
0.0033762
0.00371857
0.00296002
0.00324307
0.00316643
0.00302654
0.00283724
0.00258679
0.00228161
0.00195803
0.00162065
0.00126425
0.000927718
0.000568423
0.000437271
0.000322091
0.000568134
0.000832911
0.00128944
0.00225339
0.00248452
0.0031383
0.00365701
0.0039498
0.00507015
0.00487892
0.00799023
0.00788831
0.00457138
0.00462612
0.00421295
0.00359414
0.00324586
0.00375845
0.003799
0.00456956
0.00809953
0.0100611
0.0131661
0.0162818
0.0194486
0.0222778
0.027476
0.0325257
0.0375569
0.0413665
0.0441939
0.0521989
0.0566357
0.059651
0.0619451
0.0620936
0.0700231
0.228346
0.213852
0.151045
0.0543522
0.111055
0.143936
0.181768
0.177734
0.198107
0.225251
0.220795
0.227138
0.224208
0.139635
0.144454
0.193973
0.209035
0.200687
0.119103
0.0293816
0.116623
0.107648
0.0667188
0.0315972
0.0134707
0.012481
0.0108803
0.00987346
0.00956563
0.0115279
0.0150203
0.0235959
0.0360732
0.0466549
0.0531915
0.0591393
0.066481
0.0674496
0.0623299
0.0554338
0.058397
0.0562217
0.0473934
0.0340426
0.0208562
0.0105584
0.00504454
0.00319944
0.00363597
0.00316256
0.00277626
0.00313052
0.00289382
0.00270386
0.0024583
0.00214596
0.00181475
0.00148253
0.00114874
0.000798944
0.00053956
0.000426817
0.000323435
0.000605007
0.000939994
0.00141934
0.00224547
0.0026191
0.0032531
0.00382704
0.00421873
0.00524412
0.00905591
0.0081753
0.00803632
0.00716963
0.00474173
0.00429672
0.00369012
0.00402761
0.0038345
0.00383422
0.00466854
0.00820383
0.0133923
0.0132838
0.0164104
0.0195638
0.0227621
0.0276199
0.0326399
0.0376897
0.0494299
0.0529826
0.0523512
0.0567506
0.0597659
0.0620614
0.0753974
0.0701523
0.228023
0.203174
0.143983
0.120817
0.144362
0.171639
0.198681
0.215199
0.224258
0.227198
0.227766
0.227568
0.225985
0.143949
0.00930334
0.177345
0.213511
0.210286
0.156675
0.132191
0.134153
0.103151
0.0580283
0.0253706
0.0124408
0.00774225
0.0121562
0.00964556
0.008992
0.010085
0.0135855
0.021655
0.0325982
0.0403314
0.0398757
0.0317607
0.0456165
0.0452048
0.0506348
0.0506512
0.0511849
0.0465894
0.0386053
0.0273556
0.0157867
0.00772226
0.00429884
0.00302977
0.00345625
0.00307971
0.00270103
0.00294749
0.00539708
0.00249017
0.00225224
0.00193842
0.00161369
0.00130404
0.00100876
0.000648864
0.000505818
0.000370684
0.000327801
0.000693517
0.00109738
0.0016214
0.00248491
0.00283895
0.00341502
0.00407305
0.00664028
0.00792643
0.00788764
0.0084693
0.00825821
0.00504421
0.00492074
0.00442364
0.0038349
0.00358479
0.00395506
0.00388548
0.00482777
0.00834722
0.0104927
0.0134684
0.0166047
0.019736
0.0231725
0.0278277
0.0328121
0.0378896
0.0419222
0.0452881
0.0525864
0.0569246
0.05994
0.0622378
0.0634197
0.0703541
0.228099
0.175043
0.00747426
0.096888
0.157558
0.189453
0.211566
0.222871
0.226852
0.227847
0.224372
0.224431
0.223943
0.189823
0.173045
0.20654
0.218299
0.213728
0.185072
0.163189
0.137752
0.0919211
0.045935
0.0207402
0.0120688
0.0118686
0.0105813
0.00897485
0.00823271
0.00918968
0.0121735
0.0190893
0.028499
0.0354771
0.0382952
0.0408928
0.045494
0.0455334
0.0417049
0.0385614
0.0374812
0.032877
0.0277139
0.0192578
0.0116697
0.0056992
0.00327617
0.00277749
0.00319297
0.00282481
0.00250961
0.00274963
0.00274787
0.00222386
0.00198244
0.00168047
0.00138284
0.00111223
0.000823505
0.000583951
0.000473184
0.000355887
0.000379469
0.000800835
0.00127685
0.00222616
0.00281403
0.00316974
0.00442226
0.00438589
0.00483784
0.00836428
0.00852799
0.00885046
0.00854865
0.00542786
0.00515427
0.00459276
0.00402396
0.00386
0.00411273
0.00574599
0.00505456
0.0109174
0.0108489
0.013711
0.0168644
0.0199643
0.0236117
0.0280957
0.0330408
0.0381532
0.0423754
0.0461487
0.0528873
0.0571563
0.0601722
0.0624706
0.0644799
0.0706104
0.228243
0.179275
0.0592931
0.13354
0.182876
0.205492
0.220403
0.21188
0.227605
0.228011
0.227978
0.227767
0.22735
0.213008
0.20852
0.212565
0.206726
0.208383
0.195984
0.167989
0.126408
0.0722355
0.0257527
0.00983028
0.0115288
0.0111331
0.00992424
0.00880549
0.00797555
0.00824204
0.0105971
0.0160828
0.0225315
0.0301009
0.034636
0.0387054
0.0412286
0.0397448
0.0344693
0.0275999
0.0259043
0.0184371
0.0198026
0.013121
0.00768083
0.00417969
0.00291538
0.00259077
0.00288244
0.00690706
0.00224124
0.002443
0.00603105
0.00189303
0.00167438
0.00140497
0.00115644
0.000943828
0.000645672
0.000532042
0.000441685
0.000373709
0.000471011
0.0010393
0.00156976
0.00260825
0.00323567
0.00363064
0.00408844
0.00476938
0.00526969
0.00890726
0.0091687
0.00930953
0.00890496
0.00581229
0.0054367
0.00480425
0.00425222
0.0041077
0.00430602
0.00626059
0.0077459
0.00906008
0.0111823
0.0140092
0.0171902
0.0202509
0.0240554
0.028421
0.0333246
0.0384771
0.0428512
0.0563012
0.0532472
0.0574507
0.060461
0.0627579
0.0653488
0.0709141
0.228491
0.199364
0.141941
0.161522
0.205798
0.217361
0.207047
0.214054
0.222988
0.227834
0.227797
0.227452
0.222688
0.221784
0.219641
0.220246
0.21545
0.20641
0.18904
0.157636
0.0924236
0.0518625
0.0235979
0.0135425
0.0108728
0.00838809
0.00851279
0.00857186
0.00881929
0.00770643
0.00892445
0.0119973
0.0174769
0.0221915
0.0259005
0.0293391
0.0328465
0.02982
0.0253109
0.0187193
0.0187264
0.0153523
0.0133083
0.00931244
0.0056464
0.00300657
0.00820882
0.00270373
0.0025388
0.00223349
0.00193543
0.00181821
0.00618378
0.00154888
0.00136706
0.00115174
0.000965895
0.00666772
0.000573016
0.000496326
0.000441861
0.000449771
0.000997931
0.00136471
0.00174029
0.00293945
0.00375786
0.00421189
0.00459349
0.00520728
0.00571616
0.00954476
0.00984219
0.0098506
0.00932036
0.00879165
0.00576666
0.00506253
0.0045161
0.00621927
0.00453391
0.00458569
0.00821455
0.00959571
0.0115124
0.0143616
0.0175812
0.0222139
0.0245384
0.0288054
0.0336627
0.0388576
0.04336
0.0477108
0.0536656
0.057801
0.0608057
0.0630987
0.0661019
0.0712611
0.226248
0.211003
0.180342
0.207202
0.219755
0.224575
0.21439
0.226929
0.227668
0.22764
0.224411
0.222115
0.22413
0.216789
0.221299
0.218923
0.210804
0.196959
0.17648
0.14218
0.0887568
0.029725
0.0183444
0.008748
0.0110051
0.0103528
0.00944107
0.00831789
0.00762595
0.00713503
0.00995944
0.00924106
0.0117524
0.0145832
0.016446
0.0221461
0.0214948
0.0208128
0.0168879
0.0142611
0.0134242
0.013282
0.010944
0.00710895
0.0043593
0.00270184
0.00234806
0.00200146
0.00216924
0.00185773
0.00159445
0.00138286
0.00643234
0.00116446
0.00103217
0.000885376
0.000759011
0.000589912
0.000525529
0.000478997
0.000451456
0.00109865
0.00111298
0.00167148
0.00233857
0.00352241
0.00437929
0.00490897
0.00513754
0.00935366
0.0110715
0.0102886
0.0105749
0.0104592
0.0122941
0.00936659
0.00866199
0.00537616
0.00480867
0.00682395
0.00479798
0.00496318
0.00874696
0.0101335
0.0165699
0.014768
0.018037
0.021175
0.0250672
0.0292486
0.0340577
0.03929
0.0439078
0.0485422
0.054134
0.0582058
0.0612051
0.0634915
0.0667807
0.0716491
0.228558
0.224316
0.2052
0.208634
0.225757
0.227187
0.227341
0.227682
0.227658
0.227278
0.222735
0.217858
0.203316
0.211959
0.208207
0.207735
0.193792
0.179376
0.15935
0.120086
0.0738447
0.036186
0.0185005
0.0115054
0.0084635
0.00806756
0.00910392
0.00851054
0.00855981
0.00705966
0.0070558
0.00783577
0.0082621
0.00946591
0.0109319
0.0116619
0.0158185
0.0128278
0.0108053
0.0142553
0.0104714
0.00968024
0.00778134
0.00539219
0.0034407
0.00239915
0.00201847
0.00170254
0.00178783
0.00149429
0.00132712
0.00110031
0.00095464
0.000840497
0.00681477
0.000664616
0.000584977
0.000529298
0.000551907
0.000560141
0.00119287
0.00162201
0.00157493
0.00189997
0.00326637
0.00421714
0.00510767
0.00572351
0.00837623
0.00654474
0.00995556
0.0111422
0.0113526
0.0111274
0.0105263
0.00999349
0.00920706
0.00575921
0.00779979
0.00509325
0.00840395
0.00942322
0.00932228
0.0106979
0.0170714
0.0152499
0.0185563
0.0217944
0.0256356
0.0297609
0.0345087
0.0397704
0.0445969
0.0493546
0.0546484
0.0586635
0.0616586
0.0639374
0.0674104
0.0720766
0.228797
0.227541
0.225269
0.217588
0.227662
0.227949
0.224596
0.227751
0.224653
0.221008
0.22466
0.21154
0.1739
0.145138
0.195199
0.196759
0.185156
0.157358
0.114099
0.0789466
0.042922
0.0305674
0.0170826
0.010877
0.00955173
0.00823335
0.00880053
0.00825278
0.0074991
0.00707799
0.00707733
0.00715331
0.00772026
0.00928608
0.0104015
0.00802459
0.00835914
0.00824806
0.00787297
0.00756836
0.0075594
0.00714437
0.00571999
0.00401845
0.0028219
0.00213306
0.00171914
0.00140559
0.00142811
0.0011737
0.00103643
0.000922327
0.000766336
0.000694678
0.000626567
0.000576193
0.00722139
0.00545504
0.00058176
0.000694232
0.00076993
0.00153129
0.00206116
0.00269396
0.00406547
0.00586243
0.00594985
0.00666038
0.0107704
0.0102763
0.0112063
0.0120811
0.0121804
0.0118677
0.0112938
0.010681
0.0124067
0.0108747
0.00558141
0.00557302
0.00561319
0.00840028
0.00993953
0.011308
0.0131319
0.0159816
0.019137
0.0224549
0.0262423
0.0303258
0.0350151
0.0403016
0.0453123
0.050153
0.0552163
0.0591731
0.0621656
0.0644326
0.0680101
0.0725425
0.228852
0.225982
0.222529
0.223475
0.228032
0.228013
0.227789
0.224765
0.22313
0.219979
0.213009
0.197874
0.0929534
0.0759131
0.160137
0.177464
0.169837
0.141032
0.0982995
0.0649988
0.0409833
0.025539
0.0149193
0.0101338
0.00880316
0.00922454
0.00839836
0.00792251
0.00761112
0.00704172
0.0069339
0.00710947
0.0072064
0.00713486
0.00721201
0.00916817
0.00691704
0.00963162
0.00613282
0.0103013
0.00539705
0.00521869
0.00422842
0.00292502
0.0023705
0.00184745
0.00142437
0.00115035
0.00769247
0.000919995
0.000816186
0.000734449
0.000662976
0.000596315
0.00741925
0.000544437
0.00456597
0.000572338
0.000711398
0.000886295
0.0017343
0.0017765
0.00272598
0.00391023
0.00500667
0.00618436
0.00690944
0.00772309
0.0107004
0.0142282
0.0124471
0.0130656
0.0130688
0.0126817
0.0120908
0.0113992
0.0105318
0.00944561
0.00606919
0.0106671
0.00867426
0.00918551
0.0106047
0.0119747
0.0139156
0.0166006
0.0197771
0.0231575
0.0268982
0.0354511
0.0355752
0.0408835
0.0460629
0.0509509
0.0558333
0.0597344
0.0627219
0.0649756
0.0687425
0.0730486
0.228415
0.226031
0.224697
0.224271
0.227495
0.224101
0.22683
0.221325
0.218565
0.216094
0.209107
0.201336
0.129481
0.0292703
0.133108
0.165192
0.162221
0.131185
0.0700766
0.0380007
0.0322681
0.0188819
0.0090571
0.00923846
0.00829633
0.00835539
0.00802648
0.00752798
0.00761056
0.00818234
0.0072672
0.00706034
0.00679643
0.00658406
0.00640945
0.00719952
0.00644264
0.00658677
0.00916834
0.00492824
0.00433579
0.00379833
0.0030849
0.0024944
0.00204396
0.00157799
0.0011764
0.000961971
0.000866098
0.000749013
0.00777093
0.0077259
0.00766965
0.000535311
0.000539872
0.000559064
0.00058757
0.000702547
0.000898576
0.00191071
0.00233446
0.00237206
0.00372925
0.00507438
0.00644282
0.00767585
0.0126649
0.014447
0.0124004
0.012986
0.0137218
0.0141104
0.0140254
0.0135588
0.0129337
0.0121645
0.0113316
0.0102788
0.00914356
0.00929422
0.0094319
0.00995559
0.0113078
0.0126879
0.0147394
0.0172808
0.0204718
0.0239153
0.027594
0.0318281
0.0362049
0.0492761
0.0468561
0.0517589
0.0564937
0.0603451
0.0633265
0.0655591
0.0694834
0.0735929
0.228316
0.228365
0.228033
0.227239
0.225715
0.220806
0.222812
0.215007
0.214748
0.207847
0.202155
0.185993
0.126571
0.0695232
0.129119
0.159126
0.153051
0.120714
0.0687839
0.0399379
0.0261867
0.0150476
0.00843064
0.0083444
0.00775271
0.00834489
0.00761242
0.00716333
0.00784412
0.00746062
0.00795176
0.00775031
0.00812207
0.00778832
0.00687557
0.00655803
0.00680013
0.00647728
0.00518453
0.00441054
0.00854537
0.00862905
0.00274309
0.00217462
0.00818702
0.0012788
0.000969277
0.00836344
0.000676702
0.000668979
0.00746917
0.000581211
0.000575981
0.000586669
0.00375142
0.00219648
0.000724242
0.00158429
0.00197905
0.00250909
0.00337539
0.00392959
0.00537641
0.00652039
0.0100774
0.00933965
0.0149851
0.0136603
0.0140736
0.0145251
0.0149755
0.0152116
0.0150416
0.0144992
0.013816
0.0129938
0.0121449
0.0111578
0.012354
0.0101363
0.0102281
0.0133595
0.0120585
0.013455
0.0155941
0.0180297
0.0212281
0.0247276
0.0283256
0.0327936
0.0432046
0.0423819
0.0476933
0.0525876
0.0571908
0.0610035
0.0639795
0.0663132
0.0702337
0.0741754
0.228232
0.226324
0.227239
0.218116
0.19924
0.209215
0.206195
0.192039
0.177062
0.113926
0.169037
0.115626
0.119979
0.0405518
0.0996887
0.150738
0.136776
0.0903336
0.0479304
0.030936
0.0192513
0.00866453
0.00887638
0.00788655
0.00718084
0.00666994
0.00640255
0.00636666
0.00637372
0.00651943
0.0063673
0.00725313
0.00757509
0.00774289
0.00686021
0.00652201
0.00623038
0.00590983
0.00804956
0.00402912
0.00359928
0.00290918
0.00236901
0.00188896
0.00804942
0.00107322
0.000921037
0.00086371
0.00068866
0.000618754
0.000674518
0.000741208
0.000765287
0.00210099
0.00225486
0.000833574
0.000942609
0.00286037
0.00246242
0.00349209
0.00450743
0.00548465
0.0072902
0.00818334
0.00980419
0.0140291
0.0148116
0.0155979
0.0157085
0.0159965
0.0162629
0.0163862
0.0161344
0.0155117
0.0147444
0.0138722
0.0130068
0.0120882
0.0108213
0.0110083
0.0110625
0.0115544
0.0128604
0.0182094
0.0166634
0.0199942
0.0237521
0.0255844
0.0291096
0.0337901
0.0379839
0.0433123
0.0485686
0.0534522
0.0579254
0.0617076
0.0646796
0.0670883
0.0709978
0.0747975
0.221212
0.223292
0.222102
0.190788
0.0373833
0.145651
0.163133
0.149035
0.101901
0.128993
0.0983472
0.102426
0.116011
0.051205
0.0800422
0.137021
0.114805
0.0649575
0.0486169
0.0243459
0.0151735
0.0102811
0.00816168
0.00695965
0.00652084
0.00581694
0.00825167
0.00560027
0.0053603
0.00563398
0.00580177
0.00559853
0.00806916
0.00605418
0.00787806
0.00589857
0.00565099
0.0073667
0.00784948
0.00362629
0.00319651
0.00264982
0.00207516
0.00154077
0.00111589
0.000937305
0.000926694
0.00100431
0.00102264
0.00272818
0.00153586
0.00118154
0.00134197
0.00145665
0.00173373
0.00297292
0.00206401
0.00273772
0.00339905
0.00451212
0.00619742
0.00749639
0.00872154
0.0100507
0.0144313
0.0163005
0.0171576
0.0175764
0.0208618
0.0174792
0.0178045
0.0178129
0.0174666
0.0165871
0.0157273
0.0148124
0.0139145
0.013038
0.0146402
0.011935
0.0119461
0.0124201
0.0137069
0.0151847
0.0176292
0.0198051
0.023006
0.0265172
0.0299451
0.0348273
0.046013
0.0442848
0.0494877
0.0543411
0.0587153
0.0624658
0.065425
0.0678825
0.0717785
0.0754541
0.147062
0.187927
0.195472
0.113117
0.0294551
0.0953938
0.109521
0.0654958
0.0723918
0.093508
0.0935541
0.0663416
0.0936104
0.0920028
0.11109
0.09681
0.0934835
0.0678317
0.0419375
0.0232738
0.0101166
0.00782226
0.00740206
0.00785449
0.00784235
0.00845908
0.00854841
0.00461826
0.00442343
0.00448936
0.00841801
0.00826708
0.00442082
0.00421161
0.00426731
0.00764389
0.00759819
0.00478951
0.00410248
0.00799546
0.00269988
0.00215067
0.00790073
0.00117208
0.00831302
0.000943198
0.00618741
0.00143093
0.00196767
0.0037576
0.00243346
0.00216349
0.00218107
0.00227703
0.00252294
0.00270541
0.00301645
0.00410955
0.00475669
0.00677874
0.00910413
0.0113676
0.0113616
0.0150065
0.017368
0.0190911
0.0199041
0.0199607
0.0196756
0.0195199
0.0194613
0.0193668
0.0189366
0.018137
0.0184679
0.0160045
0.0150461
0.01922
0.013204
0.0168126
0.0130402
0.0135031
0.01478
0.0163904
0.0188595
0.0224286
0.0242192
0.0277027
0.0310113
0.0418924
0.0406393
0.0454773
0.0506589
0.0554367
0.0597027
0.0634431
0.0663642
0.0688598
0.0727331
0.0762813
0.0577412
0.146024
0.149931
0.134047
0.0927025
0.0947296
0.0629637
0.0418533
0.0538255
0.058147
0.0407552
0.0436368
0.0412964
0.0773195
0.0606661
0.0870601
0.0692617
0.0420963
0.0299048
0.0185178
0.0116047
0.00888312
0.00661322
0.00532297
0.00781493
0.00797539
0.00803475
0.00402756
0.00819216
0.00354597
0.00330125
0.00328652
0.00316904
0.00310108
0.00320298
0.00323472
0.00313267
0.00301619
0.00800998
0.0025802
0.00791814
0.0077775
0.00794057
0.000956818
0.000936385
0.00122763
0.00283157
0.00410765
0.00418337
0.00353465
0.00269583
0.00260986
0.00281028
0.00293598
0.00360162
0.00407226
0.00446133
0.00639143
0.00774661
0.010772
0.0134343
0.0176461
0.0172652
0.0186861
0.0206412
0.0223332
0.023183
0.0229311
0.0222123
0.0216265
0.0214012
0.0212109
0.0207061
0.0198361
0.0187806
0.017494
0.016514
0.0157582
0.0148205
0.0145548
0.0143976
0.0148223
0.0161052
0.0180479
0.0203681
0.0226297
0.0257066
0.0291885
0.0325704
0.0377638
0.0424634
0.047124
0.0520777
0.056757
0.0609152
0.0646539
0.0675252
0.070055
0.0738764
0.0773
0.0326539
0.0957622
0.11222
0.111031
0.092045
0.0690703
0.0386617
0.0298307
0.0347293
0.0335902
0.0238734
0.0373828
0.0482426
0.0374721
0.0479828
0.0439228
0.0466382
0.0312433
0.0193928
0.0112964
0.0120986
0.00751665
0.00626011
0.00454155
0.0079261
0.00379344
0.00366137
0.0035793
0.00844829
0.0029975
0.00838182
0.00859231
0.00248249
0.00227628
0.00884321
0.00233114
0.00231193
0.00231427
0.00215898
0.00816315
0.00159257
0.00121777
0.000977254
0.00866224
0.00122472
0.0031072
0.0046119
0.00449239
0.00449297
0.00447429
0.00430608
0.00423588
0.00451555
0.00520357
0.00587968
0.00696408
0.00767179
0.0100897
0.0109047
0.0128392
0.0149257
0.0194486
0.021395
0.0223937
0.0254655
0.0257927
0.0261973
0.0256547
0.0263539
0.025309
0.0233975
0.0231282
0.0225445
0.021604
0.0205371
0.0192916
0.0181207
0.0173739
0.0164954
0.0161208
0.0159169
0.0162456
0.0190021
0.0196573
0.0219618
0.024359
0.0272823
0.0307837
0.034309
0.046167
0.0443432
0.0488064
0.053559
0.0581512
0.0622048
0.0659472
0.0687892
0.0713032
0.0750716
0.0783818
0.026712
0.0597446
0.0790738
0.0876724
0.0724675
0.049098
0.0318007
0.0263
0.0240016
0.0200098
0.0163567
0.0206485
0.0314743
0.0392596
0.0320228
0.0385376
0.0291407
0.0253175
0.0154052
0.010606
0.00780307
0.0110221
0.0104448
0.00830099
0.00801382
0.00345174
0.00329143
0.00353326
0.00366264
0.00328268
0.00892661
0.00300009
0.00264795
0.00853187
0.00233268
0.00222984
0.00804447
0.00179197
0.00160255
0.00142713
0.00121056
0.00848187
0.00105225
0.00133229
0.00808436
0.00507363
0.00652528
0.00599905
0.00668225
0.006835
0.00660586
0.00782946
0.00822849
0.00776345
0.00865827
0.00957887
0.0105951
0.0125073
0.014565
0.0189795
0.0215973
0.0284644
0.0255023
0.0279817
0.0278633
0.0290615
0.0291934
0.0284201
0.0273019
0.0262051
0.0276667
0.025131
0.0245116
0.0234757
0.0223337
0.0209984
0.0200268
0.0192898
0.0182618
0.0199845
0.017549
0.0178085
0.019382
0.0213337
0.023671
0.026145
0.0289761
0.032493
0.0362253
0.0415016
0.0462842
0.0505159
0.0552727
0.0596239
0.0635856
0.0673155
0.0701462
0.0726076
0.07632
0.0795273
0.0250166
0.0383837
0.0573658
0.0683733
0.0600411
0.0471713
0.0377188
0.0292799
0.0219186
0.0159019
0.010299
0.0169094
0.0193259
0.0211473
0.027835
0.0245196
0.0193216
0.0144051
0.0113841
0.00929401
0.0073153
0.0160389
0.00585045
0.0048622
0.0037205
0.00329986
0.00288371
0.00986258
0.00463058
0.0100712
0.00476262
0.00469062
0.00925252
0.00311269
0.00838093
0.00213595
0.00170149
0.00155804
0.00150968
0.00121177
0.00109447
0.00120707
0.00215067
0.00903847
0.00602455
0.00593613
0.00990932
0.0117672
0.0125238
0.0127782
0.0145477
0.0147039
0.0148531
0.0111501
0.0165812
0.01334
0.0168617
0.0220619
0.0211632
0.0236203
0.0261738
0.0282202
0.0297886
0.0304299
0.0315043
0.0323209
0.0322054
0.0312319
0.0300012
0.0287481
0.0277983
0.0272075
0.026557
0.0254379
0.0242398
0.0227798
0.0230611
0.0211347
0.0203341
0.0198012
0.0195266
0.0197421
0.0223441
0.0231771
0.0254892
0.0280147
0.0307854
0.0343476
0.0382668
0.0435884
0.0482698
0.0522924
0.0570312
0.0612943
0.0650466
0.0687543
0.071584
0.0740112
0.0776205
0.0807345
0.0246155
0.0295887
0.0414182
0.0525442
0.0512338
0.0464304
0.044232
0.0386317
0.0267044
0.0160808
0.0105516
0.00713633
0.00916383
0.0132721
0.0154649
0.0126312
0.0105529
0.012651
0.00811287
0.00758555
0.00703432
0.00716237
0.00658518
0.00538421
0.00435377
0.010822
0.00392708
0.00461366
0.00552548
0.00593297
0.00596412
0.00551597
0.00512209
0.00449709
0.00357615
0.00200072
0.00157925
0.00745348
0.00141427
0.00145389
0.00168503
0.00245246
0.00924614
0.00701619
0.00758527
0.0119566
0.0189801
0.0161678
0.0170044
0.0172241
0.017227
0.0177732
0.0179832
0.0180043
0.0190355
0.020487
0.0221298
0.0239183
0.025833
0.0283961
0.0307984
0.0325889
0.0338306
0.0344192
0.0389785
0.0356531
0.0353759
0.0342124
0.032817
0.0313601
0.0302479
0.0295291
0.0287079
0.0274923
0.0262235
0.0247362
0.0237563
0.023045
0.0222925
0.0218212
0.0214301
0.0215877
0.02313
0.0251493
0.0273976
0.0299853
0.0328381
0.0416885
0.0403681
0.045712
0.0503071
0.0543456
0.0589031
0.0630333
0.0668005
0.0702701
0.0730864
0.0754809
0.0789882
0.0819941
0.0247377
0.0276723
0.0334859
0.0409523
0.0430568
0.0438606
0.0465536
0.0469693
0.0383034
0.0232282
0.0121838
0.00561428
0.00522791
0.0144362
0.00955386
0.00855779
0.00875293
0.00754928
0.013502
0.00694564
0.0188262
0.00823232
0.00778047
0.00624
0.0175976
0.0169074
0.00459826
0.0119317
0.00645824
0.00728997
0.00726986
0.00643222
0.00939802
0.00540016
0.00431413
0.00327707
0.00658935
0.00156282
0.00172217
0.00701037
0.00280747
0.00895727
0.00776107
0.011495
0.0142423
0.0171325
0.0197006
0.0213179
0.0220001
0.0221082
0.0243356
0.0230269
0.0232306
0.0267417
0.0274638
0.0256622
0.0274713
0.029256
0.0332996
0.0330262
0.0351338
0.0367827
0.0378522
0.038346
0.0388097
0.0391918
0.0387131
0.0373518
0.0357722
0.0340791
0.0372938
0.0319875
0.0310065
0.0296662
0.0283005
0.0268098
0.0258623
0.0250781
0.0243435
0.0239287
0.0247941
0.0248773
0.0252712
0.0272374
0.0294255
0.0321117
0.0349953
0.0385562
0.0427381
0.0479002
0.052395
0.0564447
0.0608258
0.0648323
0.0685455
0.0718749
0.0746467
0.0771295
0.0804412
0.0833568
0.0251515
0.0285015
0.03285
0.0377684
0.0421649
0.0481587
0.0541469
0.0560211
0.0512838
0.0368144
0.0205757
0.00668436
0.00603953
0.00594563
0.00698683
0.00672696
0.00659923
0.00761465
0.00745273
0.00886158
0.0102192
0.0108849
0.0186287
0.00843286
0.00702022
0.0129032
0.00559323
0.00952705
0.00797218
0.00908164
0.00852244
0.00721095
0.00673141
0.00613737
0.00531695
0.0044839
0.00393928
0.00222406
0.00284437
0.00394269
0.00632579
0.0110545
0.0123527
0.0155209
0.020175
0.0250423
0.0252972
0.0265855
0.027052
0.0270611
0.0292143
0.0284781
0.0287012
0.0287485
0.0296639
0.0310451
0.0327056
0.0343518
0.0357613
0.0424059
0.0394661
0.0410389
0.0420528
0.0424501
0.0429595
0.042982
0.0422693
0.0407225
0.0389409
0.037117
0.0355898
0.0345771
0.0334434
0.0319824
0.0305071
0.0289918
0.0280399
0.0272043
0.0265008
0.0261226
0.025683
0.0274415
0.0275024
0.0294566
0.031586
0.0343728
0.0373172
0.0409595
0.0451398
0.0501477
0.0545611
0.0585705
0.0628178
0.066685
0.0703039
0.0735374
0.0762698
0.0787869
0.0819418
0.084812
0.0258673
0.0308246
0.0367991
0.0424249
0.0500712
0.0606332
0.0685403
0.0694732
0.0642239
0.0521078
0.0340334
0.0197396
0.0113634
0.00871571
0.00769802
0.00795073
0.019015
0.0203869
0.0108207
0.0225052
0.0147932
0.0149062
0.0132517
0.01165
0.0104598
0.00985503
0.00919534
0.00759434
0.00785328
0.00835554
0.00899957
0.00808454
0.00784607
0.00620815
0.00510872
0.00472433
0.00456427
0.00737016
0.00641514
0.0103892
0.0122464
0.0149679
0.0175784
0.0236456
0.0265248
0.0295789
0.0353719
0.0321783
0.0366691
0.0321705
0.0366596
0.033831
0.0340453
0.0341419
0.0389709
0.036293
0.0378807
0.0394451
0.0409625
0.0424866
0.044051
0.0455198
0.0465308
0.0549325
0.0472322
0.0469554
0.0460447
0.0442686
0.0422576
0.0402601
0.0386262
0.0373403
0.0360545
0.0344254
0.0328588
0.0313201
0.03028
0.0294168
0.0287331
0.0283922
0.0280712
0.0281763
0.0325755
0.0317805
0.0338897
0.0367466
0.0398106
0.0435053
0.0475748
0.0524674
0.0567673
0.0607196
0.0648555
0.0685915
0.0721276
0.0752508
0.0779454
0.080473
0.0835017
0.0863148
0.0270647
0.034802
0.0442303
0.0535127
0.0656328
0.0799412
0.088339
0.0864526
0.0780553
0.0655407
0.0486501
0.0321582
0.0209986
0.0163374
0.0134555
0.0214433
0.0152824
0.0173114
0.0233915
0.0187581
0.0202765
0.0193859
0.0177066
0.0166656
0.0138741
0.0109214
0.0091358
0.00852063
0.0102841
0.0102712
0.0109101
0.0104093
0.00926991
0.00770403
0.00572849
0.00589428
0.00486224
0.00639156
0.00817922
0.0156762
0.0168299
0.0225737
0.0250797
0.0334808
0.0387632
0.0367386
0.0380841
0.0384695
0.0383738
0.0436281
0.0389657
0.0395459
0.03968
0.0397497
0.0404647
0.0417317
0.0433057
0.04485
0.046331
0.0477958
0.0489285
0.0501723
0.0512662
0.0513399
0.0516848
0.0511505
0.0499476
0.0479831
0.045755
0.0435394
0.0417258
0.0403065
0.0388196
0.0370498
0.0353606
0.0337828
0.0326468
0.0317354
0.031052
0.0307538
0.0305375
0.0307636
0.0322612
0.0342474
0.0362816
0.039272
0.0423892
0.0461396
0.050144
0.0548482
0.05905
0.0629228
0.0669311
0.0705384
0.0739927
0.0770219
0.0796665
0.0821939
0.0851114
0.0878606
0.0291183
0.0416957
0.0573318
0.0720899
0.0876934
0.103361
0.110305
0.104878
0.0921093
0.0772368
0.061039
0.0448226
0.0321277
0.0256534
0.0232381
0.024726
0.0260107
0.0268456
0.0246057
0.0249628
0.0247013
0.0234103
0.0213262
0.0188167
0.0162365
0.0133366
0.0118146
0.0110483
0.0126538
0.0128331
0.0167416
0.0125901
0.0111744
0.00951834
0.00760656
0.00746117
0.00716222
0.0110158
0.0125986
0.0181526
0.0238191
0.029037
0.0334667
0.0379233
0.0417808
0.044851
0.0459869
0.0542614
0.0453029
0.0445906
0.0457234
0.0459453
0.0459178
0.0459054
0.0465974
0.0476408
0.0491807
0.0506726
0.0617041
0.0533326
0.0540453
0.065682
0.0561514
0.0562917
0.0563103
0.0554861
0.0540136
0.0518291
0.0494117
0.046917
0.0449137
0.0434125
0.041727
0.0398207
0.0380503
0.0363689
0.0351476
0.0342106
0.0335097
0.0332363
0.0331025
0.0334706
0.0349121
0.0368335
0.0389767
0.0419226
0.0450928
0.0488175
0.0528472
0.0572833
0.0613548
0.0651811
0.0690447
0.0725556
0.0758926
0.0788381
0.0814391
0.0839636
0.0867538
0.0894572
0.0329108
0.0536244
0.0784217
0.097476
0.114368
0.128379
0.132048
0.122907
0.106142
0.0879201
0.0710968
0.0558074
0.0433327
0.0361801
0.0331838
0.0334195
0.0339976
0.0338272
0.0326412
0.0325845
0.0316507
0.0297949
0.0280602
0.026221
0.0245559
0.0210941
0.0218238
0.0170906
0.01969
0.0218688
0.0182698
0.0168555
0.0136628
0.0118508
0.0102897
0.0103434
0.0114224
0.0152579
0.0194217
0.0258225
0.0325386
0.0381871
0.0430003
0.0476541
0.0616547
0.053573
0.0543886
0.0530758
0.0528593
0.0521722
0.052964
0.0529027
0.0527228
0.0525884
0.0531503
0.053963
0.0554337
0.0568645
0.057753
0.0590616
0.0594014
0.0598908
0.061232
0.0613141
0.0610079
0.0598865
0.0581643
0.0558017
0.0532311
0.0505991
0.0481355
0.046623
0.044787
0.0427623
0.0408821
0.0391519
0.0378169
0.0368148
0.0361118
0.0358777
0.0358218
0.0363102
0.0376252
0.039583
0.0417941
0.0446891
0.0478997
0.0516948
0.0555932
0.0598055
0.0637035
0.0674778
0.0711801
0.0746264
0.0778392
0.0806962
0.0832532
0.0857807
0.0884235
0.0911076
0.0404124
0.0755956
0.108728
0.129128
0.143028
0.152452
0.152201
0.140116
0.120172
0.0986882
0.0801211
0.0651238
0.0535565
0.0466541
0.0432926
0.0429253
0.0427123
0.0419438
0.0406958
0.0397713
0.0383455
0.0362772
0.035656
0.0347879
0.0346013
0.0341066
0.0306872
0.0340987
0.0282218
0.0282832
0.0268399
0.0235813
0.0182371
0.0151273
0.0145757
0.0155019
0.0174359
0.0221599
0.0283161
0.0350266
0.0421374
0.0481076
0.0533547
0.0579526
0.0607281
0.0627781
0.0631112
0.0616143
0.0609321
0.0599783
0.0605652
0.0602887
0.0599428
0.0596861
0.0600456
0.0605647
0.0620001
0.0633169
0.064087
0.0649777
0.0649147
0.0654401
0.0664901
0.066441
0.0658137
0.0644115
0.0624376
0.0598662
0.057147
0.0543489
0.0618709
0.0499596
0.047956
0.0458593
0.0438858
0.0420669
0.0406658
0.0396108
0.0388952
0.0386405
0.0386585
0.0392417
0.0406363
0.0424913
0.0446785
0.0475815
0.0507657
0.0546012
0.0583831
0.0623573
0.0661069
0.0698122
0.0733675
0.0767288
0.079816
0.0825997
0.0851358
0.0876253
0.090239
0.0927981
0.0544344
0.110393
0.146733
0.162336
0.16965
0.173229
0.169824
0.156421
0.134687
0.110433
0.0894432
0.0740347
0.0630683
0.0565693
0.0533325
0.052316
0.0513575
0.0499192
0.0482822
0.0470277
0.0458127
0.0436813
0.0470484
0.0462005
0.0512473
0.0493101
0.0475427
0.0437681
0.046784
0.0393602
0.0352265
0.0291283
0.0247708
0.0207559
0.0205622
0.0225586
0.025675
0.0319088
0.0386498
0.0455477
0.0646233
0.0585171
0.0635187
0.0683486
0.0709791
0.0720967
0.0719518
0.070339
0.0693506
0.0683181
0.0684483
0.0679569
0.0674715
0.0670837
0.0672108
0.0814202
0.068779
0.0699712
0.070527
0.0710213
0.0710077
0.071223
0.0718306
0.0715949
0.0706637
0.068975
0.0667554
0.0640104
0.0611743
0.0581727
0.055362
0.0534107
0.0512852
0.0490728
0.0470371
0.0451568
0.0436478
0.0425526
0.0418712
0.0416223
0.0416855
0.0423707
0.0437544
0.0455326
0.047694
0.0505583
0.0537973
0.0575473
0.0612351
0.0649544
0.0685381
0.072169
0.075594
0.0788751
0.0818286
0.0845531
0.087054
0.0894981
0.092083
0.0945282
0.0922906
0.158024
0.184163
0.190555
0.190894
0.189434
0.184307
0.171526
0.149861
0.123953
0.100301
0.0838761
0.0730777
0.0668702
0.0635342
0.0619164
0.0602813
0.058319
0.0564867
0.0554461
0.0551495
0.0556783
0.0589241
0.0616037
0.0637999
0.0660088
0.0639073
0.0590992
0.0545459
0.0504222
0.044076
0.0422472
0.0319294
0.0291692
0.0288326
0.0319789
0.0437646
0.0432615
0.0506615
0.0576036
0.0642779
0.0692043
0.0921052
0.0788258
0.0809498
0.0813033
0.0807327
0.0790755
0.0778579
0.0766211
0.0764709
0.0758198
0.0751919
0.0746751
0.0745871
0.0742212
0.0757629
0.0767816
0.0770684
0.0771238
0.0771718
0.076917
0.0772264
0.0767821
0.0755511
0.0735951
0.0711518
0.0682246
0.0652547
0.06212
0.0593035
0.0569547
0.054727
0.0524292
0.0503107
0.0483872
0.0468288
0.045652
0.0449727
0.0447365
0.0448618
0.0455971
0.0469803
0.0487289
0.0507909
0.0536329
0.0568806
0.0605216
0.0640983
0.067614
0.0709877
0.074588
0.0778407
0.0810425
0.0838722
0.0865575
0.0889968
0.0914158
0.0939472
0.096297
0.222048
0.219395
0.217168
0.213297
0.208331
0.203026
0.196557
0.186232
0.168486
0.145318
0.121556
0.103973
0.093145
0.0869652
0.083146
0.0803482
0.0774483
0.0746458
0.0729041
0.0732108
0.0757755
0.0802745
0.0856501
0.0897721
0.0916477
0.0910166
0.0871383
0.0812188
0.0747276
0.0674253
0.0595528
0.0524153
0.0471724
0.0450281
0.0602569
0.053292
0.0586301
0.0652702
0.0735818
0.0800414
0.0853239
0.0886112
0.0941222
0.0970133
0.0979929
0.0972564
0.0955624
0.0933652
0.0917061
0.0899818
0.0896097
0.0887761
0.0879846
0.0873123
0.0868748
0.0867464
0.087482
0.0880664
0.087903
0.0878796
0.087322
0.0860645
0.0860446
0.0852764
0.0835533
0.0811733
0.0784109
0.0752413
0.072045
0.068649
0.0657501
0.0629286
0.0605255
0.0580948
0.0558908
0.0538941
0.0522871
0.0511079
0.0503624
0.0501312
0.0503351
0.0511392
0.052464
0.0541159
0.0560955
0.0587787
0.0619476
0.0654648
0.0688117
0.0719882
0.0751988
0.0785666
0.0815011
0.0845949
0.0872677
0.0898206
0.0921984
0.0945473
0.0969939
0.0992221
0.230513
0.229022
0.226879
0.223808
0.220397
0.217093
0.213322
0.206928
0.19645
0.181166
0.16403
0.147932
0.136105
0.128333
0.122369
0.117013
0.112001
0.108487
0.108229
0.111669
0.117416
0.123207
0.126848
0.127234
0.124354
0.11899
0.111608
0.1033
0.0950932
0.0874018
0.0809577
0.0763837
0.0743543
0.0753555
0.0809049
0.0861766
0.0917996
0.097179
0.103961
0.108627
0.110998
0.114315
0.117499
0.118684
0.118301
0.116548
0.114661
0.112856
0.110789
0.108799
0.107307
0.105895
0.104739
0.103814
0.103029
0.102739
0.102815
0.102851
0.102241
0.101691
0.100605
0.0993208
0.0982173
0.096643
0.0944102
0.0915981
0.088443
0.0849486
0.0814605
0.0778417
0.0747074
0.0715425
0.0688808
0.0663601
0.0640682
0.0620084
0.0603599
0.0591365
0.0583204
0.0580425
0.058306
0.0591076
0.060355
0.0618534
0.0635903
0.0660682
0.0691377
0.0723524
0.0753737
0.078271
0.0812766
0.0841808
0.086831
0.0896779
0.0920726
0.0944761
0.0967609
0.0990261
0.10134
0.103419
0.23176
0.231201
0.230229
0.228694
0.226745
0.224709
0.222685
0.220226
0.216262
0.2102
0.203849
0.197325
0.190176
0.182765
0.175006
0.167594
0.161697
0.158761
0.159238
0.16173
0.163919
0.164072
0.161544
0.156442
0.149185
0.140546
0.131455
0.1227
0.115099
0.109175
0.10551
0.104511
0.106318
0.110067
0.115659
0.120748
0.125305
0.129634
0.133306
0.135443
0.136137
0.137621
0.138673
0.138322
0.137042
0.135078
0.133148
0.130879
0.128484
0.12646
0.125199
0.123611
0.122072
0.120701
0.119247
0.118401
0.117778
0.117209
0.116163
0.115039
0.113569
0.112034
0.110266
0.108087
0.105351
0.102174
0.0987016
0.0949799
0.0912723
0.0875289
0.0841776
0.0807891
0.0778922
0.0753869
0.0730317
0.0709416
0.0692784
0.0679851
0.0671272
0.0667247
0.0670317
0.0677712
0.0688667
0.0702123
0.0716559
0.0740106
0.0767898
0.0795971
0.0822896
0.0848694
0.0875848
0.090138
0.0923814
0.0950503
0.0971975
0.0993715
0.101629
0.10376
0.105927
0.107888
0.231919
0.231703
0.23131
0.23069
0.229841
0.228829
0.227706
0.226361
0.224689
0.222844
0.220713
0.218144
0.215273
0.212065
0.208391
0.204781
0.201867
0.199938
0.198603
0.196999
0.194287
0.190023
0.184081
0.176656
0.168093
0.159073
0.150684
0.143515
0.138229
0.135133
0.13439
0.135984
0.139189
0.143157
0.147514
0.150966
0.153596
0.155775
0.157082
0.157393
0.157023
0.156926
0.156528
0.155422
0.153806
0.151779
0.149639
0.147421
0.145393
0.14347
0.14152
0.139603
0.138023
0.136796
0.135342
0.134021
0.132816
0.131525
0.129799
0.128049
0.126125
0.124137
0.121827
0.119199
0.116132
0.112713
0.109055
0.105212
0.101411
0.0976039
0.0941254
0.0906844
0.0877806
0.0851302
0.0827302
0.080631
0.0789465
0.0775959
0.0766802
0.0760411
0.0764166
0.0770231
0.0779212
0.0790801
0.0804649
0.0824441
0.0847592
0.0871493
0.0894822
0.091763
0.0941586
0.0963768
0.0984796
0.100744
0.102704
0.104754
0.10676
0.108759
0.110766
0.112595
0.231951
0.231856
0.231685
0.231425
0.231078
0.230649
0.230134
0.229489
0.228646
0.227673
0.226657
0.225678
0.224705
0.223517
0.221962
0.220619
0.219535
0.218542
0.217252
0.21514
0.211845
0.207252
0.201419
0.194579
0.187124
0.179759
0.173418
0.168588
0.165659
0.164603
0.165162
0.16688
0.16914
0.171406
0.173492
0.174814
0.175534
0.175856
0.175581
0.174767
0.173666
0.172645
0.171497
0.170047
0.168365
0.166477
0.164518
0.162476
0.160397
0.158325
0.156489
0.154774
0.152999
0.151154
0.149435
0.147975
0.146629
0.144919
0.1429
0.1406
0.138049
0.135531
0.132835
0.129906
0.126644
0.123111
0.11939
0.115561
0.111751
0.107977
0.104477
0.101089
0.0981621
0.0954784
0.0930634
0.0909825
0.0892562
0.0878543
0.0868506
0.0862805
0.0863552
0.0867472
0.0874071
0.0883321
0.0894989
0.0911244
0.0929819
0.0949735
0.0969287
0.0988997
0.100962
0.10289
0.104778
0.106701
0.108488
0.110339
0.112149
0.113994
0.115843
0.117519
0.231961
0.231917
0.231838
0.23172
0.231567
0.231379
0.231149
0.230854
0.230465
0.22998
0.229431
0.22883
0.22821
0.227647
0.227145
0.226746
0.226413
0.226025
0.225422
0.224343
0.222546
0.219815
0.216184
0.211792
0.206965
0.202189
0.19805
0.194921
0.192928
0.191966
0.191795
0.19211
0.192564
0.192904
0.193025
0.192762
0.192175
0.191351
0.190217
0.188837
0.187359
0.18592
0.184455
0.182866
0.181169
0.179376
0.177536
0.175631
0.173676
0.171692
0.169773
0.167849
0.166028
0.164321
0.16249
0.160531
0.158582
0.156674
0.154582
0.152058
0.14942
0.146395
0.143347
0.14021
0.136863
0.133323
0.129656
0.125921
0.122204
0.118553
0.115145
0.111853
0.108959
0.106301
0.103922
0.101842
0.100083
0.0986113
0.0974835
0.0968424
0.0966744
0.0968232
0.0972124
0.097855
0.098725
0.0999735
0.101408
0.103009
0.104593
0.10626
0.107972
0.109621
0.111264
0.11291
0.114507
0.116145
0.117769
0.119443
0.121122
0.122653
0.231967
0.231946
0.231907
0.231851
0.231779
0.23169
0.231582
0.231442
0.231257
0.231019
0.230737
0.230416
0.23007
0.229715
0.229387
0.22911
0.228881
0.228674
0.228429
0.228079
0.227518
0.22658
0.225009
0.223101
0.220896
0.218551
0.21627
0.21425
0.212568
0.21127
0.210303
0.209531
0.208801
0.208004
0.207086
0.206012
0.204798
0.203471
0.202005
0.200436
0.198849
0.197292
0.195738
0.194124
0.192448
0.190706
0.188922
0.187086
0.185204
0.183289
0.1814
0.179488
0.17757
0.175642
0.173728
0.171804
0.169642
0.167289
0.164893
0.1625
0.159697
0.156782
0.153462
0.150162
0.146797
0.143338
0.139796
0.136227
0.132688
0.129243
0.12598
0.122833
0.12003
0.117459
0.115114
0.113043
0.111251
0.109697
0.108384
0.107635
0.107212
0.107119
0.107209
0.107535
0.108044
0.108952
0.109985
0.111198
0.11242
0.11379
0.115172
0.116543
0.11793
0.119326
0.120719
0.122152
0.123603
0.1251
0.1266
0.127963
0.23197
0.231959
0.23194
0.231913
0.231877
0.231834
0.23178
0.23171
0.231618
0.231498
0.23135
0.231177
0.230986
0.230789
0.230589
0.230404
0.230239
0.230083
0.229916
0.229701
0.229397
0.228992
0.228484
0.227895
0.227191
0.226279
0.225245
0.224194
0.223145
0.222144
0.221212
0.220306
0.219363
0.218335
0.2172
0.215957
0.214624
0.213209
0.211706
0.210147
0.208584
0.207036
0.205485
0.203891
0.202251
0.200558
0.198823
0.197042
0.195216
0.193358
0.191502
0.189615
0.1877
0.185734
0.183681
0.181602
0.17947
0.177088
0.174481
0.171869
0.169278
0.166311
0.163228
0.15983
0.156472
0.153135
0.149776
0.14642
0.143124
0.139907
0.136839
0.133873
0.131207
0.128728
0.126436
0.124373
0.122543
0.120921
0.119526
0.118587
0.117926
0.117503
0.117285
0.117291
0.11747
0.117999
0.118656
0.11948
0.120405
0.121441
0.122507
0.123612
0.124761
0.125927
0.127117
0.128349
0.129609
0.130918
0.132222
0.13341
0.23197
0.231966
0.231957
0.231943
0.231925
0.231903
0.231875
0.231839
0.231791
0.231728
0.231649
0.231554
0.231445
0.23133
0.231214
0.231097
0.230985
0.230875
0.23076
0.230625
0.230455
0.230237
0.229979
0.229694
0.229384
0.229039
0.22866
0.228246
0.22779
0.227306
0.226795
0.226238
0.225615
0.224904
0.224073
0.223101
0.222001
0.220798
0.219494
0.218123
0.21671
0.215263
0.213781
0.212244
0.210662
0.209034
0.207361
0.205644
0.203886
0.202093
0.200287
0.198445
0.196561
0.194613
0.192569
0.190422
0.188216
0.185926
0.183383
0.180688
0.178036
0.175333
0.172325
0.169225
0.165914
0.162696
0.159544
0.156432
0.153386
0.150418
0.147566
0.144817
0.142275
0.13989
0.137656
0.135608
0.133743
0.132067
0.130597
0.129438
0.128514
0.127798
0.127283
0.126978
0.126854
0.127021
0.127345
0.127821
0.128468
0.129182
0.129951
0.130794
0.131711
0.132658
0.133644
0.134682
0.135757
0.136877
0.137987
0.138988
0.23197
0.23197
0.231965
0.231958
0.23195
0.231937
0.231923
0.231903
0.231877
0.231844
0.2318
0.231747
0.231684
0.231616
0.231545
0.231474
0.2314
0.231325
0.231247
0.23116
0.231058
0.230938
0.230798
0.230641
0.230472
0.230289
0.230095
0.229888
0.229666
0.229431
0.229185
0.22892
0.228621
0.228271
0.227847
0.227333
0.226713
0.225983
0.225124
0.224128
0.222994
0.221748
0.22045
0.2191
0.217689
0.216201
0.214645
0.213028
0.211358
0.209649
0.207913
0.206137
0.204314
0.202422
0.200438
0.198349
0.196148
0.19389
0.191535
0.188954
0.186294
0.183695
0.18099
0.178078
0.175092
0.172004
0.169032
0.166157
0.163356
0.160631
0.158
0.155452
0.153021
0.150731
0.148553
0.146527
0.144648
0.142905
0.141334
0.139987
0.138833
0.137863
0.13708
0.136493
0.136095
0.135939
0.135954
0.136173
0.136522
0.136952
0.137455
0.138047
0.138764
0.139506
0.14029
0.141129
0.142006
0.142924
0.143827
0.144639
0.23197
0.23197
0.23197
0.231965
0.231961
0.231956
0.231948
0.231936
0.231922
0.231903
0.231879
0.231849
0.231813
0.231773
0.231729
0.231684
0.231638
0.231588
0.231535
0.231478
0.231413
0.23134
0.231259
0.23117
0.231072
0.230966
0.230854
0.230737
0.230612
0.230481
0.230347
0.230206
0.230051
0.229873
0.229661
0.229406
0.229097
0.228721
0.228261
0.2277
0.22703
0.226257
0.225369
0.22433
0.223135
0.221847
0.220497
0.21909
0.217621
0.21607
0.214457
0.212778
0.211042
0.209246
0.207367
0.205393
0.203311
0.20113
0.198901
0.196584
0.194081
0.191529
0.189051
0.186468
0.183742
0.180993
0.178178
0.175487
0.172903
0.1704
0.167967
0.165594
0.163286
0.161065
0.158947
0.156945
0.155042
0.153245
0.151584
0.150084
0.148741
0.147562
0.146559
0.145741
0.145108
0.144684
0.144481
0.144439
0.144519
0.1447
0.144968
0.1453
0.145849
0.146394
0.146984
0.147629
0.148309
0.149024
0.149719
0.150341
0.23197
0.23197
0.23197
0.23197
0.231966
0.231964
0.23196
0.231956
0.231946
0.231935
0.231922
0.231905
0.231883
0.231859
0.231833
0.231805
0.231775
0.231744
0.231708
0.23167
0.231628
0.231582
0.231531
0.231476
0.231417
0.231354
0.231287
0.231215
0.231141
0.231065
0.230987
0.230907
0.230821
0.230725
0.230613
0.230479
0.230319
0.230125
0.229883
0.229581
0.229213
0.228765
0.228227
0.227584
0.226832
0.225975
0.224949
0.22379
0.222516
0.221172
0.219773
0.218316
0.216778
0.21514
0.213404
0.211571
0.209659
0.20766
0.205572
0.203451
0.201261
0.198913
0.196527
0.194218
0.19184
0.189352
0.18689
0.184341
0.181919
0.179587
0.177324
0.175105
0.172927
0.170796
0.168718
0.166724
0.164809
0.162976
0.161247
0.159641
0.158168
0.15684
0.155668
0.154665
0.153866
0.153262
0.15283
0.152556
0.152416
0.152389
0.152461
0.15264
0.152951
0.153302
0.1537
0.154149
0.15463
0.155136
0.15562
0.15605
0.23197
0.23197
0.23197
0.23197
0.23197
0.231967
0.231966
0.231963
0.23196
0.231956
0.231946
0.231937
0.231925
0.23191
0.231893
0.231875
0.231856
0.231836
0.231814
0.231789
0.231761
0.23173
0.231697
0.231661
0.231623
0.231584
0.231543
0.231503
0.231459
0.231412
0.231364
0.231315
0.231263
0.231207
0.231146
0.231074
0.230989
0.230887
0.230762
0.230603
0.230404
0.230158
0.229853
0.229473
0.229012
0.228461
0.227804
0.227044
0.226161
0.225138
0.223983
0.222718
0.221384
0.219987
0.218519
0.216948
0.215252
0.213452
0.211562
0.209615
0.207658
0.205645
0.203506
0.20134
0.199203
0.197074
0.194819
0.192602
0.190314
0.188113
0.185972
0.183884
0.181826
0.179793
0.177791
0.175839
0.17393
0.172085
0.170322
0.168657
0.167103
0.165679
0.164399
0.163277
0.162323
0.161546
0.160935
0.160479
0.16016
0.159959
0.159862
0.159876
0.159985
0.160149
0.160362
0.16062
0.160904
0.161206
0.161484
0.161729
0.23197
0.23197
0.23197
0.23197
0.23197
0.23197
0.23197
0.231967
0.231965
0.231962
0.23196
0.231956
0.231948
0.23194
0.23193
0.231918
0.231906
0.231892
0.231878
0.231862
0.231844
0.231823
0.2318
0.231776
0.231751
0.231725
0.231698
0.23167
0.231642
0.23162
0.231598
0.231571
0.231539
0.231503
0.231464
0.231419
0.231369
0.231312
0.231243
0.23116
0.231056
0.230927
0.230766
0.23056
0.230301
0.22998
0.22958
0.229096
0.228521
0.227843
0.227049
0.22614
0.225108
0.223953
0.22269
0.22135
0.219941
0.218461
0.216884
0.2152
0.213435
0.211599
0.209756
0.207833
0.205874
0.20394
0.202044
0.200038
0.198023
0.195951
0.19389
0.1919
0.189941
0.188006
0.186088
0.1842
0.182337
0.180521
0.178764
0.177084
0.175496
0.17402
0.172671
0.171465
0.170411
0.169517
0.168777
0.168185
0.167723
0.167375
0.167128
0.166981
0.166912
0.166899
0.166932
0.167002
0.167094
0.167196
0.167275
0.167345
0.23197
0.23197
0.23197
0.23197
0.23197
0.23197
0.23197
0.23197
0.23197
0.231966
0.231965
0.231962
0.23196
0.231957
0.231952
0.231946
0.231939
0.231929
0.231919
0.231908
0.231898
0.231885
0.231869
0.231852
0.231833
0.231814
0.231795
0.231777
0.231758
0.231739
0.23172
0.231706
0.231695
0.231681
0.231666
0.231645
0.231617
0.231581
0.231534
0.23148
0.231417
0.231345
0.231258
0.231152
0.231018
0.23085
0.230636
0.230364
0.230028
0.229611
0.229106
0.228511
0.227803
0.226989
0.226068
0.225025
0.223866
0.222612
0.221287
0.2199
0.218452
0.216934
0.215356
0.213666
0.211874
0.21009
0.208333
0.206617
0.204821
0.202985
0.201158
0.199237
0.197339
0.195464
0.193635
0.191825
0.190029
0.188266
0.18655
0.184896
0.183319
0.181838
0.180467
0.179222
0.17811
0.17714
0.17631
0.175614
0.175036
0.174564
0.174183
0.173886
0.173657
0.173478
0.17334
0.173233
0.173141
0.173055
0.17295
0.172859
0.23197
0.23197
0.23197
0.23197
0.23197
0.23197
0.23197
0.23197
0.23197
0.23197
0.231967
0.231966
0.231965
0.231962
0.23196
0.231958
0.231955
0.231951
0.231946
0.23194
0.231931
0.231922
0.231913
0.231903
0.231892
0.231878
0.231863
0.231849
0.231834
0.231819
0.231805
0.231792
0.231778
0.231769
0.231761
0.231752
0.231741
0.231728
0.23171
0.231687
0.231655
0.231609
0.231548
0.231479
0.231401
0.231312
0.231201
0.231064
0.230893
0.230676
0.230396
0.230053
0.229628
0.229114
0.228504
0.227785
0.226964
0.226042
0.225009
0.223874
0.222658
0.22137
0.220027
0.218654
0.217234
0.21572
0.21405
0.212361
0.210803
0.209168
0.20748
0.205797
0.204045
0.202294
0.200558
0.198819
0.197084
0.195383
0.193729
0.192127
0.190593
0.18914
0.187783
0.186535
0.185402
0.184391
0.183502
0.182728
0.182058
0.181478
0.180978
0.180547
0.180172
0.179842
0.179545
0.179273
0.179012
0.178755
0.178482
0.178246
0.23197
0.23197
0.23197
0.23197
0.23197
0.23197
0.23197
0.23197
0.23197
0.23197
0.23197
0.23197
0.231967
0.231966
0.231965
0.231963
0.231961
0.23196
0.231958
0.231955
0.231952
0.231946
0.23194
0.231932
0.231925
0.231917
0.23191
0.231901
0.231892
0.231881
0.231869
0.231858
0.231847
0.231835
0.231824
0.231817
0.231809
0.231801
0.231791
0.231779
0.231765
0.231747
0.231722
0.231689
0.231645
0.231584
0.231511
0.231431
0.231341
0.231232
0.231096
0.230927
0.230714
0.230437
0.230099
0.229678
0.229164
0.228556
0.227843
0.22703
0.226121
0.225113
0.224019
0.222843
0.221604
0.220337
0.21901
0.217625
0.216214
0.214707
0.213166
0.211563
0.209992
0.208387
0.206753
0.205137
0.203534
0.20195
0.200394
0.198858
0.197372
0.195958
0.194633
0.1934
0.192266
0.191236
0.190307
0.189474
0.188728
0.188057
0.187452
0.186903
0.1864
0.185934
0.185495
0.185076
0.184665
0.184257
0.183839
0.183479
0.23197
0.23197
0.23197
0.23197
0.23197
0.23197
0.23197
0.23197
0.23197
0.23197
0.23197
0.23197
0.23197
0.23197
0.231967
0.231967
0.231965
0.231964
0.231962
0.23196
0.231959
0.231957
0.231954
0.231951
0.231946
0.231941
0.231935
0.231929
0.231924
0.231918
0.231913
0.231908
0.231902
0.231894
0.231886
0.231875
0.231866
0.231857
0.231848
0.231838
0.231827
0.231815
0.231801
0.231784
0.231764
0.231738
0.231704
0.23166
0.231602
0.231531
0.231453
0.231367
0.231264
0.231136
0.230975
0.230772
0.23051
0.230183
0.229777
0.229274
0.228676
0.227975
0.22717
0.226275
0.225289
0.224241
0.22312
0.221917
0.220686
0.219424
0.218145
0.216814
0.215361
0.21386
0.212381
0.210831
0.20934
0.207872
0.206421
0.205005
0.20363
0.202303
0.201039
0.199841
0.198715
0.197669
0.196706
0.195823
0.195012
0.194263
0.193567
0.192916
0.192303
0.19172
0.191159
0.190613
0.190075
0.18954
0.189001
0.188537
0.23197
0.23197
0.23197
0.23197
0.23197
0.23197
0.23197
0.23197
0.23197
0.23197
0.23197
0.23197
0.23197
0.23197
0.23197
0.23197
0.231967
0.231967
0.231966
0.231964
0.231963
0.231961
0.23196
0.231958
0.231956
0.231954
0.231951
0.231947
0.231943
0.231939
0.231936
0.231932
0.231929
0.231926
0.231922
0.231919
0.231914
0.231909
0.231901
0.231891
0.231879
0.231868
0.231855
0.231842
0.231827
0.231811
0.231793
0.231772
0.231746
0.231713
0.231672
0.231619
0.231555
0.231483
0.231403
0.231309
0.231192
0.231044
0.230856
0.230613
0.230299
0.229905
0.229411
0.228817
0.228124
0.227333
0.226463
0.225522
0.224501
0.223395
0.22226
0.221115
0.21993
0.218692
0.217414
0.216086
0.214708
0.213315
0.211912
0.210563
0.209283
0.208047
0.206854
0.205716
0.204637
0.203616
0.202653
0.201747
0.200893
0.200084
0.199314
0.198578
0.197871
0.197188
0.196523
0.195873
0.195231
0.194592
0.193956
0.19341
0.23197
0.23197
0.23197
0.23197
0.23197
0.23197
0.23197
0.23197
0.23197
0.23197
0.23197
0.23197
0.23197
0.23197
0.23197
0.23197
0.23197
0.23197
0.23197
0.231967
0.231966
0.231965
0.231963
0.231962
0.23196
0.231959
0.231958
0.231956
0.231954
0.231952
0.23195
0.231948
0.231945
0.231943
0.231941
0.231938
0.231936
0.231933
0.23193
0.231926
0.23192
0.231913
0.231904
0.231892
0.231878
0.231864
0.231849
0.231834
0.231817
0.231799
0.231779
0.231755
0.231726
0.23169
0.231646
0.231591
0.231525
0.231452
0.231368
0.231263
0.231126
0.23095
0.230721
0.230413
0.230026
0.229538
0.228953
0.228275
0.22752
0.226673
0.225749
0.224778
0.223746
0.222684
0.221581
0.220448
0.219306
0.218106
0.216892
0.215683
0.214499
0.213304
0.212138
0.211025
0.209981
0.208985
0.208033
0.207122
0.20625
0.205413
0.204604
0.203818
0.203051
0.202301
0.201565
0.200838
0.200118
0.199401
0.198694
0.198086
0.23197
0.23197
0.23197
0.23197
0.23197
0.23197
0.23197
0.23197
0.23197
0.23197
0.23197
0.23197
0.23197
0.23197
0.23197
0.23197
0.23197
0.23197
0.23197
0.23197
0.23197
0.231967
0.231966
0.231965
0.231964
0.231962
0.231961
0.23196
0.231959
0.231958
0.231957
0.231956
0.231954
0.231953
0.231952
0.23195
0.231948
0.231946
0.231944
0.231942
0.23194
0.231936
0.231931
0.231925
0.231918
0.231909
0.231897
0.231883
0.231869
0.231855
0.23184
0.231825
0.231809
0.231791
0.23177
0.231746
0.231717
0.23168
0.231634
0.231577
0.231509
0.23143
0.231333
0.231205
0.231034
0.230808
0.230506
0.230124
0.229645
0.229078
0.228426
0.227681
0.226868
0.226005
0.225093
0.224128
0.223117
0.222095
0.221063
0.220003
0.218965
0.217922
0.216896
0.21588
0.214889
0.213913
0.212943
0.212011
0.211114
0.210256
0.20942
0.208606
0.207806
0.207017
0.206239
0.205469
0.204702
0.203939
0.203187
0.202539
0.23197
0.23197
0.23197
0.23197
0.23197
0.23197
0.23197
0.23197
0.23197
0.23197
0.23197
0.23197
0.23197
0.23197
0.23197
0.23197
0.23197
0.23197
0.23197
0.23197
0.23197
0.23197
0.23197
0.231967
0.231966
0.231966
0.231964
0.231963
0.231962
0.231962
0.231961
0.23196
0.231959
0.231959
0.231958
0.231957
0.231956
0.231954
0.231953
0.231951
0.23195
0.231947
0.231945
0.231942
0.231938
0.231933
0.231927
0.23192
0.231912
0.231901
0.231889
0.231876
0.231863
0.23185
0.231837
0.231823
0.231807
0.23179
0.23177
0.231746
0.231715
0.231675
0.231625
0.231562
0.231483
0.231388
0.231263
0.231092
0.230867
0.230567
0.23019
0.229729
0.229178
0.228546
0.227846
0.227092
0.226281
0.225423
0.22454
0.223637
0.222706
0.221772
0.220857
0.219956
0.219068
0.218187
0.21732
0.216457
0.215597
0.214745
0.213893
0.21304
0.212203
0.211378
0.210569
0.209769
0.208976
0.20819
0.207419
0.206752
0.23197
0.23197
0.23197
0.23197
0.23197
0.23197
0.23197
0.23197
0.23197
0.23197
0.23197
0.23197
0.23197
0.23197
0.23197
0.23197
0.23197
0.23197
0.23197
0.23197
0.23197
0.23197
0.23197
0.23197
0.23197
0.231967
0.231967
0.231966
0.231965
0.231965
0.231964
0.231963
0.231962
0.231962
0.231961
0.231961
0.23196
0.231959
0.231958
0.231957
0.231956
0.231955
0.231953
0.231951
0.231949
0.231946
0.231943
0.231939
0.231934
0.231929
0.231923
0.231916
0.231907
0.231898
0.231887
0.231876
0.231865
0.231853
0.231841
0.231827
0.231812
0.231794
0.231772
0.231744
0.231707
0.23166
0.231598
0.231519
0.231422
0.231294
0.231121
0.230891
0.2306
0.230236
0.229787
0.229265
0.228676
0.228028
0.227324
0.226585
0.225817
0.22503
0.224212
0.223405
0.222586
0.221776
0.220976
0.220184
0.219398
0.218606
0.217815
0.217021
0.21622
0.215416
0.214613
0.213801
0.212987
0.212184
0.211399
0.210721
0.23197
0.23197
0.23197
0.23197
0.23197
0.23197
0.23197
0.23197
0.23197
0.23197
0.23197
0.23197
0.23197
0.23197
0.23197
0.23197
0.23197
0.23197
0.23197
0.23197
0.23197
0.23197
0.23197
0.23197
0.23197
0.23197
0.23197
0.23197
0.231967
0.231967
0.231966
0.231966
0.231965
0.231965
0.231964
0.231963
0.231963
0.231962
0.231962
0.231961
0.23196
0.231959
0.231958
0.231957
0.231955
0.231953
0.231951
0.231949
0.231946
0.231944
0.23194
0.231937
0.231932
0.231927
0.231922
0.231916
0.231909
0.231901
0.231892
0.231882
0.231871
0.23186
0.231847
0.231831
0.231813
0.231791
0.231764
0.231727
0.231679
0.231616
0.231535
0.231434
0.231302
0.231127
0.230902
0.230622
0.230266
0.22985
0.229368
0.228828
0.228234
0.227606
0.226951
0.226252
0.225552
0.224843
0.22413
0.223409
0.222672
0.221935
0.221198
0.220459
0.219719
0.218972
0.218214
0.21745
0.216682
0.21591
0.215149
0.214481
0.23197
0.23197
0.23197
0.23197
0.23197
0.23197
0.23197
0.23197
0.23197
0.23197
0.23197
0.23197
0.23197
0.23197
0.23197
0.23197
0.23197
0.23197
0.23197
0.23197
0.23197
0.23197
0.23197
0.23197
0.23197
0.23197
0.23197
0.23197
0.23197
0.23197
0.23197
0.231967
0.231967
0.231967
0.231966
0.231966
0.231966
0.231965
0.231964
0.231963
0.231963
0.231962
0.231962
0.231961
0.23196
0.231958
0.231957
0.231955
0.231954
0.231952
0.23195
0.231948
0.231945
0.231943
0.23194
0.231937
0.231933
0.231929
0.231925
0.23192
0.231914
0.231907
0.231899
0.231888
0.231876
0.231862
0.231846
0.231826
0.231802
0.231773
0.231735
0.231685
0.23162
0.231537
0.231433
0.2313
0.231131
0.230914
0.230644
0.230321
0.22994
0.229496
0.229014
0.228487
0.227921
0.227327
0.226726
0.226103
0.22547
0.224822
0.224159
0.223482
0.222786
0.222083
0.221378
0.220669
0.219959
0.219249
0.218534
0.217899
0.23197
0.23197
0.23197
0.23197
0.23197
0.23197
0.23197
0.23197
0.23197
0.23197
0.23197
0.23197
0.23197
0.23197
0.23197
0.23197
0.23197
0.23197
0.23197
0.23197
0.23197
0.23197
0.23197
0.23197
0.23197
0.23197
0.23197
0.23197
0.23197
0.23197
0.23197
0.23197
0.23197
0.23197
0.23197
0.231967
0.231967
0.231967
0.231966
0.231966
0.231965
0.231965
0.231964
0.231963
0.231963
0.231962
0.231961
0.23196
0.231959
0.231957
0.231956
0.231955
0.231953
0.231951
0.23195
0.231948
0.231946
0.231944
0.231942
0.231939
0.231936
0.231933
0.231929
0.231924
0.231918
0.23191
0.2319
0.231887
0.231871
0.231853
0.231832
0.231806
0.231775
0.231735
0.231684
0.231618
0.231533
0.23143
0.231304
0.231141
0.23094
0.230698
0.2304
0.230052
0.22967
0.229229
0.228759
0.228259
0.227742
0.227197
0.226632
0.226045
0.225441
0.22482
0.224184
0.223533
0.222867
0.222198
0.221536
0.220944
0.23197
0.23197
0.23197
0.23197
0.23197
0.23197
0.23197
0.23197
0.23197
0.23197
0.23197
0.23197
0.23197
0.23197
0.23197
0.23197
0.23197
0.23197
0.23197
0.23197
0.23197
0.23197
0.23197
0.23197
0.23197
0.23197
0.23197
0.23197
0.23197
0.23197
0.23197
0.23197
0.23197
0.23197
0.23197
0.23197
0.23197
0.23197
0.23197
0.231967
0.231967
0.231967
0.231966
0.231966
0.231965
0.231964
0.231963
0.231963
0.231962
0.231961
0.23196
0.231959
0.231958
0.231957
0.231956
0.231955
0.231953
0.231952
0.231951
0.231949
0.231948
0.231946
0.231944
0.231942
0.231939
0.231935
0.231931
0.231924
0.231917
0.231906
0.231892
0.231875
0.231855
0.231832
0.231805
0.231773
0.231732
0.231681
0.231614
0.231533
0.231439
0.231318
0.231172
0.230991
0.230767
0.230505
0.230198
0.229852
0.229472
0.229059
0.228616
0.228136
0.227636
0.227108
0.226559
0.225992
0.225411
0.224819
0.224222
0.223674
0.23197
0.23197
0.23197
0.23197
0.23197
0.23197
0.23197
0.23197
0.23197
0.23197
0.23197
0.23197
0.23197
0.23197
0.23197
0.23197
0.23197
0.23197
0.23197
0.23197
0.23197
0.23197
0.23197
0.23197
0.23197
0.23197
0.23197
0.23197
0.23197
0.23197
0.23197
0.23197
0.23197
0.23197
0.23197
0.23197
0.23197
0.23197
0.23197
0.23197
0.23197
0.23197
0.23197
0.231967
0.231967
0.231966
0.231966
0.231965
0.231964
0.231964
0.231963
0.231962
0.231962
0.231961
0.23196
0.23196
0.231959
0.231958
0.231957
0.231956
0.231955
0.231954
0.231952
0.231951
0.231949
0.231947
0.231945
0.231942
0.231939
0.231934
0.231927
0.231919
0.231908
0.231893
0.231875
0.231854
0.231831
0.231803
0.231771
0.231731
0.23168
0.231618
0.231545
0.231456
0.23135
0.231215
0.23105
0.230852
0.230622
0.230363
0.230063
0.229727
0.229353
0.228943
0.228501
0.228035
0.227545
0.227035
0.226514
0.22603
0.23197
0.23197
0.23197
0.23197
0.23197
0.23197
0.23197
0.23197
0.23197
0.23197
0.23197
0.23197
0.23197
0.23197
0.23197
0.23197
0.23197
0.23197
0.23197
0.23197
0.23197
0.23197
0.23197
0.23197
0.23197
0.23197
0.23197
0.23197
0.23197
0.23197
0.23197
0.23197
0.23197
0.23197
0.23197
0.23197
0.23197
0.23197
0.23197
0.23197
0.23197
0.23197
0.23197
0.23197
0.23197
0.23197
0.231967
0.231967
0.231966
0.231966
0.231965
0.231965
0.231964
0.231964
0.231963
0.231963
0.231962
0.231962
0.231961
0.23196
0.23196
0.231959
0.231958
0.231957
0.231956
0.231955
0.231953
0.231951
0.231949
0.231947
0.231944
0.23194
0.231935
0.231928
0.23192
0.231909
0.231893
0.231874
0.231854
0.231831
0.231803
0.231771
0.231733
0.231686
0.231627
0.231564
0.231482
0.231383
0.23126
0.231122
0.230961
0.230768
0.230539
0.230268
0.229963
0.229623
0.229249
0.228841
0.228418
0.22801
0.23197
0.23197
0.23197
0.23197
0.23197
0.23197
0.23197
0.23197
0.23197
0.23197
0.23197
0.23197
0.23197
0.23197
0.23197
0.23197
0.23197
0.23197
0.23197
0.23197
0.23197
0.23197
0.23197
0.23197
0.23197
0.23197
0.23197
0.23197
0.23197
0.23197
0.23197
0.23197
0.23197
0.23197
0.23197
0.23197
0.23197
0.23197
0.23197
0.23197
0.23197
0.23197
0.23197
0.23197
0.23197
0.23197
0.23197
0.23197
0.23197
0.231967
0.231967
0.231966
0.231966
0.231966
0.231965
0.231965
0.231964
0.231964
0.231964
0.231963
0.231963
0.231962
0.231962
0.231961
0.231961
0.23196
0.231959
0.231957
0.231956
0.231954
0.231952
0.23195
0.231947
0.231944
0.231941
0.231936
0.231929
0.23192
0.231909
0.231894
0.231875
0.231856
0.231834
0.231806
0.231777
0.231739
0.231696
0.231642
0.23158
0.231511
0.231432
0.231335
0.231216
0.231071
0.230896
0.230695
0.230458
0.230183
0.229879
0.229574
0.23197
0.23197
0.23197
0.23197
0.23197
0.23197
0.23197
0.23197
0.23197
0.23197
0.23197
0.23197
0.23197
0.23197
0.23197
0.23197
0.23197
0.23197
0.23197
0.23197
0.23197
0.23197
0.23197
0.23197
0.23197
0.23197
0.23197
0.23197
0.23197
0.23197
0.23197
0.23197
0.23197
0.23197
0.23197
0.23197
0.23197
0.23197
0.23197
0.23197
0.23197
0.23197
0.23197
0.23197
0.23197
0.23197
0.23197
0.23197
0.23197
0.23197
0.23197
0.23197
0.231967
0.231967
0.231967
0.231967
0.231966
0.231966
0.231966
0.231965
0.231965
0.231965
0.231964
0.231964
0.231964
0.231963
0.231962
0.231962
0.231961
0.23196
0.231958
0.231957
0.231955
0.231953
0.231951
0.231948
0.231945
0.231941
0.231937
0.23193
0.231921
0.231912
0.231899
0.231882
0.231865
0.231835
0.23181
0.231779
0.231745
0.231707
0.231665
0.231616
0.231555
0.231479
0.231388
0.231286
0.231163
0.231016
0.230841
0.230653
0.23197
0.23197
0.23197
0.23197
0.23197
0.23197
0.23197
0.23197
0.23197
0.23197
0.23197
0.23197
0.23197
0.23197
0.23197
0.23197
0.23197
0.23197
0.23197
0.23197
0.23197
0.23197
0.23197
0.23197
0.23197
0.23197
0.23197
0.23197
0.23197
0.23197
0.23197
0.23197
0.23197
0.23197
0.23197
0.23197
0.23197
0.23197
0.23197
0.23197
0.23197
0.23197
0.23197
0.23197
0.23197
0.23197
0.23197
0.23197
0.23197
0.23197
0.23197
0.23197
0.23197
0.23197
0.23197
0.23197
0.23197
0.231967
0.231967
0.231967
0.231967
0.231966
0.231966
0.231966
0.231966
0.231965
0.231965
0.231964
0.231964
0.231963
0.231962
0.231961
0.23196
0.231959
0.231957
0.231955
0.231953
0.231951
0.231948
0.231945
0.231942
0.231938
0.231932
0.231926
0.231919
0.231907
0.231891
0.231874
0.231848
0.231821
0.231792
0.23176
0.231725
0.231681
0.231636
0.231583
0.231525
0.231456
0.231375
0.231284
0.23197
0.23197
0.23197
0.23197
0.23197
0.23197
0.23197
0.23197
0.23197
0.23197
0.23197
0.23197
0.23197
0.23197
0.23197
0.23197
0.23197
0.23197
0.23197
0.23197
0.23197
0.23197
0.23197
0.23197
0.23197
0.23197
0.23197
0.23197
0.23197
0.23197
0.23197
0.23197
0.23197
0.23197
0.23197
0.23197
0.23197
0.23197
0.23197
0.23197
0.23197
0.23197
0.23197
0.23197
0.23197
0.23197
0.23197
0.23197
0.23197
0.23197
0.23197
0.23197
0.23197
0.23197
0.23197
0.23197
0.23197
0.23197
0.23197
0.23197
0.23197
0.23197
0.231967
0.231967
0.231967
0.231967
0.231966
0.231966
0.231966
0.231965
0.231965
0.231964
0.231963
0.231963
0.231962
0.23196
0.231959
0.231957
0.231956
0.231954
0.231952
0.231949
0.231946
0.231943
0.231939
0.231935
0.23193
0.231924
0.231913
0.23189
0.231869
0.231854
0.23183
0.231802
0.231776
0.231749
0.231718
0.231684
0.231646
0.231606
0.23197
0.23197
0.23197
0.23197
0.23197
0.23197
0.23197
0.23197
0.23197
0.23197
0.23197
0.23197
0.23197
0.23197
0.23197
0.23197
0.23197
0.23197
0.23197
0.23197
0.23197
0.23197
0.23197
0.23197
0.23197
0.23197
0.23197
0.23197
0.23197
0.23197
0.23197
0.23197
0.23197
0.23197
0.23197
0.23197
0.23197
0.23197
0.23197
0.23197
0.23197
0.23197
0.23197
0.23197
0.23197
0.23197
0.23197
0.23197
0.23197
0.23197
0.23197
0.23197
0.23197
0.23197
0.23197
0.23197
0.23197
0.23197
0.23197
0.23197
0.23197
0.23197
0.23197
0.23197
0.23197
0.23197
0.23197
0.231967
0.231967
0.231967
0.231966
0.231966
0.231965
0.231965
0.231964
0.231964
0.231963
0.231962
0.231961
0.231959
0.231958
0.231956
0.231954
0.231952
0.231949
0.231947
0.231943
0.23194
0.231936
0.231933
0.231928
0.231917
0.231904
0.23189
0.231873
0.231855
0.231834
0.231812
0.231789
0.231771
0.23197
0.23197
0.23197
0.23197
0.23197
0.23197
0.23197
0.23197
0.23197
0.23197
0.23197
0.23197
0.23197
0.23197
0.23197
0.23197
0.23197
0.23197
0.23197
0.23197
0.23197
0.23197
0.23197
0.23197
0.23197
0.23197
0.23197
0.23197
0.23197
0.23197
0.23197
0.23197
0.23197
0.23197
0.23197
0.23197
0.23197
0.23197
0.23197
0.23197
0.23197
0.23197
0.23197
0.23197
0.23197
0.23197
0.23197
0.23197
0.23197
0.23197
0.23197
0.23197
0.23197
0.23197
0.23197
0.23197
0.23197
0.23197
0.23197
0.23197
0.23197
0.23197
0.23197
0.23197
0.23197
0.23197
0.23197
0.23197
0.23197
0.23197
0.23197
0.231967
0.231967
0.231967
0.231966
0.231966
0.231965
0.231965
0.231964
0.231963
0.231962
0.231961
0.23196
0.231958
0.231956
0.231954
0.231953
0.231951
0.231949
0.231947
0.231944
0.23194
0.231937
0.231933
0.231928
0.23192
0.23191
0.231899
0.231888
0.231877
0.23197
0.23197
0.23197
0.23197
0.23197
0.23197
0.23197
0.23197
0.23197
0.23197
0.23197
0.23197
0.23197
0.23197
0.23197
0.23197
0.23197
0.23197
0.23197
0.23197
0.23197
0.23197
0.23197
0.23197
0.23197
0.23197
0.23197
0.23197
0.23197
0.23197
0.23197
0.23197
0.23197
0.23197
0.23197
0.23197
0.23197
0.23197
0.23197
0.23197
0.23197
0.23197
0.23197
0.23197
0.23197
0.23197
0.23197
0.23197
0.23197
0.23197
0.23197
0.23197
0.23197
0.23197
0.23197
0.23197
0.23197
0.23197
0.23197
0.23197
0.23197
0.23197
0.23197
0.23197
0.23197
0.23197
0.23197
0.23197
0.23197
0.23197
0.23197
0.23197
0.23197
0.23197
0.231967
0.231967
0.231967
0.231966
0.231966
0.231965
0.231965
0.231964
0.231963
0.231962
0.23196
0.231959
0.231958
0.231956
0.231955
0.231954
0.231952
0.231951
0.231949
0.231947
0.231945
0.231942
0.23194
0.231937
0.231934
0.231932
0.23197
0.23197
0.23197
0.23197
0.23197
0.23197
0.23197
0.23197
0.23197
0.23197
0.23197
0.23197
0.23197
0.23197
0.23197
0.23197
0.23197
0.23197
0.23197
0.23197
0.23197
0.23197
0.23197
0.23197
0.23197
0.23197
0.23197
0.23197
0.23197
0.23197
0.23197
0.23197
0.23197
0.23197
0.23197
0.23197
0.23197
0.23197
0.23197
0.23197
0.23197
0.23197
0.23197
0.23197
0.23197
0.23197
0.23197
0.23197
0.23197
0.23197
0.23197
0.23197
0.23197
0.23197
0.23197
0.23197
0.23197
0.23197
0.23197
0.23197
0.23197
0.23197
0.23197
0.23197
0.23197
0.23197
0.23197
0.23197
0.23197
0.23197
0.23197
0.23197
0.23197
0.23197
0.23197
0.23197
0.23197
0.231967
0.231967
0.231967
0.231967
0.231966
0.231965
0.231965
0.231963
0.231963
0.231962
0.231961
0.23196
0.231959
0.231958
0.231957
0.231956
0.231954
0.231953
0.231952
0.231951
0.23195
0.231949
0.231948
0.23197
0.23197
0.23197
0.23197
0.23197
0.23197
0.23197
0.23197
0.23197
0.23197
0.23197
0.23197
0.23197
0.23197
0.23197
0.23197
0.23197
0.23197
0.23197
0.23197
0.23197
0.23197
0.23197
0.23197
0.23197
0.23197
0.23197
0.23197
0.23197
0.23197
0.23197
0.23197
0.23197
0.23197
0.23197
0.23197
0.23197
0.23197
0.23197
0.23197
0.23197
0.23197
0.23197
0.23197
0.23197
0.23197
0.23197
0.23197
0.23197
0.23197
0.23197
0.23197
0.23197
0.23197
0.23197
0.23197
0.23197
0.23197
0.23197
0.23197
0.23197
0.23197
0.23197
0.23197
0.23197
0.23197
0.23197
0.23197
0.23197
0.23197
0.23197
0.23197
0.23197
0.23197
0.23197
0.23197
0.23197
0.23197
0.23197
0.23197
0.23197
0.231967
0.231967
0.231966
0.231965
0.231965
0.231964
0.231964
0.231963
0.231963
0.231962
0.231961
0.231961
0.23196
0.231959
0.231958
0.231957
0.231956
0.231956
0.231956
0.23197
0.23197
0.23197
0.23197
0.23197
0.23197
0.23197
0.23197
0.23197
0.23197
0.23197
0.23197
0.23197
0.23197
0.23197
0.23197
0.23197
0.23197
0.23197
0.23197
0.23197
0.23197
0.23197
0.23197
0.23197
0.23197
0.23197
0.23197
0.23197
0.23197
0.23197
0.23197
0.23197
0.23197
0.23197
0.23197
0.23197
0.23197
0.23197
0.23197
0.23197
0.23197
0.23197
0.23197
0.23197
0.23197
0.23197
0.23197
0.23197
0.23197
0.23197
0.23197
0.23197
0.23197
0.23197
0.23197
0.23197
0.23197
0.23197
0.23197
0.23197
0.23197
0.23197
0.23197
0.23197
0.23197
0.23197
0.23197
0.23197
0.23197
0.23197
0.23197
0.23197
0.23197
0.23197
0.23197
0.23197
0.23197
0.23197
0.23197
0.23197
0.23197
0.23197
0.23197
0.23197
0.231967
0.231966
0.231966
0.231965
0.231965
0.231964
0.231964
0.231963
0.231963
0.231963
0.231963
0.231962
0.231962
0.231961
0.231961
0.23197
0.23197
0.23197
0.23197
0.23197
0.23197
0.23197
0.23197
0.23197
0.23197
0.23197
0.23197
0.23197
0.23197
0.23197
0.23197
0.23197
0.23197
0.23197
0.23197
0.23197
0.23197
0.23197
0.23197
0.23197
0.23197
0.23197
0.23197
0.23197
0.23197
0.23197
0.23197
0.23197
0.23197
0.23197
0.23197
0.23197
0.23197
0.23197
0.23197
0.23197
0.23197
0.23197
0.23197
0.23197
0.23197
0.23197
0.23197
0.23197
0.23197
0.23197
0.23197
0.23197
0.23197
0.23197
0.23197
0.23197
0.23197
0.23197
0.23197
0.23197
0.23197
0.23197
0.23197
0.23197
0.23197
0.23197
0.23197
0.23197
0.23197
0.23197
0.23197
0.23197
0.23197
0.23197
0.23197
0.23197
0.23197
0.23197
0.23197
0.23197
0.23197
0.23197
0.23197
0.23197
0.23197
0.23197
0.23197
0.23197
0.231967
0.231967
0.231966
0.231966
0.231965
0.231965
0.231965
0.231964
0.231964
0.231964
0.231964
0.23197
0.23197
0.23197
0.23197
0.23197
0.23197
0.23197
0.23197
0.23197
0.23197
0.23197
0.23197
0.23197
0.23197
0.23197
0.23197
0.23197
0.23197
0.23197
0.23197
0.23197
0.23197
0.23197
0.23197
0.23197
0.23197
0.23197
0.23197
0.23197
0.23197
0.23197
0.23197
0.23197
0.23197
0.23197
0.23197
0.23197
0.23197
0.23197
0.23197
0.23197
0.23197
0.23197
0.23197
0.23197
0.23197
0.23197
0.23197
0.23197
0.23197
0.23197
0.23197
0.23197
0.23197
0.23197
0.23197
0.23197
0.23197
0.23197
0.23197
0.23197
0.23197
0.23197
0.23197
0.23197
0.23197
0.23197
0.23197
0.23197
0.23197
0.23197
0.23197
0.23197
0.23197
0.23197
0.23197
0.23197
0.23197
0.23197
0.23197
0.23197
0.23197
0.23197
0.23197
0.23197
0.23197
0.23197
0.23197
0.23197
0.23197
0.23197
0.23197
0.23197
0.23197
0.23197
0.231967
0.231967
0.231967
0.231967
0.231967
0.23197
0.23197
0.23197
0.23197
0.23197
0.23197
0.23197
0.23197
0.23197
0.23197
0.23197
0.23197
0.23197
0.23197
0.23197
0.23197
0.23197
0.23197
0.23197
0.23197
0.23197
0.23197
0.23197
0.23197
0.23197
0.23197
0.23197
0.23197
0.23197
0.23197
0.23197
0.23197
0.23197
0.23197
0.23197
0.23197
0.23197
0.23197
0.23197
0.23197
0.23197
0.23197
0.23197
0.23197
0.23197
0.23197
0.23197
0.23197
0.23197
0.23197
0.23197
0.23197
0.23197
0.23197
0.23197
0.23197
0.23197
0.23197
0.23197
0.23197
0.23197
0.23197
0.23197
0.23197
0.23197
0.23197
0.23197
0.23197
0.23197
0.23197
0.23197
0.23197
0.23197
0.23197
0.23197
0.23197
0.23197
0.23197
0.23197
0.23197
0.23197
0.23197
0.23197
0.23197
0.23197
0.23197
0.23197
0.23197
0.23197
0.23197
0.23197
0.23197
0.23197
0.23197
0.23197
0.23197
0.23197
0.23197
0.23197
0.23197
0.23197
0.23197
0.23197
0.23197
0.23197
0.23197
0.23197
0.23197
0.23197
0.23197
0.23197
0.23197
0.23197
0.23197
0.23197
0.23197
0.23197
0.23197
0.23197
0.23197
0.23197
0.23197
0.23197
0.23197
0.23197
0.23197
0.23197
0.23197
0.23197
0.23197
0.23197
0.23197
0.23197
0.23197
0.23197
0.23197
0.23197
0.23197
0.23197
0.23197
0.23197
0.23197
0.23197
0.23197
0.23197
0.23197
0.23197
0.23197
0.23197
0.23197
0.23197
0.23197
0.23197
0.23197
0.23197
0.23197
0.23197
0.23197
0.23197
0.23197
0.23197
0.23197
0.23197
0.23197
0.23197
0.23197
0.23197
0.23197
0.23197
0.23197
0.23197
0.23197
0.23197
0.23197
0.23197
0.23197
0.23197
0.23197
0.23197
0.23197
0.23197
0.23197
0.23197
0.23197
0.23197
0.23197
0.23197
0.23197
0.23197
0.23197
0.23197
0.23197
0.23197
0.23197
0.23197
0.23197
0.23197
0.23197
0.23197
0.23197
0.23197
0.23197
0.23197
0.23197
0.23197
0.23197
0.23197
0.23197
0.23197
0.23197
0.23197
0.23197
0.23197
0.23197
0.23197
0.23197
0.23197
0.23197
0.23197
0.23197
0.23197
0.23197
0.23197
0.23197
0.23197
0.23197
0.23197
0.23197
0.23197
0.23197
0.23197
0.23197
0.23197
0.23197
0.23197
0.23197
0.23197
0.23197
0.23197
0.23197
0.23197
0.23197
0.23197
0.23197
0.23197
0.23197
0.23197
0.23197
0.23197
0.23197
0.23197
0.23197
0.23197
0.23197
0.23197
0.23197
0.23197
0.23197
0.23197
0.23197
0.23197
0.23197
0.23197
0.23197
0.23197
0.23197
0.23197
0.23197
0.23197
0.23197
0.23197
0.23197
0.23197
0.23197
0.23197
0.23197
0.23197
0.23197
0.23197
0.23197
0.23197
0.23197
0.23197
0.23197
0.23197
0.23197
0.23197
0.23197
0.23197
0.23197
0.23197
0.23197
0.23197
0.23197
0.23197
0.23197
0.23197
0.23197
0.23197
0.23197
0.23197
0.23197
0.23197
0.23197
0.23197
0.23197
0.23197
0.23197
0.23197
0.23197
0.23197
0.23197
0.23197
0.23197
0.23197
0.23197
0.23197
0.23197
0.23197
0.23197
0.23197
0.23197
0.23197
0.23197
0.23197
0.23197
0.23197
0.23197
0.23197
0.23197
0.23197
0.23197
0.23197
0.23197
0.23197
0.23197
0.23197
0.23197
0.23197
0.23197
0.23197
0.23197
0.23197
0.23197
0.23197
0.23197
0.23197
0.23197
0.23197
0.23197
0.23197
0.23197
0.23197
0.23197
0.23197
0.23197
0.23197
0.23197
0.23197
0.23197
0.23197
0.23197
0.23197
0.23197
0.23197
0.23197
0.23197
0.23197
0.23197
0.23197
0.23197
0.23197
0.23197
0.23197
0.23197
0.23197
0.23197
0.23197
0.23197
0.23197
0.23197
0.23197
0.23197
0.23197
0.23197
0.23197
0.23197
0.23197
0.23197
0.23197
0.23197
0.23197
0.23197
0.23197
0.23197
0.23197
0.23197
0.23197
0.23197
0.23197
0.23197
0.23197
0.23197
0.23197
0.23197
0.23197
0.23197
0.23197
0.23197
0.23197
0.23197
0.23197
0.23197
0.23197
0.23197
0.23197
0.23197
0.23197
0.23197
0.23197
0.23197
0.23197
0.23197
0.23197
0.23197
0.23197
0.23197
0.23197
0.23197
0.23197
0.23197
0.23197
0.23197
0.23197
0.23197
0.23197
0.23197
0.23197
0.23197
0.23197
0.23197
0.23197
0.23197
0.23197
0.23197
0.23197
0.23197
0.23197
0.23197
0.23197
0.23197
0.23197
0.23197
0.23197
0.23197
0.23197
0.23197
0.23197
0.23197
0.23197
0.23197
0.23197
0.23197
0.23197
0.23197
0.23197
0.23197
0.23197
0.23197
0.23197
0.23197
0.23197
0.23197
0.23197
0.23197
0.23197
0.23197
0.23197
0.23197
0.23197
0.23197
0.23197
0.23197
0.23197
0.23197
0.23197
0.23197
0.23197
0.23197
0.23197
0.23197
0.23197
0.23197
0.23197
0.23197
0.23197
0.23197
0.23197
0.23197
0.23197
0.23197
0.23197
0.23197
0.23197
0.23197
0.23197
0.23197
0.23197
0.23197
0.23197
0.23197
0.23197
0.23197
0.23197
0.23197
0.23197
0.23197
0.23197
0.23197
0.23197
0.23197
0.23197
0.23197
0.23197
0.23197
0.23197
0.23197
0.23197
0.23197
0.23197
0.23197
0.23197
0.23197
0.23197
0.23197
0.23197
0.23197
0.23197
0.23197
0.23197
0.23197
0.23197
0.23197
0.23197
0.23197
0.23197
0.23197
0.23197
0.23197
0.23197
0.23197
0.23197
0.23197
0.23197
0.23197
0.23197
0.23197
0.23197
0.23197
0.23197
0.23197
0.23197
0.23197
0.23197
0.23197
0.23197
0.23197
0.23197
0.23197
0.23197
0.23197
0.23197
0.23197
0.23197
0.23197
0.23197
0.23197
0.23197
0.23197
0.23197
0.23197
0.23197
0.23197
0.23197
0.23197
0.23197
0.23197
0.23197
0.23197
0.23197
0.23197
0.23197
0.23197
0.23197
0.23197
0.23197
0.23197
0.23197
0.23197
0.23197
0.23197
0.23197
0.23197
0.23197
0.23197
0.23197
0.23197
0.23197
0.23197
0.23197
0.23197
0.23197
0.23197
0.23197
0.23197
0.23197
0.23197
0.23197
0.23197
0.23197
0.23197
0.23197
0.23197
0.23197
0.23197
0.23197
0.23197
0.23197
0.23197
0.23197
0.23197
0.23197
0.23197
0.23197
0.23197
0.23197
0.23197
0.23197
0.23197
0.23197
0.23197
0.23197
0.23197
0.23197
0.23197
0.23197
0.23197
0.23197
0.23197
0.23197
0.23197
0.23197
0.23197
0.23197
0.23197
0.23197
0.23197
0.23197
0.23197
0.23197
0.23197
0.23197
0.23197
0.23197
0.23197
0.23197
0.23197
0.23197
0.23197
0.23197
0.23197
0.23197
0.23197
0.23197
0.23197
0.23197
0.23197
0.23197
0.23197
0.23197
0.23197
0.23197
0.23197
0.23197
0.23197
0.23197
0.23197
0.23197
0.23197
0.23197
0.23197
0.23197
0.23197
0.23197
0.23197
0.23197
0.23197
0.23197
0.23197
0.23197
0.23197
0.23197
0.23197
0.23197
0.23197
0.23197
0.23197
0.23197
0.23197
0.23197
0.23197
0.23197
0.23197
0.23197
0.23197
0.23197
0.23197
0.23197
0.23197
0.23197
0.23197
0.23197
0.23197
0.23197
0.23197
0.23197
0.23197
0.23197
0.23197
0.23197
0.23197
0.23197
0.23197
0.23197
0.23197
0.23197
0.23197
0.23197
0.23197
0.23197
0.23197
0.23197
0.23197
0.23197
0.23197
0.23197
0.23197
0.23197
0.23197
0.23197
0.23197
0.23197
0.23197
0.23197
0.23197
0.23197
0.23197
0.23197
0.23197
0.23197
0.23197
0.23197
0.23197
0.23197
0.23197
0.23197
0.23197
0.23197
0.23197
0.23197
0.23197
0.23197
0.23197
0.23197
0.23197
0.23197
0.23197
0.23197
0.23197
0.23197
0.23197
0.23197
0.23197
0.23197
0.23197
0.23197
0.23197
0.23197
0.23197
0.23197
0.23197
0.23197
0.23197
0.23197
0.23197
0.23197
0.23197
0.23197
0.23197
0.23197
0.23197
0.23197
0.23197
0.23197
0.23197
0.23197
0.23197
0.23197
0.23197
0.23197
0.23197
0.23197
0.23197
0.23197
0.23197
0.23197
0.23197
0.23197
0.23197
0.23197
0.23197
0.23197
0.23197
0.23197
0.23197
0.23197
0.23197
0.23197
0.23197
0.23197
0.23197
0.23197
0.23197
0.23197
0.23197
0.23197
0.23197
0.23197
0.23197
0.23197
0.23197
0.23197
0.23197
0.23197
0.23197
0.23197
0.23197
0.23197
0.23197
0.23197
0.23197
0.23197
0.23197
0.23197
0.23197
0.23197
0.23197
0.23197
0.23197
0.23197
0.23197
0.23197
0.23197
0.23197
0.23197
0.23197
0.23197
0.23197
0.23197
0.23197
0.23197
0.23197
0.23197
0.23197
0.23197
0.23197
0.23197
0.23197
0.23197
0.23197
0.23197
0.23197
0.23197
0.23197
0.23197
0.23197
0.23197
0.23197
0.23197
0.23197
0.23197
0.23197
0.23197
0.23197
0.23197
0.23197
0.23197
0.23197
0.23197
0.23197
)
;

boundaryField
{
    AXIS
    {
        type            empty;
    }
    OUTLET
    {
        type            calculated;
        value           nonuniform List<scalar> 
80
(
0.0699646
0.0700231
0.0701523
0.0703541
0.0706104
0.0709141
0.0712611
0.0716491
0.0720766
0.0725425
0.0730486
0.0735929
0.0741754
0.0747975
0.0754541
0.0762813
0.0773
0.0783818
0.0795273
0.0807345
0.0819941
0.0833568
0.084812
0.0863148
0.0878606
0.0894572
0.0911076
0.0927981
0.0945282
0.096297
0.0992221
0.103419
0.107888
0.112595
0.117519
0.122653
0.127963
0.13341
0.138988
0.144639
0.150341
0.15605
0.161729
0.167345
0.172859
0.178246
0.183479
0.188537
0.19341
0.198086
0.202539
0.206752
0.210721
0.214481
0.217899
0.220944
0.223674
0.22603
0.22801
0.229574
0.230653
0.231284
0.231606
0.231771
0.231877
0.231932
0.231948
0.231956
0.231961
0.231964
0.231967
0.23197
0.23197
0.23197
0.23197
0.23197
0.23197
0.23197
0.23197
0.23197
)
;
    }
    COFLOW
    {
        type            calculated;
        value           uniform 0.23197;
    }
    PILOT
    {
        type            calculated;
        value           uniform 0.0197596;
    }
    FUEL
    {
        type            calculated;
        value           uniform 0.22895;
    }
    WALL
    {
        type            calculated;
        value           uniform 0.23197;
    }
    front
    {
        type            wedge;
    }
    back
    {
        type            wedge;
    }
}


// ************************************************************************* //
