/*--------------------------------*- C++ -*----------------------------------*\
  =========                 |
  \\      /  F ield         | OpenFOAM: The Open Source CFD Toolbox
   \\    /   O peration     | Website:  https://openfoam.org
    \\  /    A nd           | Version:  6
     \\/     M anipulation  |
\*---------------------------------------------------------------------------*/
FoamFile
{
    version     2.0;
    format      ascii;
    class       volScalarField;
    location    "0.1";
    object      p;
}
// * * * * * * * * * * * * * * * * * * * * * * * * * * * * * * * * * * * * * //

dimensions      [1 -1 -2 0 0 0 0];

internalField   nonuniform List<scalar> 
8000
(
97610.9
98717.7
97895.9
96838.8
96139.7
98169
100092
100146
100956
100840
100754
99520.6
98362.8
96510
94613.6
99112.8
100038
99598.5
99447.2
99237.3
99616.1
99986.8
100114
99860.9
99949.9
99547.7
98903.1
99223.4
99717.1
98712
100083
99883
99388.8
99737.2
99972
99871.9
99665.2
99359.1
99371.3
99586.2
99521.4
99576.1
99755
99586.2
99916.7
99552.2
99565.5
99031
99409.8
99484.1
99599.8
99526.4
99660.3
99477.1
99784.4
99526.4
99627.7
99387.7
99467.7
99525.5
100025
99622.2
99495.2
99166.8
99721.1
99658.2
99611.2
99559.9
99620.8
99562.4
99537
99555.3
99618.1
99649.6
99641.6
99858.5
99896.4
99177.7
99797.5
99605.2
99630.5
99603.4
99774.2
99650.4
99759.6
99818.6
99971.6
99828.7
100021
99306.9
99837.7
99866.9
99871.6
99900.2
99921.3
99939.2
99948.8
99959
99975.5
99990.7
97640.9
98640.1
97884.8
96873.9
96064.6
98281.5
100110
100156
100930
100834
100755
99539.4
98473.3
96450.6
94720.9
98997.5
100068
99596.3
99465.6
99252.6
99622.8
99986.5
100114
99867.1
99943.7
99564.1
98884.6
99217.7
99729.6
99101.2
99753.5
99871.5
99394.9
99741.5
99968.5
99869.3
99662.3
99363.9
99374
99584.7
99521.8
99576.1
99757.2
99577.9
99916.4
99555.2
99571.1
99026.5
99406.8
99422.1
99615.5
99528.7
99658.9
99466.3
99790.5
99527
99627.6
99397.1
99470.8
99525.4
100019
99616.6
99494.9
99174.1
99717.3
99657.4
99611
99560
99621.2
99563.9
99534
99553.7
99618.4
99650
99690.2
99858.3
99900.3
99187.3
99791.3
99606.1
99632.6
99604
99774.6
99651.9
99760.3
99818.7
99968.8
99829.3
100020
99305.6
99837.3
99866.5
99871.4
99900.6
99921.4
99939.1
99948.8
99958.8
99975.9
99990.9
97715.6
98454.7
97862.5
96928.6
96615.7
98506.7
100167
100180
100855
100817
100763
99582.6
98753.5
96380.8
94881
98814.8
100106
99604
99487.7
99282.1
99629.5
99986.4
100111
99879.2
99931.4
99584.9
98845.2
99206.3
99738
99303.9
99614.9
99855.1
99407.2
99750.6
99961.3
99864.3
99656.3
99374.1
99380.3
99583.7
99522.1
99576
99761.7
99561.1
99915.4
99561.5
99583.2
99016.5
99402.2
99383.8
99645.3
99534
99656
99443.1
99802.2
99528.2
99627.4
99416
99477.4
99524.6
100007
99605.7
99495.4
99181.6
99712.1
99656.5
99610.9
99560.2
99622.5
99565.4
99536.3
99552.3
99619.4
99650.7
99695.8
99858.4
99907.2
99203
99781.9
99608.5
99636.2
99605
99775.5
99654.5
99762.1
99818.9
99964.7
99829.6
100025
99303.7
99837.4
99866.1
99871
99901.6
99921.7
99939.1
99948.8
99958.5
99976.7
99991.2
97849.7
98272.7
97814.5
96972.2
96946.8
98892.8
100224
100215
100811
100767
100795
99666.8
99305.7
96344
95034.1
98675.6
100140
99686.9
99516.6
99314.9
99636.1
99987.6
100104
99896.2
99910.8
99612.9
98781.7
99191.5
99744.7
99414
99545.5
99850.4
99424.3
99764.6
99951.8
99857.5
99647.9
99389
99388.7
99581.2
99523.3
99575.2
99767.9
99537.4
99913.6
99570.4
99600
99002.9
99396.3
99348.9
99686.5
99542
99651.5
99407.7
99817.1
99529.6
99625.9
99443.6
99487.6
99522.6
99982.6
99589.2
99496.4
99194.7
99704.9
99655.1
99610.9
99560.5
99624.4
99567.3
99540.4
99551.6
99618.8
99650.3
99694.6
99857.4
99916.3
99226.5
99770.1
99607.4
99640
99606.4
99775.9
99659.2
99762.3
99818.2
99959.4
99829.9
100032
99300.8
99838
99866.1
99870.7
99900.5
99921.5
99939.1
99948.8
99958.9
99976
99990.9
98050.7
98139
97746.5
97055.4
97171.4
99485.4
100275
100237
100689
100703
100883
99772.2
100377
96356.5
94809.3
98964.8
100126
99787.6
99558.2
99403.8
99648.2
99987.7
100088
99916.1
99896.9
99649
98685.1
99175.8
99747.5
99481.2
99503.8
99851.5
99444.4
99783.1
99941.2
99848.2
99637.2
99409.2
99398.3
99579.6
99525.4
99573.3
99775.5
99508.1
99910.6
99581.8
99621.1
98985.3
99389.1
99310.4
99736.9
99553.1
99645
99359.4
99832.2
99530.7
99620.8
99478.7
99501
99518.6
99938.1
99567.4
99497.9
99211.4
99695.9
99653.1
99611
99560.9
99627.1
99570.4
99543.1
99549.4
99618.8
99650.2
99692.7
99856.3
99928.7
99257.7
99755.2
99608.3
99644.6
99608.8
99775.2
99665.1
99763.6
99817.7
99952.8
99830.1
100041
99297.5
99838.7
99865.9
99870
99900.1
99921.6
99939.2
99948.8
99959
99975.7
99990.8
98234.7
98123.8
97581.8
97121.8
97325.9
100295
100280
100210
100527
100597
101040
99850.2
99769.4
96432.1
94868.6
99236.8
100085
99887.2
99611.2
99528.7
99664.4
99984.8
100054
99934.8
99882.1
99696.2
98542.4
99162.3
99747.6
99523.4
99473
99840.9
99465.3
99806.6
99929
99836.6
99623.8
99432.6
99409.5
99580.7
99528.1
99570.7
99784.4
99475.1
99906.3
99594.8
99643.9
98966.4
99381.4
99264
99792.6
99565.3
99637.7
99301.1
99842.8
99531.2
99610
99519.7
99517.7
99511.9
99865
99540.8
99499.7
99230.2
99686.3
99650.9
99611
99562.2
99628.7
99572.7
99544.6
99547
99619
99650.2
99691
99854.6
99944.4
99296.2
99737.3
99611.2
99650.3
99610.3
99771.6
99670
99764.8
99817.3
99945.2
99830.4
100050
99294.7
99839.8
99865.6
99869
99900.1
99922
99939.2
99948.8
99959
99975.8
99990.8
98033
98162
97659
97239.2
97468.8
101089
100123
100152
100366
100424
101377
99946
100191
96551.3
95295
99439.1
100068
99982.1
99660.1
99654.3
99682.7
99981.1
99989.7
99942.5
99848.8
99756.8
98342.1
99149.5
99764.4
99549
99446
99818.8
99484.7
99834.6
99915.5
99822.9
99607.5
99459
99420.3
99583.4
99532.9
99568.6
99794
99439.7
99900.3
99608.6
99665.3
98948.9
99374.6
99205.9
99847.9
99578.3
99629.3
99238.2
99844.2
99530.8
99590.6
99564.1
99537.4
99501.7
99750.3
99510.3
99501.6
99250
99678.1
99648.5
99610.7
99563.6
99630.5
99575.1
99545.5
99544.8
99619.2
99650.1
99689.6
99851.4
99962.7
99338.8
99716.6
99616.9
99657
99611.2
99760.1
99676
99766.6
99817
99937
99830.9
100059
99294.1
99841.3
99865.2
99868.4
99899.9
99921.9
99939.2
99948.8
99959
99975.8
99990.9
97882.4
98263.6
97662.3
97264.9
97602.3
100257
99862
100109
100308
100123
102039
100025
101028
96800.3
96023.6
99550.4
100080
100063
99699.8
99768
99708.3
99975.1
99885.3
99928.1
99799.5
99845.6
98807.5
99124.6
99774.1
99578.2
99421.2
99784.3
99500
99867.5
99900.5
99807.2
99588.3
99487.6
99430.1
99588.9
99540.3
99566.7
99804.2
99404.5
99892.3
99622.8
99673.1
98939.1
99369.1
99139.1
99894.9
99577.1
99620.9
99183.7
99832.9
99529.4
99562
99609.4
99558.4
99486.6
99566.2
99475.6
99503.7
99271.3
99668.8
99645.4
99610.6
99565.3
99632.3
99577.3
99546.6
99543.1
99619.5
99649.7
99688.8
99846.4
99982.9
99378.8
99694.4
99625.5
99662.4
99613.3
99747.9
99682.5
99769.1
99817.1
99928.9
99830.9
100065
99296.6
99843.1
99864.9
99867.6
99899.7
99921.9
99939.2
99948.8
99959
99975.9
99990.9
97738.1
97840.8
97769.7
97128
97820.1
99755.6
99579.6
100150
100284
99558.1
103248
100081
101273
97153.9
96768.2
99613.1
100100
100122
99735
99868
99736.6
99964.4
100004
99857.9
99733.7
99924.3
99153.9
99103.5
99778.5
99598.9
99399
99733.1
99508.8
99905.2
99883.7
99789.8
99566.1
99517.6
99438.8
99597.3
99550.5
99566.4
99814.5
99371.5
99882.4
99635.6
99663.5
98946.1
99366.1
99065.7
99927.5
99577.3
99612.9
99166.3
99809.9
99527.2
99521.8
99652.2
99581.2
99465.4
99709.8
99440.2
99504.5
99291.3
99659.7
99642.5
99610.7
99567.3
99635
99579.5
99545.5
99540.7
99619.7
99650.1
99687.4
99839
100003
99408.1
99671.8
99636.1
99666.7
99616.7
99737.1
99689.9
99771.9
99816.4
99920.7
99830.9
100067
99304.6
99845.3
99864.5
99866.4
99899.5
99922.1
99939.2
99948.8
99959.1
99975.9
99990.9
97669.1
97635.8
98021.4
97043
98225.6
99836.7
99360.4
100260
100353
100703
101848
100143
100327
97551
97415.9
99647.2
100103
100172
99769.3
99950.7
99769.6
99953
100061
99778.3
99645.1
100016
99412.8
99092.6
99780.3
99608.1
99380.9
99666.4
99508.4
99948.2
99861.9
99771.6
99539.9
99547.8
99447.8
99606.7
99563.6
99568.5
99824.1
99342.9
99871.7
99646.3
99623.3
98984.7
99365.9
98992.9
99940.1
99576.9
99606.9
99239
99787.3
99523.2
99471.3
99688.8
99604.2
99437
99766.4
99424.1
99504.1
99311.1
99650.6
99639.8
99611
99570.3
99636.5
99581.2
99545.7
99539.1
99619.9
99650.2
99686.4
99828.5
100018
99408.7
99647
99649.9
99670.6
99618
99727.2
99698
99774
99815.3
99912.7
99830.9
100063
99320.3
99848
99864.2
99865.1
99899.3
99922.3
99939.2
99948.8
99959.1
99976
99990.9
97619.3
97535
98285
97085
98848
99490
99309.3
100436
100430
101668
101194
100155
99706.3
97859.9
97903.2
99693.8
100118
100212
99803.9
100022
99803.7
99941.2
100072
99701.3
99531.6
100113
99619.3
99089.8
99776.3
99607.4
99389.4
99584.6
99555
99996.1
99834.8
99750.7
99510.7
99579.9
99455.8
99617.3
99581.4
99574.1
99832.4
99321
99858.8
99654.1
99536
99073.4
99369.1
98934.6
99930.3
99575.3
99602.4
99325.8
99756.5
99520
99414.7
99711.7
99631.2
99399.4
99777.7
99394.3
99503.7
99330.6
99641.8
99635.9
99610.5
99574.8
99636.5
99582.5
99547
99538.3
99620.1
99650.1
99685.4
99815.7
100026
99347.9
99613.2
99666.7
99674
99619.9
99719.4
99705.7
99776.4
99814.6
99905.3
99830.8
100049
99349.3
99851.1
99863.9
99864
99899.1
99922.5
99939.2
99948.8
99959.2
99975.9
99991
97584.6
97880.6
98630.7
97967
99569.6
99338.7
99889.1
100546
100519
102858
100871
100129
99441.8
97992.3
98249.1
99747.5
100137
100252
99841.3
100090
99846.8
99929.1
100040
99633.9
99428.5
100200
99789.4
99096.7
99767.1
99593.2
99406
99494.2
99588.6
100046
99829.7
99726
99478.9
99614.4
99463.4
99626.9
99604.6
99584.5
99838.2
99307
99843.4
99658.5
99376.5
99242.2
99374.5
98917.3
99903
99573.3
99599.4
99403.6
99718.1
99516.4
99364.4
99723
99667.4
99349.2
99782.7
99346
99503.1
99349.2
99633.2
99631.8
99610.3
99580.2
99637.6
99583.4
99548
99538.4
99620.1
99649.9
99684.2
99799.1
100016
99261
99566
99684.8
99675.9
99622.3
99713.9
99713.1
99779.1
99814.1
99898.4
99830.6
100021
99396.2
99854
99864.1
99862.9
99898.9
99922.7
99939.3
99948.8
99959.3
99975.9
99991
97732.3
98232.5
99101.4
98894.8
99704.7
99356.2
99460
100583
100581
101893
100700
100118
99301.3
98129.4
98513.3
99804.6
100158
100299
99876.6
100151
99900.7
99916.8
99948.7
99578.6
99361.4
100249
99926.4
99113.2
99754.8
99557.8
99433.7
99411.6
99615.9
100092
99819.3
99700.3
99445.8
99655.2
99471
99632
99637.2
99584.8
99840.4
99301.7
99825.9
99659.6
99096
99537.1
99380.9
98993.6
99876.3
99571.3
99595.2
99462.2
99679.1
99513.8
99340.2
99724.4
99714.5
99283.2
99772.6
99278
99502.6
99367
99625.5
99628.7
99610.8
99584.7
99637.1
99584.2
99549.7
99539.3
99620.1
99649.7
99682.8
99778.9
99982.5
99159.8
99605.1
99702.2
99676.5
99625
99710.2
99720.3
99781.9
99813.6
99892.3
99830.4
99972.5
99464.7
99858.3
99864.2
99861.4
99898.7
99922.9
99939.3
99948.8
99959.3
99976
99991
98337.1
98615.6
99695.6
99472.7
99815.2
99458.1
99561
100627
100640
101397
100607
100095
99245.6
98271.1
98746.3
99865.2
100183
100358
99911.3
100206
99966.2
99904.5
99759.9
99553.5
99379.8
100198
100018
99146.1
99735.9
99523.9
99477.7
99371
99641.3
100128
99803.8
99674.3
99412.7
99698.3
99504.3
99636.6
99685.1
99590.6
99837.2
99304.8
99805.9
99656.6
99375.6
99267.5
99383.3
99087.5
99845
99568
99591.3
99506.8
99644
99511.2
99379.4
99721.8
99779.9
99203.5
99753.3
99188.2
99502.4
99384
99617.3
99625.7
99610.6
99588.6
99636.2
99585.2
99551.9
99541
99620
99649.3
99681.1
99755.8
99923.1
99044.1
99623.5
99716.6
99677
99627.5
99707.1
99727.5
99784.8
99813.3
99887.1
99830.3
99906.6
99555
99861.9
99863.9
99860
99898.5
99923.1
99939.3
99948.8
99959.3
99976
99991.1
100113
98994.4
100151
99728.8
99844.9
99569.4
99740.7
100712
100631
101078
100535
100065
99254.7
98403.9
98938.2
99925.3
100208
100432
99941
100245
100042
99887.3
99944.9
99543.8
99422
100126
100082
99193.5
99716.5
99463.8
99559
99433.5
99667.3
100137
99782.2
99648.4
99381.3
99743.9
99536.3
99640.1
99730.7
99600.1
99828.5
99313
99786.3
99648.8
99514.9
99147.4
99386.9
99174.6
99808.1
99564.3
99589.5
99539.7
99613.2
99508.8
99432
99709.1
99875.2
99085.9
99728.4
99074.7
99502
99399.2
99609.6
99622.8
99610.2
99592.7
99635
99586.6
99554.2
99543.3
99619.9
99648.8
99679.4
99730.9
99831.5
98881.8
99631.5
99729.8
99676.5
99629.9
99706.3
99733.7
99787.2
99813
99881.7
99830.1
99819.5
99670.1
99865.2
99864.3
99858.8
99898.3
99923.3
99939.3
99948.8
99959.4
99976.1
99991.1
100059
99275.3
100310
99915.2
99923.6
99730.2
99895.4
100860
100606
100846
100461
100055
99308.6
98563.8
99168.6
99991.5
100230
100552
99973.5
100253
100142
99866.1
99975.6
99540
99470.4
100047
100120
99263.9
99697.3
99364.8
99676.9
99542.3
99695.1
100052
99751.2
99617.2
99350.1
99801.9
99569.2
99645
99810.3
99614.9
99811
99321.6
99766.1
99636
99584.2
99102.2
99383.4
99261.9
99756.5
99558.9
99587.3
99568.9
99585
99506.5
99489.5
99686
99744.3
99268.6
99691.5
98890.3
99503.6
99416.3
99601.7
99619.2
99609.7
99598.3
99632.7
99587.3
99557.1
99546.6
99619.6
99647.9
99677.5
99700.4
99654.2
98618.2
99635.3
99737.3
99675.5
99633
99706.7
99740.1
99789.8
99812.8
99876.1
99830.3
99668.3
99862.5
99867.9
99864.5
99857.6
99898.1
99923.6
99939.4
99948.8
99959.4
99976.1
99991.2
99622.9
99469.3
100327
100044
100033
99910.9
100047
101113
100591
100691
100413
100047
99391
98763.1
99410.1
100050
100239
100775
99996.1
100178
100263
99836.5
99910.5
99539.3
99501
99989.5
100135
99358.3
99661
99232
99840.5
99639.1
99715.8
99812.2
99713
99583.6
99327.2
99872.7
99594.5
99656.8
99949.9
99635.8
99777.2
99317.4
99747
99616.5
99588
99119.4
99387.3
99334.6
99692
99551.6
99585
99598.4
99564.1
99504.4
99537
99657.2
99664
99388.3
99641.3
98563.4
99507.6
99433.5
99594.3
99615.4
99609.1
99603.3
99628.8
99588.8
99560.5
99550.8
99619.2
99647.5
99674.3
99665.7
99834.1
99017
99634.5
99745.7
99673.7
99636.4
99709
99746.2
99793.1
99812.3
99870.4
99830.8
99795.5
99736.1
99868.6
99864.8
99856.4
99898
99924
99939.4
99948.8
99959.5
99976.1
99991.2
99479.5
99621.7
100305
100195
100160
100070
100161
100872
100588
100597
100380
100006
99487.4
98945.5
99627.7
100086
100207
101138
100003
99942.4
100342
99806
99824
99535.8
99510.8
99961.6
100080
99448.9
99645.8
99140.5
99959.5
99690.9
99723.5
99300.1
99680.6
99556.4
99320.1
99957.5
99607.1
99676.8
100168
99653.7
99735.3
99316.1
99731.1
99595.6
99562.1
99164.1
99395.3
99386.5
99632.1
99544.1
99582.8
99630.7
99550.5
99503
99564.2
99631.3
99617.5
99459.4
99575.6
98946.3
99509.6
99447.8
99589.2
99612.2
99608.2
99606.8
99624.6
99590.9
99564.1
99555.1
99618.8
99646.9
99671.4
99636.1
99889.7
99260.8
99633.1
99744.6
99672.8
99639.6
99712.7
99750.9
99795.8
99811.6
99865.5
99831.3
99843.5
99699.6
99869
99865.3
99855.7
99898
99924.3
99939.4
99948.7
99959.5
99976.2
99991.3
99495.5
99747.6
100290
100305
100270
100198
100259
100753
100581
100535
100353
99895.8
99588.1
99110.7
99677
100072
100085
100696
100021
100261
100270
99775.4
99747.2
99530.4
99511
99950.9
99943.9
99529.5
99648.7
99254.2
99878.2
99720.7
99719.7
99706
99668.8
99535.7
99323.6
100074
99603.5
99708
100484
99665.5
99695.3
99331.5
99712.2
99575.8
99528.9
99213.2
99404.9
99424.8
99579.8
99537
99581.4
99672.2
99541.6
99502
99574.1
99610.5
99587.7
99505
99614.3
99179.3
99513.5
99461
99585.4
99608.6
99607.1
99609.6
99620.6
99591.9
99567.1
99559.2
99618.5
99646.1
99669.2
99616.4
99893.8
99411
99632.5
99736.1
99672.9
99643.3
99716.8
99753.7
99798.1
99810.8
99860.7
99831.7
99861.9
99696.1
99869
99866
99855.2
99898.2
99924.7
99939.5
99948.7
99959.5
99976.2
99991.3
99586.7
99852.2
100284
100375
100352
100301
100346
100690
100569
100493
100343
100674
99696.3
99257.1
99744.2
99969
99880.1
100550
100035
100400
100169
99750.7
99689.3
99522.3
99509.1
99945.1
99673.5
99558.9
99657.8
99385.6
99773.8
99720.6
99706.9
99823.3
99666.4
99523.6
99327.3
100256
99580.7
99745.4
100950
99665.2
99659.5
99359.3
99689.4
99558.3
99496.6
99258.4
99415
99452.3
99537
99531.5
99579.7
99739.6
99534.5
99500.8
99573.1
99596
99569.2
99533.7
99625.1
99315.8
99518.5
99471.9
99582.3
99605.7
99605.7
99611
99616.5
99593.6
99570.2
99562.2
99618.2
99645.3
99667.5
99610.7
99874
99513.8
99633.9
99722.9
99672.9
99646.7
99721.6
99755.3
99799.8
99809.8
99855.6
99832
99875.8
99695.6
99869.2
99866.9
99855.3
99898.3
99925.1
99939.5
99948.7
99959.6
99976.3
99991.4
99707.6
99944.3
100289
100419
100414
100384
100419
100652
100555
100462
100337
100705
99776
99395.7
99809.8
99707.9
99538.2
100684
100048
100421
100072
99731.3
99649.2
99514.2
99510.8
99937.7
99967
99426.5
99664.4
99491.7
99692.9
99704.7
99685
99816.8
99671.3
99516
99301.5
99370.2
99545.2
99780.6
101671
99650.4
99634.6
99397.9
99664.5
99542.5
99469.5
99297.3
99424.7
99471.9
99504.9
99527.8
99576.1
99846.3
99528.4
99498.9
99566.8
99585.2
99556.6
99551.2
99622.9
99403.6
99523.6
99480.6
99580.8
99603.5
99604.2
99611.2
99612.5
99595.2
99573.4
99564.9
99618.1
99644.6
99666.5
99612.6
99842.1
99582.7
99636.5
99709.1
99673.5
99650.7
99726.3
99755.3
99801
99808.7
99849.6
99832.4
99887.6
99695
99869.4
99867.6
99855.8
99898.6
99925.4
99939.5
99948.7
99959.7
99976.3
99991.5
99835.5
100030
100301
100451
100461
100449
100477
100630
100539
100436
100329
100900
99832.7
99518.7
99872.8
99968.2
99740.7
100302
100049
100310
99989.8
99718.9
99625.7
99507.8
99516.7
99918.8
100155
99242.8
99665.7
99565.9
99642.4
99680.3
99656.9
99749.7
99682.7
99513.3
99293.5
99462.2
99477.5
99786.8
101379
99634.7
99617.8
99438.3
99647.2
99527.4
99447.8
99328.8
99433.5
99485.7
99482.1
99526.2
99565
99203.1
99526.5
99497.5
99556.8
99575.5
99549.1
99562.2
99615
99459
99528.5
99488.5
99579.9
99600.8
99602.5
99610.5
99608.8
99596.6
99577
99567.5
99618.1
99643.8
99666
99626.9
99808.8
99628.3
99640.3
99697.4
99674.6
99654.9
99730.9
99754.5
99801.8
99807.5
99843.6
99832.4
99898.2
99693.4
99869.7
99868.4
99856.8
99899
99925.8
99939.6
99948.7
99959.7
99976.4
99991.6
99959.1
100110
100321
100473
100497
100502
100523
100614
100520
100411
100305
100690
99878.9
99623.8
99926.1
100068
99831.1
100154
100040
99962.6
99928.6
99711.4
99614.6
99506.9
99521.8
99884
100349
99027.3
99660.7
99612.9
99616.2
99653.1
99626.3
99655.4
99703
99515.4
99293.3
99506
99397.1
99763.5
100700
99615.7
99604.6
99474.8
99627
99510.4
99431.4
99354.6
99441.4
99495.6
99467
99526.1
99563.7
99336.4
99521.3
99495.7
99545.6
99566.7
99544.5
99568.9
99605.2
99493.7
99532.7
99495.2
99579.6
99598.6
99600.6
99609.1
99605.5
99598.4
99580.8
99569.3
99618.2
99642.9
99665.8
99648.2
99779.5
99658.1
99645.1
99689.5
99676.2
99658.5
99734.8
99752.9
99802
99806
99837
99831.7
99906.6
99693.5
99870
99869.4
99858.3
99899.6
99926.1
99939.6
99948.6
99959.7
99976.4
99991.6
100074
100186
100345
100490
100525
100544
100559
100601
100499
100387
100275
100432
99912.3
99706.7
99968.7
100102
99869.8
100102
100020
100425
99896.9
99712.9
99612.2
99506.8
99518
99825.2
100070
99151.8
99648.5
99638.9
99604.7
99627.1
99595
99557.9
99733.1
99520.8
99300.7
99515.2
99337.8
99725.2
100278
99589.5
99590.8
99501.4
99602.1
99491.7
99419.1
99375.6
99448.2
99502.7
99458.9
99527.4
99563.3
99417.2
99516.8
99494.7
99534.8
99557.3
99542.7
99572.6
99594.9
99515.1
99536.3
99501.4
99579.9
99596.6
99598.6
99607.2
99602.6
99600.1
99584.7
99571.5
99618.4
99642.1
99665.5
99671
99755.3
99677
99650.7
99684.8
99678.2
99661.8
99738.3
99751
99801.8
99804.5
99830
99830.8
99911.2
99697.3
99870.6
99870.3
99860.1
99900.2
99926.4
99939.6
99948.6
99959.7
99976.5
99991.7
100177
100258
100374
100503
100548
100578
100585
100587
100476
100361
100246
100282
99933.8
99773.2
99995.9
100117
99915.1
100128
99993.3
100470
99871.1
99718.2
99615
99509.5
99513.8
99825.5
99914.4
99237.4
99635
99650.2
99601.4
99604.4
99564.8
99466.2
99770
99529.5
99313.6
99507.6
99371.6
99688.8
100001
99561.4
99580.1
99522.5
99572.6
99472.3
99410.4
99393
99454.2
99507.6
99456.7
99529.6
99562.9
99461.8
99513.6
99493.7
99525.3
99547.3
99542.6
99575.2
99585.7
99528.2
99540.8
99507.3
99579.4
99594.8
99596.5
99604.9
99600.2
99601.6
99588.8
99574.4
99618.8
99641.1
99665
99691
99736.1
99688.5
99656.7
99683.1
99680.2
99665.6
99741.1
99748.2
99801.2
99802.8
99823.1
99829.5
99911.3
99705.2
99871.5
99871.3
99862.2
99900.9
99926.8
99939.6
99948.5
99959.8
99976.6
99991.8
100270
100325
100405
100516
100566
100604
100601
100569
100449
100335
100220
100190
99948.2
99826.2
100018
100120
99958.5
100166
99969.1
100373
99845.7
99724.5
99621.2
99513.1
99512
99811.9
99808.7
99298.5
99622.6
99652.1
99601.6
99586.1
99537.6
99386.2
99809.7
99540.5
99327.9
99490.1
99418.8
99646.8
99814.1
99534.4
99576.3
99539.3
99539.2
99451.7
99404.9
99407.9
99460.5
99511.4
99459
99532.9
99562.1
99491
99511.2
99493.4
99517.7
99537.3
99544
99577.9
99577.7
99536.5
99545.1
99513.2
99579.3
99593.1
99594.2
99602.3
99598.2
99603.1
99593.1
99578
99619.3
99640.2
99664.1
99705.8
99721.2
99695.3
99662.9
99683.9
99682.1
99669.2
99743.5
99745.6
99800.2
99801.1
99816.5
99828
99907.2
99716.8
99872.6
99872.3
99864.6
99901.7
99927.1
99939.6
99948.5
99959.9
99976.7
99991.9
100351
100387
100439
100530
100582
100624
100608
100547
100420
100308
100197
100134
99959.7
99870.5
100035
100115
100005
100188
99946.3
100244
99819.3
99730.2
99629.5
99519.2
99516
99790.7
99735.3
99346
99611.5
99648.7
99602.7
99572.5
99514.8
99321.8
99847.1
99550.6
99341.3
99467.4
99451.8
99598.5
99687
99508.2
99582.5
99548.7
99505.4
99432.1
99403.1
99421
99465.6
99514.6
99464.4
99536.6
99560.6
99509.4
99509.5
99493.8
99512
99529.2
99545.9
99579.5
99572.2
99541.2
99548
99519.5
99579.4
99591.4
99591.9
99599.6
99596.5
99604.1
99597.4
99582.8
99619.9
99639.1
99662.7
99714.7
99709.7
99698.8
99668.9
99686.5
99683.9
99672.6
99745.7
99743.6
99798.9
99799.4
99810.5
99826.2
99899.7
99731.1
99873.8
99873.3
99867.1
99902.6
99927.4
99939.6
99948.4
99959.9
99976.8
99992
100423
100446
100475
100546
100595
100634
100603
100519
100389
100281
100177
100101
99970.7
99908.8
100048
100111
100046
100190
99926.7
100120
99794.3
99734.4
99639.3
99527.9
99526
99764.4
99685
99383.8
99602.1
99641.6
99603.6
99563.7
99497.3
99275.7
99876.3
99557
99352
99442
99465.1
99550
99599
99482.3
99623.2
99548.2
99471.7
99413.3
99403.8
99433.2
99471
99517.6
99472.3
99540.5
99558.5
99520.5
99508.2
99494.9
99508.5
99522.3
99547.7
99581.3
99567.6
99543.7
99551.1
99526.3
99579.6
99589.8
99589.6
99596.7
99595
99604.8
99601.8
99588.5
99620.5
99637.9
99661
99718.1
99700.9
99700.2
99674.6
99690.2
99685.6
99675.8
99747.5
99742.3
99797.4
99797.7
99805.3
99824.4
99889.9
99746.9
99875.2
99874.2
99869.7
99903.5
99927.6
99939.6
99948.4
99960
99976.9
99992.1
100486
100503
100515
100565
100606
100633
100585
100485
100356
100254
100160
100083
99983.1
99943.5
100059
100113
100077
100173
99909.1
100017
99771.7
99736.6
99650
99539.3
99540.9
99738.1
99651.7
99415.4
99593.7
99634.8
99604.2
99559.6
99485.8
99249.1
99892.1
99558.1
99358.8
99417.1
99461.4
99505.8
99537.7
99454.6
99710.5
99536.4
99439.6
99397.4
99407
99444.9
99476.8
99520.6
99482
99544.1
99555.8
99526.7
99507.3
99497.1
99507.4
99517.1
99549.5
99582.7
99563.4
99545.1
99554.1
99533.3
99579.9
99588.2
99587.2
99593.8
99593.8
99606.2
99605.8
99593.5
99621.2
99636.7
99658.9
99717
99693.9
99700.1
99679.7
99694.5
99687.1
99678.5
99749.2
99742
99795.8
99796
99801
99822.7
99878.9
99763.2
99876.6
99875.1
99872.3
99904.3
99927.8
99939.5
99948.3
99960.1
99977
99992.2
100544
100562
100564
100588
100610
100616
100551
100444
100320
100227
100146
100075
99997.5
99975.8
100070
100116
100096
100141
99891.4
99936.5
99751.3
99736.5
99661.2
99554
99559.6
99714.1
99629.8
99443.1
99588.3
99627.5
99604.1
99559.7
99480.3
99239.3
99893
99553.1
99361.5
99394.2
99445.9
99468.7
99495.5
99410.3
98017.5
99519.1
99410.8
99385.1
99412.5
99456.5
99483
99523.5
99492.9
99547.3
99552.7
99529.6
99508.1
99499.8
99506.6
99513.9
99551.1
99583
99559.8
99545.9
99556.8
99540.3
99580.1
99586.6
99584.7
99590.9
99592.7
99607.2
99609
99598.8
99621.8
99635.5
99656.5
99712.3
99688.3
99699.1
99684.3
99698.8
99688.4
99681
99750.8
99742.7
99794.1
99794.3
99797.7
99821.1
99867.5
99779.1
99877.8
99875.9
99874.9
99905.2
99928
99939.5
99948.3
99960.2
99977.1
99992.3
100638
100676
100663
100626
100597
100557
100470
100363
100255
100186
100125
100072
100023
100024
100086
100122
100106
100076
99860.8
99836.6
99721.5
99732.8
99679.7
99582.4
99593.1
99680.1
99606.9
99482.8
99584.2
99617.5
99603.9
99565.9
99480.8
99239.2
99878.7
99536.5
99359.1
99361
99410
99420.1
99447.4
99393
98768.5
99478.1
99369.7
99371.8
99424.9
99475.1
99493.5
99528.2
99511
99551.4
99547
99530.8
99510.1
99504.5
99508.2
99511.6
99552.6
99581.3
99554.4
99546.2
99560.3
99551
99580.2
99584.1
99580.9
99586.3
99591.1
99608.1
99613.5
99606.9
99622.6
99633.5
99652.5
99701.3
99681
99696.2
99690.2
99705.1
99690.3
99684.1
99753.7
99745.6
99791.5
99791.5
99793.9
99819.2
99850.3
99802.8
99879.5
99877
99878.7
99906.6
99928.2
99939.4
99948.1
99960.3
99977.2
99992.5
100905
100869
100764
100624
100511
100416
100322
100224
100152
100121
100101
100079
100061
100079
100102
100121
100077
99974
99810.7
99751.9
99686
99718.3
99701.7
99628.8
99634.6
99653.2
99595.2
99528.7
99592.7
99612.6
99604.5
99585
99508.9
99186.1
99899.2
99488.3
99342.7
99334.2
99355.1
99380.6
99415
99386.7
99149.7
99409.1
99336.2
99371.7
99449.7
99500.3
99509.1
99533.5
99532.5
99553.3
99538.6
99529
99513.8
99512.7
99514.9
99513.9
99551.1
99572.5
99546.8
99544.6
99561.9
99562
99579.5
99580.5
99575.6
99580.3
99589
99608.1
99616.9
99614.4
99623
99630.8
99646.7
99683.7
99673.1
99691
99694.3
99711.4
99692.5
99685.4
99759.3
99753.4
99788.1
99787.9
99791.7
99818.2
99834.2
99827.3
99881.2
99877.9
99883.2
99908.3
99928.2
99939.1
99947.9
99960.5
99977.5
99992.7
100942
100887
100739
100545
100376
100244
100146
100068
100041
100044
100071
100082
100089
100110
100100
100094
100013
99871.8
99755
99692.2
99654.7
99694.7
99712.5
99673.3
99663.4
99639.5
99596.3
99573.5
99611.1
99615
99607
99607.6
99564
99253.4
99758
99410.7
99321.4
99320.6
99321.4
99359.4
99398.4
99384.2
99279.2
99357.3
99329.4
99388.5
99478.5
99524.1
99525.2
99536.2
99546
99550.1
99530
99526.4
99517.8
99520.8
99522.2
99518.1
99546.6
99559.7
99539.1
99541.2
99559.3
99567.1
99577
99576.7
99570.7
99574.7
99586.7
99606.6
99617.3
99618
99622.4
99628.1
99641.2
99668
99666.4
99685.1
99694.9
99714.7
99695
99685.3
99765.3
99763.1
99784.9
99784.3
99791.3
99819
99827
99844.8
99881.7
99878.2
99886.8
99909.8
99928.2
99938.7
99947.7
99960.7
99977.9
99993
100733
100694
100576
100405
100234
100096
100003
99946.3
99939.2
99962.8
100014
100048
100071
100082
100048
100016
99913
99775.2
99699.7
99650.5
99632.8
99669.5
99706.4
99698.3
99676.8
99637.4
99609.8
99615.4
99631.5
99620.4
99609.8
99623.8
99618.6
99408.8
99547.5
99337.8
99309.3
99319
99313.7
99352.2
99392.3
99385.2
99332
99338.2
99346.8
99418.1
99506.1
99543.9
99539.8
99536.8
99548.7
99541.6
99521.4
99523
99520.1
99526.5
99527.2
99520.8
99540.1
99547
99532.4
99536.4
99553
99565.8
99572.7
99572.7
99566.4
99570
99584.3
99604
99615.3
99618.4
99621.1
99625.5
99636.5
99655.9
99660.7
99679
99692.8
99714.9
99698
99686.1
99769.7
99771.9
99781.5
99780.7
99791.5
99820.9
99827.9
99856.3
99880.9
99878
99889.6
99911
99927.9
99938.2
99947.4
99960.9
99978.3
99993.4
100416
100401
100337
100228
100104
99992.6
99914.5
99872
99866.2
99887.4
99933.1
99967.8
99988.2
99985
99941.6
99889.4
99801.6
99707
99659.2
99628.3
99625
99652.3
99688.3
99698.5
99679
99644.4
99631.9
99648.9
99646.4
99624.2
99610.1
99625.9
99639.7
99528
99412.7
99308.2
99315.9
99328.8
99327.5
99359
99395
99391.1
99364.6
99351.5
99383.7
99453.2
99528.2
99557.8
99550.8
99536.4
99541.7
99529.5
99513.3
99518.3
99519.3
99527.8
99527.4
99519.5
99532
99537
99528.1
99531.5
99544.5
99559.7
99567.1
99568.7
99563.1
99566.7
99582.2
99600.5
99611.7
99616.6
99619.1
99623
99632.6
99647.4
99655.9
99673.4
99689.1
99712.9
99701.5
99689.3
99771
99777.6
99777.7
99777
99791.3
99822.9
99833.9
99863.1
99878.7
99877.4
99891.6
99911.8
99927.4
99937.6
99947.1
99961.2
99978.8
99993.7
100122
100126
100109
100064
99999.3
99930.8
99875.5
99841
99827.6
99833.3
99858.5
99882.7
99894
99880.4
99839.1
99785.7
99729.2
99676.6
99639.9
99621
99627.9
99645.9
99668.3
99682.4
99674.3
99656.3
99656
99669.1
99651.2
99623
99605.7
99612.2
99619.6
99559.3
99375.3
99325.5
99340.3
99350.8
99355.5
99376.6
99404.4
99401.5
99391.7
99384.9
99427.1
99485.8
99542.9
99565.2
99557.1
99536
99530.6
99516.8
99505.6
99511.8
99515.2
99524.5
99522.7
99514.4
99523.4
99530.3
99526.7
99527.6
99536.2
99551.8
99561.3
99565
99561.3
99565.3
99580.7
99596.9
99607.2
99613.5
99616.7
99620.7
99629.6
99641.8
99652.2
99668.7
99685
99709.3
99705.3
99695.5
99769.1
99779.3
99773.7
99773.4
99790.3
99823.9
99841.4
99865.9
99875.2
99876.3
99893
99912.2
99926.8
99936.9
99946.9
99961.6
99979.5
99994.1
99916.7
99933.3
99949.7
99952.8
99937.1
99907
99872
99840.4
99816.2
99803.4
99805.7
99813.7
99815.7
99801
99766.5
99721.6
99685
99655.8
99632.3
99626.1
99638.3
99648.6
99655.9
99663.3
99665.7
99666.4
99674.1
99674.4
99646.5
99615.7
99595.2
99588.3
99579.4
99538.6
99401.6
99368.4
99375.6
99383.6
99391
99399.4
99416.9
99415.4
99415.7
99422.5
99464.5
99509.9
99550.2
99567.1
99559
99536.2
99520.5
99506.3
99499.1
99504.3
99508.9
99517
99514.6
99507.4
99515.2
99526.4
99528.2
99526.1
99530.3
99544.9
99556.1
99562
99560.9
99565.8
99580.2
99593.6
99602.6
99609.6
99613.9
99618.4
99627.2
99638.3
99649.8
99665.4
99681.3
99704.9
99708.5
99703.8
99764.8
99777.1
99769.5
99770.2
99788.4
99823.1
99847
99865.2
99870.7
99875
99893.7
99912.2
99926
99936
99946.6
99962.1
99980.2
99994.5
99806.5
99830.2
99865.8
99898.3
99914.9
99910.5
99888.5
99856.3
99821.4
99791.3
99772.9
99763.8
99755.9
99741
99714.9
99682.2
99657.5
99641.8
99633.8
99638.6
99650.6
99654.3
99651.8
99649.4
99652.6
99663.2
99674.1
99666.1
99635.6
99603.5
99578.9
99561.1
99542.2
99513.8
99442.5
99416.6
99414.3
99420.6
99427.2
99422.4
99428.4
99431
99437.2
99453.7
99489.2
99523
99551.4
99564.8
99557.6
99536.2
99514.2
99499.5
99494.7
99497.8
99502.5
99508.2
99505.9
99501.1
99508.8
99524.1
99531.4
99527.4
99528.3
99540.7
99552.2
99559.9
99562
99568
99580.5
99590.9
99598.1
99605.1
99610.6
99616.1
99625.2
99636.5
99648.6
99663.6
99678.6
99700.4
99710.5
99712.4
99759.5
99772.4
99765.4
99767.4
99785.7
99820.2
99848.7
99861.5
99865.5
99873.5
99893.8
99911.8
99925.1
99935.2
99946.4
99962.7
99981
99994.9
99767.8
99793.5
99836.7
99882.6
99915.3
99924.4
99908.6
99873.9
99829.6
99785.7
99751
99727.8
99712.3
99698.3
99681.7
99663
99648.8
99642
99642.8
99649.6
99655
99650.9
99639.9
99627.5
99622.7
99630.5
99641.3
99637.1
99614.2
99585.5
99558.7
99535.1
99515.3
99499.5
99473
99457.5
99448.8
99451
99455.3
99442.6
99437
99444.4
99454.5
99473.6
99500.7
99526.8
99548.2
99558.7
99553
99534.4
99511
99496.6
99493.1
99494.4
99498.2
99501.2
99500.3
99498.5
99505.4
99522.8
99534.8
99531.2
99530.3
99539.5
99549.7
99558.5
99564.1
99571.2
99581.5
99588.7
99593.9
99600.5
99606.9
99613.8
99623.7
99635.7
99648.5
99663
99676.8
99696.3
99711
99719.9
99754.3
99766.6
99761.9
99765.3
99783.1
99815.7
99846.4
99855.7
99860
99871.9
99893.4
99911
99924
99934.2
99946.3
99963.6
99982
99995.4
99770.1
99793.5
99834.7
99881.1
99917
99930.2
99916.3
99879.3
99828.6
99775.8
99730.9
99699.2
99680
99669.2
99662.3
99656.7
99652.8
99651.4
99652.3
99652
99645.8
99631.5
99611.7
99590.8
99576.2
99573.9
99581.2
99585.9
99578
99560.5
99537.9
99515.2
99499.1
99492.6
99489.6
99485.2
99473.5
99466.6
99466.4
99455.1
99442.2
99451.2
99463.6
99482.3
99504.3
99525.9
99541.6
99548.3
99543.8
99528.6
99508.3
99496.2
99494.7
99495.5
99497.9
99498.7
99500
99501.2
99506.3
99522.3
99537
99536
99535.2
99540.9
99548.5
99557.9
99566.6
99574.6
99582.3
99586.6
99589.8
99595.6
99602.9
99611.3
99622.3
99635.4
99648.9
99662.9
99675.6
99692.6
99710.4
99725.1
99749.8
99761
99759.1
99764.2
99780.8
99810.4
99840.8
99848.8
99854.8
99870.2
99892.5
99909.9
99922.8
99933.3
99946.3
99964.6
99983
99995.8
99785.5
99803.2
99835.3
99872.5
99902.2
99912.9
99898.7
99861.4
99809.4
99754.1
99706.3
99672.4
99653.4
99646.7
99647.6
99651.7
99655.6
99657
99654.2
99644.1
99626
99601.8
99574.8
99548.5
99527.1
99515.4
99516.3
99525.9
99532.4
99529.8
99517.7
99502.4
99492.2
99491.6
99498.4
99501.8
99490.5
99472.1
99460.8
99452.9
99441.2
99448.7
99463.1
99484.7
99507
99524.5
99532.4
99533
99528.4
99517.7
99503.9
99496.9
99498.9
99501
99502.3
99502.1
99505.4
99509
99511.6
99523
99537.4
99540.6
99541.5
99544
99548.4
99557.7
99568.8
99577.2
99582.2
99584.1
99585.8
99590.8
99598.7
99608.8
99621
99635.2
99649.2
99662.6
99674.4
99689.4
99708.8
99727.6
99745.9
99756
99757.3
99764.1
99779.5
99805.5
99833.6
99842.1
99850.4
99868.5
99891.2
99908.6
99921.5
99932.5
99946.7
99966
99984.2
99996.2
99790.1
99800.4
99819.5
99841.8
99859.4
99863.6
99848.7
99814.8
99768.1
99718.4
99675.4
99645.3
99629.6
99626.5
99631.7
99640.6
99648.3
99650.5
99644.3
99627.7
99602.3
99572.3
99541.7
99513
99488.1
99470.1
99463.7
99471.1
99484.9
99494.9
99496.4
99492.7
99490.7
99494.7
99505.3
99513
99504.6
99478.7
99452.8
99440.5
99433.9
99441
99459.7
99487.8
99512
99523
99521
99514.1
99508.5
99503
99497.7
99497.7
99504
99509
99510.8
99510.8
99515
99519.4
99519.7
99525.4
99536.9
99544.4
99547.8
99548.2
99549.6
99557.9
99570.1
99578.1
99580.6
99581
99582
99586.5
99594.9
99606.3
99619.8
99634.8
99648.8
99661.4
99672.6
99686.6
99706.7
99727.5
99742.3
99751.8
99756.4
99765.1
99779.5
99801.7
99826.7
99836.5
99847
99866.9
99889.7
99907.1
99920.2
99931.8
99947.5
99967.7
99985.5
99996.6
99767.4
99770.6
99776.3
99782.8
99786.8
99783.5
99769
99742.6
99707.8
99671.5
99640.7
99619.9
99610.1
99609.8
99616.1
99624.9
99632
99633.1
99625.1
99606.8
99580.3
99550
99519.2
99490.2
99463.8
99441.8
99428.7
99429.6
99442.7
99459.4
99472.8
99481.4
99488.4
99496.9
99508.3
99517.2
99512.5
99487.2
99453.9
99434.4
99430.7
99440
99463.3
99494.4
99515.6
99518.3
99507.5
99494.8
99488.3
99488
99491.2
99498
99508.2
99516.8
99521.1
99522.7
99526.2
99529.6
99528.5
99529.7
99537.8
99548
99553.9
99553.2
99552.2
99558.5
99569.8
99576.9
99577.7
99577.4
99578.6
99583.3
99591.9
99604.2
99618.7
99634
99647.6
99659.1
99670.2
99684
99704.2
99725.3
99738.4
99748.4
99756.3
99767.2
99781.1
99799.9
99821.4
99832.7
99845
99865.6
99888.2
99905.7
99919.1
99931.5
99948.8
99969.6
99986.8
99996.8
99713.1
99710.9
99706.3
99700.4
99693.6
99685
99673
99657
99638.4
99620.6
99606.9
99599.1
99597.2
99599.9
99605.2
99611
99614.3
99612.3
99603
99585.7
99562.2
99535
99506.7
99478.6
99451.6
99427.2
99409.5
99403.6
99411.3
99428.3
99447.8
99464.9
99478.8
99490.4
99500.7
99508.1
99506.2
99488.5
99460.8
99441.7
99440.2
99451.5
99474.4
99499.4
99511.6
99506.7
99491.9
99477.9
99472.3
99476.2
99485.6
99497.5
99510.3
99522.2
99530.4
99534.8
99537.2
99538.6
99537.3
99536.4
99541.9
99552.7
99559.8
99559.2
99556.4
99559.4
99568.2
99573.9
99573.8
99574
99576.4
99581.7
99590.3
99603
99618
99633
99645.7
99656.4
99667.6
99681.6
99701.3
99721.4
99734.1
99745.5
99757
99770.2
99784
99800.1
99818.3
99830.8
99844.5
99864.8
99886.9
99904.4
99918.2
99931.8
99950.7
99971.8
99988
99997
99635.8
99630.9
99621.1
99608.9
99597
99587.3
99580.1
99575.5
99573.5
99574.3
99577.8
99583.3
99589.6
99595.3
99599.5
99601.3
99599.6
99593.5
99582.2
99566
99545.8
99522.7
99497.7
99471.4
99444.9
99420.1
99400.4
99390.1
99391.9
99404.5
99423.1
99442.2
99458.3
99470.6
99478.7
99483.6
99484
99476.9
99463.5
99454
99456.3
99467.3
99483.5
99496
99497.4
99488.2
99474.7
99464.6
99462.9
99470
99482.7
99496.8
99510.7
99524.8
99537
99544.8
99547.5
99547.6
99546.6
99545.7
99549.7
99558.9
99565.7
99565.6
99561.7
99560.9
99565.4
99569.6
99570.2
99571.7
99575.9
99582.1
99590.7
99603.3
99617.9
99632
99643.8
99654
99665.5
99679.7
99698.2
99716.6
99729.5
99743.2
99758.2
99773.6
99787.8
99801.9
99817.5
99830.8
99845.3
99864.9
99886.3
99903.6
99917.9
99933
99953.3
99974.2
99989
99997.1
99552.7
99547.6
99537.7
99525.7
99515
99508.5
99507.9
99513.5
99524.4
99539
99554.9
99569.8
99581.8
99589.6
99592.7
99591.2
99585.2
99575.1
99561.4
99545.1
99526.7
99506.6
99484.7
99461.2
99436.8
99413.7
99394.8
99383.1
99380.6
99387.3
99400.4
99415.7
99429.9
99440.7
99447.2
99450.7
99453.5
99456.2
99457.8
99460.3
99466.9
99475.4
99482.2
99482.6
99476.3
99466.7
99458.4
99455.5
99459.9
99470.1
99483.6
99497.5
99511.3
99526.2
99540.7
99551.4
99556.2
99557
99556.8
99556.5
99559.1
99565.4
99570.8
99571.3
99567.1
99562.7
99562.5
99565.1
99567.4
99571.1
99577.3
99584.5
99593.2
99605
99618.5
99631.4
99642.7
99652.9
99664.8
99678.8
99695.4
99711.9
99725.5
99741.4
99759.6
99777
99791.6
99804.6
99818.4
99832.1
99847.5
99866.3
99886.5
99903.6
99918.5
99935.2
99956.6
99976.4
99989.6
99997
99481.6
99478.2
99471.6
99464.2
99458.9
99458.4
99464.3
99477
99495
99515.8
99536.4
99554.3
99567.4
99574.9
99576.6
99572.7
99564
99551.3
99535.9
99518.9
99501.2
99482.9
99464
99444
99423.5
99404.1
99387.8
99376.7
99372
99373.8
99380.6
99390.3
99400.6
99409.4
99415.6
99420
99425.5
99434.4
99445.6
99456.3
99465.2
99470.5
99469.9
99463.3
99454.6
99448
99446.6
99451.7
99462.2
99475.3
99488.5
99500.9
99513.6
99527.8
99542.2
99554.2
99561.5
99564.4
99565.4
99565.7
99567
99570.4
99574.1
99574.9
99571.2
99564.6
99560.5
99561.7
99566.2
99572.4
99580.4
99588.6
99597.5
99608.2
99619.8
99631.3
99642.5
99653.5
99665.8
99679.4
99693.9
99708.5
99722.7
99740.3
99760.8
99779.8
99795.1
99807.6
99820.4
99834.6
99850.9
99869.2
99888.1
99904.8
99920.3
99938.7
99960.2
99978.3
99989.8
99996.7
99433.9
99432.6
99430.5
99429
99430
99435.2
99445.6
99461.1
99480
99500
99518.4
99533.3
99543.2
99547.8
99547.1
99541.5
99531.7
99518.4
99502.8
99485.9
99468.9
99452.3
99436.2
99420.3
99404.8
99390.1
99377.6
99368.3
99363
99362
99364.6
99369.8
99376.6
99383.9
99390.8
99397.5
99405.5
99417
99431
99443.9
99452.6
99455.4
99451.8
99444.3
99437.7
99436.3
99441.8
99453.4
99468.3
99483
99495.6
99506.2
99517
99528.8
99541
99552.1
99560.6
99565.8
99568.4
99569.6
99570.7
99572.5
99574.7
99575.6
99572.8
99566.4
99560.6
99560.6
99566.7
99575.1
99584.6
99593.8
99602.8
99612
99621.4
99631.7
99643.2
99655.3
99668.3
99681.5
99694.4
99707.6
99722.1
99740.3
99761.6
99781.6
99797.7
99810.6
99823.2
99838
99855.5
99873.6
99891
99907.3
99923.6
99943
99963.7
99979.6
99989.5
99996.3
99410.5
99410.8
99412.1
99414.9
99420
99428.3
99439.7
99453.7
99469
99483.7
99496
99504.7
99509.3
99509.8
99506.5
99499.8
99490.1
99477.8
99463.5
99448.2
99432.8
99418.1
99404.8
99392.9
99382.3
99372.7
99364.3
99357.5
99353
99351.3
99352.3
99355.4
99360.2
99366.6
99374.3
99383
99392.9
99404.4
99417
99428
99434.9
99436.7
99434.1
99430.1
99428.7
99433
99443.9
99459.2
99475.6
99490.2
99501.5
99510.2
99518.1
99526.4
99535.2
99544.1
99552.4
99559.1
99563.7
99567
99569.5
99571.5
99572.9
99573.5
99572
99567.9
99563.2
99563.1
99569.4
99579
99589.3
99599.1
99608
99615.6
99623.2
99632.4
99644.2
99657.6
99671.5
99684.8
99697.1
99709.7
99724
99741.4
99762.2
99782.6
99799.6
99813.5
99826.6
99842.4
99861
99879.2
99895.4
99911.2
99928.1
99947.8
99966.6
99979.9
99988.6
99995.8
99402.2
99403.3
99405.9
99410.2
99416.2
99423.9
99433
99442.8
99452.3
99460.3
99466.1
99468.9
99468.7
99465.9
99460.8
99453.8
99445
99434.5
99422.6
99409.7
99396.6
99384.2
99373.5
99364.8
99358.2
99352.9
99348.5
99344.8
99342.3
99341.7
99343
99346.1
99350.4
99356.2
99363.8
99373.2
99383.5
99394.1
99404.2
99412.6
99418
99420.6
99421.5
99422.9
99427.3
99436.6
99450.4
99466.4
99481.5
99493.9
99503.1
99509.7
99514.6
99519.3
99524.6
99531.2
99538.7
99546.3
99553.3
99559.5
99564.5
99567.7
99569.2
99569.7
99569.7
99568.8
99567.5
99568.6
99574.3
99583.6
99593.8
99603.7
99612.1
99618.7
99625.2
99633.7
99645.4
99659.7
99674.5
99688.5
99701.5
99714.2
99728
99743.8
99763.1
99783.2
99801.4
99816.8
99831
99847.8
99867.1
99885.3
99900.7
99916.1
99933.3
99952.1
99968.3
99979.2
99987.3
99995.3
99395.2
99396.2
99398.6
99402
99406.4
99411.3
99416.3
99421.1
99425
99427.6
99428.6
99427.7
99425
99420.8
99415.4
99409.1
99401.9
99393.7
99384.5
99374.4
99363.9
99353.8
99345.2
99338.7
99334.6
99332.3
99331.1
99330.5
99330.7
99332.2
99335.2
99339.4
99344.2
99349.7
99356.5
99364.9
99374.6
99384.2
99392.8
99400
99405.6
99410.4
99415.5
99422.1
99431.2
99443.3
99457.4
99471.5
99483.9
99493.3
99500
99504.5
99507.2
99509.4
99512.4
99517.3
99524.1
99532.6
99541.8
99550.8
99557.9
99562.3
99564.4
99565.5
99567
99569.1
99571.5
99574.7
99580.3
99588.4
99597.7
99607
99615
99621.5
99627.8
99636
99647.3
99661.4
99676.6
99691.6
99706
99719.6
99733.2
99747.7
99764.9
99784.4
99803.5
99820.5
99836.3
99853.7
99872.8
99890.6
99905.5
99920.7
99937.6
99954.7
99968.2
99977.6
99985.7
99994.8
99378.4
99379
99380.4
99382.2
99384.1
99385.9
99387.3
99388.1
99388.3
99387.7
99386.2
99384
99380.9
99377.2
99373
99368.4
99363.3
99357.6
99351.2
99344.1
99336.4
99328.7
99322
99316.9
99313.9
99313
99313.6
99315.2
99317.8
99321.5
99326.5
99332.3
99338.3
99344.1
99350.3
99357.4
99365.8
99374.5
99383
99390.7
99398.1
99405.8
99414.6
99424.9
99436.5
99449
99461.6
99473.1
99482.7
99489.8
99494.8
99498.2
99500.1
99501.4
99503.5
99507.6
99514.2
99523
99533.3
99543.5
99551.5
99556.7
99559.7
99562.1
99565
99569
99573.9
99579.2
99585.2
99592.4
99600.6
99609.2
99617.2
99624.4
99631.6
99639.8
99650.1
99662.9
99677.6
99693.2
99708.9
99723.8
99737.9
99752.1
99767.9
99786.4
99805.9
99824.4
99841.7
99859.3
99877.2
99893.8
99908.5
99923.5
99939.7
99954.9
99966.4
99975.4
99984.2
99994.5
99348.6
99348.9
99349.4
99349.8
99350
99349.8
99349.1
99347.9
99346.4
99344.5
99342.5
99340.4
99338.2
99335.8
99333.4
99331
99328.4
99325.5
99322.3
99318.5
99314
99309.2
99304.5
99300.6
99298
99297.2
99298
99300.3
99303.9
99308.8
99315
99322.2
99329.6
99336.7
99343.4
99350.2
99357.9
99366.3
99375.2
99384.4
99394
99404.2
99415.4
99427.4
99439.5
99451.1
99461.9
99471.5
99479.6
99486.2
99491.1
99494.7
99497.3
99499.2
99501.7
99505.6
99511.7
99520
99529.5
99538.9
99546.6
99552.1
99556.3
99560.1
99564.4
99569.6
99575.6
99582.1
99588.7
99595.6
99603
99611.1
99619.4
99627.9
99636.1
99644.5
99653.7
99664.6
99677.8
99692.9
99709.1
99725.3
99740.6
99755.5
99771.1
99788.5
99807.7
99827.1
99845.6
99863
99879.2
99894.2
99908.5
99923.3
99938.8
99952.5
99963.4
99972.9
99982.9
99994.2
99310.4
99310.5
99310.5
99310.3
99309.8
99308.8
99307.5
99305.8
99303.9
99302
99300.2
99298.7
99297.3
99296.3
99295.5
99295.1
99294.9
99295
99295
99294.9
99294.3
99293
99291.2
99289
99287.2
99286.1
99286.2
99287.6
99290.6
99295.1
99301.2
99308.8
99317.2
99325.7
99334
99342
99350.2
99359.2
99369
99379.5
99390.7
99402.4
99414.6
99426.6
99438.3
99449.1
99459
99468.3
99476.8
99484.3
99490.7
99495.9
99500
99503.4
99506.8
99510.9
99516.2
99522.8
99530.2
99537.5
99544.1
99549.9
99555.2
99560.4
99565.8
99571.8
99578.4
99585.2
99591.9
99598.6
99605.6
99613.3
99621.9
99631.2
99640.4
99648.9
99657.3
99666.5
99677.7
99691.5
99707.3
99724
99740.6
99756.7
99772.5
99789.1
99807.5
99827.1
99846.2
99863.3
99878.2
99891.9
99905.8
99920.5
99935.3
99948.5
99959.8
99970.6
99981.9
99994
99271.3
99271.3
99271.1
99270.7
99270
99269
99267.8
99266.2
99264.6
99262.9
99261.3
99260
99259.1
99258.7
99258.9
99259.8
99261.5
99263.9
99267
99270.4
99273.7
99276.4
99278.2
99278.9
99278.8
99278.3
99278
99278.3
99279.8
99282.8
99287.5
99294
99302.2
99311.5
99321.1
99330.8
99340.5
99350.6
99361.4
99373
99385.1
99397.6
99409.9
99421.9
99433.3
99444.2
99454.7
99465
99475
99484.3
99492.6
99499.8
99506
99511.2
99515.9
99520.3
99524.8
99529.5
99534.4
99539.6
99545
99550.8
99556.8
99563.1
99569.4
99575.9
99582.6
99589.2
99595.6
99601.7
99608.2
99615.5
99623.9
99633.4
99642.9
99651.8
99660
99668.4
99678.3
99690.6
99705.2
99721.5
99738.4
99755.1
99771
99787.1
99804.6
99823.7
99842.7
99859.7
99874.2
99887.7
99901.6
99916.2
99930.7
99943.9
99956.2
99968.5
99980.9
99993.8
99236.8
99236.7
99236.4
99236
99235.3
99234.3
99233.1
99231.7
99230.2
99228.6
99227
99225.7
99224.7
99224.3
99224.7
99226.1
99228.6
99232.3
99237.3
99243.2
99249.6
99256
99261.6
99266
99268.9
99270.4
99271.1
99271.4
99271.9
99273.4
99276.3
99281
99287.7
99296.2
99305.9
99316.3
99327.1
99338.2
99350
99362.4
99375.3
99388.4
99401.3
99414
99426.4
99438.5
99450.4
99462.2
99473.6
99484.5
99494.5
99503.6
99511.7
99518.9
99525
99530.1
99534.3
99537.9
99541.3
99545
99549.4
99554.9
99561.2
99567.8
99574.4
99580.9
99587.2
99593.1
99598.8
99604.3
99610.2
99616.9
99624.7
99633.7
99643.2
99652.6
99661.5
99670.4
99680.1
99691.4
99704.6
99719.6
99735.6
99751.8
99767.4
99783.1
99799.8
99817.8
99836.1
99853
99868.2
99882.5
99897.2
99912.1
99926.3
99939.9
99953.2
99966.7
99980.1
99993.6
99208.9
99208.7
99208.3
99207.6
99206.8
99205.7
99204.4
99202.9
99201.3
99199.6
99197.9
99196.3
99195.1
99194.5
99194.6
99195.7
99198
99201.9
99207.3
99214.1
99222.2
99230.9
99239.5
99247.3
99253.7
99258.5
99261.7
99263.6
99264.8
99266
99267.9
99271
99275.8
99282.5
99290.9
99300.6
99311.3
99322.8
99335.1
99348.2
99362
99376.2
99390.6
99405
99419.2
99433.1
99446.6
99459.5
99471.8
99483.6
99494.8
99505.3
99515.1
99523.9
99531.5
99537.8
99542.6
99546.3
99549.4
99552.6
99556.5
99561.5
99567.2
99573.4
99579.5
99585.3
99590.7
99595.7
99600.5
99605.5
99610.8
99617
99624.2
99632.5
99641.7
99651.7
99661.8
99671.9
99682.3
99693.3
99705.5
99718.9
99733.3
99748.3
99763.5
99778.9
99794.9
99811.6
99828.7
99845.4
99861.5
99877.4
99893.2
99908.6
99923
99936.9
99951
99965.4
99979.5
99993.4
99186.4
99186.1
99185.5
99184.6
99183.5
99182.2
99180.7
99179
99177.3
99175.5
99173.7
99172.2
99170.8
99169.9
99169.6
99170.2
99171.9
99174.9
99179.6
99185.9
99193.9
99203.1
99213
99223
99232.3
99240.3
99246.7
99251.6
99255.1
99257.8
99260.2
99263.1
99266.9
99272.1
99278.9
99287.3
99297.1
99308.2
99320.6
99334.1
99348.8
99364.3
99380.5
99396.8
99413
99428.4
99443
99456.6
99469.3
99481.4
99493.3
99504.8
99515.8
99526
99535
99542.5
99548.5
99553.2
99557
99560.5
99564.3
99568.6
99573.5
99578.6
99583.6
99588.2
99592.6
99596.7
99600.9
99605.5
99610.6
99616.4
99623.1
99630.9
99639.9
99650.1
99661.1
99672.4
99683.7
99695
99706.5
99718.6
99731.8
99745.8
99760.5
99775.8
99791.2
99806.9
99822.8
99839.1
99855.9
99873
99889.8
99905.7
99920.6
99935.1
99949.9
99964.8
99979.3
99993.4
99167.1
99166.7
99166
99165
99163.7
99162.2
99160.6
99158.9
99157.1
99155.4
99153.8
99152.3
99151.1
99150.3
99149.8
99150
99151
99153
99156.4
99161.3
99168
99176.2
99185.7
99196
99206.6
99216.7
99225.9
99233.9
99240.5
99246
99250.6
99254.9
99259.4
99264.6
99270.9
99278.5
99287.6
99298.2
99310.4
99324.1
99339.3
99355.7
99373
99390.6
99407.9
99424.3
99439.5
99453.4
99466.4
99478.8
99491
99503.2
99515
99526.2
99536.2
99544.9
99552
99557.9
99562.8
99567
99571
99574.8
99578.8
99582.8
99586.6
99590.3
99593.8
99597.4
99601.3
99605.6
99610.5
99616.1
99622.6
99630.1
99638.9
99649
99660.1
99671.9
99683.6
99695.2
99706.6
99718.4
99730.9
99744.4
99758.9
99773.9
99788.9
99804
99819.4
99835.4
99852.4
99869.8
99887
99903.4
99919
99934.2
99949.5
99964.8
99979.4
99993.4
99149.1
99148.7
99148
99147
99145.7
99144.3
99142.7
99141.1
99139.5
99138
99136.7
99135.6
99134.8
99134.2
99133.9
99134
99134.7
99136
99138.3
99141.8
99146.7
99153.1
99161
99170.3
99180.5
99191.1
99201.8
99211.9
99221.3
99229.8
99237.5
99244.6
99251.3
99258.1
99265.4
99273.5
99282.8
99293.4
99305.6
99319.3
99334.6
99351.1
99368.6
99386.5
99404
99420.6
99436.1
99450.3
99463.6
99476.5
99489.2
99501.8
99514.1
99525.9
99536.5
99545.9
99554
99560.8
99566.7
99571.6
99575.9
99579.7
99583.2
99586.4
99589.5
99592.6
99595.8
99599.2
99603
99607.2
99611.9
99617.4
99623.6
99630.9
99639.3
99648.9
99659.5
99670.8
99682.5
99694.2
99705.9
99717.9
99730.6
99744
99758.2
99772.9
99787.7
99802.5
99817.8
99833.8
99850.6
99867.8
99884.9
99901.5
99917.6
99933.5
99949.2
99964.7
99979.4
99993.4
99131.5
99131.2
99130.6
99129.7
99128.6
99127.4
99126
99124.7
99123.4
99122.3
99121.4
99120.8
99120.4
99120.2
99120.4
99120.8
99121.5
99122.7
99124.5
99127
99130.5
99135.1
99141.2
99148.6
99157.4
99167.2
99177.9
99188.9
99200
99210.9
99221.3
99231.3
99240.9
99250.3
99259.7
99269.6
99280
99291.4
99304
99317.9
99333
99349.2
99366.2
99383.6
99400.7
99417.3
99432.9
99447.5
99461.5
99475
99488.2
99501.2
99513.9
99525.9
99537
99546.9
99555.6
99563
99569.5
99575
99579.8
99583.8
99587.3
99590.4
99593.4
99596.4
99599.5
99602.9
99606.6
99610.6
99615.2
99620.4
99626.4
99633.3
99641.1
99649.9
99659.5
99670
99681.1
99692.8
99704.9
99717.5
99730.6
99744.2
99758.3
99772.7
99787.2
99801.9
99817.2
99833.1
99849.5
99866.3
99883
99899.6
99916
99932.2
99948.2
99963.9
99978.8
99993.1
99113.9
99113.7
99113.4
99112.8
99112
99111.1
99110.1
99109.2
99108.3
99107.7
99107.2
99107
99107.1
99107.4
99108.1
99109
99110.2
99111.6
99113.3
99115.5
99118.3
99121.8
99126.4
99132.2
99139.3
99147.7
99157.4
99168.2
99179.7
99191.7
99203.9
99216.2
99228.2
99240.2
99252
99263.9
99276.2
99288.9
99302.4
99316.7
99331.8
99347.7
99364.2
99381
99397.7
99414.1
99430
99445.2
99459.9
99474.1
99487.9
99501.4
99514.4
99526.6
99538
99548.2
99557.4
99565.3
99572.3
99578.4
99583.5
99587.9
99591.8
99595.2
99598.3
99601.4
99604.5
99607.9
99611.4
99615.3
99619.7
99624.6
99630.2
99636.7
99643.8
99651.8
99660.5
99670.1
99680.6
99692
99704.2
99717.2
99730.7
99744.6
99758.7
99773
99787.3
99801.9
99817
99832.5
99848.5
99864.7
99881
99897.5
99913.9
99930.1
99946.2
99962.1
99977.6
99992.7
99096.4
99096.4
99096.3
99096.1
99095.7
99095.3
99094.9
99094.5
99094.1
99093.9
99094
99094.2
99094.8
99095.6
99096.8
99098.2
99099.9
99101.8
99103.9
99106.3
99109
99112.2
99116
99120.8
99126.6
99133.7
99142.2
99152.1
99163.1
99175.1
99187.9
99201.2
99214.7
99228.4
99242.2
99256
99270.1
99284.4
99299
99314.1
99329.6
99345.6
99361.8
99378.3
99394.8
99411.2
99427.3
99443.1
99458.4
99473.3
99487.8
99501.7
99515
99527.6
99539.2
99549.9
99559.5
99568
99575.5
99582.1
99587.8
99592.6
99596.8
99600.5
99603.7
99606.8
99609.8
99613
99616.4
99620.2
99624.4
99629.1
99634.4
99640.3
99646.9
99654.2
99662.3
99671.3
99681.3
99692.3
99704.4
99717.4
99731
99745
99759.3
99773.6
99787.9
99802.4
99817.1
99832.2
99847.5
99863.1
99879
99895.1
99911.4
99927.6
99943.8
99960
99976.1
99992.1
99079.4
99079.6
99079.8
99080
99080.1
99080.3
99080.5
99080.7
99081
99081.4
99082
99082.8
99083.9
99085.2
99086.8
99088.7
99090.9
99093.3
99096
99098.8
99101.9
99105.3
99109.1
99113.6
99118.9
99125.3
99132.8
99141.7
99151.9
99163.3
99175.7
99189
99203
99217.5
99232.3
99247.5
99262.9
99278.6
99294.4
99310.5
99326.7
99342.9
99359.3
99375.8
99392.2
99408.7
99425
99441.1
99456.9
99472.3
99487.3
99501.6
99515.3
99528.2
99540.3
99551.4
99561.6
99570.8
99579
99586.2
99592.3
99597.5
99601.9
99605.7
99608.9
99611.7
99614.6
99617.5
99620.8
99624.4
99628.5
99633
99638.1
99643.7
99650
99656.9
99664.7
99673.4
99683.2
99693.9
99705.7
99718.4
99731.8
99745.6
99759.8
99774.2
99788.6
99803
99817.4
99832
99846.7
99861.7
99877.1
99892.9
99908.9
99925.2
99941.6
99958.2
99974.9
99991.7
99063.9
99064.2
99064.7
99065.3
99066
99066.7
99067.5
99068.5
99069.5
99070.6
99071.9
99073.3
99074.9
99076.8
99078.9
99081.2
99083.9
99086.8
99090
99093.4
99097
99101
99105.3
99110.1
99115.6
99121.9
99129.1
99137.4
99146.8
99157.4
99169.2
99181.9
99195.6
99210.2
99225.4
99241.2
99257.4
99274
99290.8
99307.6
99324.4
99341.1
99357.6
99374.1
99390.5
99406.8
99423.1
99439.3
99455.3
99471
99486.2
99500.9
99515
99528.3
99540.9
99552.7
99563.5
99573.5
99582.4
99590.1
99596.7
99602.1
99606.6
99610.2
99613.2
99615.9
99618.5
99621.3
99624.4
99627.9
99631.9
99636.3
99641.2
99646.7
99652.8
99659.7
99667.4
99676.1
99685.8
99696.4
99707.8
99720.1
99733
99746.4
99760.3
99774.4
99788.7
99802.9
99817.1
99831.4
99845.7
99860.3
99875.3
99890.7
99906.7
99923.1
99939.8
99956.9
99974.1
99991.5
99050.9
99051.4
99052.1
99053
99054.2
99055.4
99056.9
99058.5
99060.2
99062
99064
99066.1
99068.3
99070.7
99073.4
99076.2
99079.4
99082.8
99086.5
99090.6
99094.9
99099.6
99104.7
99110.3
99116.4
99123
99130.5
99138.7
99147.8
99157.9
99169.1
99181.2
99194.4
99208.6
99223.7
99239.5
99256
99273
99290.1
99307.3
99324.4
99341.2
99357.7
99374
99390.1
99406.1
99422
99438
99453.8
99469.5
99484.9
99499.8
99514.2
99528
99541.2
99553.5
99565.1
99575.6
99585.1
99593.3
99600.1
99605.8
99610.3
99613.8
99616.8
99619.3
99621.8
99624.5
99627.5
99630.9
99634.8
99639.1
99643.9
99649.3
99655.4
99662.4
99670.2
99678.9
99688.5
99699
99710.2
99722
99734.3
99747.2
99760.5
99774.1
99787.9
99801.8
99815.8
99829.8
99843.9
99858.3
99873.1
99888.5
99904.6
99921.2
99938.3
99955.8
99973.5
99991.3
99041.8
99042.3
99043.2
99044.4
99045.8
99047.5
99049.5
99051.6
99053.9
99056.3
99058.9
99061.6
99064.5
99067.5
99070.7
99074.1
99077.8
99081.9
99086.2
99091
99096.1
99101.7
99107.7
99114.1
99121
99128.5
99136.4
99145
99154.3
99164.3
99175.1
99186.9
99199.6
99213.3
99228
99243.6
99259.8
99276.6
99293.6
99310.6
99327.4
99343.9
99360
99375.7
99391.3
99406.7
99422.2
99437.6
99453.1
99468.5
99483.8
99498.8
99513.4
99527.6
99541.1
99554
99565.9
99576.9
99586.7
99595.1
99602.2
99608
99612.6
99616.3
99619.4
99622.1
99624.8
99627.5
99630.5
99633.9
99637.6
99641.9
99646.6
99652
99658.2
99665.1
99672.9
99681.5
99691
99701.2
99712
99723.4
99735.3
99747.5
99760.2
99773.1
99786.4
99799.8
99813.4
99827.2
99841.2
99855.6
99870.5
99886.1
99902.3
99919.3
99936.8
99954.7
99972.8
99991
99037.4
99038
99039
99040.3
99041.9
99043.9
99046.1
99048.5
99051.2
99054.1
99057.2
99060.4
99063.8
99067.4
99071.2
99075.3
99079.7
99084.4
99089.5
99095.1
99101
99107.5
99114.4
99121.8
99129.6
99137.9
99146.5
99155.7
99165.3
99175.6
99186.5
99198.1
99210.6
99223.9
99238.1
99253
99268.7
99284.7
99301
99317.2
99333.3
99349
99364.4
99379.4
99394.2
99408.9
99423.7
99438.5
99453.4
99468.4
99483.4
99498.3
99512.9
99527.1
99540.8
99553.8
99565.9
99577
99586.8
99595.4
99602.6
99608.6
99613.5
99617.6
99621.1
99624.2
99627.2
99630.3
99633.4
99636.9
99640.7
99644.9
99649.6
99655.1
99661.2
99668
99675.6
99684
99693.1
99702.9
99713.3
99724.2
99735.6
99747.3
99759.3
99771.7
99784.3
99797.2
99810.4
99824
99837.9
99852.4
99867.6
99883.4
99900
99917.3
99935.1
99953.4
99971.9
99990.6
99038.4
99039
99039.9
99041.3
99042.9
99045
99047.3
99049.9
99052.8
99056
99059.4
99063
99066.9
99071.1
99075.6
99080.3
99085.5
99091
99096.9
99103.3
99110.1
99117.4
99125.2
99133.4
99142.1
99151.1
99160.5
99170.2
99180.4
99191
99202.1
99213.7
99226
99239
99252.6
99266.7
99281.4
99296.4
99311.5
99326.6
99341.5
99356.2
99370.5
99384.7
99398.6
99412.6
99426.7
99440.8
99455.2
99469.6
99484.1
99498.6
99512.9
99526.8
99540.2
99553
99564.8
99575.7
99585.3
99593.9
99601.2
99607.6
99613
99617.7
99621.8
99625.6
99629.2
99632.7
99636.2
99640
99643.9
99648.3
99653.1
99658.5
99664.5
99671.1
99678.4
99686.3
99694.9
99704.1
99714
99724.4
99735.3
99746.6
99758.1
99770
99782.1
99794.6
99807.5
99820.9
99834.8
99849.4
99864.8
99880.9
99897.8
99915.4
99933.5
99952.1
99971.1
99990.3
99044.7
99045.3
99046.2
99047.5
99049.1
99051.1
99053.5
99056.1
99059.2
99062.5
99066.2
99070.2
99074.6
99079.3
99084.3
99089.8
99095.7
99102
99108.7
99115.9
99123.6
99131.7
99140.2
99149.1
99158.4
99168.1
99178
99188.3
99198.8
99209.7
99221
99232.6
99244.7
99257.1
99270
99283.2
99296.7
99310.3
99324
99337.6
99351.2
99364.6
99377.9
99391.1
99404.3
99417.6
99431
99444.6
99458.4
99472.2
99486
99499.8
99513.4
99526.6
99539.3
99551.3
99562.5
99572.9
99582.3
99590.8
99598.4
99605.1
99611.2
99616.6
99621.6
99626.2
99630.5
99634.7
99638.8
99643
99647.3
99651.9
99656.9
99662.3
99668.1
99674.5
99681.3
99688.7
99696.7
99705.3
99714.6
99724.4
99734.7
99745.5
99756.7
99768.2
99780
99792.2
99804.9
99818.2
99832.2
99847
99862.6
99878.9
99896
99913.8
99932.2
99951
99970.4
99990.1
99056.4
99056.9
99057.8
99059
99060.6
99062.6
99064.9
99067.6
99070.7
99074.3
99078.2
99082.5
99087.3
99092.5
99098.2
99104.3
99110.8
99117.8
99125.3
99133.1
99141.4
99150.2
99159.2
99168.7
99178.4
99188.4
99198.7
99209.2
99220
99231
99242.2
99253.6
99265.2
99277.1
99289
99301.1
99313.2
99325.4
99337.5
99349.7
99361.8
99374
99386.3
99398.6
99411.1
99423.8
99436.6
99449.6
99462.7
99475.7
99488.7
99501.5
99514
99526.2
99537.8
99548.8
99559.2
99568.9
99577.9
99586.4
99594.2
99601.5
99608.3
99614.6
99620.5
99626
99631.2
99636.2
99641.1
99645.8
99650.7
99655.7
99660.9
99666.3
99672
99678
99684.4
99691.3
99698.7
99706.7
99715.3
99724.4
99734.2
99744.4
99755.1
99766.3
99777.9
99790.1
99802.8
99816.2
99830.3
99845.2
99861
99877.5
99894.8
99912.7
99931.3
99950.4
99970
99989.9
99073.5
99074
99074.8
99076
99077.6
99079.5
99081.9
99084.7
99087.9
99091.6
99095.8
99100.4
99105.5
99111.1
99117.3
99123.8
99130.9
99138.4
99146.3
99154.7
99163.4
99172.4
99181.7
99191.4
99201.2
99211.3
99221.6
99232.1
99242.8
99253.6
99264.5
99275.5
99286.5
99297.4
99308.4
99319.3
99330.1
99340.8
99351.6
99362.4
99373.2
99384.3
99395.6
99407.1
99418.9
99430.9
99443
99455.3
99467.6
99479.8
99491.7
99503.3
99514.6
99525.4
99535.7
99545.6
99555
99564
99572.7
99581
99589.1
99596.9
99604.4
99611.5
99618.4
99624.9
99631.2
99637.1
99642.8
99648.3
99653.7
99659.2
99664.7
99670.2
99675.9
99681.7
99687.8
99694.2
99701
99708.4
99716.2
99724.7
99733.8
99743.4
99753.6
99764.5
99775.9
99788
99800.8
99814.4
99828.8
99843.9
99859.9
99876.6
99894
99912.1
99930.9
99950.1
99969.8
99989.9
99095.9
99096.4
99097.2
99098.4
99099.9
99101.9
99104.3
99107.2
99110.5
99114.4
99118.7
99123.6
99129
99134.8
99141.2
99148
99155.3
99163
99171.1
99179.5
99188.3
99197.3
99206.5
99216
99225.7
99235.6
99245.6
99255.7
99266
99276.3
99286.6
99296.9
99307.2
99317.3
99327.2
99337.1
99346.8
99356.4
99366
99375.7
99385.5
99395.6
99406
99416.7
99427.6
99438.8
99450.1
99461.5
99472.7
99483.7
99494.4
99504.7
99514.6
99524
99533
99541.7
99550.2
99558.5
99566.8
99575
99583.2
99591.4
99599.6
99607.6
99615.4
99623
99630.2
99637.1
99643.7
99650.1
99656.3
99662.2
99668.1
99673.9
99679.6
99685.3
99691.1
99697.2
99703.5
99710.3
99717.5
99725.2
99733.6
99742.6
99752.3
99762.8
99774
99786.1
99799.1
99812.8
99827.4
99842.8
99859
99876
99893.6
99911.9
99930.8
99950.1
99969.9
99989.9
99122.6
99123
99123.8
99125
99126.6
99128.6
99131.1
99134
99137.5
99141.4
99145.8
99150.7
99156.1
99162
99168.3
99175.1
99182.3
99189.8
99197.7
99205.9
99214.3
99223
99231.8
99240.9
99250.1
99259.5
99269
99278.5
99288.2
99297.9
99307.5
99317.1
99326.6
99336
99345.2
99354.2
99363.1
99372
99380.8
99389.8
99398.8
99408.1
99417.7
99427.5
99437.5
99447.7
99457.8
99467.9
99477.8
99487.4
99496.6
99505.5
99513.9
99522
99529.8
99537.4
99545
99552.7
99560.5
99568.6
99576.9
99585.5
99594.2
99602.9
99611.6
99620.1
99628.4
99636.3
99643.9
99651.2
99658.1
99664.7
99671
99677.1
99682.9
99688.7
99694.3
99700.1
99706
99712.2
99718.8
99725.9
99733.6
99742
99751.3
99761.4
99772.5
99784.5
99797.5
99811.4
99826.3
99841.9
99858.4
99875.6
99893.5
99911.9
99930.9
99950.3
99970
99990
99150.9
99151.3
99152.2
99153.4
99155
99157
99159.5
99162.5
99165.9
99169.7
99174
99178.8
99184
99189.7
99195.7
99202.2
99208.9
99216.1
99223.5
99231.1
99239
99247.2
99255.5
99264
99272.6
99281.4
99290.3
99299.3
99308.4
99317.5
99326.6
99335.6
99344.6
99353.5
99362.2
99370.8
99379.4
99387.9
99396.3
99404.8
99413.3
99422
99430.7
99439.6
99448.4
99457.3
99466
99474.6
99482.8
99490.8
99498.5
99505.8
99512.8
99519.6
99526.3
99533
99539.8
99547
99554.4
99562.3
99570.7
99579.4
99588.5
99597.8
99607.3
99616.6
99625.8
99634.8
99643.4
99651.6
99659.3
99666.6
99673.4
99679.8
99685.8
99691.6
99697.1
99702.6
99708.2
99713.9
99720
99726.6
99733.8
99741.7
99750.6
99760.4
99771.3
99783.2
99796.2
99810.3
99825.4
99841.3
99858.1
99875.5
99893.6
99912.2
99931.3
99950.6
99970.2
99990
99177.1
99177.5
99178.4
99179.6
99181.2
99183.2
99185.6
99188.5
99191.7
99195.4
99199.5
99204
99208.9
99214.1
99219.8
99225.7
99232
99238.6
99245.5
99252.6
99260
99267.6
99275.5
99283.5
99291.8
99300.2
99308.7
99317.4
99326.1
99334.9
99343.7
99352.5
99361.3
99370
99378.6
99387.2
99395.7
99404
99412.3
99420.5
99428.7
99436.7
99444.6
99452.4
99460
99467.3
99474.5
99481.3
99487.9
99494.2
99500.2
99506
99511.7
99517.3
99523
99529
99535.2
99541.9
99549
99556.8
99565.1
99574
99583.3
99593
99603
99613.1
99623.2
99633
99642.5
99651.5
99660
99667.9
99675.2
99681.9
99688.1
99693.8
99699.2
99704.5
99709.7
99715.1
99720.8
99727
99733.8
99741.5
99750.1
99759.7
99770.4
99782.3
99795.4
99809.6
99824.8
99841.1
99858.1
99875.9
99894.2
99912.9
99931.9
99951.2
99970.6
99990.2
99197.2
99197.6
99198.5
99199.6
99201.2
99203.1
99205.4
99208.1
99211.2
99214.6
99218.4
99222.6
99227.1
99232
99237.2
99242.8
99248.7
99254.9
99261.4
99268.3
99275.4
99282.8
99290.5
99298.5
99306.6
99315
99323.6
99332.3
99341.1
99350
99358.9
99367.9
99376.8
99385.7
99394.5
99403.2
99411.7
99420.1
99428.3
99436.2
99443.9
99451.3
99458.3
99464.9
99471.2
99477.1
99482.7
99487.9
99492.8
99497.5
99502
99506.5
99511
99515.6
99520.6
99525.9
99531.6
99537.9
99544.9
99552.4
99560.7
99569.6
99579.1
99589.2
99599.6
99610.2
99620.8
99631.4
99641.6
99651.3
99660.4
99668.8
99676.4
99683.3
99689.5
99695.2
99700.4
99705.5
99710.4
99715.5
99720.9
99726.9
99733.5
99741
99749.5
99759.1
99769.8
99781.7
99794.9
99809.2
99824.7
99841.2
99858.5
99876.5
99895
99913.8
99932.8
99951.9
99971
99990.3
99209.2
99209.7
99210.6
99211.7
99213.2
99215
99217.1
99219.6
99222.5
99225.7
99229.3
99233.2
99237.5
99242.1
99247.1
99252.5
99258.2
99264.4
99270.9
99277.7
99284.9
99292.5
99300.4
99308.6
99317.1
99325.9
99334.8
99344
99353.2
99362.6
99372
99381.4
99390.7
99399.9
99409
99417.9
99426.5
99434.9
99442.9
99450.5
99457.6
99464.3
99470.4
99476
99481.1
99485.7
99489.8
99493.7
99497.2
99500.6
99503.9
99507.3
99510.9
99514.8
99519.1
99523.9
99529.3
99535.4
99542.1
99549.6
99557.8
99566.8
99576.4
99586.6
99597.2
99608.2
99619.2
99630.2
99640.9
99651
99660.5
99669.2
99677
99684
99690.2
99695.8
99700.9
99705.7
99710.4
99715.3
99720.5
99726.3
99732.9
99740.3
99748.8
99758.4
99769.2
99781.2
99794.5
99809.1
99824.8
99841.5
99859.1
99877.3
99895.9
99914.7
99933.6
99952.6
99971.5
99990.5
99213.4
99214
99214.9
99216.1
99217.5
99219.3
99221.3
99223.7
99226.4
99229.5
99232.9
99236.7
99240.9
99245.5
99250.5
99256
99261.8
99268.1
99274.8
99282
99289.5
99297.5
99305.8
99314.5
99323.6
99332.9
99342.4
99352.2
99362.1
99372
99381.9
99391.9
99401.6
99411.2
99420.6
99429.7
99438.4
99446.6
99454.4
99461.6
99468.2
99474.2
99479.5
99484.2
99488.4
99492
99495.2
99498
99500.6
99503.1
99505.6
99508.2
99511.2
99514.6
99518.5
99523
99528.2
99534.1
99540.7
99548.1
99556.3
99565.2
99574.9
99585.1
99595.9
99607
99618.3
99629.5
99640.4
99650.8
99660.5
99669.3
99677.2
99684.2
99690.3
99695.8
99700.8
99705.4
99710
99714.7
99719.8
99725.6
99732.1
99739.5
99748
99757.7
99768.6
99780.8
99794.2
99809
99824.9
99841.8
99859.6
99877.9
99896.6
99915.5
99934.3
99953.1
99971.9
99990.6
99216
99216.1
99216.7
99217.6
99218.8
99220.4
99222.3
99224.5
99227.1
99230.1
99233.4
99237.2
99241.3
99245.9
99251
99256.5
99262.5
99268.9
99275.9
99283.3
99291.1
99299.4
99308.1
99317.2
99326.7
99336.4
99346.4
99356.6
99366.8
99377.2
99387.5
99397.8
99407.9
99417.7
99427.3
99436.4
99445.1
99453.2
99460.8
99467.7
99474
99479.6
99484.5
99488.7
99492.3
99495.4
99498.1
99500.3
99502.4
99504.5
99506.6
99508.9
99511.5
99514.7
99518.4
99522.7
99527.7
99533.5
99540.1
99547.5
99555.7
99564.6
99574.3
99584.6
99595.4
99606.6
99618
99629.3
99640.3
99650.7
99660.4
99669.3
99677.2
99684.1
99690.3
99695.7
99700.6
99705.1
99709.6
99714.2
99719.3
99725
99731.5
99739
99747.5
99757.2
99768.2
99780.5
99794
99808.9
99825
99842.1
99859.9
99878.3
99897.1
99915.9
99934.7
99953.4
99972.1
99990.7
)
;

boundaryField
{
    AXIS
    {
        type            empty;
    }
    OUTLET
    {
        type            totalPressure;
        rho             rho;
        psi             none;
        gamma           1;
        p0              uniform 100000;
        value           uniform 100000;
    }
    COFLOW
    {
        type            zeroGradient;
    }
    PILOT
    {
        type            zeroGradient;
    }
    FUEL
    {
        type            zeroGradient;
    }
    WALL
    {
        type            zeroGradient;
    }
    front
    {
        type            wedge;
    }
    back
    {
        type            wedge;
    }
}


// ************************************************************************* //
