/*--------------------------------*- C++ -*----------------------------------*\
  =========                 |
  \\      /  F ield         | OpenFOAM: The Open Source CFD Toolbox
   \\    /   O peration     | Website:  https://openfoam.org
    \\  /    A nd           | Version:  6
     \\/     M anipulation  |
\*---------------------------------------------------------------------------*/
FoamFile
{
    version     2.0;
    format      ascii;
    class       volScalarField;
    location    "0.1";
    object      sourceEvap;
}
// * * * * * * * * * * * * * * * * * * * * * * * * * * * * * * * * * * * * * //

dimensions      [1 -3 -1 0 0 0 0];

internalField   nonuniform List<scalar> 
8000
(
0
0
0
0
0
0
0
0
0
0
0
0
0
0
0
0
0
3935.98
0
0
0
0
0
0
0
0
0
0
0
0
1536.21
0
0
0
0
0
0
0
0
0
0
0
0
0
0
0
0
0
0
0
602.363
0
0
0
0
0
0
0
0
0
0
0
0
0
0
0
0
0
0
0
179.487
0
0
0
0
0
0
0
0
0
0
0
0
0
0
0
0
0
129.428
0
0
0
0
0
0
0
0
0
0
0
0
0
0
0
0
0
0
0
0
0
0
0
0
0
0
0
0
0
0
0
0
0
0
0
0
0
0
0
0
0
0
0
0
0
0
0
0
0
0
384.711
0
0
0
0
0
0
0
0
0
0
0
0
0
0
0
0
0
0
0
0
0
0
0
0
0
0
0
0
0
0
0
0
0
0
0
0
0
0
0
0
0
0
0
0
0
0
0
0
0
0
0
0
0
0
0
0
0
0
0
0
0
0
136.553
2332.67
0
0
0
132.566
86.6076
0
22.7099
0
0
0
0
0
0
0
0
1283.57
0
0
0
0
0
0
0
0
0
0
0
0
0
0
0
0
0
0
0
0
0
0
0
0
0
0
0
0
0
0
0
0
0
0
0
0
0
0
0
0
0
0
0
0
0
0
0
0
0
0
0
0
67.8688
0
0
66.4967
0
0
0
103.835
0
0
0
0
54.1095
0
0
0
0
0
0
0
11.7455
38.6751
0
0
0
0
41.3997
0
0
0
0
0
0
0
0
0
0
0
0
0
0
9.55519
3857.69
0
0
0
0
0
0
0
0
0
0
381.269
0
0
0
0
0
0
0
0
0
225.092
0
120.203
0
0
0
0
0
0
0
0
0
0
0
0
0
0
131.259
0
0
0
0
0
0
0
0
0
0
0
0
0
0
0
0
0
44.8596
0
0
0
0
0
0
0
0
0
0
0
0
0
0
0
0
0
4.1225
0
0
0
0
0
0
0
0
0
0
0
0
0
7265.41
0
0
0
0
0
0
0
15.113
37.3243
18.5681
0
0
0
0
0
0
0
0
0
0
0
0
0
0
0
0
0
0
0
0
0
0
0
0
0
0
128.809
0
0
0
0
0
0
0
0
0
0
0
0
0
0
0
0
0
0
0
0
0
0
0
0
0
0
0
0
50.2348
0
0
0
0
0
0
0
0
0
0
0
0
43.5738
0
53.5201
0
0
0
0
0
0
0
0
0
0
0
0
0
0
0
0
0
98.4159
0
0
0
0
0
23.7703
0
0
0
0
0
0
0
24.2794
275.705
9.08554
14.4439
0
0
0
131.245
116.671
0
0
0
0
0
0
0
0
0
0
0
0
0
0
0
0
0
0
157.215
0
0
0
0
0
0
66.5647
0
0
68.9207
0
0
0
0
0
0
0
0
0
0
0
0
0
0
0
0
0
0
0
0
0
0
0
0
0
0
0
0
35.9889
0
0
0
0
0
0
0
0
0
0
0
6.20585
0
0
0
0
0
0
0
0
0
267.523
0
0
20.9477
305.162
7.93129
0
0
0
42.4093
0
0
0
0
0
0
0
124.897
0
0
0
0
19.7064
80.942
0
72.8238
0
0
0
0
0
0
0
0
0
0
0
165.651
0
0
0
0
0
135.711
0
0
0
0
0
54.1953
0
0
0
0
56.9677
0
0
0
0
0
0
20.6796
0
0
0
0
0
0
0
0
0
0
0
0
0
0
12.1905
0
0
0
0
0
0
0
15.7971
0
0
0
0
0
0
0
0
0
0
0
0
118.877
135.105
40.667
0
0
0
155.926
0
0
3.22436
25.8513
17.8792
1.6011
11.8348
0
0
0
0
0
0
0
206.02
0
91.3647
0
0
0
0
0
0
89.1348
0
0
0
0
34.8425
0
0
0
0
0
0
0
0
0
0
0
0
0
0
0
0
76.7648
0
0
0
0
0
0
0
0
35.406
31.2376
0
2.02288
0
0
0
0
42.0806
60.4227
0
0
0
24.3848
0
0
0
0
29.4222
0
0
0
0
16.4888
3.51055
0
0
0
0
0
0
4.16857
0
0
0
0
0
0
0
0
0
59.109
52.6917
0
0
0
0
0
0
7.47163
25.9955
5.54299
0
59.8067
52.468
144.763
0
20.4157
0
0
0
0
0
147.954
138.099
0
0
101.255
0
0
0
0
0
0
0
45.4645
0
0
85.2932
0
0
0
0
0
0
0
0
0
0
0
0
0
0
30.0421
0
0
0
0
0
30.4803
58.6366
0
12.1515
0
0
0
0
29.5995
0
0
0
0
0
0
0
0
0
32.2889
0
35.4898
43.8863
0
0
24.3309
0
0
0
0
0
0
0
0
0
0
0
0
0
0
0
0
0
0
41.5408
0
0
12.3871
0
9.5189
96.7084
0
20.9477
0
603.01
0
0
0
0
165.075
48.0229
150.851
0
0
0
0
74.5972
0
0
0
0
0
0
0
170.581
62.3674
0
0
0
0
0
0
0
0
0
0
0
0
0
0
0
0
0
0
0
0
0
62.933
35.6819
0
0
0
0
0
0
26.8928
26.9264
0
0
41.0291
0
0
0
0
0
0
0
9.45237
5.85985
0
0
0
0
0
0
0
0
0
0
0
0
0
0
0
0
0
0
0
0
3.79745
0
0
31.29
66.6548
5.10539
0
0
0
20.3246
6.84309
14.8907
21.4888
144.092
168.465
395.836
0
0
67.134
0
0
0
0
0
0
0
0
0
0
0
0
0
0
0
0
0
0
110.144
0.999453
102.707
0
51.9994
0
0
0
0
0
0
0
0
64.7395
0
0
0
0
0
28.3981
0
31.5161
0
0
0
0
15.6283
0
0
0
0
0
0
0
25.5501
0
0
0
0
0
0
0
0
0
15.3945
0
0
0
0
0
0
0
0
0
12.5192
0
0
0
0
0
0
0
0
0
0
13.69
66.3295
57.3623
63.5873
0
101.813
0
13.9468
84.0295
6.15788
30.8396
0
0
1106.7
0
0
0
0
0
300.023
0
0
65.5815
0
0
85.5417
131.261
0
0
43.2595
0
0
0
0
0
0
0
0
49.2209
0
0
0
0
0
0
0
0
0
0
0
49.637
26.0701
27.2012
0
0
0
0
0
0
0
0
16.2228
0
0
0
0
30.5825
19.933
0
0
0
0
0
0
0
0
0
0
0
0
0
0
0
0
0
0
0
0
0
0
0
8.60064
0
0
0
0
0
3.78287
0
0
61.0073
0
0
0
0
17.3623
0
27.1751
3.64385
0
0
0
0
0
0
0
0
0
0
0
0
0
112.77
0
0
24.3483
0
0
162.381
0
68.4859
0
0
0
0
0
0
0
0
0
62.5157
55.3429
0
0
54.0828
0
0
30.6453
0
0
17.0157
0
0
0
37.8039
26.7665
0
29.7341
0
0
0
18.6455
22.2326
0
24.5839
0
24.3713
0
0
0
0
0
0
0
0
0
0
0
29.5393
0
0
9.92301
0
0
0
0
0
0
0.458456
0
17.1919
0
0
0
0
0
0
0
0
0
0
52.0111
0
22.4307
114.459
0
0
16.8414
8.75002
514.724
0
346.456
0
384.541
73.42
0
0
63.5381
79.1126
80.7279
0
96.35
0
0
0
0
0
0
0
0
0
0
0
84.0908
0
0
0
0
44.2475
0
0
0
0
0
61.6172
0
0
0
0
0
0
0
0
30.1552
22.1919
0
0
17.3531
0
0
0
0
34.6009
0
0
0
0
0
0
0
0
0
0
0
0
0
0
0
0
0
0
0
0
9.04255
0
10.4427
8.93513
0
0
0
0
0
0
0
0
0
0
0
0
0
33.1068
0
0
250.591
1181.66
0
77.2631
0
381.365
0
185.249
76.5438
0
172.689
268.713
0
0
154.847
0
119.235
0
0
156.95
0
0
0
89.8167
0
0
0
0
0
26.0395
0
46.4563
0
0
121.777
29.7208
0
0
0
0
0
0
0
0
0
0
55.9455
0
0
0
0
0
19.0514
0
0
0
24.5386
0
0
0
0
0
0
0
0
10.61
0
0
0
0
0
0
0
0
0
8.69359
0
0
0
0
0
0
0
0
0
0
0
5.95421
0
0
0
0
0
0
0
0
0
0
0
0
505.036
923.704
97.2222
0
132.88
40.0617
0
0
31.3512
0
0
0
34.7005
0
0
0
0
116.753
57.2412
0
11.3723
18.2159
57.4007
40.2037
0
0
0
36.0829
67.3647
0
0
0
21.394
100.162
0
0
21.6669
0
0
21.7614
0
39.9568
0
8.58883
0
0
32.8323
0
0
0
0
0
0
0
17.0306
28.641
0
16.1324
9.31146
2.66702
0
0
0
0
0
0
0
0
0
0
0
6.15939
0
0
5.69002
0
9.14761
0
0
0
0
0
5.31415
0
0
0
10.9104
0
4.639
0
0
0
0
0
0
0
0
0
0
0
0
0
0
0
0
0
0
61.7124
38.2847
204.773
0
148.752
0
0
33.0347
31.2468
0
0
0
0
0
51.3848
47.8334
39.791
0
21.3413
0
0
0
0
0
0
0
0
0
16.5002
0
15.0991
39.3691
52.6483
0
0
0
0
0
0
0
0
16.9339
17.1663
29.2115
0
0
12.9744
17.6165
0
6.82955
16.7397
7.15249
0
0
0
0
0
0
0
0
0
0
0
0
0
0
0
0
0
0
3.80886
0
0
3.03135
0
0
0
0
0
0
0
0
0
0
0
0
0
0
0
0
0
0
0
0
0
0
0
0
0
0
145.619
0
0
65.6495
12.4615
92.1677
0
0
146.728
0
59.2088
0
0
0
20.7982
0
0
0
17.8886
0
35.2322
63.7054
0
0
49.6969
0
0
0
0
30.2246
0
0
0
29.4722
0
0
0
0
0
0
0
11.9616
0
10.8123
0
9.29523
18.2161
15.2909
3.63963
0
0
0
0
0
33.3253
0
0
0
5.11014
13.3457
0
0
0
0
0
0
0
0
0
0
0
0
10.5765
0
0
0
0
0
0
11.9913
0
0
2.44972
0
0
0
0
0
0
0
0
0
0
0
0
0
0
0
0
0
0
0
0
0
66.1418
0
0
50.5777
0
0
0
44.5124
38.2359
30.8571
32.9013
0
0
0
0
0
20.5109
0
0
54.063
0
0
23.9524
0
0
0
0
31.6873
0
0
27.7328
19.6694
10.0832
0
0
0
0
13.0688
16.7878
0
0
0
0
0
0
0
0
8.34462
0
10.7589
0
0
0
0
0
0
6.52478
0
0
0
0
0
0
0
0
7.28091
0
0
0
4.94749
0
0
0
0
0
0
0
0
0
1.78742
0
0
0
0
0
0
0
0
0
0
0
0
0
0
0
0
0
80.2681
0
52.6486
0
0
0
0
0
0
0
44.5445
0
0
0
0
0
58.5796
0
26.0351
0
0
7.06246
0
10.3317
0
0
3.13066
0
0
3.81123
0
0
15.7886
0
0
0
0
3.636
0
15.0223
9.44066
8.48993
0
15.6001
0
1.72594
10.21
0
0
0
0
0
0
0
0
0
0
0
0
0
4.92261
0
0
0
0
12.8069
0
0
2.48851
0
0
6.8683
0
0
0
4.79977
0
0
0
0
4.2223
1.16795
0
3.94388
0
0
0
0
0
0
0
0
0
0
0
0
0
0
0
0
0
0
0
0
0
0
41.5363
0
0
0
0
0
0
0
40.8771
0
0
0
0
0
0
0
0
0
0
0
6.39956
0
0
3.81305
0
7.98242
0
0
0
17.9689
0
0
0
0
0
0
1.06565
0
0
0
0
0
0
0
0
0
0
10.2139
0
0
0
0
0
0
0
0
0
0
0
0
0
0
0
0
0
3.42798
0
0
0
0
5.04982
4.82547
0
0
0
0
0
0
0
0
2.06482
0
0.368219
0
0
0
0
0
0
0
0
0
0
0
0
0
121.29
0
106.801
94.3175
0
78.8002
0
75.2791
0
0
0
25.9505
21.6607
0
18.5566
0
0
0
0
23.9546
0
0
0
22.1015
0
0
8.276
4.03013
31.6246
0
0
0
4.42772
0
0
0
0
9.05566
0
0
9.58913
6.23026
0
0
0
18.8048
0
0
0
0
0
0
0
0
0
0
3.64809
6.05355
0
0
0
0
0
0
0
0
0
5.69665
6.49466
0
0
0
0
0
0
0
0
0
0
0
0
0
0
0
0
0
0
0
0
0
0
0
0
0
0
0
0
0
25.7262
0
0
0
0
0
0
0
0
0
0
28.5064
0
0
24.1542
0
29.4498
0
0
0
0
0
0
0
0
0
0
0
0
0
0
0
0
0
6.21846
0
0
0
0
14.6687
0
0
1.90712
0
0
0
0
0
7.34181
0
0
0
0
0
0
0
0
0
0
0
0
0
0
0
0
0
0
0
0
0
6.37358
0
0
1.40685
0
1.58626
0
0
0
0
0
0
0
0
0
0
0
0
0
0
0
0
0
0
0
0
0
0
0
0
0
0
0
0
0
86.5058
41.7097
0
39.1607
0
0
0
0
0
0
7.40751
0
25.1203
0
0
0
29.3533
0
0
0
0
5.87419
0
9.83473
0
0
0
27.0478
0
0
11.8282
0
5.21756
0
5.59707
0
0
0
5.57921
0
0
0
0
0
0
0
0
5.26907
0
1.75621
0
0
0
0
0
1.83826
0
0
0
0
0
0
0
0
0
0
8.0955
0
0
0
0
0
1.72646
0
0
0
0
0
0
0
0
0
0
0
0
0
0
0
0
0
0
0
0
0
0
0
0
0
0
28.2677
0
0
67.4627
0
0
0
0
16.0207
0
0
0
0
11.1966
0
0
0
0
0
0
13.8173
0
0
0
23.5657
0
14.2262
0
8.8757
11.4844
0
0
0
0
11.5101
0
0
0
0
0
0
0
0
0
0
0
0
0
0
0
0
0
0
0
0.767445
0
0
0
0
0
0
0
0
0
0
0
1.36212
0
0
4.61623
0
0
0
2.20544
0
0
0
0
0
0
0
0
0
0
0
0
0
0
0
0
0
0
0
0
0
0
0
0
0
0
0
0
0
0
0
0
0
0
0
0
0
0
0
30.7585
0
16.83
0
0
0
0
8.65794
0
12.1305
0
0
0
0
0
0
0
0
0
8.87635
0
0
0
0
0
0
0
0
0
0
5.60247
0
0
6.46469
0
0
0
0
0
0
0
3.69854
0
0
0
0
0
0
0
0
0
0
0
0
0
0
0
0
0
3.06246
0
0
0
0
0
0
0
0
0
0
0
0
0
0
0
0
0
0
0
0
0
0
0
0
0
0
0
0
0
0
0
0
0
0
0
0
0
0
36.9674
0
52.054
17.7788
0
0
0
0
0
0
0
33.8902
0
0
0
0
0
0
8.72349
0
0
0
0
0
0
0
0
0
0
0
0
0
0
0
0
2.76031
0
0
0
0
0
0
0
0
4.62306
0
0
0
0
0
0
0
0
0
0
0
4.62898
0
0
0
0
0
0
0
0
0
0
0
0
0
0
0
1.29771
0
0
0
0
0
0
0
0
0
0
0
0
0
0
0
0
0
0
0
0
0
0
0
0
0
0
0
0
20.4024
0
0
0
0
0
0
0
0
0
0
0
0
0
0
0
0
0
0
0
0
0
3.26513
0
0
0
0
0
0
0
0
0
0
4.50618
3.09855
0
0
0
0
0
0
0
0
5.68799
0
0
0
0
0
0
0
0
0
0
0
0
0.8387
0
0
1.53045
0
0
0
0
0
0
0
0
0
0
0
0
0
0
0
0
0
0
0
0
0
0
0
0
0
0
0
0
0
0
0
0
0
0
0
9.73957
0
19.9039
0
0
0
16.6371
0
0
0
0
0
0
0
0
0
0
0
9.93478
0
0.202691
0
0
0
0
0
0
0
0
0
0
0
0
6.36573
0
0
0
0
0
0
0
0
0
0
0
0
0
0
0
0
0
0
0
0
0
0
0
0
0
0
0
0
0
0
0
0
0
0
0
0
0
0
0
0
0
0
0
0
0
0
0
0
0
0
0
0
0
0
0
0
0
0
0
0
0
0
0
0
0
0
0
0
0
0
0
0
0
0
0
8.68436
0
0
0
0
14.6459
0
0
0
0
2.35712
5.79068
0
0
0
0
0
0
0
0
0
0
0
0
0
0
0
0
4.4231
0
0
0
0
0
0
0
0
0
0
0
0
0
0
0
0
0
1.99668
0
0
0
0
0
0
1.61781
0
0
0
0
0
2.07761
0
0
0
0
0
0
0
0
0
0
0
0
0
0
0
0
0
0
0
0
0
0
0
0
0
0
0
0
0
0
0
0
0
0
0
0
0
0
0
0
0
0
2.00265
6.13176
0
0
0
2.23883
0
0
4.47672
0
0
0
0
0
0
0
1.18757
0
0
0
0
0
0
0
0
0
0
0
2.7944
1.1099
0
0
0
0
0
0
0
0
0.427608
0
0
0
0
0
0
0
0
0
0
0
0
0
0
0.420562
0
0
0.518703
0.812326
0
0.597607
0
0
0
0
0
0
0.0472414
0
0
0
0
0
0
0
0
0
0
0
0
0
0
0
0
0
0
0
0
0
0
0
0
0
0
0
0
0
0
0
0
0
0
0
0
0
2.1487
0.309437
0
0
0
0
0
0
0
0
0
0
0
0
0
0
0
0
0
0
0
0
0
0
0
0
0
0
0
0
0
0
0
0
0
0
0
0
0
0
0
0
0
0
0
0
0
0.476593
0.712215
0.372048
0
0
0
0
0
0
0
0
0
0
0
0
0
0
0
0
0
0
0
0
0
0
0
0
0
0
0
0
0
0
0
0
0
0
0
0
0
0
0
0
0
0
0
0
0
0
0
0
0
0
0
0
0
0
0
0
0
0
0
0
0
0
0
0
0
0
0
0
0
0
0
0
0
0
0
0
0
0
0
0
0
0
0
0
0
0.725248
0
0
0
0
0
0
0
0
0
0
0
1.1567
0.407898
0
0
0
0
0
0
0.830189
0
0
0.71415
0
0
0
0
0
0
0
0
0
0
0
0
0
0
0
0
0
0
0
0
0
0
0
0
0
0
0
0
0
0
0
0
0
0
0
0
0
0
0
0
0
0
0
0
0
0
0
0
0
0
0
0
0
0
0
0
0
0
0
0
0.289874
0
0
0
0
0
0
0
0
0
0
0
0
0
0
0
0
0
0
0
0
0
0
1.04444
0
0
0
0
0
0
0
0
0
0
0
0
0
0
0
0
0
0
0
0
0
0
0
0
0
0
0
0
0
0
0
0
0
0
0
0
0
0
0
0
0
0
0
0
0
0
0
0
0
0
0
0
0
0
0
0
0
0
0
0
0
0
0
0
0
0
0
0
0
0
0
0
0
0
0
0
0
0
0
0
0
0
0
0
0
0
0
0
0
0
0
0
0
0
0
0
0
0
0
0
0
0
0
0
0
0
0
0
0
0
0
0
0
0
0
0
0
0
0
0
0
0
0
0
0
0
0
0
0
0
0
0
0
0
0
0
0
0
0
0
0
0
0
0
0
0
0
0
0
0
0
0
0
0
0
0
0
0
0
0
0
0
0
0
0
0
0
0
0
0
0
0
0
0
0
0
0
0
0
0
0
0
0
0
0
0
0
0
0
0
0
0
0
0
0
0
0
0
0
0
0
0
0
0
0
0
0
0
0
0
0
0
0
0
0
0
0
0
0
0
0
0
0
0
0
0
0
0
0
0
0
0
0
0
0
0
0
0
0
0
0
0
0
0
0
0
0
0
0
0
0
0
0
0
0
0
0
0
0
0
0
0
0
0
0
0
0
0
0
0
0
0
0
0
0
0
0
0
0
0
0
0
0
0
0
0
0
0
0
0
0
0
0
0
0
0
0
0
0.239034
0
0.247767
0
0
0
0.14512
0
0
0
0
0
0
0
0
0
0
0
0
0
0
0
0
0
0
0
0
0
0
0
0
0
0
0
0
0
0
0
0
0
0
0
0
0
0
0
0
0
0
0
0
0
0
0
0
0
0
0
0
0
0
0
0
0
0
0
0
0
0
0
0
0
0
0
0
0
0
0
0
0
0
0
0
0
0
0
0
0
0
0
0
0
0
0
0
0
0
0
0
0
0.0904483
0
0
0
0
0
0
0
0
0
0
0
0
0
0
0
0
0
0
0
0
0
0
0
0
0
0
0
0
0
0
0
0
0
0
0
0
0
0
0
0
0
0
0
0
0
0
0
0
0
0
0
0
0
0
0
0
0
0
0
0
0
0
0
0
0
0
0
0
0
0
0
0
0
0
0
0
0
0
0
0
0
0
0
0
0
0
0
0
0
0
0
0
0
0
0
0
0
0
0
0
0
0
0
0
0
0
0
0
0
0
0
0
0
0
0
0
0
0
0
0
0
0
0
0
0
0
0
0
0
0
0
0
0
0
0
0
0
0
0
0
0
0
0
0
0
0
0
0
0
0
0
0
0
0
0
0
0
0
0
0
0
0
0
0
0
0
0
0
0
0
0
0
0
0
0
0
0
0
0
0
0
0
0
0
0
0
0
0
0
0
0
0
0
0
0
0
0
0
0
0
0
0
0
0
0
0
0
0
0
0
0
0
0
0
0
0
0
0
0
0
0
0
0
0
0
0
0
0
0
0
0
0
0
0
0
0
0
0
0
0
0
0
0
0
0
0
0
0
0
0
0
0
0
0
0
0
0
0
0
0
0
0
0
0
0
0
0
0
0
0
0
0
0
0
0
0
0
0
0
0
0
0
0
0
0
0
0
0
0
0
0
0
0
0
0
0
0
0
0
0
0
0
0
0
0
0
0
0
0
0
0
0
0.155584
0
0
0
0
0
0
0
0
0
0
0
0
0
0
0
0
0
0
0
0
0
0
0
0
0
0
0
0
0
0
0
0
0
0
0
0
0
0
0
0
0
0
0
0
0
0
0
0
0
0
0
0
0
0
0
0
0
0
0
0
0
0
0
0
0
0
0
0
0
0
0
0
0
0
0
0
0
0
0
0
0
0
0
0
0
0
0
0
0
0
0
0
0
0
0
0
0
0
0
0
0
0
0
0
0
0
0
0
0
0
0
0
0
0
0
0
0
0
0
0
0
0
0
0
0
0
0
0
0
0
0
0
0
0
0
0
0
0
0
0
0
0
0
0
0
0
0
0
0
0
0
0
0
0
0
0
0
0
0
0
0
0
0
0
0
0
0
0
0
0
0
0
0
0
0
0
0
0
0
0
0
0
0
0
0
0
0
0
0
0
0
0
0
0
0
0
0
0
0
0
0
0
0
0
0
0
0
0
0
0
0
0
0
0
0
0
0
0
0
0
0
0
0
0
0
0
0
0
0
0
0
0
0
0
0
0
0
0
0
0
0
0
0
0
0
0
0
0
0
0
0
0
0
0
0
0
0
0
0
0
0
0
0
0
0
0
0
0
0
0
0
0
0
0
0
0
0
0
0
0
0
0
0
0
0
0
0
0
0
0
0
0
0
0
0
0
0
0
0
0
0
0
0
0
0
0
0
0
0
0
0
0
0
0
0
0
0
0
0
0
0
0
0
0
0
0
0
0
0
0
0
0
0
0
0
0
0
0
0
0
0
0
0
0
0
0
0
0
0
0
0
0
0
0
0
0
0
0
0
0
0
0
0
0
0
0
0
0
0
0
0
0
0
0
0
0
0
0
0
0
0
0
0
0
0
0
0
0
0
0
0
0
0
0
0
0
0
0
0
0
0
0
0
0
0
0
0
0
0
0
0
0
0
0
0
0
0
0
0
0
0
0
0
0
0
0
0
0
0
0
0
0
0
0
0
0
0
0
0
0
0
0
0
0
0
0
0
0
0
0
0
0
0
0
0
0
0
0
0
0
0
0
0
0
0
0
0
0
0
0
0
0
0
0
0
0
0
0
0
0
0
0
0
0
0
0
0
0
0
0
0
0
0
0
0
0
0
0
0
0
0
0
0
0
0
0
0
0
0
0
0
0
0
0
0
0
0
0
0
0
0
0
0
0
0
0
0
0
0
0
0
0
0
0
0
0
0
0
0
0
0
0
0
0
0
0
0
0
0
0
0
0
0
0
0
0
0
0
0
0
0
0
0
0
0
0
0
0
0
0
0
0
0
0
0
0
0
0
0
0
0
0
0
0
0
0
0
0
0
0
0
0
0
0
0
0
0
0
0
0
0
0
0
0
0
0
0
0
0
0
0
0
0
0
0
0
0
0
0
0
0
0
0
0
0
0
0
0
0
0
0
0
0
0
0
0
0
0
0
0
0
0
0
0
0
0
0
0
0
0
0
0
0
0
0
0
0
0
0
0
0
0
0
0
0
0
0
0
0
0
0
0
0
0
0
0
0
0
0
0
0
0
0
0
0
0
0
0
0
0
0
0
0
0
0
0
0
0
0
0
0
0
0
0
0
0
0
0
0
0
0
0
0
0
0
0
0
0
0
0
0
0
0
0
0
0
0
0
0
0
0
0
0
0
0
0
0
0
0
0
0
0
0
0
0
0
0
0
0
0
0
0
0
0
0
0
0
0
0
0
0
0
0
0
0
0
0
0
0
0
0
0
0
0
0
0
0
0
0
0
0
0
0
0
0
0
0
0
0
0
0
0
0
0
0
0
0
0
0
0
0
0
0
0
0
0
0
0
0
0
0
0
0
0
0
0
0
0
0
0
0
0
0
0
0
0
0
0
0
0
0
0
0
0
0
0
0
0
0
0
0
0
0
0
0
0
0
0
0
0
0
0
0
0
0
0
0
0
0
0
0
0
0
0
0
0
0
0
0
0
0
0
0
0
0
0
0
0
0
0
0
0
0
0
0
0
0
0
0
0
0
0
0
0
0
0
0
0
0
0
0
0
0
0
0
0
0
0
0
0
0
0
0
0
0
0
0
0
0
0
0
0
0
0
0
0
0
0
0
0
0
0
0
0
0
0
0
0
0
0
0
0
0
0
0
0
0
0
0
0
0
0
0
0
0
0
0
0
0
0
0
0
0
0
0
0
0
0
0
0
0
0
0
0
0
0
0
0
0
0
0
0
0
0
0
0
0
0
0
0
0
0
0
0
0
0
0
0
0
0
0
0
0
0
0
0
0
0
0
0
0
0
0
0
0
0
0
0
0
0
0
0
0
0
0
0
0
0
0
0
0
0
0
0
0
0
0
0
0
0
0
0
0
0
0
0
0
0
0
0
0
0
0
0
0
0
0
0
0
0
0
0
0
0
0
0
0
0
0
0
0
0
0
0
0
0
0
0
0
0
0
0
0
0
0
0
0
0
0
0
0
0
0
0
0
0
0
0
0
0
0
0
0
0
0
0
0
0
0
0
0
0
0
0
0
0
0
0
0
0
0
0
0
0
0
0
0
0
0
0
0
0
0
0
0
0
0
0
0
0
0
0
0
0
0
0
0
0
0
0
0
0
0
0
0
0
0
0
0
0
0
0
0
0
0
0
0
0
0
0
0
0
0
0
0
0
0
0
0
0
0
0
0
0
0
0
0
0
0
0
0
0
0
0
0
0
0
0
0
0
0
0
0
0
0
0
0
0
0
0
0
0
0
0
0
0
0
0
0
0
0
0
0
0
0
0
0
0
0
0
0
0
0
0
0
0
0
0
0
0
0
0
0
0
0
0
0
0
0
0
0
0
0
0
0
0
0
0
0
0
0
0
0
0
0
0
0
0
0
0
0
0
0
0
0
0
0
0
0
0
0
0
0
0
0
0
0
0
0
0
0
0
0
0
0
0
0
0
0
0
0
0
0
0
0
0
0
0
0
0
0
0
0
0
0
0
0
0
0
0
0
0
0
0
0
0
0
0
0
0
0
0
0
0
0
0
0
0
0
0
0
0
0
0
0
0
0
0
0
0
0
0
0
0
0
0
0
0
0
0
0
0
0
0
0
0
0
0
0
0
0
0
0
0
0
0
0
0
0
0
0
0
0
0
0
0
0
0
0
0
0
0
0
0
0
0
0
0
0
0
0
0
0
0
0
0
0
0
0
0
0
0
0
0
0
0
0
0
0
0
0
0
0
0
0
0
0
0
0
0
0
0
0
0
0
0
0
0
0
0
0
0
0
0
0
0
0
0
0
0
0
0
0
0
0
0
0
0
0
0
0
0
0
0
0
0
0
0
0
0
0
0
0
0
0
0
0
0
0
0
0
0
0
0
0
0
0
0
0
0
0
0
0
0
0
0
0
0
0
0
0
0
0
0
0
0
0
0
0
0
0
0
0
0
0
0
0
0
0
0
0
0
0
0
0
0
0
0
0
0
0
0
0
0
0
0
0
0
0
0
0
0
0
0
0
0
0
0
0
0
0
0
0
0
0
0
0
0
0
0
0
0
0
0
0
0
0
0
0
0
0
0
0
0
0
0
0
0
0
0
0
0
0
0
0
0
0
0
0
0
0
0
0
0
0
0
0
0
0
0
0
0
0
0
0
0
0
0
0
0
0
0
0
0
0
0
0
0
0
0
0
0
0
0
0
0
0
0
0
0
0
0
0
0
0
0
0
0
0
0
0
0
0
0
0
0
0
0
0
0
0
0
0
0
0
0
0
0
0
0
0
0
0
0
0
0
0
0
0
0
0
0
0
0
0
0
0
0
0
0
0
0
0
0
0
0
0
0
0
0
0
0
0
0
0
0
0
0
0
0
0
0
0
0
0
0
0
0
0
0
0
0
0
0
0
0
0
0
0
0
0
0
0
0
0
0
0
0
0
0
0
0
0
0
0
0
0
0
0
0
0
0
0
0
0
0
0
0
0
0
0
0
0
0
0
0
0
0
0
0
0
0
0
0
0
0
0
0
0
0
0
0
0
0
0
0
0
0
0
0
0
0
0
0
0
0
0
0
0
0
0
0
0
0
0
0
0
0
0
0
0
0
0
0
0
0
0
0
0
0
0
0
0
0
0
0
0
0
0
0
0
0
0
0
0
0
0
0
0
0
0
0
0
0
0
0
0
0
0
0
0
0
0
0
0
0
0
0
0
0
0
0
0
0
0
0
0
0
0
0
0
0
0
0
0
0
0
0
0
0
0
0
0
0
0
0
0
0
0
0
0
0
0
0
0
0
0
0
0
0
0
0
0
0
0
0
0
0
0
0
0
0
0
0
0
0
0
0
0
0
0
0
0
0
0
0
0
0
0
0
0
0
0
0
0
0
0
0
0
0
0
0
0
0
0
0
0
0
0
0
0
0
0
0
0
0
0
0
0
0
0
0
0
0
0
0
0
0
0
0
0
0
0
0
0
0
0
0
0
0
0
0
0
0
0
0
0
0
0
0
0
0
0
0
0
0
0
0
0
0
0
0
0
0
0
0
0
0
0
0
0
0
0
0
0
0
0
0
0
0
0
0
0
0
0
0
0
0
0
0
0
0
0
0
0
0
0
0
0
0
0
0
0
0
0
0
0
0
0
0
0
0
0
0
0
0
0
0
0
0
0
0
0
0
0
0
0
0
0
0
0
0
0
0
0
0
0
0
0
0
0
0
0
0
0
0
0
0
0
0
0
0
0
0
0
0
0
0
0
0
0
0
0
0
0
0
0
0
0
0
0
0
0
0
0
0
0
0
0
0
0
0
0
0
0
0
0
0
0
0
0
0
0
0
0
0
0
0
0
0
0
0
0
0
0
0
0
0
0
0
0
0
0
0
0
0
0
0
0
0
0
0
0
0
0
0
0
0
0
0
0
0
0
0
0
0
0
0
0
0
0
0
0
0
0
0
0
0
0
0
0
0
0
0
0
0
0
0
0
0
0
0
0
0
0
0
0
0
0
0
0
0
0
0
0
0
0
0
0
0
0
0
0
0
0
0
0
0
0
0
0
0
0
0
0
0
0
0
0
0
0
0
0
0
0
0
0
0
0
0
0
0
0
0
0
0
0
0
0
0
0
0
0
0
0
0
0
0
0
0
0
0
0
0
0
0
0
0
0
0
0
0
0
0
0
0
0
0
0
0
0
0
0
0
0
0
0
0
0
0
0
0
0
0
0
0
0
0
0
0
0
0
0
0
0
0
0
0
0
0
0
0
0
0
0
0
0
0
0
0
0
0
0
0
0
0
0
0
0
0
0
0
0
0
0
0
0
0
0
0
0
0
0
0
0
0
0
0
0
0
0
0
0
0
0
0
0
0
0
0
0
0
0
0
0
0
0
0
0
0
0
0
0
0
0
0
0
0
0
0
0
0
0
0
0
0
0
0
0
0
0
0
0
0
0
0
0
0
0
0
0
0
0
0
0
0
0
0
0
0
0
0
0
0
0
0
0
0
0
0
0
0
0
0
0
0
0
0
0
0
0
0
0
0
0
0
0
0
0
0
0
0
0
0
0
0
0
0
0
0
0
0
0
0
0
0
0
0
0
0
0
0
0
0
0
0
0
0
0
0
0
0
0
0
0
0
0
0
0
0
0
0
0
0
0
0
0
0
0
0
0
0
0
0
0
0
0
0
0
0
0
0
0
0
0
0
0
0
0
0
0
0
0
0
0
0
0
0
0
0
0
0
0
0
0
0
0
0
0
0
0
0
0
0
0
0
0
0
0
0
0
0
0
0
0
0
0
0
0
0
0
0
0
0
0
0
0
0
0
0
0
0
0
0
0
0
0
0
0
0
0
0
0
0
0
0
0
0
0
0
0
0
0
0
0
0
0
0
0
0
0
0
0
0
0
0
0
0
0
0
0
0
0
0
0
0
0
0
0
0
0
0
0
0
0
0
0
0
0
0
0
0
0
0
0
0
0
0
0
0
0
0
0
0
0
0
0
0
0
0
0
0
0
0
0
0
0
0
0
0
0
0
0
0
0
0
0
0
0
0
0
0
0
0
0
0
0
0
0
0
0
0
0
0
0
0
0
0
0
0
0
0
0
0
0
0
0
0
0
0
0
0
0
0
0
0
0
0
0
0
0
0
0
0
0
0
0
0
0
0
0
0
0
0
0
0
0
0
0
0
0
0
0
0
0
0
0
0
0
0
0
0
0
0
0
0
0
0
0
0
0
0
0
0
0
0
0
0
0
0
0
0
0
0
0
0
0
0
0
0
0
0
0
0
0
0
0
0
0
0
0
0
0
0
0
0
0
0
0
0
0
0
0
0
0
0
0
0
0
0
0
0
0
0
0
0
0
0
0
0
0
0
0
0
0
0
0
0
0
0
0
0
0
0
0
0
0
0
0
0
0
0
0
0
0
0
0
0
0
0
0
0
0
0
0
0
0
0
0
0
0
0
0
0
0
0
0
0
0
0
0
0
0
0
0
0
0
0
0
0
0
0
0
0
0
0
0
0
0
0
0
0
0
0
0
0
0
0
0
0
0
0
0
0
0
0
0
0
0
0
0
0
0
0
0
0
0
0
0
0
0
0
0
0
0
0
0
0
0
0
0
0
0
0
0
0
0
0
0
0
0
0
0
0
0
0
0
0
0
0
0
0
0
0
0
0
0
0
0
0
0
0
0
0
0
0
0
0
0
0
0
0
0
0
0
0
0
0
0
0
0
0
0
0
0
0
0
0
0
0
0
0
0
0
0
0
0
0
0
0
0
0
0
0
0
0
0
0
0
0
0
0
0
0
0
0
0
0
0
0
0
0
0
0
0
0
0
0
0
0
0
0
0
0
0
0
0
0
0
0
0
0
0
0
0
0
0
0
0
0
0
0
0
0
0
0
0
0
0
0
0
0
0
0
0
0
0
0
0
0
0
0
0
0
0
0
0
0
0
0
0
0
0
0
0
0
0
0
0
0
0
0
0
0
0
0
0
0
0
0
0
0
0
0
0
0
0
0
0
0
0
0
0
0
0
0
0
0
0
0
0
0
0
0
0
0
0
0
0
0
0
0
0
0
0
0
0
0
0
0
0
0
0
0
0
0
0
0
0
0
0
0
0
0
0
0
0
0
0
0
0
0
0
0
0
0
0
0
0
0
0
0
0
0
0
0
0
0
0
0
0
0
0
0
0
0
0
0
0
0
0
0
0
0
0
0
0
0
0
0
0
0
0
0
0
0
0
0
0
0
0
0
0
0
0
0
0
0
0
0
0
0
0
0
0
0
0
0
0
0
0
0
0
0
0
0
0
0
0
0
0
0
0
0
0
0
0
0
0
0
0
0
0
0
0
0
0
0
0
0
0
0
0
0
0
0
0
0
0
0
0
0
0
0
0
0
0
0
0
0
0
0
0
0
0
0
0
0
0
0
0
0
0
0
0
0
0
0
0
0
0
0
0
0
0
0
0
0
0
0
0
0
0
0
0
0
0
0
0
0
0
0
0
0
0
0
0
0
0
0
0
0
0
0
0
0
0
0
0
0
0
0
0
0
0
0
0
0
0
0
0
0
0
0
0
0
0
0
0
0
0
0
0
0
0
0
0
0
0
0
0
0
0
0
0
0
0
0
0
0
0
0
0
0
0
0
0
0
0
0
0
0
0
0
0
0
0
0
0
0
0
0
0
0
0
0
0
0
0
0
0
0
0
0
0
0
0
0
0
0
0
0
0
0
0
0
0
0
0
0
0
0
0
0
0
0
0
0
0
0
0
0
0
0
0
0
0
0
0
0
0
0
0
0
0
0
0
0
0
0
0
0
0
0
0
0
0
0
0
0
0
0
0
0
0
0
0
0
0
0
0
0
0
0
0
0
0
0
0
0
0
0
0
0
0
0
0
0
0
0
0
0
0
0
0
0
0
0
0
0
0
0
0
0
0
0
0
0
0
0
0
0
0
0
0
0
0
0
0
0
0
0
0
0
0
0
0
0
0
0
0
0
0
0
0
0
0
0
0
0
0
0
0
0
0
0
0
0
0
0
0
0
0
0
0
0
0
0
0
0
0
0
0
0
0
0
0
0
0
0
0
0
0
0
0
0
0
0
0
0
0
0
0
0
0
0
0
0
0
0
0
0
0
0
0
0
0
0
0
0
0
0
0
0
0
0
0
0
0
0
0
0
0
0
0
0
0
0
0
0
0
0
0
0
0
0
0
0
0
0
0
0
0
0
0
0
0
0
0
0
0
0
0
0
0
0
0
0
0
0
0
0
0
0
0
0
0
0
0
0
0
0
0
0
0
0
0
0
0
0
0
0
0
0
0
0
0
0
0
0
0
0
0
0
0
0
0
0
0
0
0
0
0
0
0
0
0
0
0
0
0
0
0
0
0
0
0
0
0
0
0
0
0
0
0
0
0
0
0
0
0
0
0
0
0
0
0
0
0
0
0
0
0
0
0
0
0
0
0
0
0
0
0
0
0
0
0
0
0
0
0
0
0
0
0
0
0
0
0
0
0
0
0
0
0
0
0
0
0
0
0
0
0
0
0
0
0
0
0
0
0
0
0
0
0
0
0
0
0
0
0
0
0
0
0
0
0
0
0
0
0
0
0
0
0
0
0
0
0
0
0
0
0
0
0
0
0
0
0
0
0
0
0
0
0
0
0
0
0
0
0
0
0
0
0
0
0
0
0
0
0
0
0
0
0
0
0
0
0
0
0
0
0
0
0
0
0
0
0
0
0
0
0
0
0
0
0
0
0
0
0
0
0
0
0
0
0
0
0
0
0
0
0
0
0
0
0
0
0
0
0
0
0
0
0
0
0
0
0
0
0
0
0
0
0
0
0
0
0
0
0
0
0
0
0
0
0
0
)
;

boundaryField
{
    AXIS
    {
        type            empty;
    }
    OUTLET
    {
        type            zeroGradient;
    }
    COFLOW
    {
        type            fixedValue;
        value           uniform 0;
    }
    PILOT
    {
        type            fixedValue;
        value           uniform 0;
    }
    FUEL
    {
        type            fixedValue;
        value           uniform 0;
    }
    WALL
    {
        type            zeroGradient;
    }
    front
    {
        type            wedge;
    }
    back
    {
        type            wedge;
    }
}


// ************************************************************************* //
