/*--------------------------------*- C++ -*----------------------------------*\
  =========                 |
  \\      /  F ield         | OpenFOAM: The Open Source CFD Toolbox
   \\    /   O peration     | Website:  https://openfoam.org
    \\  /    A nd           | Version:  6
     \\/     M anipulation  |
\*---------------------------------------------------------------------------*/
FoamFile
{
    version     2.0;
    format      ascii;
    class       volScalarField::Internal;
    location    "0.1";
    object      sprayCloud:rhoTrans_C2H5OH;
}
// * * * * * * * * * * * * * * * * * * * * * * * * * * * * * * * * * * * * * //

dimensions      [1 0 0 0 0 0 0];

value           nonuniform List<scalar> 
8000
(
0
0
0
0
0
0
0
0
0
0
0
0
0
0
0
0
0
1.12444e-13
0
0
0
0
0
0
0
0
0
0
0
0
5.06977e-14
0
0
0
0
0
0
0
0
0
0
0
0
0
0
0
0
0
0
0
2.4819e-14
0
0
0
0
0
0
0
0
0
0
0
0
0
0
0
0
0
0
0
9.2331e-15
0
0
0
0
0
0
0
0
0
0
0
0
0
0
0
0
0
8.13001e-15
0
0
0
0
0
0
0
0
0
0
0
0
0
0
0
0
0
0
0
0
0
0
0
0
0
0
0
0
0
0
0
0
0
0
0
0
0
0
0
0
0
0
0
0
0
0
0
0
0
0
4.20889e-14
0
0
0
0
0
0
0
0
0
0
0
0
0
0
0
0
0
0
0
0
0
0
0
0
0
0
0
0
0
0
0
0
0
0
0
0
0
0
0
0
0
0
0
0
0
0
0
0
0
0
0
0
0
0
0
0
0
0
0
0
0
0
1.65145e-14
2.85257e-13
0
0
0
1.69469e-14
1.11953e-14
0
3.00147e-15
0
0
0
0
0
0
0
0
1.87462e-13
0
0
0
0
0
0
0
0
0
0
0
0
0
0
0
0
0
0
0
0
0
0
0
0
0
0
0
0
0
0
0
0
0
0
0
0
0
0
0
0
0
0
0
0
0
0
0
0
0
0
0
0
1.78481e-14
0
0
1.80793e-14
0
0
0
2.95121e-14
0
0
0
0
1.62566e-14
0
0
0
0
0
0
0
3.8564e-15
1.28399e-14
0
0
0
0
1.45286e-14
0
0
0
0
0
0
0
0
0
0
0
0
0
0
1.82787e-15
7.46195e-13
0
0
0
0
0
0
0
0
0
0
8.3324e-14
0
0
0
0
0
0
0
0
0
5.49658e-14
0
3.00114e-14
0
0
0
0
0
0
0
0
0
0
0
0
0
0
3.87072e-14
0
0
0
0
0
0
0
0
0
0
0
0
0
0
0
0
0
1.61535e-14
0
0
0
0
0
0
0
0
0
0
0
0
0
0
0
0
0
1.81268e-15
0
0
0
0
0
0
0
0
0
0
0
0
0
1.5816e-12
0
0
0
0
0
0
0
3.59536e-15
8.97849e-15
4.51646e-15
0
0
0
0
0
0
0
0
0
0
0
0
0
0
0
0
0
0
0
0
0
0
0
0
0
0
4.22765e-14
0
0
0
0
0
0
0
0
0
0
0
0
0
0
0
0
0
0
0
0
0
0
0
0
0
0
0
0
2.27469e-14
0
0
0
0
0
0
0
0
0
0
0
0
2.27926e-14
0
2.86237e-14
0
0
0
0
0
0
0
0
0
0
0
0
0
0
0
0
0
2.5896e-14
0
0
0
0
0
6.68527e-15
0
0
0
0
0
0
0
7.46237e-15
8.56845e-14
2.85515e-15
4.58967e-15
0
0
0
4.35972e-14
3.91883e-14
0
0
0
0
0
0
0
0
0
0
0
0
0
0
0
0
0
0
6.52016e-14
0
0
0
0
0
0
2.98361e-14
0
0
3.19379e-14
0
0
0
0
0
0
0
0
0
0
0
0
0
0
0
0
0
0
0
0
0
0
0
0
0
0
0
0
2.30085e-14
0
0
0
0
0
0
0
0
0
0
0
4.53267e-15
0
0
0
0
0
0
0
0
0
8.50584e-14
0
0
6.88574e-15
1.0143e-13
2.66562e-15
0
0
0
1.49002e-14
0
0
0
0
0
0
0
4.79555e-14
0
0
0
0
7.99816e-15
3.32183e-14
0
3.05573e-14
0
0
0
0
0
0
0
0
0
0
0
7.94086e-14
0
0
0
0
0
6.95357e-14
0
0
0
0
0
2.96804e-14
0
0
0
0
3.29787e-14
0
0
0
0
0
0
1.29385e-14
0
0
0
0
0
0
0
0
0
0
0
0
0
0
9.00853e-15
0
0
0
0
0
0
0
1.27574e-14
0
0
0
0
0
0
0
0
0
0
0
0
4.21837e-14
4.84771e-14
1.47546e-14
0
0
0
5.914e-14
0
0
1.26434e-15
1.025e-14
7.16816e-15
6.49081e-16
4.85132e-15
0
0
0
0
0
0
0
9.2292e-14
0
4.18476e-14
0
0
0
0
0
0
4.41241e-14
0
0
0
0
1.8232e-14
0
0
0
0
0
0
0
0
0
0
0
0
0
0
0
0
4.85085e-14
0
0
0
0
0
0
0
0
2.47234e-14
2.20561e-14
0
1.46035e-15
0
0
0
0
3.2112e-14
4.66235e-14
0
0
0
1.96698e-14
0
0
0
0
2.50873e-14
0
0
0
0
1.48616e-14
3.19942e-15
0
0
0
0
0
0
4.106e-15
0
0
0
0
0
0
0
0
0
2.43051e-14
2.19081e-14
0
0
0
0
0
0
3.35748e-15
1.18118e-14
2.54672e-15
0
2.80948e-14
2.49224e-14
6.953e-14
0
1.00258e-14
0
0
0
0
0
7.76596e-14
7.32959e-14
0
0
5.55603e-14
0
0
0
0
0
0
0
2.72631e-14
0
0
5.28781e-14
0
0
0
0
0
0
0
0
0
0
0
0
0
0
2.1998e-14
0
0
0
0
0
2.38554e-14
4.64041e-14
0
9.83234e-15
0
0
0
0
2.53168e-14
0
0
0
0
0
0
0
0
0
3.08582e-14
0
3.46785e-14
4.33616e-14
0
0
2.48538e-14
0
0
0
0
0
0
0
0
0
0
0
0
0
0
0
0
0
0
1.93037e-14
0
0
5.95108e-15
0
4.67575e-15
4.80339e-14
0
1.06379e-14
0
3.13102e-13
0
0
0
0
9.06024e-14
2.66518e-14
8.46534e-14
0
0
0
0
4.42503e-14
0
0
0
0
0
0
0
1.10581e-13
4.08814e-14
0
0
0
0
0
0
0
0
0
0
0
0
0
0
0
0
0
0
0
0
0
5.26592e-14
3.019e-14
0
0
0
0
0
0
2.45916e-14
2.48971e-14
0
0
3.92212e-14
0
0
0
0
0
0
0
9.87471e-15
6.18998e-15
0
0
0
0
0
0
0
0
0
0
0
0
0
0
0
0
0
0
0
0
5.06411e-15
0
0
1.57181e-14
3.38567e-14
2.62217e-15
0
0
0
1.09127e-14
3.71519e-15
8.17454e-15
1.19283e-14
8.08776e-14
9.56131e-14
2.27165e-13
0
0
3.98316e-14
0
0
0
0
0
0
0
0
0
0
0
0
0
0
0
0
0
0
8.06889e-14
7.40347e-16
7.69297e-14
0
3.98226e-14
0
0
0
0
0
0
0
0
5.47867e-14
0
0
0
0
0
2.56869e-14
0
2.9147e-14
0
0
0
0
1.52781e-14
0
0
0
0
0
0
0
2.72965e-14
0
0
0
0
0
0
0
0
0
1.8377e-14
0
0
0
0
0
0
0
0
0
1.66985e-14
0
0
0
0
0
0
0
0
0
0
7.4488e-15
3.64929e-14
3.19116e-14
3.57694e-14
0
5.85576e-14
0
8.20148e-15
4.99655e-14
3.70245e-15
1.87494e-14
0
0
6.9561e-13
0
0
0
0
0
2.01561e-13
0
0
4.55503e-14
0
0
6.14251e-14
9.53066e-14
0
0
3.24734e-14
0
0
0
0
0
0
0
0
4.08291e-14
0
0
0
0
0
0
0
0
0
0
0
4.70391e-14
2.49813e-14
2.6356e-14
0
0
0
0
0
0
0
0
1.73697e-14
0
0
0
0
3.46128e-14
2.28116e-14
0
0
0
0
0
0
0
0
0
0
0
0
0
0
0
0
0
0
0
0
0
0
0
1.28463e-14
0
0
0
0
0
6.0393e-15
0
0
3.60809e-14
0
0
0
0
1.08543e-14
0
1.73701e-14
2.35511e-15
0
0
0
0
0
0
0
0
0
0
0
0
0
8.51363e-14
0
0
1.90042e-14
0
0
1.31031e-13
0
5.65039e-14
0
0
0
0
0
0
0
0
0
5.76316e-14
5.15885e-14
0
0
5.21205e-14
0
0
3.05331e-14
0
0
1.75273e-14
0
0
0
4.0708e-14
2.91443e-14
0
3.31022e-14
0
0
0
2.16996e-14
2.61631e-14
0
2.95793e-14
0
2.99815e-14
0
0
0
0
0
0
0
0
0
0
0
4.15154e-14
0
0
1.44182e-14
0
0
0
0
0
0
7.19946e-16
0
2.76035e-14
0
0
0
0
0
0
0
0
0
0
3.35918e-14
0
1.48122e-14
7.64269e-14
0
0
1.1626e-14
6.10778e-15
3.63302e-13
0
2.50023e-13
0
2.83736e-13
5.47778e-14
0
0
4.90098e-14
6.17041e-14
6.36665e-14
0
7.76923e-14
0
0
0
0
0
0
0
0
0
0
0
7.74654e-14
0
0
0
0
4.30869e-14
0
0
0
0
0
6.4132e-14
0
0
0
0
0
0
0
0
3.46825e-14
2.58084e-14
0
0
2.08642e-14
0
0
0
0
4.39753e-14
0
0
0
0
0
0
0
0
0
0
0
0
0
0
0
0
0
0
0
0
1.45084e-14
0
1.7131e-14
1.48214e-14
0
0
0
0
0
0
0
0
0
0
0
0
0
2.27128e-14
0
0
1.77736e-13
8.47465e-13
0
5.66554e-14
0
2.85923e-13
0
1.42005e-13
5.93303e-14
0
1.36858e-13
2.15334e-13
0
0
1.28288e-13
0
1.01001e-13
0
0
1.37449e-13
0
0
0
8.2227e-14
0
0
0
0
0
2.54805e-14
0
4.64791e-14
0
0
1.25961e-13
3.1085e-14
0
0
0
0
0
0
0
0
0
0
6.61103e-14
0
0
0
0
0
2.40629e-14
0
0
0
3.24003e-14
0
0
0
0
0
0
0
0
1.54806e-14
0
0
0
0
0
0
0
0
0
1.41731e-14
0
0
0
0
0
0
0
0
0
0
0
1.10898e-14
0
0
0
0
0
0
0
0
0
0
0
0
5.35279e-13
9.89943e-13
1.05357e-13
0
1.4723e-13
4.48833e-14
0
0
3.63134e-14
0
0
0
4.20172e-14
0
0
0
0
1.49436e-13
7.40826e-14
0
1.50486e-14
2.43734e-14
7.76609e-14
5.50009e-14
0
0
0
5.1604e-14
9.74168e-14
0
0
0
3.23423e-14
1.53109e-13
0
0
3.42416e-14
0
0
3.55552e-14
0
6.67489e-14
0
1.46699e-14
0
0
5.79765e-14
0
0
0
0
0
0
0
3.28652e-14
5.58873e-14
0
3.21857e-14
1.87846e-14
5.44038e-15
0
0
0
0
0
0
0
0
0
0
0
1.4354e-14
0
0
1.37091e-14
0
2.25341e-14
0
0
0
0
0
1.39921e-14
0
0
0
3.00308e-14
0
1.30554e-14
0
0
0
0
0
0
0
0
0
0
0
0
0
0
0
0
0
0
7.6913e-14
4.82472e-14
2.6094e-13
0
1.93807e-13
0
0
4.44974e-14
4.25587e-14
0
0
0
0
0
7.48055e-14
7.04125e-14
5.92274e-14
0
3.24787e-14
0
0
0
0
0
0
0
0
0
2.80582e-14
0
2.62519e-14
6.92125e-14
9.35907e-14
0
0
0
0
0
0
0
0
3.32645e-14
3.40973e-14
5.867e-14
0
0
2.69406e-14
3.69878e-14
0
1.46612e-14
3.63368e-14
1.56991e-14
0
0
0
0
0
0
0
0
0
0
0
0
0
0
0
0
0
0
1.03224e-14
0
0
8.49337e-15
0
0
0
0
0
0
0
0
0
0
0
0
0
0
0
0
0
0
0
0
0
0
0
0
0
0
1.96168e-13
0
0
9.14324e-14
1.75492e-14
1.31246e-13
0
0
2.16012e-13
0
8.91231e-14
0
0
0
3.27271e-14
0
0
0
2.94263e-14
0
5.92568e-14
1.08341e-13
0
0
8.73787e-14
0
0
0
0
5.61738e-14
0
0
0
5.72615e-14
0
0
0
0
0
0
0
2.53977e-14
0
2.34727e-14
0
2.06321e-14
4.08845e-14
3.47022e-14
8.35217e-15
0
0
0
0
0
8.17396e-14
0
0
0
1.31029e-14
3.46018e-14
0
0
0
0
0
0
0
0
0
0
0
0
3.16773e-14
0
0
0
0
0
0
3.88158e-14
0
0
8.19818e-15
0
0
0
0
0
0
0
0
0
0
0
0
0
0
0
0
0
0
0
0
0
1.00117e-13
0
0
7.91495e-14
0
0
0
7.28196e-14
6.32496e-14
5.16132e-14
5.56466e-14
0
0
0
0
0
3.70788e-14
0
0
1.01042e-13
0
0
4.62814e-14
0
0
0
0
6.47202e-14
0
0
5.85608e-14
4.19975e-14
2.17696e-14
0
0
0
0
2.98253e-14
3.87402e-14
0
0
0
0
0
0
0
0
2.12789e-14
0
2.8051e-14
0
0
0
0
0
0
1.83859e-14
0
0
0
0
0
0
0
0
2.26714e-14
0
0
0
1.61048e-14
0
0
0
0
0
0
0
0
0
6.50114e-15
0
0
0
0
0
0
0
0
0
0
0
0
0
0
0
0
0
1.25704e-13
0
8.43006e-14
0
0
0
0
0
0
0
7.7946e-14
0
0
0
0
0
1.09563e-13
0
4.97868e-14
0
0
1.39627e-14
0
2.08844e-14
0
0
6.54254e-15
0
0
8.23443e-15
0
0
3.52671e-14
0
0
0
0
8.58515e-15
0
3.6266e-14
2.30454e-14
2.09559e-14
0
3.93701e-14
0
4.45354e-15
2.66393e-14
0
0
0
0
0
0
0
0
0
0
0
0
0
1.50025e-14
0
0
0
0
4.12581e-14
0
0
8.28827e-15
0
0
2.36501e-14
0
0
0
1.72775e-14
0
0
0
0
1.6066e-14
4.49368e-15
0
1.55146e-14
0
0
0
0
0
0
0
0
0
0
0
0
0
0
0
0
0
0
0
0
0
0
7.40522e-14
0
0
0
0
0
0
0
7.96427e-14
0
0
0
0
0
0
0
0
0
0
0
1.42446e-14
0
0
8.77464e-15
0
1.87815e-14
0
0
0
4.41971e-14
0
0
0
0
0
0
2.83285e-15
0
0
0
0
0
0
0
0
0
0
3.06772e-14
0
0
0
0
0
0
0
0
0
0
0
0
0
0
0
0
0
1.25722e-14
0
0
0
0
1.9577e-14
1.89159e-14
0
0
0
0
0
0
0
0
8.94429e-15
0
1.63083e-15
0
0
0
0
0
0
0
0
0
0
0
0
0
2.19494e-13
0
1.97611e-13
1.7646e-13
0
1.50737e-13
0
1.47234e-13
0
0
0
5.30586e-14
4.47817e-14
0
3.92254e-14
0
0
0
0
5.35247e-14
0
0
0
5.16255e-14
0
0
1.99858e-14
9.84099e-15
7.80846e-14
0
0
0
1.14287e-14
0
0
0
0
2.47078e-14
0
0
2.7049e-14
1.77704e-14
0
0
0
5.60709e-14
0
0
0
0
0
0
0
0
0
0
1.22899e-14
2.06211e-14
0
0
0
0
0
0
0
0
0
2.16828e-14
2.49961e-14
0
0
0
0
0
0
0
0
0
0
0
0
0
0
0
0
0
0
0
0
0
0
0
0
0
0
0
0
0
4.81563e-14
0
0
0
0
0
0
0
0
0
0
6.02883e-14
0
0
5.28131e-14
0
6.5837e-14
0
0
0
0
0
0
0
0
0
0
0
0
0
0
0
0
0
1.69754e-14
0
0
0
0
4.23278e-14
0
0
5.68944e-15
0
0
0
0
0
2.34106e-14
0
0
0
0
0
0
0
0
0
0
0
0
0
0
0
0
0
0
0
0
0
2.59429e-14
0
0
5.92026e-15
0
6.82506e-15
0
0
0
0
0
0
0
0
0
0
0
0
0
0
0
0
0
0
0
0
0
0
0
0
0
0
0
0
0
1.80489e-13
8.79956e-14
0
8.4472e-14
0
0
0
0
0
0
1.72692e-14
0
5.98772e-14
0
0
0
7.3143e-14
0
0
0
0
1.54725e-14
0
2.64858e-14
0
0
0
7.61483e-14
0
0
3.44274e-14
0
1.55272e-14
0
1.70304e-14
0
0
0
1.77466e-14
0
0
0
0
0
0
0
0
1.85204e-14
0
6.31151e-15
0
0
0
0
0
7.0612e-15
0
0
0
0
0
0
0
0
0
0
3.51342e-14
0
0
0
0
0
8.00866e-15
0
0
0
0
0
0
0
0
0
0
0
0
0
0
0
0
0
0
0
0
0
0
0
0
0
0
6.13403e-14
0
0
1.51348e-13
0
0
0
0
3.7992e-14
0
0
0
0
2.80669e-14
0
0
0
0
0
0
3.7434e-14
0
0
0
6.67424e-14
0
4.11954e-14
0
2.62786e-14
3.43816e-14
0
0
0
0
3.64245e-14
0
0
0
0
0
0
0
0
0
0
0
0
0
0
0
0
0
0
0
3.03215e-15
0
0
0
0
0
0
0
0
0
0
0
6.14824e-15
0
0
2.15418e-14
0
0
0
1.07589e-14
0
0
0
0
0
0
0
0
0
0
0
0
0
0
0
0
0
0
0
0
0
0
0
0
0
0
0
0
0
0
0
0
0
0
0
0
0
0
0
8.08899e-14
0
4.52535e-14
0
0
0
0
2.46082e-14
0
3.52519e-14
0
0
0
0
0
0
0
0
0
2.88225e-14
0
0
0
0
0
0
0
0
0
0
2.05537e-14
0
0
2.45198e-14
0
0
0
0
0
0
0
1.53305e-14
0
0
0
0
0
0
0
0
0
0
0
0
0
0
0
0
0
1.55005e-14
0
0
0
0
0
0
0
0
0
0
0
0
0
0
0
0
0
0
0
0
0
0
0
0
0
0
0
0
0
0
0
0
0
0
0
0
0
0
9.95354e-14
0
1.43302e-13
4.94901e-14
0
0
0
0
0
0
0
1.03097e-13
0
0
0
0
0
0
2.86813e-14
0
0
0
0
0
0
0
0
0
0
0
0
0
0
0
0
1.09596e-14
0
0
0
0
0
0
0
0
2.02835e-14
0
0
0
0
0
0
0
0
0
0
0
2.32023e-14
0
0
0
0
0
0
0
0
0
0
0
0
0
0
0
7.76844e-15
0
0
0
0
0
0
0
0
0
0
0
0
0
0
0
0
0
0
0
0
0
0
0
0
0
0
0
0
5.80307e-14
0
0
0
0
0
0
0
0
0
0
0
0
0
0
0
0
0
0
0
0
0
1.18551e-14
0
0
0
0
0
0
0
0
0
0
1.84853e-14
1.28527e-14
0
0
0
0
0
0
0
0
2.60718e-14
0
0
0
0
0
0
0
0
0
0
0
0
4.4409e-15
0
0
8.37804e-15
0
0
0
0
0
0
0
0
0
0
0
0
0
0
0
0
0
0
0
0
0
0
0
0
0
0
0
0
0
0
0
0
0
0
0
2.7329e-14
0
5.71031e-14
0
0
0
4.98974e-14
0
0
0
0
0
0
0
0
0
0
0
3.40401e-14
0
7.10077e-16
0
0
0
0
0
0
0
0
0
0
0
0
2.57616e-14
0
0
0
0
0
0
0
0
0
0
0
0
0
0
0
0
0
0
0
0
0
0
0
0
0
0
0
0
0
0
0
0
0
0
0
0
0
0
0
0
0
0
0
0
0
0
0
0
0
0
0
0
0
0
0
0
0
0
0
0
0
0
0
0
0
0
0
0
0
0
0
0
0
0
0
2.80328e-14
0
0
0
0
4.99739e-14
0
0
0
0
8.50167e-15
2.11189e-14
0
0
0
0
0
0
0
0
0
0
0
0
0
0
0
0
1.94805e-14
0
0
0
0
0
0
0
0
0
0
0
0
0
0
0
0
0
1.07382e-14
0
0
0
0
0
0
9.4034e-15
0
0
0
0
0
1.29074e-14
0
0
0
0
0
0
0
0
0
0
0
0
0
0
0
0
0
0
0
0
0
0
0
0
0
0
0
0
0
0
0
0
0
0
0
0
0
0
0
0
0
0
1.54346e-14
4.77854e-14
0
0
0
1.82393e-14
0
0
3.77055e-14
0
0
0
0
0
0
0
1.0931e-14
0
0
0
0
0
0
0
0
0
0
0
2.93848e-14
1.18015e-14
0
0
0
0
0
0
0
0
5.02428e-15
0
0
0
0
0
0
0
0
0
0
0
0
0
0
5.83645e-15
0
0
7.44211e-15
1.17849e-14
0
8.86444e-15
0
0
0
0
0
0
7.57346e-16
0
0
0
0
0
0
0
0
0
0
0
0
0
0
0
0
0
0
0
0
0
0
0
0
0
0
0
0
0
0
0
0
0
0
0
0
0
1.93719e-14
2.82091e-15
0
0
0
0
0
0
0
0
0
0
0
0
0
0
0
0
0
0
0
0
0
0
0
0
0
0
0
0
0
0
0
0
0
0
0
0
0
0
0
0
0
0
0
0
0
7.23863e-15
1.0938e-14
5.7776e-15
0
0
0
0
0
0
0
0
0
0
0
0
0
0
0
0
0
0
0
0
0
0
0
0
0
0
0
0
0
0
0
0
0
0
0
0
0
0
0
0
0
0
0
0
0
0
0
0
0
0
0
0
0
0
0
0
0
0
0
0
0
0
0
0
0
0
0
0
0
0
0
0
0
0
0
0
0
0
0
0
0
0
0
0
0
1.07516e-14
0
0
0
0
0
0
0
0
0
0
0
1.95902e-14
6.98536e-15
0
0
0
0
0
0
1.53657e-14
0
0
1.36654e-14
0
0
0
0
0
0
0
0
0
0
0
0
0
0
0
0
0
0
0
0
0
0
0
0
0
0
0
0
0
0
0
0
0
0
0
0
0
0
0
0
0
0
0
0
0
0
0
0
0
0
0
0
0
0
0
0
0
0
0
0
3.99987e-15
0
0
0
0
0
0
0
0
0
0
0
0
0
0
0
0
0
0
0
0
0
0
1.86023e-14
0
0
0
0
0
0
0
0
0
0
0
0
0
0
0
0
0
0
0
0
0
0
0
0
0
0
0
0
0
0
0
0
0
0
0
0
0
0
0
0
0
0
0
0
0
0
0
0
0
0
0
0
0
0
0
0
0
0
0
0
0
0
0
0
0
0
0
0
0
0
0
0
0
0
0
0
0
0
0
0
0
0
0
0
0
0
0
0
0
0
0
0
0
0
0
0
0
0
0
0
0
0
0
0
0
0
0
0
0
0
0
0
0
0
0
0
0
0
0
0
0
0
0
0
0
0
0
0
0
0
0
0
0
0
0
0
0
0
0
0
0
0
0
0
0
0
0
0
0
0
0
0
0
0
0
0
0
0
0
0
0
0
0
0
0
0
0
0
0
0
0
0
0
0
0
0
0
0
0
0
0
0
0
0
0
0
0
0
0
0
0
0
0
0
0
0
0
0
0
0
0
0
0
0
0
0
0
0
0
0
0
0
0
0
0
0
0
0
0
0
0
0
0
0
0
0
0
0
0
0
0
0
0
0
0
0
0
0
0
0
0
0
0
0
0
0
0
0
0
0
0
0
0
0
0
0
0
0
0
0
0
0
0
0
0
0
0
0
0
0
0
0
0
0
0
0
0
0
0
0
0
0
0
0
0
0
0
0
0
0
0
0
0
0
0
0
0
0
5.69448e-15
0
6.03498e-15
0
0
0
3.69519e-15
0
0
0
0
0
0
0
0
0
0
0
0
0
0
0
0
0
0
0
0
0
0
0
0
0
0
0
0
0
0
0
0
0
0
0
0
0
0
0
0
0
0
0
0
0
0
0
0
0
0
0
0
0
0
0
0
0
0
0
0
0
0
0
0
0
0
0
0
0
0
0
0
0
0
0
0
0
0
0
0
0
0
0
0
0
0
0
0
0
0
0
0
0
2.37252e-15
0
0
0
0
0
0
0
0
0
0
0
0
0
0
0
0
0
0
0
0
0
0
0
0
0
0
0
0
0
0
0
0
0
0
0
0
0
0
0
0
0
0
0
0
0
0
0
0
0
0
0
0
0
0
0
0
0
0
0
0
0
0
0
0
0
0
0
0
0
0
0
0
0
0
0
0
0
0
0
0
0
0
0
0
0
0
0
0
0
0
0
0
0
0
0
0
0
0
0
0
0
0
0
0
0
0
0
0
0
0
0
0
0
0
0
0
0
0
0
0
0
0
0
0
0
0
0
0
0
0
0
0
0
0
0
0
0
0
0
0
0
0
0
0
0
0
0
0
0
0
0
0
0
0
0
0
0
0
0
0
0
0
0
0
0
0
0
0
0
0
0
0
0
0
0
0
0
0
0
0
0
0
0
0
0
0
0
0
0
0
0
0
0
0
0
0
0
0
0
0
0
0
0
0
0
0
0
0
0
0
0
0
0
0
0
0
0
0
0
0
0
0
0
0
0
0
0
0
0
0
0
0
0
0
0
0
0
0
0
0
0
0
0
0
0
0
0
0
0
0
0
0
0
0
0
0
0
0
0
0
0
0
0
0
0
0
0
0
0
0
0
0
0
0
0
0
0
0
0
0
0
0
0
0
0
0
0
0
0
0
0
0
0
0
0
0
0
0
0
0
0
0
0
0
0
0
0
0
0
0
0
0
6.22745e-15
0
0
0
0
0
0
0
0
0
0
0
0
0
0
0
0
0
0
0
0
0
0
0
0
0
0
0
0
0
0
0
0
0
0
0
0
0
0
0
0
0
0
0
0
0
0
0
0
0
0
0
0
0
0
0
0
0
0
0
0
0
0
0
0
0
0
0
0
0
0
0
0
0
0
0
0
0
0
0
0
0
0
0
0
0
0
0
0
0
0
0
0
0
0
0
0
0
0
0
0
0
0
0
0
0
0
0
0
0
0
0
0
0
0
0
0
0
0
0
0
0
0
0
0
0
0
0
0
0
0
0
0
0
0
0
0
0
0
0
0
0
0
0
0
0
0
0
0
0
0
0
0
0
0
0
0
0
0
0
0
0
0
0
0
0
0
0
0
0
0
0
0
0
0
0
0
0
0
0
0
0
0
0
0
0
0
0
0
0
0
0
0
0
0
0
0
0
0
0
0
0
0
0
0
0
0
0
0
0
0
0
0
0
0
0
0
0
0
0
0
0
0
0
0
0
0
0
0
0
0
0
0
0
0
0
0
0
0
0
0
0
0
0
0
0
0
0
0
0
0
0
0
0
0
0
0
0
0
0
0
0
0
0
0
0
0
0
0
0
0
0
0
0
0
0
0
0
0
0
0
0
0
0
0
0
0
0
0
0
0
0
0
0
0
0
0
0
0
0
0
0
0
0
0
0
0
0
0
0
0
0
0
0
0
0
0
0
0
0
0
0
0
0
0
0
0
0
0
0
0
0
0
0
0
0
0
0
0
0
0
0
0
0
0
0
0
0
0
0
0
0
0
0
0
0
0
0
0
0
0
0
0
0
0
0
0
0
0
0
0
0
0
0
0
0
0
0
0
0
0
0
0
0
0
0
0
0
0
0
0
0
0
0
0
0
0
0
0
0
0
0
0
0
0
0
0
0
0
0
0
0
0
0
0
0
0
0
0
0
0
0
0
0
0
0
0
0
0
0
0
0
0
0
0
0
0
0
0
0
0
0
0
0
0
0
0
0
0
0
0
0
0
0
0
0
0
0
0
0
0
0
0
0
0
0
0
0
0
0
0
0
0
0
0
0
0
0
0
0
0
0
0
0
0
0
0
0
0
0
0
0
0
0
0
0
0
0
0
0
0
0
0
0
0
0
0
0
0
0
0
0
0
0
0
0
0
0
0
0
0
0
0
0
0
0
0
0
0
0
0
0
0
0
0
0
0
0
0
0
0
0
0
0
0
0
0
0
0
0
0
0
0
0
0
0
0
0
0
0
0
0
0
0
0
0
0
0
0
0
0
0
0
0
0
0
0
0
0
0
0
0
0
0
0
0
0
0
0
0
0
0
0
0
0
0
0
0
0
0
0
0
0
0
0
0
0
0
0
0
0
0
0
0
0
0
0
0
0
0
0
0
0
0
0
0
0
0
0
0
0
0
0
0
0
0
0
0
0
0
0
0
0
0
0
0
0
0
0
0
0
0
0
0
0
0
0
0
0
0
0
0
0
0
0
0
0
0
0
0
0
0
0
0
0
0
0
0
0
0
0
0
0
0
0
0
0
0
0
0
0
0
0
0
0
0
0
0
0
0
0
0
0
0
0
0
0
0
0
0
0
0
0
0
0
0
0
0
0
0
0
0
0
0
0
0
0
0
0
0
0
0
0
0
0
0
0
0
0
0
0
0
0
0
0
0
0
0
0
0
0
0
0
0
0
0
0
0
0
0
0
0
0
0
0
0
0
0
0
0
0
0
0
0
0
0
0
0
0
0
0
0
0
0
0
0
0
0
0
0
0
0
0
0
0
0
0
0
0
0
0
0
0
0
0
0
0
0
0
0
0
0
0
0
0
0
0
0
0
0
0
0
0
0
0
0
0
0
0
0
0
0
0
0
0
0
0
0
0
0
0
0
0
0
0
0
0
0
0
0
0
0
0
0
0
0
0
0
0
0
0
0
0
0
0
0
0
0
0
0
0
0
0
0
0
0
0
0
0
0
0
0
0
0
0
0
0
0
0
0
0
0
0
0
0
0
0
0
0
0
0
0
0
0
0
0
0
0
0
0
0
0
0
0
0
0
0
0
0
0
0
0
0
0
0
0
0
0
0
0
0
0
0
0
0
0
0
0
0
0
0
0
0
0
0
0
0
0
0
0
0
0
0
0
0
0
0
0
0
0
0
0
0
0
0
0
0
0
0
0
0
0
0
0
0
0
0
0
0
0
0
0
0
0
0
0
0
0
0
0
0
0
0
0
0
0
0
0
0
0
0
0
0
0
0
0
0
0
0
0
0
0
0
0
0
0
0
0
0
0
0
0
0
0
0
0
0
0
0
0
0
0
0
0
0
0
0
0
0
0
0
0
0
0
0
0
0
0
0
0
0
0
0
0
0
0
0
0
0
0
0
0
0
0
0
0
0
0
0
0
0
0
0
0
0
0
0
0
0
0
0
0
0
0
0
0
0
0
0
0
0
0
0
0
0
0
0
0
0
0
0
0
0
0
0
0
0
0
0
0
0
0
0
0
0
0
0
0
0
0
0
0
0
0
0
0
0
0
0
0
0
0
0
0
0
0
0
0
0
0
0
0
0
0
0
0
0
0
0
0
0
0
0
0
0
0
0
0
0
0
0
0
0
0
0
0
0
0
0
0
0
0
0
0
0
0
0
0
0
0
0
0
0
0
0
0
0
0
0
0
0
0
0
0
0
0
0
0
0
0
0
0
0
0
0
0
0
0
0
0
0
0
0
0
0
0
0
0
0
0
0
0
0
0
0
0
0
0
0
0
0
0
0
0
0
0
0
0
0
0
0
0
0
0
0
0
0
0
0
0
0
0
0
0
0
0
0
0
0
0
0
0
0
0
0
0
0
0
0
0
0
0
0
0
0
0
0
0
0
0
0
0
0
0
0
0
0
0
0
0
0
0
0
0
0
0
0
0
0
0
0
0
0
0
0
0
0
0
0
0
0
0
0
0
0
0
0
0
0
0
0
0
0
0
0
0
0
0
0
0
0
0
0
0
0
0
0
0
0
0
0
0
0
0
0
0
0
0
0
0
0
0
0
0
0
0
0
0
0
0
0
0
0
0
0
0
0
0
0
0
0
0
0
0
0
0
0
0
0
0
0
0
0
0
0
0
0
0
0
0
0
0
0
0
0
0
0
0
0
0
0
0
0
0
0
0
0
0
0
0
0
0
0
0
0
0
0
0
0
0
0
0
0
0
0
0
0
0
0
0
0
0
0
0
0
0
0
0
0
0
0
0
0
0
0
0
0
0
0
0
0
0
0
0
0
0
0
0
0
0
0
0
0
0
0
0
0
0
0
0
0
0
0
0
0
0
0
0
0
0
0
0
0
0
0
0
0
0
0
0
0
0
0
0
0
0
0
0
0
0
0
0
0
0
0
0
0
0
0
0
0
0
0
0
0
0
0
0
0
0
0
0
0
0
0
0
0
0
0
0
0
0
0
0
0
0
0
0
0
0
0
0
0
0
0
0
0
0
0
0
0
0
0
0
0
0
0
0
0
0
0
0
0
0
0
0
0
0
0
0
0
0
0
0
0
0
0
0
0
0
0
0
0
0
0
0
0
0
0
0
0
0
0
0
0
0
0
0
0
0
0
0
0
0
0
0
0
0
0
0
0
0
0
0
0
0
0
0
0
0
0
0
0
0
0
0
0
0
0
0
0
0
0
0
0
0
0
0
0
0
0
0
0
0
0
0
0
0
0
0
0
0
0
0
0
0
0
0
0
0
0
0
0
0
0
0
0
0
0
0
0
0
0
0
0
0
0
0
0
0
0
0
0
0
0
0
0
0
0
0
0
0
0
0
0
0
0
0
0
0
0
0
0
0
0
0
0
0
0
0
0
0
0
0
0
0
0
0
0
0
0
0
0
0
0
0
0
0
0
0
0
0
0
0
0
0
0
0
0
0
0
0
0
0
0
0
0
0
0
0
0
0
0
0
0
0
0
0
0
0
0
0
0
0
0
0
0
0
0
0
0
0
0
0
0
0
0
0
0
0
0
0
0
0
0
0
0
0
0
0
0
0
0
0
0
0
0
0
0
0
0
0
0
0
0
0
0
0
0
0
0
0
0
0
0
0
0
0
0
0
0
0
0
0
0
0
0
0
0
0
0
0
0
0
0
0
0
0
0
0
0
0
0
0
0
0
0
0
0
0
0
0
0
0
0
0
0
0
0
0
0
0
0
0
0
0
0
0
0
0
0
0
0
0
0
0
0
0
0
0
0
0
0
0
0
0
0
0
0
0
0
0
0
0
0
0
0
0
0
0
0
0
0
0
0
0
0
0
0
0
0
0
0
0
0
0
0
0
0
0
0
0
0
0
0
0
0
0
0
0
0
0
0
0
0
0
0
0
0
0
0
0
0
0
0
0
0
0
0
0
0
0
0
0
0
0
0
0
0
0
0
0
0
0
0
0
0
0
0
0
0
0
0
0
0
0
0
0
0
0
0
0
0
0
0
0
0
0
0
0
0
0
0
0
0
0
0
0
0
0
0
0
0
0
0
0
0
0
0
0
0
0
0
0
0
0
0
0
0
0
0
0
0
0
0
0
0
0
0
0
0
0
0
0
0
0
0
0
0
0
0
0
0
0
0
0
0
0
0
0
0
0
0
0
0
0
0
0
0
0
0
0
0
0
0
0
0
0
0
0
0
0
0
0
0
0
0
0
0
0
0
0
0
0
0
0
0
0
0
0
0
0
0
0
0
0
0
0
0
0
0
0
0
0
0
0
0
0
0
0
0
0
0
0
0
0
0
0
0
0
0
0
0
0
0
0
0
0
0
0
0
0
0
0
0
0
0
0
0
0
0
0
0
0
0
0
0
0
0
0
0
0
0
0
0
0
0
0
0
0
0
0
0
0
0
0
0
0
0
0
0
0
0
0
0
0
0
0
0
0
0
0
0
0
0
0
0
0
0
0
0
0
0
0
0
0
0
0
0
0
0
0
0
0
0
0
0
0
0
0
0
0
0
0
0
0
0
0
0
0
0
0
0
0
0
0
0
0
0
0
0
0
0
0
0
0
0
0
0
0
0
0
0
0
0
0
0
0
0
0
0
0
0
0
0
0
0
0
0
0
0
0
0
0
0
0
0
0
0
0
0
0
0
0
0
0
0
0
0
0
0
0
0
0
0
0
0
0
0
0
0
0
0
0
0
0
0
0
0
0
0
0
0
0
0
0
0
0
0
0
0
0
0
0
0
0
0
0
0
0
0
0
0
0
0
0
0
0
0
0
0
0
0
0
0
0
0
0
0
0
0
0
0
0
0
0
0
0
0
0
0
0
0
0
0
0
0
0
0
0
0
0
0
0
0
0
0
0
0
0
0
0
0
0
0
0
0
0
0
0
0
0
0
0
0
0
0
0
0
0
0
0
0
0
0
0
0
0
0
0
0
0
0
0
0
0
0
0
0
0
0
0
0
0
0
0
0
0
0
0
0
0
0
0
0
0
0
0
0
0
0
0
0
0
0
0
0
0
0
0
0
0
0
0
0
0
0
0
0
0
0
0
0
0
0
0
0
0
0
0
0
0
0
0
0
0
0
0
0
0
0
0
0
0
0
0
0
0
0
0
0
0
0
0
0
0
0
0
0
0
0
0
0
0
0
0
0
0
0
0
0
0
0
0
0
0
0
0
0
0
0
0
0
0
0
0
0
0
0
0
0
0
0
0
0
0
0
0
0
0
0
0
0
0
0
0
0
0
0
0
0
0
0
0
0
0
0
0
0
0
0
0
0
0
0
0
0
0
0
0
0
0
0
0
0
0
0
0
0
0
0
0
0
0
0
0
0
0
0
0
0
0
0
0
0
0
0
0
0
0
0
0
0
0
0
0
0
0
0
0
0
0
0
0
0
0
0
0
0
0
0
0
0
0
0
0
0
0
0
0
0
0
0
0
0
0
0
0
0
0
0
0
0
0
0
0
0
0
0
0
0
0
0
0
0
0
0
0
0
0
0
0
0
0
0
0
0
0
0
0
0
0
0
0
0
0
0
0
0
0
0
0
0
0
0
0
0
0
0
0
0
0
0
0
0
0
0
0
0
0
0
0
0
0
0
0
0
0
0
0
0
0
0
0
0
0
0
0
0
0
0
0
0
0
0
0
0
0
0
0
0
0
0
0
0
0
0
0
0
0
0
0
0
0
0
0
0
0
0
0
0
0
0
0
0
0
0
0
0
0
0
0
0
0
0
0
0
0
0
0
0
0
0
0
0
0
0
0
0
0
0
0
0
0
0
0
0
0
0
0
0
0
0
0
0
0
0
0
0
0
0
0
0
0
0
0
0
0
0
0
0
0
0
0
0
0
0
0
0
0
0
0
0
0
0
0
0
0
0
0
0
0
0
0
0
0
0
0
0
0
0
0
0
0
0
0
0
0
0
0
0
0
0
0
0
0
0
0
0
0
0
0
0
0
0
0
0
0
0
0
0
0
0
0
0
0
0
0
0
0
0
0
0
0
0
0
0
0
0
0
0
0
0
0
0
0
0
0
0
0
0
0
0
0
0
0
0
0
0
0
0
0
0
0
0
0
0
0
0
0
0
0
0
0
0
0
0
0
0
0
0
0
0
0
0
0
0
0
0
0
0
0
0
0
0
0
0
0
0
0
0
0
0
0
0
0
0
0
0
0
0
0
0
0
0
0
0
0
0
0
0
0
0
0
0
0
0
0
0
0
0
0
0
0
0
0
0
0
0
0
0
0
0
0
0
0
0
0
0
0
0
0
0
0
0
0
0
0
0
0
0
0
0
0
0
0
0
0
0
0
0
0
0
0
0
0
0
0
0
0
0
0
0
0
0
0
0
0
0
0
0
0
0
0
0
0
0
0
0
0
0
0
0
0
0
0
0
0
0
0
0
0
0
0
0
0
0
0
0
0
0
0
0
0
0
0
0
0
0
0
0
0
0
0
0
0
0
0
0
0
0
0
0
0
0
0
0
0
0
0
0
0
0
0
0
0
0
0
0
0
0
0
0
0
0
0
0
0
0
0
0
0
0
0
0
0
0
0
0
0
0
0
0
0
0
0
0
0
0
0
0
0
0
0
0
0
0
0
0
0
0
0
0
0
0
0
0
0
0
0
0
0
0
0
0
0
0
0
0
0
0
0
0
0
0
0
0
0
0
0
0
0
0
0
0
0
0
0
0
0
0
0
0
0
0
0
0
0
0
0
0
0
0
0
0
0
0
0
0
0
0
0
0
0
0
0
0
0
0
0
0
0
0
0
0
0
0
0
0
0
0
0
0
0
0
0
0
0
0
0
0
0
0
0
0
0
0
0
0
0
0
0
0
0
0
0
0
0
0
0
0
0
0
0
0
0
0
0
0
0
0
0
0
0
0
0
0
0
0
0
0
0
0
0
0
0
0
0
0
0
0
0
0
0
0
0
0
0
0
0
0
0
0
0
0
0
0
0
0
0
0
0
0
0
0
0
0
0
0
0
0
0
0
0
0
0
0
0
0
0
0
0
0
0
0
0
0
0
0
0
0
0
0
0
0
0
0
0
0
0
0
0
0
0
0
0
0
0
0
0
0
0
0
0
0
0
0
0
0
0
0
0
0
0
0
0
0
0
0
0
0
0
0
0
0
0
0
0
0
0
0
0
0
0
0
0
0
0
0
0
0
0
0
0
0
0
0
0
0
0
0
0
0
0
0
0
0
0
0
0
0
0
0
0
0
0
0
0
0
0
0
0
0
0
0
0
0
0
0
0
0
0
0
0
0
0
0
0
0
0
0
0
0
0
0
0
0
0
0
0
0
0
0
0
0
0
0
0
0
0
0
0
0
0
0
0
0
0
0
0
0
0
0
0
0
0
0
0
0
0
0
0
0
0
0
0
0
0
0
0
0
0
0
0
0
0
0
0
0
0
0
0
0
0
0
0
0
0
0
0
0
0
0
0
0
0
0
0
0
0
0
0
0
0
0
0
0
0
0
0
0
0
0
0
0
0
0
0
0
0
0
0
0
0
0
0
0
0
0
0
0
0
0
0
0
0
0
0
0
0
0
0
0
0
0
0
0
0
0
0
0
0
0
0
0
0
0
0
0
0
0
0
0
0
0
0
0
0
0
0
0
0
0
0
0
0
0
0
0
0
0
0
0
0
0
0
0
0
0
0
0
0
0
0
0
0
0
0
0
0
0
0
0
0
0
0
0
0
0
0
0
0
0
0
0
0
0
0
0
0
0
0
0
0
0
0
0
0
0
0
0
0
0
0
0
0
0
0
0
0
0
0
0
0
0
0
0
0
0
0
0
0
0
0
0
0
0
0
0
0
0
0
0
0
0
0
0
0
0
0
0
0
0
0
0
0
0
0
0
0
0
0
0
0
0
0
0
0
0
0
0
0
0
0
0
0
0
0
0
0
0
0
0
0
0
0
0
0
0
0
0
0
0
0
0
0
0
0
0
0
0
0
0
0
0
0
0
0
0
0
0
0
0
0
0
0
0
0
0
0
0
0
0
0
0
0
0
0
0
0
0
0
0
0
0
0
0
0
0
0
0
0
0
0
0
0
0
0
0
0
0
0
0
0
0
0
0
0
0
0
0
0
0
0
0
0
0
0
0
0
0
0
0
0
0
0
0
0
0
0
0
0
0
0
0
0
0
0
0
0
0
0
0
0
0
0
0
0
0
0
0
0
0
0
0
0
0
0
0
0
0
0
0
0
0
0
0
0
0
0
0
0
0
0
0
0
0
0
0
0
0
0
0
0
0
0
0
0
0
0
0
0
0
0
0
0
0
0
0
0
0
0
0
0
0
0
0
0
0
0
0
0
0
0
0
0
0
0
0
)
;


// ************************************************************************* //
