/*--------------------------------*- C++ -*----------------------------------*\
  =========                 |
  \\      /  F ield         | OpenFOAM: The Open Source CFD Toolbox
   \\    /   O peration     | Website:  https://openfoam.org
    \\  /    A nd           | Version:  6
     \\/     M anipulation  |
\*---------------------------------------------------------------------------*/
FoamFile
{
    version     2.0;
    format      ascii;
    class       volScalarField::Internal;
    location    "0.1";
    object      sprayCloud:hsCoeff;
}
// * * * * * * * * * * * * * * * * * * * * * * * * * * * * * * * * * * * * * //

dimensions      [1 2 -2 -1 0 0 0];

value           nonuniform List<scalar> 
8000
(
0
0
0
0
0
0
0
0
0
0
0
0
0
0
0
0
0
5.62341e-10
0
0
0
0
0
0
0
0
0
0
0
0
2.62216e-10
0
0
0
0
0
0
0
0
0
0
0
0
0
0
0
0
0
0
0
1.11245e-10
0
0
0
0
0
0
0
0
0
0
0
0
0
0
0
0
0
0
0
5.66416e-11
0
0
0
0
0
0
0
0
0
0
0
0
0
0
0
0
0
4.60691e-11
0
0
0
0
0
0
0
0
0
0
0
0
0
0
0
0
0
0
0
0
0
0
0
0
0
0
0
0
0
0
0
0
0
0
0
0
0
0
0
0
0
0
0
0
0
0
0
0
0
0
1.89017e-10
0
0
0
0
0
0
0
0
0
0
0
0
0
0
0
0
0
0
0
0
0
0
0
0
0
0
0
0
0
0
0
0
0
0
0
0
0
0
0
0
0
0
0
0
0
0
0
0
0
0
0
0
0
0
0
0
0
0
0
0
0
0
2.70256e-10
1.30229e-09
0
0
0
3.07816e-10
2.30426e-10
0
7.00735e-11
0
0
0
0
0
0
0
0
1.06613e-09
0
0
0
0
0
0
0
0
0
0
0
0
0
0
0
0
0
0
0
0
0
0
0
0
0
0
0
0
0
0
0
0
0
0
0
0
0
0
0
0
0
0
0
0
0
0
0
0
0
0
0
0
9.59118e-11
0
0
9.99383e-11
0
0
0
1.37277e-10
0
0
0
0
7.3697e-11
0
0
0
0
0
0
0
2.16856e-11
6.18203e-11
0
0
0
0
6.65431e-11
0
0
0
0
0
0
0
0
0
0
0
0
0
0
4.62614e-11
3.67512e-09
0
0
0
0
0
0
0
0
0
0
4.33685e-10
0
0
0
0
0
0
0
0
0
2.62324e-10
0
1.40302e-10
0
0
0
0
0
0
0
0
0
0
0
0
0
0
1.74189e-10
0
0
0
0
0
0
0
0
0
0
0
0
0
0
0
0
0
8.373e-11
0
0
0
0
0
0
0
0
0
0
0
0
0
0
0
0
0
1.07916e-11
0
0
0
0
0
0
0
0
0
0
0
0
0
7.52305e-09
0
0
0
0
0
0
0
8.84951e-11
2.6182e-10
1.35884e-10
0
0
0
0
0
0
0
0
0
0
0
0
0
0
0
0
0
0
0
0
0
0
0
0
0
0
1.89149e-10
0
0
0
0
0
0
0
0
0
0
0
0
0
0
0
0
0
0
0
0
0
0
0
0
0
0
0
0
1.08232e-10
0
0
0
0
0
0
0
0
0
0
0
0
1.13891e-10
0
1.35918e-10
0
0
0
0
0
0
0
0
0
0
0
0
0
0
0
0
0
5.32903e-10
0
0
0
0
0
1.55661e-10
0
0
0
0
0
0
0
1.64771e-10
1.15531e-09
5.80246e-11
8.98987e-11
0
0
0
2.35247e-10
2.12222e-10
0
0
0
0
0
0
0
0
0
0
0
0
0
0
0
0
0
0
3.1521e-10
0
0
0
0
0
0
1.35015e-10
0
0
1.37108e-10
0
0
0
0
0
0
0
0
0
0
0
0
0
0
0
0
0
0
0
0
0
0
0
0
0
0
0
0
1.09042e-10
0
0
0
0
0
0
0
0
0
0
0
2.30765e-11
0
0
0
0
0
0
0
0
0
6.29091e-10
0
0
1.41894e-10
2.22941e-09
6.27496e-11
0
0
0
4.35297e-10
0
0
0
0
0
0
0
2.17522e-10
0
0
0
0
4.00572e-11
1.77315e-10
0
1.44505e-10
0
0
0
0
0
0
0
0
0
0
0
3.74628e-10
0
0
0
0
0
3.46074e-10
0
0
0
0
0
1.25922e-10
0
0
0
0
1.47142e-10
0
0
0
0
0
0
7.19939e-11
0
0
0
0
0
0
0
0
0
0
0
0
0
0
5.12893e-11
0
0
0
0
0
0
0
6.78004e-11
0
0
0
0
0
0
0
0
0
0
0
0
8.8279e-10
1.13052e-09
2.80745e-10
0
0
0
1.56643e-09
0
0
2.73332e-11
2.64487e-10
2.01543e-10
1.35555e-11
1.06473e-10
0
0
0
0
0
0
0
5.04442e-10
0
2.25835e-10
0
0
0
0
0
0
1.99586e-10
0
0
0
0
8.46037e-11
0
0
0
0
0
0
0
0
0
0
0
0
0
0
0
0
2.12523e-10
0
0
0
0
0
0
0
0
1.24592e-10
1.21663e-10
0
8.40888e-12
0
0
0
0
1.45619e-10
2.32947e-10
0
0
0
8.97736e-11
0
0
0
0
1.144e-10
0
0
0
0
6.7113e-11
1.49504e-11
0
0
0
0
0
0
2.39782e-11
0
0
0
0
0
0
0
0
0
4.66589e-10
3.79025e-10
0
0
0
0
0
0
7.87931e-11
2.82079e-10
6.24558e-11
0
3.68009e-10
3.37349e-10
4.49695e-10
0
6.54701e-11
0
0
0
0
0
3.76698e-10
3.76426e-10
0
0
2.81523e-10
0
0
0
0
0
0
0
1.24992e-10
0
0
2.8862e-10
0
0
0
0
0
0
0
0
0
0
0
0
0
0
1.01758e-10
0
0
0
0
0
1.10888e-10
2.16614e-10
0
5.62126e-11
0
0
0
0
1.21761e-10
0
0
0
0
0
0
0
0
0
1.40533e-10
0
1.60789e-10
2.02389e-10
0
0
1.07888e-10
0
0
0
0
0
0
0
0
0
0
0
0
0
0
0
0
0
0
4.07913e-10
0
0
1.30051e-10
0
1.25135e-10
1.4146e-09
0
2.32146e-10
0
1.0876e-09
0
0
0
0
3.72314e-10
1.15669e-10
4.31078e-10
0
0
0
0
2.23793e-10
0
0
0
0
0
0
0
5.68704e-10
1.94216e-10
0
0
0
0
0
0
0
0
0
0
0
0
0
0
0
0
0
0
0
0
0
2.26328e-10
1.47069e-10
0
0
0
0
0
0
1.11144e-10
1.13479e-10
0
0
1.8966e-10
0
0
0
0
0
0
0
5.90176e-11
3.56726e-11
0
0
0
0
0
0
0
0
0
0
0
0
0
0
0
0
0
0
0
0
2.6781e-11
0
0
3.11258e-10
9.2912e-10
5.15182e-11
0
0
0
2.7201e-10
8.76456e-11
2.02113e-10
2.0725e-10
8.46255e-10
4.4982e-10
1.05118e-09
0
0
3.23738e-10
0
0
0
0
0
0
0
0
0
0
0
0
0
0
0
0
0
0
3.94509e-10
3.92347e-12
3.57632e-10
0
2.1798e-10
0
0
0
0
0
0
0
0
2.5349e-10
0
0
0
0
0
1.14918e-10
0
1.2007e-10
0
0
0
0
8.67627e-11
0
0
0
0
0
0
0
1.23361e-10
0
0
0
0
0
0
0
0
0
8.10179e-11
0
0
0
0
0
0
0
0
0
8.34865e-11
0
0
0
0
0
0
0
0
0
0
1.44795e-10
7.97445e-10
7.30247e-10
1.08266e-09
0
1.61814e-09
0
1.78373e-10
1.04753e-09
8.15398e-11
3.37134e-10
0
0
3.93154e-09
0
0
0
0
0
1.11441e-09
0
0
2.23588e-10
0
0
3.07757e-10
4.96913e-10
0
0
1.50815e-10
0
0
0
0
0
0
0
0
1.98232e-10
0
0
0
0
0
0
0
0
0
0
0
2.24709e-10
1.12755e-10
1.07161e-10
0
0
0
0
0
0
0
0
1.00314e-10
0
0
0
0
1.60024e-10
1.02425e-10
0
0
0
0
0
0
0
0
0
0
0
0
0
0
0
0
0
0
0
0
0
0
0
6.09826e-11
0
0
0
0
0
3.32605e-11
0
0
7.17759e-10
0
0
0
0
2.40148e-10
0
3.12233e-10
4.56207e-11
0
0
0
0
0
0
0
0
0
0
0
0
0
4.57354e-10
0
0
8.82977e-11
0
0
6.5996e-10
0
2.53678e-10
0
0
0
0
0
0
0
0
0
2.45602e-10
2.26055e-10
0
0
2.66312e-10
0
0
1.57751e-10
0
0
8.84402e-11
0
0
0
1.99912e-10
1.47062e-10
0
1.4478e-10
0
0
0
1.18788e-10
1.23046e-10
0
1.55758e-10
0
1.46528e-10
0
0
0
0
0
0
0
0
0
0
0
2.06807e-10
0
0
6.6147e-11
0
0
0
0
0
0
4.86427e-12
0
1.25361e-10
0
0
0
0
0
0
0
0
0
0
8.7378e-10
0
3.14636e-10
1.1143e-09
0
0
1.6008e-10
6.32638e-11
1.63955e-09
0
1.0716e-09
0
1.6539e-09
2.16459e-10
0
0
2.14307e-10
3.13583e-10
3.23693e-10
0
4.50071e-10
0
0
0
0
0
0
0
0
0
0
0
3.44213e-10
0
0
0
0
1.85613e-10
0
0
0
0
0
2.9982e-10
0
0
0
0
0
0
0
0
1.7086e-10
1.15155e-10
0
0
1.09126e-10
0
0
0
0
2.14061e-10
0
0
0
0
0
0
0
0
0
0
0
0
0
0
0
0
0
0
0
0
7.4902e-11
0
8.31285e-11
7.56632e-11
0
0
0
0
0
0
0
0
0
0
0
0
0
4.23398e-10
0
0
1.37664e-09
4.81417e-09
0
3.75471e-10
0
1.20737e-09
0
6.04664e-10
2.35921e-10
0
6.44958e-10
9.16938e-10
0
0
6.40532e-10
0
5.27844e-10
0
0
7.14283e-10
0
0
0
4.01395e-10
0
0
0
0
0
1.12009e-10
0
2.03778e-10
0
0
5.67153e-10
1.39487e-10
0
0
0
0
0
0
0
0
0
0
3.27412e-10
0
0
0
0
0
1.08341e-10
0
0
0
1.81426e-10
0
0
0
0
0
0
0
0
6.91986e-11
0
0
0
0
0
0
0
0
0
7.18907e-11
0
0
0
0
0
0
0
0
0
0
0
5.5539e-11
0
0
0
0
0
0
0
0
0
0
0
0
2.27823e-09
5.42249e-09
4.37493e-10
0
7.08349e-10
2.01821e-10
0
0
1.58843e-10
0
0
0
1.69635e-10
0
0
0
0
8.30272e-10
3.82603e-10
0
7.08983e-11
1.1969e-10
3.89337e-10
2.77994e-10
0
0
0
2.46244e-10
4.6315e-10
0
0
0
1.54678e-10
7.64551e-10
0
0
1.83761e-10
0
0
1.71154e-10
0
3.14799e-10
0
8.14734e-11
0
0
2.94653e-10
0
0
0
0
0
0
0
1.5937e-10
2.98313e-10
0
1.55673e-10
9.88911e-11
3.52249e-11
0
0
0
0
0
0
0
0
0
0
0
7.01063e-11
0
0
6.84031e-11
0
1.08802e-10
0
0
0
0
0
7.00708e-11
0
0
0
1.31631e-10
0
6.36357e-11
0
0
0
0
0
0
0
0
0
0
0
0
0
0
0
0
0
0
3.86141e-10
2.31893e-10
1.4474e-09
0
1.04843e-09
0
0
2.18631e-10
2.12775e-10
0
0
0
0
0
3.89119e-10
3.1968e-10
3.0821e-10
0
1.49496e-10
0
0
0
0
0
0
0
0
0
1.39378e-10
0
1.36967e-10
3.2058e-10
4.64979e-10
0
0
0
0
0
0
0
0
1.69254e-10
1.87556e-10
2.9023e-10
0
0
1.24254e-10
1.90911e-10
0
7.93736e-11
1.77742e-10
8.98005e-11
0
0
0
0
0
0
0
0
0
0
0
0
0
0
0
0
0
0
5.47083e-11
0
0
4.88578e-11
0
0
0
0
0
0
0
0
0
0
0
0
0
0
0
0
0
0
0
0
0
0
0
0
0
0
1.0162e-09
0
0
4.52664e-10
9.91747e-11
6.64187e-10
0
0
1.13172e-09
0
4.86604e-10
0
0
0
1.8416e-10
0
0
0
1.35437e-10
0
3.05183e-10
5.35882e-10
0
0
4.4754e-10
0
0
0
0
2.72401e-10
0
0
0
2.82666e-10
0
0
0
0
0
0
0
1.19017e-10
0
1.34348e-10
0
1.0388e-10
1.94621e-10
1.81415e-10
5.27095e-11
0
0
0
0
0
4.23291e-10
0
0
0
7.65861e-11
1.83374e-10
0
0
0
0
0
0
0
0
0
0
0
0
1.58089e-10
0
0
0
0
0
0
1.75925e-10
0
0
4.30413e-11
0
0
0
0
0
0
0
0
0
0
0
0
0
0
0
0
0
0
0
0
0
4.9479e-10
0
0
3.94286e-10
0
0
0
3.75275e-10
3.23481e-10
2.49656e-10
3.04964e-10
0
0
0
0
0
1.87833e-10
0
0
5.10808e-10
0
0
2.12954e-10
0
0
0
0
2.86138e-10
0
0
3.15661e-10
2.34509e-10
1.25772e-10
0
0
0
0
1.54216e-10
2.16607e-10
0
0
0
0
0
0
0
0
1.06199e-10
0
1.52047e-10
0
0
0
0
0
0
8.88786e-11
0
0
0
0
0
0
0
0
1.1443e-10
0
0
0
8.21785e-11
0
0
0
0
0
0
0
0
0
3.13105e-11
0
0
0
0
0
0
0
0
0
0
0
0
0
0
0
0
0
6.81668e-10
0
4.25349e-10
0
0
0
0
0
0
0
4.28492e-10
0
0
0
0
0
5.82064e-10
0
2.64147e-10
0
0
6.35978e-11
0
9.63327e-11
0
0
3.77832e-11
0
0
5.01536e-11
0
0
1.9232e-10
0
0
0
0
5.74114e-11
0
1.83365e-10
1.29324e-10
1.19393e-10
0
1.83936e-10
0
2.87035e-11
1.41223e-10
0
0
0
0
0
0
0
0
0
0
0
0
0
8.46704e-11
0
0
0
0
1.99788e-10
0
0
5.12783e-11
0
0
1.1038e-10
0
0
0
9.18152e-11
0
0
0
0
7.3115e-11
2.64315e-11
0
7.07962e-11
0
0
0
0
0
0
0
0
0
0
0
0
0
0
0
0
0
0
0
0
0
0
3.94733e-10
0
0
0
0
0
0
0
4.20665e-10
0
0
0
0
0
0
0
0
0
0
0
8.88194e-11
0
0
5.10602e-11
0
1.07638e-10
0
0
0
2.09582e-10
0
0
0
0
0
0
1.33861e-11
0
0
0
0
0
0
0
0
0
0
1.4523e-10
0
0
0
0
0
0
0
0
0
0
0
0
0
0
0
0
0
6.62468e-11
0
0
0
0
9.15847e-11
8.43984e-11
0
0
0
0
0
0
0
0
4.43748e-11
0
8.94052e-12
0
0
0
0
0
0
0
0
0
0
0
0
0
1.21293e-09
0
9.91653e-10
9.26546e-10
0
8.32574e-10
0
8.40796e-10
0
0
0
2.62078e-10
2.13503e-10
0
1.98471e-10
0
0
0
0
3.16957e-10
0
0
0
2.89233e-10
0
0
1.18678e-10
5.49096e-11
4.00038e-10
0
0
0
6.75109e-11
0
0
0
0
1.45473e-10
0
0
1.32606e-10
1.0696e-10
0
0
0
2.71711e-10
0
0
0
0
0
0
0
0
0
0
5.81978e-11
9.72077e-11
0
0
0
0
0
0
0
0
0
1.15127e-10
1.24152e-10
0
0
0
0
0
0
0
0
0
0
0
0
0
0
0
0
0
0
0
0
0
0
0
0
0
0
0
0
0
3.31357e-10
0
0
0
0
0
0
0
0
0
0
3.22599e-10
0
0
2.69813e-10
0
3.99147e-10
0
0
0
0
0
0
0
0
0
0
0
0
0
0
0
0
0
9.65273e-11
0
0
0
0
2.21859e-10
0
0
3.65733e-11
0
0
0
0
0
1.26947e-10
0
0
0
0
0
0
0
0
0
0
0
0
0
0
0
0
0
0
0
0
0
1.28756e-10
0
0
3.37128e-11
0
3.90588e-11
0
0
0
0
0
0
0
0
0
0
0
0
0
0
0
0
0
0
0
0
0
0
0
0
0
0
0
0
0
9.54299e-10
4.86364e-10
0
4.84685e-10
0
0
0
0
0
0
1.18673e-10
0
3.30047e-10
0
0
0
3.82646e-10
0
0
0
0
9.60097e-11
0
1.23703e-10
0
0
0
3.68197e-10
0
0
1.73967e-10
0
9.18711e-11
0
7.52318e-11
0
0
0
9.74845e-11
0
0
0
0
0
0
0
0
9.50521e-11
0
3.85694e-11
0
0
0
0
0
3.84541e-11
0
0
0
0
0
0
0
0
0
0
1.6685e-10
0
0
0
0
0
3.95202e-11
0
0
0
0
0
0
0
0
0
0
0
0
0
0
0
0
0
0
0
0
0
0
0
0
0
0
3.57777e-10
0
0
8.89561e-10
0
0
0
0
2.39525e-10
0
0
0
0
1.90256e-10
0
0
0
0
0
0
2.26482e-10
0
0
0
3.38649e-10
0
1.98656e-10
0
1.21152e-10
1.70255e-10
0
0
0
0
1.89319e-10
0
0
0
0
0
0
0
0
0
0
0
0
0
0
0
0
0
0
0
1.91525e-11
0
0
0
0
0
0
0
0
0
0
0
3.66211e-11
0
0
9.99644e-11
0
0
0
5.3061e-11
0
0
0
0
0
0
0
0
0
0
0
0
0
0
0
0
0
0
0
0
0
0
0
0
0
0
0
0
0
0
0
0
0
0
0
0
0
0
0
4.49567e-10
0
2.66823e-10
0
0
0
0
1.2331e-10
0
2.24748e-10
0
0
0
0
0
0
0
0
0
1.58902e-10
0
0
0
0
0
0
0
0
0
0
9.61265e-11
0
0
1.14728e-10
0
0
0
0
0
0
0
6.79694e-11
0
0
0
0
0
0
0
0
0
0
0
0
0
0
0
0
0
8.40819e-11
0
0
0
0
0
0
0
0
0
0
0
0
0
0
0
0
0
0
0
0
0
0
0
0
0
0
0
0
0
0
0
0
0
0
0
0
0
0
5.92372e-10
0
7.93846e-10
2.74191e-10
0
0
0
0
0
0
0
5.93245e-10
0
0
0
0
0
0
1.33788e-10
0
0
0
0
0
0
0
0
0
0
0
0
0
0
0
0
5.56316e-11
0
0
0
0
0
0
0
0
1.01264e-10
0
0
0
0
0
0
0
0
0
0
0
1.10084e-10
0
0
0
0
0
0
0
0
0
0
0
0
0
0
0
3.21012e-11
0
0
0
0
0
0
0
0
0
0
0
0
0
0
0
0
0
0
0
0
0
0
0
0
0
0
0
0
3.19884e-10
0
0
0
0
0
0
0
0
0
0
0
0
0
0
0
0
0
0
0
0
0
6.8682e-11
0
0
0
0
0
0
0
0
0
0
8.30695e-11
6.24602e-11
0
0
0
0
0
0
0
0
1.21024e-10
0
0
0
0
0
0
0
0
0
0
0
0
2.55876e-11
0
0
4.71211e-11
0
0
0
0
0
0
0
0
0
0
0
0
0
0
0
0
0
0
0
0
0
0
0
0
0
0
0
0
0
0
0
0
0
0
0
1.74251e-10
0
3.3672e-10
0
0
0
3.18092e-10
0
0
0
0
0
0
0
0
0
0
0
1.54261e-10
0
3.19974e-12
0
0
0
0
0
0
0
0
0
0
0
0
1.11046e-10
0
0
0
0
0
0
0
0
0
0
0
0
0
0
0
0
0
0
0
0
0
0
0
0
0
0
0
0
0
0
0
0
0
0
0
0
0
0
0
0
0
0
0
0
0
0
0
0
0
0
0
0
0
0
0
0
0
0
0
0
0
0
0
0
0
0
0
0
0
0
0
0
0
0
0
1.57942e-10
0
0
0
0
2.85186e-10
0
0
0
0
5.08593e-11
1.01872e-10
0
0
0
0
0
0
0
0
0
0
0
0
0
0
0
0
9.5567e-11
0
0
0
0
0
0
0
0
0
0
0
0
0
0
0
0
0
5.13048e-11
0
0
0
0
0
0
4.84239e-11
0
0
0
0
0
5.86797e-11
0
0
0
0
0
0
0
0
0
0
0
0
0
0
0
0
0
0
0
0
0
0
0
0
0
0
0
0
0
0
0
0
0
0
0
0
0
0
0
0
0
0
9.77839e-11
2.60066e-10
0
0
0
9.44372e-11
0
0
1.85482e-10
0
0
0
0
0
0
0
5.54101e-11
0
0
0
0
0
0
0
0
0
0
0
1.36536e-10
5.54139e-11
0
0
0
0
0
0
0
0
2.75522e-11
0
0
0
0
0
0
0
0
0
0
0
0
0
0
3.07626e-11
0
0
3.67596e-11
5.2332e-11
0
4.36838e-11
0
0
0
0
0
0
4.08302e-12
0
0
0
0
0
0
0
0
0
0
0
0
0
0
0
0
0
0
0
0
0
0
0
0
0
0
0
0
0
0
0
0
0
0
0
0
0
9.01509e-11
1.48603e-11
0
0
0
0
0
0
0
0
0
0
0
0
0
0
0
0
0
0
0
0
0
0
0
0
0
0
0
0
0
0
0
0
0
0
0
0
0
0
0
0
0
0
0
0
0
4.02847e-11
5.76067e-11
3.04486e-11
0
0
0
0
0
0
0
0
0
0
0
0
0
0
0
0
0
0
0
0
0
0
0
0
0
0
0
0
0
0
0
0
0
0
0
0
0
0
0
0
0
0
0
0
0
0
0
0
0
0
0
0
0
0
0
0
0
0
0
0
0
0
0
0
0
0
0
0
0
0
0
0
0
0
0
0
0
0
0
0
0
0
0
0
0
5.11836e-11
0
0
0
0
0
0
0
0
0
0
0
9.49696e-11
3.34229e-11
0
0
0
0
0
0
6.53474e-11
0
0
5.50262e-11
0
0
0
0
0
0
0
0
0
0
0
0
0
0
0
0
0
0
0
0
0
0
0
0
0
0
0
0
0
0
0
0
0
0
0
0
0
0
0
0
0
0
0
0
0
0
0
0
0
0
0
0
0
0
0
0
0
0
0
0
1.78564e-11
0
0
0
0
0
0
0
0
0
0
0
0
0
0
0
0
0
0
0
0
0
0
8.05638e-11
0
0
0
0
0
0
0
0
0
0
0
0
0
0
0
0
0
0
0
0
0
0
0
0
0
0
0
0
0
0
0
0
0
0
0
0
0
0
0
0
0
0
0
0
0
0
0
0
0
0
0
0
0
0
0
0
0
0
0
0
0
0
0
0
0
0
0
0
0
0
0
0
0
0
0
0
0
0
0
0
0
0
0
0
0
0
0
0
0
0
0
0
0
0
0
0
0
0
0
0
0
0
0
0
0
0
0
0
0
0
0
0
0
0
0
0
0
0
0
0
0
0
0
0
0
0
0
0
0
0
0
0
0
0
0
0
0
0
0
0
0
0
0
0
0
0
0
0
0
0
0
0
0
0
0
0
0
0
0
0
0
0
0
0
0
0
0
0
0
0
0
0
0
0
0
0
0
0
0
0
0
0
0
0
0
0
0
0
0
0
0
0
0
0
0
0
0
0
0
0
0
0
0
0
0
0
0
0
0
0
0
0
0
0
0
0
0
0
0
0
0
0
0
0
0
0
0
0
0
0
0
0
0
0
0
0
0
0
0
0
0
0
0
0
0
0
0
0
0
0
0
0
0
0
0
0
0
0
0
0
0
0
0
0
0
0
0
0
0
0
0
0
0
0
0
0
0
0
0
0
0
0
0
0
0
0
0
0
0
0
0
0
0
0
0
0
0
0
2.51693e-11
0
2.65334e-11
0
0
0
1.6939e-11
0
0
0
0
0
0
0
0
0
0
0
0
0
0
0
0
0
0
0
0
0
0
0
0
0
0
0
0
0
0
0
0
0
0
0
0
0
0
0
0
0
0
0
0
0
0
0
0
0
0
0
0
0
0
0
0
0
0
0
0
0
0
0
0
0
0
0
0
0
0
0
0
0
0
0
0
0
0
0
0
0
0
0
0
0
0
0
0
0
0
0
0
0
1.10648e-11
0
0
0
0
0
0
0
0
0
0
0
0
0
0
0
0
0
0
0
0
0
0
0
0
0
0
0
0
0
0
0
0
0
0
0
0
0
0
0
0
0
0
0
0
0
0
0
0
0
0
0
0
0
0
0
0
0
0
0
0
0
0
0
0
0
0
0
0
0
0
0
0
0
0
0
0
0
0
0
0
0
0
0
0
0
0
0
0
0
0
0
0
0
0
0
0
0
0
0
0
0
0
0
0
0
0
0
0
0
0
0
0
0
0
0
0
0
0
0
0
0
0
0
0
0
0
0
0
0
0
0
0
0
0
0
0
0
0
0
0
0
0
0
0
0
0
0
0
0
0
0
0
0
0
0
0
0
0
0
0
0
0
0
0
0
0
0
0
0
0
0
0
0
0
0
0
0
0
0
0
0
0
0
0
0
0
0
0
0
0
0
0
0
0
0
0
0
0
0
0
0
0
0
0
0
0
0
0
0
0
0
0
0
0
0
0
0
0
0
0
0
0
0
0
0
0
0
0
0
0
0
0
0
0
0
0
0
0
0
0
0
0
0
0
0
0
0
0
0
0
0
0
0
0
0
0
0
0
0
0
0
0
0
0
0
0
0
0
0
0
0
0
0
0
0
0
0
0
0
0
0
0
0
0
0
0
0
0
0
0
0
0
0
0
0
0
0
0
0
0
0
0
0
0
0
0
0
0
0
0
0
0
2.20445e-11
0
0
0
0
0
0
0
0
0
0
0
0
0
0
0
0
0
0
0
0
0
0
0
0
0
0
0
0
0
0
0
0
0
0
0
0
0
0
0
0
0
0
0
0
0
0
0
0
0
0
0
0
0
0
0
0
0
0
0
0
0
0
0
0
0
0
0
0
0
0
0
0
0
0
0
0
0
0
0
0
0
0
0
0
0
0
0
0
0
0
0
0
0
0
0
0
0
0
0
0
0
0
0
0
0
0
0
0
0
0
0
0
0
0
0
0
0
0
0
0
0
0
0
0
0
0
0
0
0
0
0
0
0
0
0
0
0
0
0
0
0
0
0
0
0
0
0
0
0
0
0
0
0
0
0
0
0
0
0
0
0
0
0
0
0
0
0
0
0
0
0
0
0
0
0
0
0
0
0
0
0
0
0
0
0
0
0
0
0
0
0
0
0
0
0
0
0
0
0
0
0
0
0
0
0
0
0
0
0
0
0
0
0
0
0
0
0
0
0
0
0
0
0
0
0
0
0
0
0
0
0
0
0
0
0
0
0
0
0
0
0
0
0
0
0
0
0
0
0
0
0
0
0
0
0
0
0
0
0
0
0
0
0
0
0
0
0
0
0
0
0
0
0
0
0
0
0
0
0
0
0
0
0
0
0
0
0
0
0
0
0
0
0
0
0
0
0
0
0
0
0
0
0
0
0
0
0
0
0
0
0
0
0
0
0
0
0
0
0
0
0
0
0
0
0
0
0
0
0
0
0
0
0
0
0
0
0
0
0
0
0
0
0
0
0
0
0
0
0
0
0
0
0
0
0
0
0
0
0
0
0
0
0
0
0
0
0
0
0
0
0
0
0
0
0
0
0
0
0
0
0
0
0
0
0
0
0
0
0
0
0
0
0
0
0
0
0
0
0
0
0
0
0
0
0
0
0
0
0
0
0
0
0
0
0
0
0
0
0
0
0
0
0
0
0
0
0
0
0
0
0
0
0
0
0
0
0
0
0
0
0
0
0
0
0
0
0
0
0
0
0
0
0
0
0
0
0
0
0
0
0
0
0
0
0
0
0
0
0
0
0
0
0
0
0
0
0
0
0
0
0
0
0
0
0
0
0
0
0
0
0
0
0
0
0
0
0
0
0
0
0
0
0
0
0
0
0
0
0
0
0
0
0
0
0
0
0
0
0
0
0
0
0
0
0
0
0
0
0
0
0
0
0
0
0
0
0
0
0
0
0
0
0
0
0
0
0
0
0
0
0
0
0
0
0
0
0
0
0
0
0
0
0
0
0
0
0
0
0
0
0
0
0
0
0
0
0
0
0
0
0
0
0
0
0
0
0
0
0
0
0
0
0
0
0
0
0
0
0
0
0
0
0
0
0
0
0
0
0
0
0
0
0
0
0
0
0
0
0
0
0
0
0
0
0
0
0
0
0
0
0
0
0
0
0
0
0
0
0
0
0
0
0
0
0
0
0
0
0
0
0
0
0
0
0
0
0
0
0
0
0
0
0
0
0
0
0
0
0
0
0
0
0
0
0
0
0
0
0
0
0
0
0
0
0
0
0
0
0
0
0
0
0
0
0
0
0
0
0
0
0
0
0
0
0
0
0
0
0
0
0
0
0
0
0
0
0
0
0
0
0
0
0
0
0
0
0
0
0
0
0
0
0
0
0
0
0
0
0
0
0
0
0
0
0
0
0
0
0
0
0
0
0
0
0
0
0
0
0
0
0
0
0
0
0
0
0
0
0
0
0
0
0
0
0
0
0
0
0
0
0
0
0
0
0
0
0
0
0
0
0
0
0
0
0
0
0
0
0
0
0
0
0
0
0
0
0
0
0
0
0
0
0
0
0
0
0
0
0
0
0
0
0
0
0
0
0
0
0
0
0
0
0
0
0
0
0
0
0
0
0
0
0
0
0
0
0
0
0
0
0
0
0
0
0
0
0
0
0
0
0
0
0
0
0
0
0
0
0
0
0
0
0
0
0
0
0
0
0
0
0
0
0
0
0
0
0
0
0
0
0
0
0
0
0
0
0
0
0
0
0
0
0
0
0
0
0
0
0
0
0
0
0
0
0
0
0
0
0
0
0
0
0
0
0
0
0
0
0
0
0
0
0
0
0
0
0
0
0
0
0
0
0
0
0
0
0
0
0
0
0
0
0
0
0
0
0
0
0
0
0
0
0
0
0
0
0
0
0
0
0
0
0
0
0
0
0
0
0
0
0
0
0
0
0
0
0
0
0
0
0
0
0
0
0
0
0
0
0
0
0
0
0
0
0
0
0
0
0
0
0
0
0
0
0
0
0
0
0
0
0
0
0
0
0
0
0
0
0
0
0
0
0
0
0
0
0
0
0
0
0
0
0
0
0
0
0
0
0
0
0
0
0
0
0
0
0
0
0
0
0
0
0
0
0
0
0
0
0
0
0
0
0
0
0
0
0
0
0
0
0
0
0
0
0
0
0
0
0
0
0
0
0
0
0
0
0
0
0
0
0
0
0
0
0
0
0
0
0
0
0
0
0
0
0
0
0
0
0
0
0
0
0
0
0
0
0
0
0
0
0
0
0
0
0
0
0
0
0
0
0
0
0
0
0
0
0
0
0
0
0
0
0
0
0
0
0
0
0
0
0
0
0
0
0
0
0
0
0
0
0
0
0
0
0
0
0
0
0
0
0
0
0
0
0
0
0
0
0
0
0
0
0
0
0
0
0
0
0
0
0
0
0
0
0
0
0
0
0
0
0
0
0
0
0
0
0
0
0
0
0
0
0
0
0
0
0
0
0
0
0
0
0
0
0
0
0
0
0
0
0
0
0
0
0
0
0
0
0
0
0
0
0
0
0
0
0
0
0
0
0
0
0
0
0
0
0
0
0
0
0
0
0
0
0
0
0
0
0
0
0
0
0
0
0
0
0
0
0
0
0
0
0
0
0
0
0
0
0
0
0
0
0
0
0
0
0
0
0
0
0
0
0
0
0
0
0
0
0
0
0
0
0
0
0
0
0
0
0
0
0
0
0
0
0
0
0
0
0
0
0
0
0
0
0
0
0
0
0
0
0
0
0
0
0
0
0
0
0
0
0
0
0
0
0
0
0
0
0
0
0
0
0
0
0
0
0
0
0
0
0
0
0
0
0
0
0
0
0
0
0
0
0
0
0
0
0
0
0
0
0
0
0
0
0
0
0
0
0
0
0
0
0
0
0
0
0
0
0
0
0
0
0
0
0
0
0
0
0
0
0
0
0
0
0
0
0
0
0
0
0
0
0
0
0
0
0
0
0
0
0
0
0
0
0
0
0
0
0
0
0
0
0
0
0
0
0
0
0
0
0
0
0
0
0
0
0
0
0
0
0
0
0
0
0
0
0
0
0
0
0
0
0
0
0
0
0
0
0
0
0
0
0
0
0
0
0
0
0
0
0
0
0
0
0
0
0
0
0
0
0
0
0
0
0
0
0
0
0
0
0
0
0
0
0
0
0
0
0
0
0
0
0
0
0
0
0
0
0
0
0
0
0
0
0
0
0
0
0
0
0
0
0
0
0
0
0
0
0
0
0
0
0
0
0
0
0
0
0
0
0
0
0
0
0
0
0
0
0
0
0
0
0
0
0
0
0
0
0
0
0
0
0
0
0
0
0
0
0
0
0
0
0
0
0
0
0
0
0
0
0
0
0
0
0
0
0
0
0
0
0
0
0
0
0
0
0
0
0
0
0
0
0
0
0
0
0
0
0
0
0
0
0
0
0
0
0
0
0
0
0
0
0
0
0
0
0
0
0
0
0
0
0
0
0
0
0
0
0
0
0
0
0
0
0
0
0
0
0
0
0
0
0
0
0
0
0
0
0
0
0
0
0
0
0
0
0
0
0
0
0
0
0
0
0
0
0
0
0
0
0
0
0
0
0
0
0
0
0
0
0
0
0
0
0
0
0
0
0
0
0
0
0
0
0
0
0
0
0
0
0
0
0
0
0
0
0
0
0
0
0
0
0
0
0
0
0
0
0
0
0
0
0
0
0
0
0
0
0
0
0
0
0
0
0
0
0
0
0
0
0
0
0
0
0
0
0
0
0
0
0
0
0
0
0
0
0
0
0
0
0
0
0
0
0
0
0
0
0
0
0
0
0
0
0
0
0
0
0
0
0
0
0
0
0
0
0
0
0
0
0
0
0
0
0
0
0
0
0
0
0
0
0
0
0
0
0
0
0
0
0
0
0
0
0
0
0
0
0
0
0
0
0
0
0
0
0
0
0
0
0
0
0
0
0
0
0
0
0
0
0
0
0
0
0
0
0
0
0
0
0
0
0
0
0
0
0
0
0
0
0
0
0
0
0
0
0
0
0
0
0
0
0
0
0
0
0
0
0
0
0
0
0
0
0
0
0
0
0
0
0
0
0
0
0
0
0
0
0
0
0
0
0
0
0
0
0
0
0
0
0
0
0
0
0
0
0
0
0
0
0
0
0
0
0
0
0
0
0
0
0
0
0
0
0
0
0
0
0
0
0
0
0
0
0
0
0
0
0
0
0
0
0
0
0
0
0
0
0
0
0
0
0
0
0
0
0
0
0
0
0
0
0
0
0
0
0
0
0
0
0
0
0
0
0
0
0
0
0
0
0
0
0
0
0
0
0
0
0
0
0
0
0
0
0
0
0
0
0
0
0
0
0
0
0
0
0
0
0
0
0
0
0
0
0
0
0
0
0
0
0
0
0
0
0
0
0
0
0
0
0
0
0
0
0
0
0
0
0
0
0
0
0
0
0
0
0
0
0
0
0
0
0
0
0
0
0
0
0
0
0
0
0
0
0
0
0
0
0
0
0
0
0
0
0
0
0
0
0
0
0
0
0
0
0
0
0
0
0
0
0
0
0
0
0
0
0
0
0
0
0
0
0
0
0
0
0
0
0
0
0
0
0
0
0
0
0
0
0
0
0
0
0
0
0
0
0
0
0
0
0
0
0
0
0
0
0
0
0
0
0
0
0
0
0
0
0
0
0
0
0
0
0
0
0
0
0
0
0
0
0
0
0
0
0
0
0
0
0
0
0
0
0
0
0
0
0
0
0
0
0
0
0
0
0
0
0
0
0
0
0
0
0
0
0
0
0
0
0
0
0
0
0
0
0
0
0
0
0
0
0
0
0
0
0
0
0
0
0
0
0
0
0
0
0
0
0
0
0
0
0
0
0
0
0
0
0
0
0
0
0
0
0
0
0
0
0
0
0
0
0
0
0
0
0
0
0
0
0
0
0
0
0
0
0
0
0
0
0
0
0
0
0
0
0
0
0
0
0
0
0
0
0
0
0
0
0
0
0
0
0
0
0
0
0
0
0
0
0
0
0
0
0
0
0
0
0
0
0
0
0
0
0
0
0
0
0
0
0
0
0
0
0
0
0
0
0
0
0
0
0
0
0
0
0
0
0
0
0
0
0
0
0
0
0
0
0
0
0
0
0
0
0
0
0
0
0
0
0
0
0
0
0
0
0
0
0
0
0
0
0
0
0
0
0
0
0
0
0
0
0
0
0
0
0
0
0
0
0
0
0
0
0
0
0
0
0
0
0
0
0
0
0
0
0
0
0
0
0
0
0
0
0
0
0
0
0
0
0
0
0
0
0
0
0
0
0
0
0
0
0
0
0
0
0
0
0
0
0
0
0
0
0
0
0
0
0
0
0
0
0
0
0
0
0
0
0
0
0
0
0
0
0
0
0
0
0
0
0
0
0
0
0
0
0
0
0
0
0
0
0
0
0
0
0
0
0
0
0
0
0
0
0
0
0
0
0
0
0
0
0
0
0
0
0
0
0
0
0
0
0
0
0
0
0
0
0
0
0
0
0
0
0
0
0
0
0
0
0
0
0
0
0
0
0
0
0
0
0
0
0
0
0
0
0
0
0
0
0
0
0
0
0
0
0
0
0
0
0
0
0
0
0
0
0
0
0
0
0
0
0
0
0
0
0
0
0
0
0
0
0
0
0
0
0
0
0
0
0
0
0
0
0
0
0
0
0
0
0
0
0
0
0
0
0
0
0
0
0
0
0
0
0
0
0
0
0
0
0
0
0
0
0
0
0
0
0
0
0
0
0
0
0
0
0
0
0
0
0
0
0
0
0
0
0
0
0
0
0
0
0
0
0
0
0
0
0
0
0
0
0
0
0
0
0
0
0
0
0
0
0
0
0
0
0
0
0
0
0
0
0
0
0
0
0
0
0
0
0
0
0
0
0
0
0
0
0
0
0
0
0
0
0
0
0
0
0
0
0
0
0
0
0
0
0
0
0
0
0
0
0
0
0
0
0
0
0
0
0
0
0
0
0
0
0
0
0
0
0
0
0
0
0
0
0
0
0
0
0
0
0
0
0
0
0
0
0
0
0
0
0
0
0
0
0
0
0
0
0
0
0
0
0
0
0
0
0
0
0
0
0
0
0
0
0
0
0
0
0
0
0
0
0
0
0
0
0
0
0
0
0
0
0
0
0
0
0
0
0
0
0
0
0
0
0
0
0
0
0
0
0
0
0
0
0
0
0
0
0
0
0
0
0
0
0
0
0
0
0
0
0
0
0
0
0
0
0
0
0
0
0
0
0
0
0
0
0
0
0
0
0
0
0
0
0
0
0
0
0
0
0
0
0
0
0
0
0
0
0
0
0
0
0
0
0
0
0
0
0
0
0
0
0
0
0
0
0
0
0
0
0
0
0
0
0
0
0
0
0
0
0
0
0
0
0
0
0
0
0
0
0
0
0
0
0
0
0
0
0
0
0
0
0
0
0
0
0
0
0
0
0
0
0
0
0
0
0
0
0
0
0
0
0
0
0
0
0
0
0
0
0
0
0
0
0
0
0
0
0
0
0
0
0
0
0
0
0
0
0
0
0
0
0
0
0
0
0
0
0
0
0
0
0
0
0
0
0
0
0
0
0
0
0
0
0
0
0
0
0
0
0
0
0
0
0
0
0
0
0
0
0
0
0
0
0
0
0
0
0
0
0
0
0
0
0
0
0
0
0
0
0
0
0
0
0
0
0
0
0
0
0
0
0
0
0
0
0
0
0
0
0
0
0
0
0
0
0
0
0
0
0
0
0
0
0
0
0
0
0
0
0
0
0
0
0
0
0
0
0
0
0
0
0
0
0
0
0
0
0
0
0
0
0
0
0
0
0
0
0
0
0
0
0
0
0
0
0
0
0
0
0
0
0
0
0
0
0
0
0
0
0
0
0
0
0
0
0
0
0
0
0
0
0
0
0
0
0
0
0
0
0
0
0
0
0
0
0
0
0
0
0
0
0
0
0
0
0
0
0
0
0
0
0
0
0
0
0
0
0
0
0
0
0
0
0
0
0
0
0
0
0
0
0
0
0
0
0
0
0
0
0
0
0
0
0
0
0
0
0
0
0
0
0
0
0
0
0
0
0
0
0
0
0
0
0
0
0
0
0
0
0
0
0
0
0
0
0
0
0
0
0
0
0
0
0
0
0
0
0
0
0
0
0
0
0
0
0
0
0
0
0
0
0
0
0
0
0
0
0
0
0
0
0
0
0
0
0
0
0
0
0
0
0
0
0
0
0
0
0
0
0
0
0
0
0
0
0
0
0
0
0
0
0
0
0
0
0
0
0
0
0
0
0
0
0
0
0
0
0
0
0
0
0
0
0
0
0
0
0
0
0
0
0
0
0
0
0
0
0
0
0
0
0
0
0
0
0
0
0
0
0
0
0
0
0
0
0
0
0
0
0
0
0
0
0
0
0
0
0
0
0
0
0
0
0
0
0
0
0
0
0
0
0
0
0
0
0
0
0
0
0
0
0
0
0
0
0
0
0
0
0
0
0
0
0
0
0
0
0
0
0
0
0
0
0
0
0
0
0
0
0
0
0
0
0
0
0
0
0
0
0
0
0
0
0
0
0
0
0
0
0
0
0
0
0
0
0
0
0
0
0
0
0
0
0
0
0
0
0
0
0
0
0
0
0
0
0
0
0
0
0
0
0
0
0
0
0
0
0
0
0
0
0
0
0
0
0
0
0
0
0
0
0
0
0
0
0
0
0
0
0
0
0
0
0
0
0
0
0
0
0
0
0
0
0
0
0
0
0
0
0
0
0
0
0
0
0
0
0
0
0
0
0
0
0
0
0
0
0
0
0
0
0
0
0
0
0
0
0
0
0
0
0
0
0
0
0
0
0
0
0
0
0
0
0
0
0
0
0
0
0
0
0
0
0
0
0
0
0
0
0
0
0
0
0
0
0
0
0
0
0
0
0
0
0
0
0
0
0
0
0
0
0
0
0
0
0
0
0
0
0
0
0
0
0
0
0
0
0
0
0
0
0
0
0
0
0
0
0
0
0
0
0
0
0
0
0
0
0
0
0
0
0
0
0
0
0
0
0
0
0
0
0
0
0
0
0
0
0
0
0
0
0
0
0
0
0
0
0
0
0
0
0
0
0
0
0
0
0
0
0
0
0
0
0
0
0
0
0
0
0
0
0
0
0
0
0
0
0
0
0
0
0
0
0
0
0
0
0
0
0
0
0
0
0
0
0
0
0
0
0
0
0
0
0
0
0
0
0
0
0
0
0
0
0
0
0
0
0
0
0
0
0
0
0
0
0
0
0
0
0
0
0
0
0
0
0
0
0
0
0
0
0
0
0
0
0
0
0
0
0
0
0
0
0
0
0
0
0
0
0
0
0
0
0
0
0
0
0
0
0
0
0
0
0
0
0
0
0
0
0
0
0
0
0
0
0
0
0
0
0
0
0
0
0
0
0
0
0
0
0
0
0
0
0
0
0
0
0
0
0
0
0
0
0
0
0
0
0
0
0
0
0
0
0
0
0
0
)
;


// ************************************************************************* //
