/*--------------------------------*- C++ -*----------------------------------*\
  =========                 |
  \\      /  F ield         | OpenFOAM: The Open Source CFD Toolbox
   \\    /   O peration     | Website:  https://openfoam.org
    \\  /    A nd           | Version:  6
     \\/     M anipulation  |
\*---------------------------------------------------------------------------*/
FoamFile
{
    version     2.0;
    format      ascii;
    class       volScalarField::Internal;
    location    "0.1";
    object      sprayCloud:UCoeff;
}
// * * * * * * * * * * * * * * * * * * * * * * * * * * * * * * * * * * * * * //

dimensions      [1 0 0 0 0 0 0];

value           nonuniform List<scalar> 
8000
(
0
0
0
0
0
0
0
0
0
0
0
0
0
0
0
0
0
2.76241e-13
0
0
0
0
0
0
0
0
0
0
0
0
1.33681e-13
0
0
0
0
0
0
0
0
0
0
0
0
0
0
0
0
0
0
0
5.79752e-14
0
0
0
0
0
0
0
0
0
0
0
0
0
0
0
0
0
0
0
2.76756e-14
0
0
0
0
0
0
0
0
0
0
0
0
0
0
0
0
0
2.15975e-14
0
0
0
0
0
0
0
0
0
0
0
0
0
0
0
0
0
0
0
0
0
0
0
0
0
0
0
0
0
0
0
0
0
0
0
0
0
0
0
0
0
0
0
0
0
0
0
0
0
0
9.49328e-14
0
0
0
0
0
0
0
0
0
0
0
0
0
0
0
0
0
0
0
0
0
0
0
0
0
0
0
0
0
0
0
0
0
0
0
0
0
0
0
0
0
0
0
0
0
0
0
0
0
0
0
0
0
0
0
0
0
0
0
0
0
0
2.08984e-13
6.59303e-13
0
0
0
2.61728e-13
2.06246e-13
0
6.49244e-14
0
0
0
0
0
0
0
0
5.21014e-13
0
0
0
0
0
0
0
0
0
0
0
0
0
0
0
0
0
0
0
0
0
0
0
0
0
0
0
0
0
0
0
0
0
0
0
0
0
0
0
0
0
0
0
0
0
0
0
0
0
0
0
0
4.45534e-14
0
0
4.65343e-14
0
0
0
6.773e-14
0
0
0
0
3.76132e-14
0
0
0
0
0
0
0
1.04925e-14
2.95842e-14
0
0
0
0
3.30148e-14
0
0
0
0
0
0
0
0
0
0
0
0
0
0
3.61314e-14
1.79786e-12
0
0
0
0
0
0
0
0
0
0
2.31072e-13
0
0
0
0
0
0
0
0
0
1.27127e-13
0
6.87726e-14
0
0
0
0
0
0
0
0
0
0
0
0
0
0
9.33732e-14
0
0
0
0
0
0
0
0
0
0
0
0
0
0
0
0
0
3.87645e-14
0
0
0
0
0
0
0
0
0
0
0
0
0
0
0
0
0
5.00285e-15
0
0
0
0
0
0
0
0
0
0
0
0
0
3.96296e-12
0
0
0
0
0
0
0
8.27972e-14
2.46087e-13
1.29105e-13
0
0
0
0
0
0
0
0
0
0
0
0
0
0
0
0
0
0
0
0
0
0
0
0
0
0
9.50958e-14
0
0
0
0
0
0
0
0
0
0
0
0
0
0
0
0
0
0
0
0
0
0
0
0
0
0
0
0
5.2162e-14
0
0
0
0
0
0
0
0
0
0
0
0
5.32034e-14
0
6.55694e-14
0
0
0
0
0
0
0
0
0
0
0
0
0
0
0
0
0
4.52719e-13
0
0
0
0
0
1.44697e-13
0
0
0
0
0
0
0
1.68439e-13
1.03489e-12
5.52208e-14
8.02702e-14
0
0
0
1.14374e-13
1.03122e-13
0
0
0
0
0
0
0
0
0
0
0
0
0
0
0
0
0
0
1.50957e-13
0
0
0
0
0
0
7.00193e-14
0
0
7.27785e-14
0
0
0
0
0
0
0
0
0
0
0
0
0
0
0
0
0
0
0
0
0
0
0
0
0
0
0
0
5.2743e-14
0
0
0
0
0
0
0
0
0
0
0
1.10021e-14
0
0
0
0
0
0
0
0
0
4.59061e-13
0
0
1.35429e-13
2.05076e-12
5.9078e-14
0
0
0
4.13236e-13
0
0
0
0
0
0
0
1.12166e-13
0
0
0
0
2.03877e-14
8.66457e-14
0
7.18005e-14
0
0
0
0
0
0
0
0
0
0
0
1.8177e-13
0
0
0
0
0
1.77011e-13
0
0
0
0
0
6.70958e-14
0
0
0
0
7.66737e-14
0
0
0
0
0
0
3.39878e-14
0
0
0
0
0
0
0
0
0
0
0
0
0
0
2.40697e-14
0
0
0
0
0
0
0
3.12243e-14
0
0
0
0
0
0
0
0
0
0
0
0
8.41368e-13
1.03675e-12
2.49792e-13
0
0
0
1.44468e-12
0
0
2.66532e-14
2.48885e-13
1.88281e-13
1.49935e-14
1.0119e-13
0
0
0
0
0
0
0
2.45726e-13
0
1.10598e-13
0
0
0
0
0
0
1.00181e-13
0
0
0
0
4.15075e-14
0
0
0
0
0
0
0
0
0
0
0
0
0
0
0
0
1.11547e-13
0
0
0
0
0
0
0
0
6.19127e-14
6.03231e-14
0
3.90274e-15
0
0
0
0
7.41971e-14
1.10191e-13
0
0
0
4.52717e-14
0
0
0
0
5.79506e-14
0
0
0
0
3.44151e-14
7.45135e-15
0
0
0
0
0
0
1.13292e-14
0
0
0
0
0
0
0
0
0
4.29622e-13
3.48494e-13
0
0
0
0
0
0
7.58226e-14
2.61034e-13
5.71103e-14
0
3.34645e-13
3.06411e-13
3.4868e-13
0
4.11927e-14
0
0
0
0
0
1.89288e-13
1.96022e-13
0
0
1.4281e-13
0
0
0
0
0
0
0
6.20009e-14
0
0
1.42847e-13
0
0
0
0
0
0
0
0
0
0
0
0
0
0
5.29433e-14
0
0
0
0
0
5.52732e-14
1.06102e-13
0
2.69291e-14
0
0
0
0
5.81535e-14
0
0
0
0
0
0
0
0
0
7.12762e-14
0
7.96423e-14
9.93009e-14
0
0
5.98578e-14
0
0
0
0
0
0
0
0
0
0
0
0
0
0
0
0
0
0
3.93788e-13
0
0
1.31843e-13
0
1.17574e-13
1.32715e-12
0
2.12068e-13
0
6.56873e-13
0
0
0
0
2.01396e-13
5.91572e-14
2.07368e-13
0
0
0
0
1.14601e-13
0
0
0
0
0
0
0
2.91809e-13
9.62898e-14
0
0
0
0
0
0
0
0
0
0
0
0
0
0
0
0
0
0
0
0
0
1.18881e-13
7.56029e-14
0
0
0
0
0
0
5.7292e-14
5.76642e-14
0
0
9.0231e-14
0
0
0
0
0
0
0
2.85525e-14
1.68251e-14
0
0
0
0
0
0
0
0
0
0
0
0
0
0
0
0
0
0
0
0
1.2834e-14
0
0
3.26691e-13
8.81217e-13
5.64657e-14
0
0
0
2.64522e-13
8.49183e-14
1.89187e-13
1.88563e-13
7.21652e-13
2.28822e-13
5.32807e-13
0
0
2.29451e-13
0
0
0
0
0
0
0
0
0
0
0
0
0
0
0
0
0
0
1.98982e-13
1.8833e-15
1.79219e-13
0
1.12619e-13
0
0
0
0
0
0
0
0
1.29056e-13
0
0
0
0
0
5.91873e-14
0
6.62546e-14
0
0
0
0
4.27193e-14
0
0
0
0
0
0
0
6.30274e-14
0
0
0
0
0
0
0
0
0
4.33335e-14
0
0
0
0
0
0
0
0
0
3.90707e-14
0
0
0
0
0
0
0
0
0
0
1.43708e-13
7.80538e-13
7.25401e-13
1.021e-12
0
1.53024e-12
0
1.7651e-13
9.65601e-13
7.89796e-14
3.11241e-13
0
0
1.93539e-12
0
0
0
0
0
5.51276e-13
0
0
1.06915e-13
0
0
1.56188e-13
2.60569e-13
0
0
7.60814e-14
0
0
0
0
0
0
0
0
9.93928e-14
0
0
0
0
0
0
0
0
0
0
0
1.1464e-13
5.76127e-14
6.04289e-14
0
0
0
0
0
0
0
0
4.88301e-14
0
0
0
0
7.92802e-14
5.27978e-14
0
0
0
0
0
0
0
0
0
0
0
0
0
0
0
0
0
0
0
0
0
0
0
2.93577e-14
0
0
0
0
0
1.6089e-14
0
0
7.20539e-13
0
0
0
0
2.26891e-13
0
2.97787e-13
4.45421e-14
0
0
0
0
0
0
0
0
0
0
0
0
0
2.25243e-13
0
0
4.42253e-14
0
0
3.42925e-13
0
1.29485e-13
0
0
0
0
0
0
0
0
0
1.30183e-13
1.16533e-13
0
0
1.3725e-13
0
0
8.13604e-14
0
0
4.53826e-14
0
0
0
1.00894e-13
7.4301e-14
0
7.48781e-14
0
0
0
5.53574e-14
5.99276e-14
0
7.20506e-14
0
6.931e-14
0
0
0
0
0
0
0
0
0
0
0
9.69501e-14
0
0
3.31178e-14
0
0
0
0
0
0
2.33946e-15
0
6.54586e-14
0
0
0
0
0
0
0
0
0
0
8.28066e-13
0
3.08345e-13
9.71425e-13
0
0
1.37659e-13
4.90035e-14
8.78898e-13
0
5.81487e-13
0
8.16667e-13
1.1891e-13
0
0
1.09804e-13
1.49986e-13
1.5396e-13
0
2.24298e-13
0
0
0
0
0
0
0
0
0
0
0
1.76825e-13
0
0
0
0
9.71307e-14
0
0
0
0
0
1.51363e-13
0
0
0
0
0
0
0
0
8.51358e-14
5.84822e-14
0
0
5.23847e-14
0
0
0
0
1.01338e-13
0
0
0
0
0
0
0
0
0
0
0
0
0
0
0
0
0
0
0
0
3.47608e-14
0
3.94319e-14
3.50676e-14
0
0
0
0
0
0
0
0
0
0
0
0
0
4.43207e-13
0
0
1.06717e-12
2.3338e-12
0
2.52862e-13
0
6.36729e-13
0
3.15288e-13
1.28502e-13
0
3.12293e-13
4.75769e-13
0
0
3.13798e-13
0
2.50304e-13
0
0
3.44983e-13
0
0
0
2.00511e-13
0
0
0
0
0
5.77168e-14
0
1.05285e-13
0
0
2.96768e-13
7.12695e-14
0
0
0
0
0
0
0
0
0
0
1.61366e-13
0
0
0
0
0
5.46381e-14
0
0
0
8.30247e-14
0
0
0
0
0
0
0
0
3.59178e-14
0
0
0
0
0
0
0
0
0
3.352e-14
0
0
0
0
0
0
0
0
0
0
0
2.61877e-14
0
0
0
0
0
0
0
0
0
0
0
0
1.19758e-12
2.58207e-12
2.30452e-13
0
3.4543e-13
1.00952e-13
0
0
8.12731e-14
0
0
0
9.15611e-14
0
0
0
0
3.94041e-13
1.80321e-13
0
3.45587e-14
5.85065e-14
1.93925e-13
1.38564e-13
0
0
0
1.23516e-13
2.32997e-13
0
0
0
7.91906e-14
3.98645e-13
0
0
9.81147e-14
0
0
8.68714e-14
0
1.57181e-13
0
4.16004e-14
0
0
1.40799e-13
0
0
0
0
0
0
0
7.56904e-14
1.41895e-13
0
7.4064e-14
4.57015e-14
1.71069e-14
0
0
0
0
0
0
0
0
0
0
0
3.31181e-14
0
0
3.18331e-14
0
5.1802e-14
0
0
0
0
0
3.26803e-14
0
0
0
6.99301e-14
0
3.00828e-14
0
0
0
0
0
0
0
0
0
0
0
0
0
0
0
0
0
0
1.82329e-13
1.10998e-13
7.0628e-13
0
5.2354e-13
0
0
1.03961e-13
1.00704e-13
0
0
0
0
0
1.92106e-13
1.59965e-13
1.5237e-13
0
7.41649e-14
0
0
0
0
0
0
0
0
0
7.1242e-14
0
7.19975e-14
1.6306e-13
2.38351e-13
0
0
0
0
0
0
0
0
7.91035e-14
8.81235e-14
1.36789e-13
0
0
6.17334e-14
8.8404e-14
0
3.67038e-14
8.42938e-14
4.10089e-14
0
0
0
0
0
0
0
0
0
0
0
0
0
0
0
0
0
0
2.48852e-14
0
0
2.23816e-14
0
0
0
0
0
0
0
0
0
0
0
0
0
0
0
0
0
0
0
0
0
0
0
0
0
0
4.77914e-13
0
0
2.13555e-13
4.87203e-14
3.15162e-13
0
0
5.35624e-13
0
2.30148e-13
0
0
0
9.24571e-14
0
0
0
6.69636e-14
0
1.4971e-13
2.62139e-13
0
0
2.26599e-13
0
0
0
0
1.44122e-13
0
0
0
1.40764e-13
0
0
0
0
0
0
0
5.832e-14
0
6.29304e-14
0
4.82943e-14
9.38467e-14
8.37621e-14
2.51668e-14
0
0
0
0
0
1.98933e-13
0
0
0
3.66372e-14
8.49843e-14
0
0
0
0
0
0
0
0
0
0
0
0
7.38698e-14
0
0
0
0
0
0
8.85149e-14
0
0
2.01137e-14
0
0
0
0
0
0
0
0
0
0
0
0
0
0
0
0
0
0
0
0
0
2.33547e-13
0
0
1.87178e-13
0
0
0
1.7681e-13
1.52947e-13
1.19582e-13
1.48216e-13
0
0
0
0
0
8.9644e-14
0
0
2.49819e-13
0
0
1.05674e-13
0
0
0
0
1.47249e-13
0
0
1.52224e-13
1.11369e-13
5.95123e-14
0
0
0
0
7.12889e-14
1.00768e-13
0
0
0
0
0
0
0
0
5.01053e-14
0
7.15814e-14
0
0
0
0
0
0
4.22631e-14
0
0
0
0
0
0
0
0
5.33525e-14
0
0
0
3.78121e-14
0
0
0
0
0
0
0
0
0
1.49474e-14
0
0
0
0
0
0
0
0
0
0
0
0
0
0
0
0
0
3.19518e-13
0
2.00568e-13
0
0
0
0
0
0
0
2.06686e-13
0
0
0
0
0
2.75688e-13
0
1.24502e-13
0
0
3.19089e-14
0
4.75648e-14
0
0
1.96558e-14
0
0
2.55208e-14
0
0
9.19708e-14
0
0
0
0
2.87922e-14
0
8.56513e-14
6.10693e-14
5.67133e-14
0
8.99247e-14
0
1.41496e-14
6.63094e-14
0
0
0
0
0
0
0
0
0
0
0
0
0
3.8844e-14
0
0
0
0
9.59071e-14
0
0
2.43272e-14
0
0
5.41809e-14
0
0
0
4.20179e-14
0
0
0
0
3.67264e-14
1.29914e-14
0
3.50907e-14
0
0
0
0
0
0
0
0
0
0
0
0
0
0
0
0
0
0
0
0
0
0
1.8652e-13
0
0
0
0
0
0
0
1.99176e-13
0
0
0
0
0
0
0
0
0
0
0
4.44654e-14
0
0
2.66772e-14
0
5.2593e-14
0
0
0
1.01132e-13
0
0
0
0
0
0
6.4722e-15
0
0
0
0
0
0
0
0
0
0
7.00466e-14
0
0
0
0
0
0
0
0
0
0
0
0
0
0
0
0
0
3.02347e-14
0
0
0
0
4.4556e-14
4.44095e-14
0
0
0
0
0
0
0
0
2.14143e-14
0
4.55859e-15
0
0
0
0
0
0
0
0
0
0
0
0
0
5.95226e-13
0
4.70204e-13
4.37686e-13
0
3.98603e-13
0
4.10808e-13
0
0
0
1.24816e-13
1.02906e-13
0
9.25894e-14
0
0
0
0
1.50334e-13
0
0
0
1.39451e-13
0
0
6.01862e-14
2.65914e-14
1.93036e-13
0
0
0
3.1239e-14
0
0
0
0
7.07877e-14
0
0
6.24492e-14
5.33877e-14
0
0
0
1.2945e-13
0
0
0
0
0
0
0
0
0
0
2.82356e-14
4.70527e-14
0
0
0
0
0
0
0
0
0
5.34303e-14
5.82051e-14
0
0
0
0
0
0
0
0
0
0
0
0
0
0
0
0
0
0
0
0
0
0
0
0
0
0
0
0
0
1.58504e-13
0
0
0
0
0
0
0
0
0
0
1.50182e-13
0
0
1.25297e-13
0
1.8323e-13
0
0
0
0
0
0
0
0
0
0
0
0
0
0
0
0
0
4.55147e-14
0
0
0
0
1.0369e-13
0
0
1.82973e-14
0
0
0
0
0
6.11403e-14
0
0
0
0
0
0
0
0
0
0
0
0
0
0
0
0
0
0
0
0
0
6.40833e-14
0
0
1.56089e-14
0
1.82499e-14
0
0
0
0
0
0
0
0
0
0
0
0
0
0
0
0
0
0
0
0
0
0
0
0
0
0
0
0
0
4.54231e-13
2.31721e-13
0
2.29708e-13
0
0
0
0
0
0
5.56658e-14
0
1.47394e-13
0
0
0
1.73089e-13
0
0
0
0
4.76956e-14
0
6.0569e-14
0
0
0
1.75989e-13
0
0
8.14851e-14
0
4.51165e-14
0
3.92645e-14
0
0
0
4.68216e-14
0
0
0
0
0
0
0
0
4.59478e-14
0
1.90532e-14
0
0
0
0
0
1.7696e-14
0
0
0
0
0
0
0
0
0
0
8.03231e-14
0
0
0
0
0
1.85899e-14
0
0
0
0
0
0
0
0
0
0
0
0
0
0
0
0
0
0
0
0
0
0
0
0
0
0
1.71046e-13
0
0
4.24371e-13
0
0
0
0
1.11006e-13
0
0
0
0
9.157e-14
0
0
0
0
0
0
1.05322e-13
0
0
0
1.59023e-13
0
9.46546e-14
0
5.99727e-14
8.0326e-14
0
0
0
0
8.96638e-14
0
0
0
0
0
0
0
0
0
0
0
0
0
0
0
0
0
0
0
9.59356e-15
0
0
0
0
0
0
0
0
0
0
0
1.72897e-14
0
0
4.95401e-14
0
0
0
2.49964e-14
0
0
0
0
0
0
0
0
0
0
0
0
0
0
0
0
0
0
0
0
0
0
0
0
0
0
0
0
0
0
0
0
0
0
0
0
0
0
0
2.00734e-13
0
1.18988e-13
0
0
0
0
5.72352e-14
0
1.10187e-13
0
0
0
0
0
0
0
0
0
7.83032e-14
0
0
0
0
0
0
0
0
0
0
4.71055e-14
0
0
5.63918e-14
0
0
0
0
0
0
0
3.58018e-14
0
0
0
0
0
0
0
0
0
0
0
0
0
0
0
0
0
3.94132e-14
0
0
0
0
0
0
0
0
0
0
0
0
0
0
0
0
0
0
0
0
0
0
0
0
0
0
0
0
0
0
0
0
0
0
0
0
0
0
2.67406e-13
0
3.55397e-13
1.22268e-13
0
0
0
0
0
0
0
2.77227e-13
0
0
0
0
0
0
6.54234e-14
0
0
0
0
0
0
0
0
0
0
0
0
0
0
0
0
2.63449e-14
0
0
0
0
0
0
0
0
4.74103e-14
0
0
0
0
0
0
0
0
0
0
0
5.31588e-14
0
0
0
0
0
0
0
0
0
0
0
0
0
0
0
1.74862e-14
0
0
0
0
0
0
0
0
0
0
0
0
0
0
0
0
0
0
0
0
0
0
0
0
0
0
0
0
1.44896e-13
0
0
0
0
0
0
0
0
0
0
0
0
0
0
0
0
0
0
0
0
0
3.38546e-14
0
0
0
0
0
0
0
0
0
0
4.17221e-14
2.99073e-14
0
0
0
0
0
0
0
0
5.92775e-14
0
0
0
0
0
0
0
0
0
0
0
0
1.21288e-14
0
0
2.24674e-14
0
0
0
0
0
0
0
0
0
0
0
0
0
0
0
0
0
0
0
0
0
0
0
0
0
0
0
0
0
0
0
0
0
0
0
8.40978e-14
0
1.59942e-13
0
0
0
1.57477e-13
0
0
0
0
0
0
0
0
0
0
0
7.66234e-14
0
1.60752e-15
0
0
0
0
0
0
0
0
0
0
0
0
5.70684e-14
0
0
0
0
0
0
0
0
0
0
0
0
0
0
0
0
0
0
0
0
0
0
0
0
0
0
0
0
0
0
0
0
0
0
0
0
0
0
0
0
0
0
0
0
0
0
0
0
0
0
0
0
0
0
0
0
0
0
0
0
0
0
0
0
0
0
0
0
0
0
0
0
0
0
0
7.22276e-14
0
0
0
0
1.35954e-13
0
0
0
0
2.61636e-14
4.90668e-14
0
0
0
0
0
0
0
0
0
0
0
0
0
0
0
0
4.64853e-14
0
0
0
0
0
0
0
0
0
0
0
0
0
0
0
0
0
2.45842e-14
0
0
0
0
0
0
2.2674e-14
0
0
0
0
0
2.90761e-14
0
0
0
0
0
0
0
0
0
0
0
0
0
0
0
0
0
0
0
0
0
0
0
0
0
0
0
0
0
0
0
0
0
0
0
0
0
0
0
0
0
0
4.67924e-14
1.25598e-13
0
0
0
4.5487e-14
0
0
9.20438e-14
0
0
0
0
0
0
0
2.78388e-14
0
0
0
0
0
0
0
0
0
0
0
6.74989e-14
2.73511e-14
0
0
0
0
0
0
0
0
1.33072e-14
0
0
0
0
0
0
0
0
0
0
0
0
0
0
1.47142e-14
0
0
1.77251e-14
2.64074e-14
0
2.14183e-14
0
0
0
0
0
0
2.2538e-15
0
0
0
0
0
0
0
0
0
0
0
0
0
0
0
0
0
0
0
0
0
0
0
0
0
0
0
0
0
0
0
0
0
0
0
0
0
4.51769e-14
8.18978e-15
0
0
0
0
0
0
0
0
0
0
0
0
0
0
0
0
0
0
0
0
0
0
0
0
0
0
0
0
0
0
0
0
0
0
0
0
0
0
0
0
0
0
0
0
0
1.98075e-14
2.80097e-14
1.48213e-14
0
0
0
0
0
0
0
0
0
0
0
0
0
0
0
0
0
0
0
0
0
0
0
0
0
0
0
0
0
0
0
0
0
0
0
0
0
0
0
0
0
0
0
0
0
0
0
0
0
0
0
0
0
0
0
0
0
0
0
0
0
0
0
0
0
0
0
0
0
0
0
0
0
0
0
0
0
0
0
0
0
0
0
0
0
2.49362e-14
0
0
0
0
0
0
0
0
0
0
0
4.59375e-14
1.62415e-14
0
0
0
0
0
0
3.39429e-14
0
0
3.02742e-14
0
0
0
0
0
0
0
0
0
0
0
0
0
0
0
0
0
0
0
0
0
0
0
0
0
0
0
0
0
0
0
0
0
0
0
0
0
0
0
0
0
0
0
0
0
0
0
0
0
0
0
0
0
0
0
0
0
0
0
0
1.03493e-14
0
0
0
0
0
0
0
0
0
0
0
0
0
0
0
0
0
0
0
0
0
0
4.164e-14
0
0
0
0
0
0
0
0
0
0
0
0
0
0
0
0
0
0
0
0
0
0
0
0
0
0
0
0
0
0
0
0
0
0
0
0
0
0
0
0
0
0
0
0
0
0
0
0
0
0
0
0
0
0
0
0
0
0
0
0
0
0
0
0
0
0
0
0
0
0
0
0
0
0
0
0
0
0
0
0
0
0
0
0
0
0
0
0
0
0
0
0
0
0
0
0
0
0
0
0
0
0
0
0
0
0
0
0
0
0
0
0
0
0
0
0
0
0
0
0
0
0
0
0
0
0
0
0
0
0
0
0
0
0
0
0
0
0
0
0
0
0
0
0
0
0
0
0
0
0
0
0
0
0
0
0
0
0
0
0
0
0
0
0
0
0
0
0
0
0
0
0
0
0
0
0
0
0
0
0
0
0
0
0
0
0
0
0
0
0
0
0
0
0
0
0
0
0
0
0
0
0
0
0
0
0
0
0
0
0
0
0
0
0
0
0
0
0
0
0
0
0
0
0
0
0
0
0
0
0
0
0
0
0
0
0
0
0
0
0
0
0
0
0
0
0
0
0
0
0
0
0
0
0
0
0
0
0
0
0
0
0
0
0
0
0
0
0
0
0
0
0
0
0
0
0
0
0
0
0
0
0
0
0
0
0
0
0
0
0
0
0
0
0
0
0
0
0
1.31105e-14
0
1.37814e-14
0
0
0
8.88792e-15
0
0
0
0
0
0
0
0
0
0
0
0
0
0
0
0
0
0
0
0
0
0
0
0
0
0
0
0
0
0
0
0
0
0
0
0
0
0
0
0
0
0
0
0
0
0
0
0
0
0
0
0
0
0
0
0
0
0
0
0
0
0
0
0
0
0
0
0
0
0
0
0
0
0
0
0
0
0
0
0
0
0
0
0
0
0
0
0
0
0
0
0
0
6.20425e-15
0
0
0
0
0
0
0
0
0
0
0
0
0
0
0
0
0
0
0
0
0
0
0
0
0
0
0
0
0
0
0
0
0
0
0
0
0
0
0
0
0
0
0
0
0
0
0
0
0
0
0
0
0
0
0
0
0
0
0
0
0
0
0
0
0
0
0
0
0
0
0
0
0
0
0
0
0
0
0
0
0
0
0
0
0
0
0
0
0
0
0
0
0
0
0
0
0
0
0
0
0
0
0
0
0
0
0
0
0
0
0
0
0
0
0
0
0
0
0
0
0
0
0
0
0
0
0
0
0
0
0
0
0
0
0
0
0
0
0
0
0
0
0
0
0
0
0
0
0
0
0
0
0
0
0
0
0
0
0
0
0
0
0
0
0
0
0
0
0
0
0
0
0
0
0
0
0
0
0
0
0
0
0
0
0
0
0
0
0
0
0
0
0
0
0
0
0
0
0
0
0
0
0
0
0
0
0
0
0
0
0
0
0
0
0
0
0
0
0
0
0
0
0
0
0
0
0
0
0
0
0
0
0
0
0
0
0
0
0
0
0
0
0
0
0
0
0
0
0
0
0
0
0
0
0
0
0
0
0
0
0
0
0
0
0
0
0
0
0
0
0
0
0
0
0
0
0
0
0
0
0
0
0
0
0
0
0
0
0
0
0
0
0
0
0
0
0
0
0
0
0
0
0
0
0
0
0
0
0
0
0
0
1.29077e-14
0
0
0
0
0
0
0
0
0
0
0
0
0
0
0
0
0
0
0
0
0
0
0
0
0
0
0
0
0
0
0
0
0
0
0
0
0
0
0
0
0
0
0
0
0
0
0
0
0
0
0
0
0
0
0
0
0
0
0
0
0
0
0
0
0
0
0
0
0
0
0
0
0
0
0
0
0
0
0
0
0
0
0
0
0
0
0
0
0
0
0
0
0
0
0
0
0
0
0
0
0
0
0
0
0
0
0
0
0
0
0
0
0
0
0
0
0
0
0
0
0
0
0
0
0
0
0
0
0
0
0
0
0
0
0
0
0
0
0
0
0
0
0
0
0
0
0
0
0
0
0
0
0
0
0
0
0
0
0
0
0
0
0
0
0
0
0
0
0
0
0
0
0
0
0
0
0
0
0
0
0
0
0
0
0
0
0
0
0
0
0
0
0
0
0
0
0
0
0
0
0
0
0
0
0
0
0
0
0
0
0
0
0
0
0
0
0
0
0
0
0
0
0
0
0
0
0
0
0
0
0
0
0
0
0
0
0
0
0
0
0
0
0
0
0
0
0
0
0
0
0
0
0
0
0
0
0
0
0
0
0
0
0
0
0
0
0
0
0
0
0
0
0
0
0
0
0
0
0
0
0
0
0
0
0
0
0
0
0
0
0
0
0
0
0
0
0
0
0
0
0
0
0
0
0
0
0
0
0
0
0
0
0
0
0
0
0
0
0
0
0
0
0
0
0
0
0
0
0
0
0
0
0
0
0
0
0
0
0
0
0
0
0
0
0
0
0
0
0
0
0
0
0
0
0
0
0
0
0
0
0
0
0
0
0
0
0
0
0
0
0
0
0
0
0
0
0
0
0
0
0
0
0
0
0
0
0
0
0
0
0
0
0
0
0
0
0
0
0
0
0
0
0
0
0
0
0
0
0
0
0
0
0
0
0
0
0
0
0
0
0
0
0
0
0
0
0
0
0
0
0
0
0
0
0
0
0
0
0
0
0
0
0
0
0
0
0
0
0
0
0
0
0
0
0
0
0
0
0
0
0
0
0
0
0
0
0
0
0
0
0
0
0
0
0
0
0
0
0
0
0
0
0
0
0
0
0
0
0
0
0
0
0
0
0
0
0
0
0
0
0
0
0
0
0
0
0
0
0
0
0
0
0
0
0
0
0
0
0
0
0
0
0
0
0
0
0
0
0
0
0
0
0
0
0
0
0
0
0
0
0
0
0
0
0
0
0
0
0
0
0
0
0
0
0
0
0
0
0
0
0
0
0
0
0
0
0
0
0
0
0
0
0
0
0
0
0
0
0
0
0
0
0
0
0
0
0
0
0
0
0
0
0
0
0
0
0
0
0
0
0
0
0
0
0
0
0
0
0
0
0
0
0
0
0
0
0
0
0
0
0
0
0
0
0
0
0
0
0
0
0
0
0
0
0
0
0
0
0
0
0
0
0
0
0
0
0
0
0
0
0
0
0
0
0
0
0
0
0
0
0
0
0
0
0
0
0
0
0
0
0
0
0
0
0
0
0
0
0
0
0
0
0
0
0
0
0
0
0
0
0
0
0
0
0
0
0
0
0
0
0
0
0
0
0
0
0
0
0
0
0
0
0
0
0
0
0
0
0
0
0
0
0
0
0
0
0
0
0
0
0
0
0
0
0
0
0
0
0
0
0
0
0
0
0
0
0
0
0
0
0
0
0
0
0
0
0
0
0
0
0
0
0
0
0
0
0
0
0
0
0
0
0
0
0
0
0
0
0
0
0
0
0
0
0
0
0
0
0
0
0
0
0
0
0
0
0
0
0
0
0
0
0
0
0
0
0
0
0
0
0
0
0
0
0
0
0
0
0
0
0
0
0
0
0
0
0
0
0
0
0
0
0
0
0
0
0
0
0
0
0
0
0
0
0
0
0
0
0
0
0
0
0
0
0
0
0
0
0
0
0
0
0
0
0
0
0
0
0
0
0
0
0
0
0
0
0
0
0
0
0
0
0
0
0
0
0
0
0
0
0
0
0
0
0
0
0
0
0
0
0
0
0
0
0
0
0
0
0
0
0
0
0
0
0
0
0
0
0
0
0
0
0
0
0
0
0
0
0
0
0
0
0
0
0
0
0
0
0
0
0
0
0
0
0
0
0
0
0
0
0
0
0
0
0
0
0
0
0
0
0
0
0
0
0
0
0
0
0
0
0
0
0
0
0
0
0
0
0
0
0
0
0
0
0
0
0
0
0
0
0
0
0
0
0
0
0
0
0
0
0
0
0
0
0
0
0
0
0
0
0
0
0
0
0
0
0
0
0
0
0
0
0
0
0
0
0
0
0
0
0
0
0
0
0
0
0
0
0
0
0
0
0
0
0
0
0
0
0
0
0
0
0
0
0
0
0
0
0
0
0
0
0
0
0
0
0
0
0
0
0
0
0
0
0
0
0
0
0
0
0
0
0
0
0
0
0
0
0
0
0
0
0
0
0
0
0
0
0
0
0
0
0
0
0
0
0
0
0
0
0
0
0
0
0
0
0
0
0
0
0
0
0
0
0
0
0
0
0
0
0
0
0
0
0
0
0
0
0
0
0
0
0
0
0
0
0
0
0
0
0
0
0
0
0
0
0
0
0
0
0
0
0
0
0
0
0
0
0
0
0
0
0
0
0
0
0
0
0
0
0
0
0
0
0
0
0
0
0
0
0
0
0
0
0
0
0
0
0
0
0
0
0
0
0
0
0
0
0
0
0
0
0
0
0
0
0
0
0
0
0
0
0
0
0
0
0
0
0
0
0
0
0
0
0
0
0
0
0
0
0
0
0
0
0
0
0
0
0
0
0
0
0
0
0
0
0
0
0
0
0
0
0
0
0
0
0
0
0
0
0
0
0
0
0
0
0
0
0
0
0
0
0
0
0
0
0
0
0
0
0
0
0
0
0
0
0
0
0
0
0
0
0
0
0
0
0
0
0
0
0
0
0
0
0
0
0
0
0
0
0
0
0
0
0
0
0
0
0
0
0
0
0
0
0
0
0
0
0
0
0
0
0
0
0
0
0
0
0
0
0
0
0
0
0
0
0
0
0
0
0
0
0
0
0
0
0
0
0
0
0
0
0
0
0
0
0
0
0
0
0
0
0
0
0
0
0
0
0
0
0
0
0
0
0
0
0
0
0
0
0
0
0
0
0
0
0
0
0
0
0
0
0
0
0
0
0
0
0
0
0
0
0
0
0
0
0
0
0
0
0
0
0
0
0
0
0
0
0
0
0
0
0
0
0
0
0
0
0
0
0
0
0
0
0
0
0
0
0
0
0
0
0
0
0
0
0
0
0
0
0
0
0
0
0
0
0
0
0
0
0
0
0
0
0
0
0
0
0
0
0
0
0
0
0
0
0
0
0
0
0
0
0
0
0
0
0
0
0
0
0
0
0
0
0
0
0
0
0
0
0
0
0
0
0
0
0
0
0
0
0
0
0
0
0
0
0
0
0
0
0
0
0
0
0
0
0
0
0
0
0
0
0
0
0
0
0
0
0
0
0
0
0
0
0
0
0
0
0
0
0
0
0
0
0
0
0
0
0
0
0
0
0
0
0
0
0
0
0
0
0
0
0
0
0
0
0
0
0
0
0
0
0
0
0
0
0
0
0
0
0
0
0
0
0
0
0
0
0
0
0
0
0
0
0
0
0
0
0
0
0
0
0
0
0
0
0
0
0
0
0
0
0
0
0
0
0
0
0
0
0
0
0
0
0
0
0
0
0
0
0
0
0
0
0
0
0
0
0
0
0
0
0
0
0
0
0
0
0
0
0
0
0
0
0
0
0
0
0
0
0
0
0
0
0
0
0
0
0
0
0
0
0
0
0
0
0
0
0
0
0
0
0
0
0
0
0
0
0
0
0
0
0
0
0
0
0
0
0
0
0
0
0
0
0
0
0
0
0
0
0
0
0
0
0
0
0
0
0
0
0
0
0
0
0
0
0
0
0
0
0
0
0
0
0
0
0
0
0
0
0
0
0
0
0
0
0
0
0
0
0
0
0
0
0
0
0
0
0
0
0
0
0
0
0
0
0
0
0
0
0
0
0
0
0
0
0
0
0
0
0
0
0
0
0
0
0
0
0
0
0
0
0
0
0
0
0
0
0
0
0
0
0
0
0
0
0
0
0
0
0
0
0
0
0
0
0
0
0
0
0
0
0
0
0
0
0
0
0
0
0
0
0
0
0
0
0
0
0
0
0
0
0
0
0
0
0
0
0
0
0
0
0
0
0
0
0
0
0
0
0
0
0
0
0
0
0
0
0
0
0
0
0
0
0
0
0
0
0
0
0
0
0
0
0
0
0
0
0
0
0
0
0
0
0
0
0
0
0
0
0
0
0
0
0
0
0
0
0
0
0
0
0
0
0
0
0
0
0
0
0
0
0
0
0
0
0
0
0
0
0
0
0
0
0
0
0
0
0
0
0
0
0
0
0
0
0
0
0
0
0
0
0
0
0
0
0
0
0
0
0
0
0
0
0
0
0
0
0
0
0
0
0
0
0
0
0
0
0
0
0
0
0
0
0
0
0
0
0
0
0
0
0
0
0
0
0
0
0
0
0
0
0
0
0
0
0
0
0
0
0
0
0
0
0
0
0
0
0
0
0
0
0
0
0
0
0
0
0
0
0
0
0
0
0
0
0
0
0
0
0
0
0
0
0
0
0
0
0
0
0
0
0
0
0
0
0
0
0
0
0
0
0
0
0
0
0
0
0
0
0
0
0
0
0
0
0
0
0
0
0
0
0
0
0
0
0
0
0
0
0
0
0
0
0
0
0
0
0
0
0
0
0
0
0
0
0
0
0
0
0
0
0
0
0
0
0
0
0
0
0
0
0
0
0
0
0
0
0
0
0
0
0
0
0
0
0
0
0
0
0
0
0
0
0
0
0
0
0
0
0
0
0
0
0
0
0
0
0
0
0
0
0
0
0
0
0
0
0
0
0
0
0
0
0
0
0
0
0
0
0
0
0
0
0
0
0
0
0
0
0
0
0
0
0
0
0
0
0
0
0
0
0
0
0
0
0
0
0
0
0
0
0
0
0
0
0
0
0
0
0
0
0
0
0
0
0
0
0
0
0
0
0
0
0
0
0
0
0
0
0
0
0
0
0
0
0
0
0
0
0
0
0
0
0
0
0
0
0
0
0
0
0
0
0
0
0
0
0
0
0
0
0
0
0
0
0
0
0
0
0
0
0
0
0
0
0
0
0
0
0
0
0
0
0
0
0
0
0
0
0
0
0
0
0
0
0
0
0
0
0
0
0
0
0
0
0
0
0
0
0
0
0
0
0
0
0
0
0
0
0
0
0
0
0
0
0
0
0
0
0
0
0
0
0
0
0
0
0
0
0
0
0
0
0
0
0
0
0
0
0
0
0
0
0
0
0
0
0
0
0
0
0
0
0
0
0
0
0
0
0
0
0
0
0
0
0
0
0
0
0
0
0
0
0
0
0
0
0
0
0
0
0
0
0
0
0
0
0
0
0
0
0
0
0
0
0
0
0
0
0
0
0
0
0
0
0
0
0
0
0
0
0
0
0
0
0
0
0
0
0
0
0
0
0
0
0
0
0
0
0
0
0
0
0
0
0
0
0
0
0
0
0
0
0
0
0
0
0
0
0
0
0
0
0
0
0
0
0
0
0
0
0
0
0
0
0
0
0
0
0
0
0
0
0
0
0
0
0
0
0
0
0
0
0
0
0
0
0
0
0
0
0
0
0
0
0
0
0
0
0
0
0
0
0
0
0
0
0
0
0
0
0
0
0
0
0
0
0
0
0
0
0
0
0
0
0
0
0
0
0
0
0
0
0
0
0
0
0
0
0
0
0
0
0
0
0
0
0
0
0
0
0
0
0
0
0
0
0
0
0
0
0
0
0
0
0
0
0
0
0
0
0
0
0
0
0
0
0
0
0
0
0
0
0
0
0
0
0
0
0
0
0
0
0
0
0
0
0
0
0
0
0
0
0
0
0
0
0
0
0
0
0
0
0
0
0
0
0
0
0
0
0
0
0
0
0
0
0
0
0
0
0
0
0
0
0
0
0
0
0
0
0
0
0
0
0
0
0
0
0
0
0
0
0
0
0
0
0
0
0
0
0
0
0
0
0
0
0
0
0
0
0
0
0
0
0
0
0
0
0
0
0
0
0
0
0
0
0
0
0
0
0
0
0
0
0
0
0
0
0
0
0
0
0
0
0
0
0
0
0
0
0
0
0
0
0
0
0
0
0
0
0
0
0
0
0
0
0
0
0
0
0
0
0
0
0
0
0
0
0
0
0
0
0
0
0
0
0
0
0
0
0
0
0
0
0
0
0
0
0
0
0
0
0
0
0
0
0
0
0
0
0
0
0
0
0
0
0
0
0
0
0
0
0
0
0
0
0
0
0
0
0
0
0
0
0
0
0
0
0
0
0
0
0
0
0
0
0
0
0
0
0
0
0
0
0
0
0
0
0
0
0
0
0
0
0
0
0
0
0
0
0
0
0
0
0
0
0
0
0
0
0
0
0
0
0
0
0
0
0
0
0
0
0
0
0
0
0
0
0
0
0
0
0
0
0
0
0
0
0
0
0
0
0
0
0
0
0
0
0
0
0
0
0
0
0
0
0
0
0
0
0
0
0
0
0
0
0
0
0
0
0
0
0
0
0
0
0
0
0
0
0
0
0
0
0
0
0
0
0
0
0
0
0
0
0
0
0
0
0
0
0
0
0
0
0
0
0
0
0
0
0
0
0
0
0
0
0
0
0
0
0
0
0
0
0
0
0
0
0
0
0
0
0
0
0
0
0
0
0
0
0
0
0
0
0
0
0
0
0
0
0
0
0
0
0
0
0
0
0
0
0
0
0
0
0
0
0
0
0
0
0
0
0
0
0
0
0
0
0
0
0
0
0
0
0
0
0
0
0
0
0
0
0
0
0
0
0
0
0
0
0
0
0
0
0
0
0
0
0
0
0
0
0
0
0
0
0
0
0
0
0
0
0
0
0
0
0
0
0
0
0
0
0
0
0
0
0
0
0
0
0
0
0
0
0
0
0
0
0
0
0
0
0
0
0
0
0
0
0
0
0
0
0
0
0
0
0
0
0
0
0
0
0
0
0
0
0
0
0
0
0
0
0
0
0
0
0
0
0
0
0
0
0
0
0
0
0
0
0
0
0
0
0
0
0
0
0
0
0
0
0
0
0
0
0
0
0
0
0
0
0
0
0
0
0
0
0
0
0
0
0
0
0
0
0
0
0
0
0
0
0
0
0
0
0
0
0
0
0
0
0
0
0
0
0
0
0
0
0
0
0
0
0
0
0
0
0
0
0
0
0
0
0
0
0
0
0
0
0
0
0
0
0
0
0
0
0
0
0
0
0
0
0
0
0
0
0
0
0
0
0
0
0
0
0
0
0
0
0
0
0
0
0
0
0
0
0
0
0
0
0
0
0
0
0
0
0
0
0
0
0
0
0
0
0
0
0
0
0
0
0
0
0
0
0
0
0
0
0
0
0
0
0
0
0
0
0
0
0
0
0
0
0
0
0
0
0
0
0
0
0
0
0
0
0
0
0
0
0
0
0
0
0
0
0
0
0
0
0
0
0
0
0
0
0
0
0
0
0
0
0
0
0
0
0
0
0
0
0
0
0
0
0
0
0
0
0
0
0
0
0
0
0
0
0
0
0
0
0
0
0
0
0
0
0
0
0
0
0
0
0
0
0
0
0
0
0
0
0
0
0
0
0
0
0
0
0
0
0
0
0
0
0
0
0
0
0
0
0
0
0
0
0
0
0
0
0
0
0
0
0
0
0
0
0
0
0
0
0
0
0
0
0
0
0
0
0
0
0
0
0
0
0
0
0
0
0
0
0
0
0
0
0
0
0
0
0
0
0
0
0
0
0
0
0
0
0
0
0
0
0
0
0
0
0
0
0
0
0
0
0
0
0
0
0
0
0
0
0
0
0
0
0
0
0
0
0
0
0
0
0
0
0
0
0
0
0
0
0
0
0
0
0
0
0
0
0
0
0
0
0
0
0
0
0
0
0
0
0
0
0
0
0
0
0
0
0
0
0
0
0
0
0
0
0
0
0
0
0
0
0
0
0
0
0
0
0
0
0
0
0
0
0
0
0
0
0
0
0
0
0
0
0
0
0
0
0
0
0
0
0
0
0
0
0
0
0
0
0
0
0
0
0
0
0
0
0
0
0
0
0
0
0
0
0
0
0
0
0
0
0
0
0
0
0
0
0
0
0
0
0
0
0
0
0
0
0
0
0
0
0
0
0
0
0
0
0
0
0
0
0
0
0
0
0
0
0
0
0
0
0
0
0
0
0
0
0
0
0
0
0
0
0
0
0
0
0
0
0
0
0
0
0
0
0
0
0
0
0
0
0
0
0
0
0
0
0
0
0
0
0
0
0
0
0
0
0
0
0
0
0
0
0
0
0
0
0
0
0
0
0
0
0
0
0
0
0
0
0
0
0
0
0
0
0
0
0
0
0
0
0
0
0
0
0
0
0
0
0
0
0
0
0
0
0
0
0
0
0
0
0
0
0
0
0
0
0
0
0
0
0
0
0
0
0
0
0
0
0
0
0
0
0
0
0
0
0
0
0
0
0
0
0
0
0
0
0
0
0
0
0
0
0
0
0
0
0
0
0
0
0
0
0
0
0
0
0
0
0
0
0
0
0
0
0
0
0
0
0
0
0
0
0
0
0
0
0
0
0
0
0
0
0
0
0
0
0
0
0
0
0
0
0
0
0
0
0
0
0
0
0
0
0
0
0
0
0
0
0
0
0
0
0
0
0
0
)
;


// ************************************************************************* //
