/*--------------------------------*- C++ -*----------------------------------*\
  =========                 |
  \\      /  F ield         | OpenFOAM: The Open Source CFD Toolbox
   \\    /   O peration     | Website:  https://openfoam.org
    \\  /    A nd           | Version:  6
     \\/     M anipulation  |
\*---------------------------------------------------------------------------*/
FoamFile
{
    version     2.0;
    format      ascii;
    class       volScalarField;
    location    "0.1";
    object      T;
}
// * * * * * * * * * * * * * * * * * * * * * * * * * * * * * * * * * * * * * //

dimensions      [0 0 0 1 0 0 0];

internalField   nonuniform List<scalar> 
8000
(
303.479
369.641
632.9
1066.4
1259.41
1059.28
792.04
544.128
392.824
326.316
308.37
306.112
312.529
400.075
389.292
392.211
912.657
1391.18
1140.86
823.584
894.475
1147.46
1458.88
1622.34
1588.55
1496.97
1461.78
1474.1
1486.6
1218.24
1348.88
1613.62
1615.88
1569.7
1500.25
1432.37
1390.5
1401.09
1479.1
1541.67
1518.19
1515.79
1559.35
1622.74
1667.54
1666.78
1613.33
1524.02
1404.74
1402.66
1211.7
1261.44
1259.19
1252.37
1242.37
1230.85
1222.91
1223.37
1234.1
1253.53
1288.72
1327.15
1377.96
1483.03
1526.02
1611.76
1601.24
1638.63
1651.2
1658.46
1600.5
1677.99
1676.63
1665.32
1663.86
1670.73
1671.01
1666.37
1657.98
1654.49
1663
1664.72
1674.83
1668.18
1676.95
1683.43
1685.79
1683.89
1620.24
1676.89
1669.33
1656.49
1643.9
1635.64
1605.59
1586.62
1573.68
1563.64
1565.9
1525.81
303.362
379.746
672.084
1096.79
1280.57
1064.81
775.315
536.221
385.77
322.773
307.512
306.853
320.784
614.06
567.846
438.936
572.588
806.816
880.703
901.981
961.616
1188.67
1478.12
1622.19
1580.4
1482.24
1456.08
1472.68
1498.34
1481.81
1586.9
1625.4
1620.4
1580.22
1523.78
1466.53
1427.09
1432.17
1506.69
1456.97
1556.78
1534.84
1571
1628.88
1667.78
1661.59
1606.96
1520.96
1411.55
1345.69
1298.47
1272.53
1256.76
1249.35
1240.59
1230.77
1224.7
1226.78
1238.25
1257.53
1293.05
1330.84
1381.39
1485.5
1557.63
1613.44
1602.66
1639.47
1651.8
1659.41
1664.36
1678.74
1676.78
1665.66
1664.15
1670.9
1671.47
1666.73
1658.51
1654.37
1663.35
1664.8
1675.18
1668.33
1676.86
1683.41
1685.72
1683.78
1679.59
1676.73
1669.14
1656.25
1643.67
1635.51
1605.26
1586.36
1573.41
1563.35
1565.88
1525.48
304.024
434.241
846.263
1363.5
1076.81
903.665
659.083
673.729
533.719
324.105
360.646
307.493
332.524
1044.4
991.325
615.705
480.363
557.628
1200.94
1536.31
1223.16
1290.81
1518.57
1620.99
1564.82
1443.02
1439.18
1469.42
1514.92
1558.59
1609.63
1640.1
1630.78
1600.52
1568.57
1535.29
1499.5
1491.83
1515.49
1544.62
1535.17
1547.82
1589.47
1639.64
1666.88
1649.99
1592.37
1507.02
1411.2
1351.55
1305.98
1262.42
1245.46
1242.52
1237.89
1231.61
1228.78
1233.59
1246.42
1269.17
1301.91
1338.54
1388.71
1493.89
1559.38
1617.02
1633.51
1641.36
1653.04
1661.31
1667.57
1680.1
1589.38
1666.41
1664.76
1596.36
1672.48
1667.49
1659.63
1600.31
1664.11
1664.96
1675.96
1668.63
1599.04
1683.38
1685.56
1683.55
1679.44
1676.39
1668.71
1655.73
1551.26
1537.2
1604.54
1585.76
1572.81
1562.72
1415.33
1524.75
306.225
531.073
921.097
1056.83
904.884
726.895
536.386
409.592
334.162
308.721
303.951
304.593
316.785
967.379
1415.3
757.193
436.751
467.543
931.923
1109.14
1107.89
1317.06
1552.34
1625.66
1548.1
1275.94
1414.68
1466.14
1520.6
1579.14
1623.55
1649.24
1639.38
1619.03
1613.99
1466.77
1583.55
1440.54
1557.95
1557.29
1558.22
1579.88
1615.21
1651.56
1663.56
1628.66
1565.35
1485.5
1400.64
1346.66
1298.05
1249.25
1161.63
1236.09
1237.36
1234.93
1235.08
1242.79
1257.81
1286.4
1313.85
1355.3
1399.37
1506.02
1560.98
1622.12
1637.54
1644.39
1654.66
1663.91
1598.01
1664.6
1664.35
1667.55
1665.64
1675.22
1673.99
1668.62
1661.25
1658.77
1665.31
1665.17
1677.22
1668.98
1677.74
1683.32
1685.32
1683.19
1679.11
1675.86
1668.06
1654.94
1641.77
1631.1
1603.42
1584.87
1571.9
1561.76
1558.71
1523.62
305.248
779.877
1281.01
1182.06
831.927
606.492
438.424
346.066
312.383
303.934
330.425
327.313
330.739
652.521
775.405
501.106
390.978
436.592
702.898
887.386
1085.34
1380.33
1589.8
1608.74
1529.69
1433.94
1437.9
1472.14
1522.68
1577.49
1622.88
1648.36
1641.89
1626.02
1615.08
1602.95
1584.07
1578.99
1587.02
1414.77
1601.94
1618.75
1639.69
1659.92
1651.24
1600.66
1531.04
1458.54
1385.22
1330.36
1292.9
1253.65
1238.21
1241.37
1241.92
1241.47
1243.27
1253.72
1276.93
1302.87
1327.86
1369.16
1413.16
1530.41
1584.31
1597.75
1642.55
1648.73
1601.43
1666.96
1673.41
1666.4
1667.28
1668.91
1666.72
1678.54
1675.85
1670.06
1663.29
1662.16
1666.8
1599.28
1678.99
1590.25
1678.35
1683.22
1684.99
1682.69
1678.7
1675.16
1667.2
1653.89
1640.12
1627.54
1601.99
1583.68
1570.69
1560.5
1552.88
1522.18
303.62
681.419
1363.69
1005.47
663.485
488.797
366.792
434.159
305.711
302.736
302.375
303.143
305.812
443.953
482.308
420.422
467.479
454.325
558.153
852.83
1162.71
1483.81
1487.81
1482.36
1510.24
1445.85
1447.48
1470.15
1508.6
1566.62
1610.19
1637.88
1641.39
1627.36
1614.74
1600.93
1590.72
1592.63
1605.88
1621.38
1629.25
1638.97
1513.37
1654.52
1629.69
1563.18
1483.78
1433.78
1373.89
1222.48
1293.06
1259.83
1171.83
1247.01
1249.37
1250.64
1253.86
1269.28
1298.9
1321.77
1342.97
1385.48
1429.69
1541.26
1591.33
1605.42
1648.26
1654.36
1661.61
1670.32
1676.87
1668.37
1669.69
1670.33
1667.92
1681.51
1678
1671.78
1665.62
1664.84
1668.53
1598.54
1664.09
1671.36
1678.75
1683.07
1684.56
1682.05
1678.16
1674.27
1666.12
1652.59
1638.27
1519.57
1600.27
1582.23
1569.19
1558.94
1548.09
1520.46
302.365
577.055
976.653
787.547
491.703
393.321
469.951
414.262
341.68
302.922
302.916
304.687
341.085
358.024
377.996
371.722
418.104
509.042
672.747
935.703
1278.23
1574.72
1631.43
1573.71
1501.3
1314.85
1321.79
1464.23
1351.91
1538.86
1585.63
1617.47
1627.67
1627.46
1622.25
1614.88
1605.03
1612.98
1621.58
1624.92
1498.82
1642.33
1651.06
1643.28
1608.93
1529.83
1300.02
1410.75
1372.22
1335.1
1305.13
1277.43
1180.42
1256.46
1260.29
1264.48
1269.73
1208.72
1319.05
1342.36
1359.35
1404.17
1503.35
1537.89
1565.12
1641.84
1654.48
1660.57
1666.28
1673.72
1680.01
1670.34
1671.69
1671.76
1669.18
1666.03
1680.33
1673.75
1668.12
1599.36
1670.45
1671.65
1666.1
1672.98
1678.97
1682.86
1684.02
1623.22
1677.48
1673.35
1664.83
1651.06
1636.21
1620.93
1598.26
1580.49
1567.38
1557.09
1543.91
1518.51
314.515
437.323
666.166
486.874
375.609
330.887
412.148
308.796
303.644
303.353
326.308
344.927
333.5
388.993
362.005
385.481
465.377
598.808
781.734
1051.96
1401.94
1499.51
1613.23
1457.65
1476.08
1433.95
1443.27
1458.15
1480.14
1521.82
1398.51
1584.82
1600.59
1610.22
1614.52
1477.13
1615.99
1618.49
1619.39
1621.23
1631.48
1642.69
1644.1
1626.51
1590.45
1523.27
1458.77
1423.84
1376.36
1345.89
1318.47
1296.59
1194.69
1274.92
1279.47
1284.48
1290.81
1313.38
1341.25
1371.51
1386.14
1366.94
1453.24
1573.29
1634.19
1649.78
1660.88
1666.93
1670.65
1590.13
1585.8
1672.19
1673.44
1673.18
1589.1
1668.08
1664.63
1675.99
1670.66
1598.31
1672.52
1674.88
1668.14
1674.32
1598.01
1682.56
1683.36
1680.44
1676.65
1672.23
1663.45
1649.31
1633.93
1617.56
1595.99
1578.48
1565.29
1554.95
1540.12
1516.32
301.161
339.414
482.958
457.677
322.373
308.752
306.511
303.883
303.63
305.366
339.499
378.426
496.895
449.776
457.34
460.396
575.92
750.57
836.588
1202.56
1482.47
1635.16
1632.21
1559.68
1327.68
1293.91
1437.35
1447.6
1328.36
1500.5
1526.78
1543.66
1547.26
1560.3
1579.84
1591.94
1440.74
1602.24
1596.21
1450.06
1620.48
1630.27
1624.61
1603.99
1571.44
1516.65
1466.23
1424.43
1379.62
1354.63
1335.01
1315.61
1303.51
1297.21
1217.02
1307.59
1313.4
1335.38
1364.58
1396.55
1347.06
1431.13
1558.27
1556.75
1613.66
1657.54
1667.19
1673.19
1596.27
1682.56
1668.97
1673.94
1674.97
1674.54
1672.18
1669.92
1666.53
1678.59
1595.59
1673.63
1592.07
1588.88
1670.05
1675.47
1597.98
1682.21
1682.57
1679.46
1675.65
1670.76
1661.9
1647.35
1631.25
1614.11
1593.49
1576.2
1562.91
1552.48
1536.59
1513.9
300.486
309.69
329.034
388.788
306.294
303.499
329.045
303.522
324.382
351.777
325.5
428.923
782.33
945.278
600.971
592.425
697.554
926.204
1161.62
1344.44
1493.27
1646.22
1633.68
1564.13
1481.6
1310.13
1438.74
1446.77
1460.88
1483.29
1496.51
1499.44
1459.05
1321.01
1358.55
1530.79
1547.38
1557.75
1563.85
1577.17
1599.44
1606.75
1598.22
1576.21
1539.92
1501.38
1462.28
1422.56
1380.77
1362.59
1348.92
1338.72
1327.81
1319.45
1324.27
1329.24
1240.66
1270.68
1395.92
1423.5
1444.28
1538.91
1589.26
1640.17
1610.84
1607.5
1673.25
1679.03
1587.19
1667.66
1671.98
1675.38
1676.2
1675.73
1673.81
1671.52
1585.12
1586.52
1676.59
1677.25
1678.61
1664.25
1671.76
1676.43
1679.87
1682.98
1681.65
1678.32
1674.48
1669.1
1660.13
1645.09
1628.37
1610.67
1590.72
1573.65
1560.25
1549.74
1533.19
1511.27
300.11
320.141
347.836
340.921
303.246
302.974
303.733
324.724
336.62
360.761
416.284
542.973
1301.94
1373.45
894.151
759.68
769.399
1053.13
1339.43
1524.28
1624.56
1649.1
1620.37
1562.06
1497.6
1442.99
1435.51
1443.38
1448.78
1459.88
1467.41
1462.01
1446.22
1453.69
1469.05
1318.28
1479.17
1330.63
1510.11
1366.43
1554.44
1569.35
1561.39
1534.91
1509.85
1483.41
1457.21
1423.03
1276.14
1370.94
1364.51
1358.65
1354.66
1342.18
1251.06
1352.35
1275.12
1391.03
1423.11
1451.73
1532.03
1496.82
1613.83
1620.29
1662.95
1673.39
1678.81
1684.34
1666.37
1585.13
1674.08
1676.45
1677.14
1676.64
1675.13
1672.97
1670.13
1665.9
1679.88
1586.66
1664.21
1667.3
1673.28
1677.14
1680.12
1682.28
1680.57
1677.03
1673.01
1597.23
1658.14
1642.59
1625.22
1607.17
1587.64
1570.79
1557.32
1546.72
1529.18
1508.39
301.112
318.191
328.658
331.358
304.958
329.75
310.524
350.898
372.469
392.445
448.514
539.952
1116.75
1517
1093.05
858.914
889.542
1128.19
1501.15
1493.2
1646.97
1646.84
1493.68
1551.06
1500.85
1320.16
1298.36
1437.65
1428.29
1304.91
1433.2
1435.12
1432.85
1438.69
1446.87
1437.5
1449.69
1440.02
1328.05
1484.41
1509.03
1523.5
1517.81
1492.91
1474.07
1466.81
1449.32
1431.9
1408.99
1382.97
1277.87
1275.28
1272.49
1371.99
1376.42
1383.87
1394.98
1420.57
1451.26
1536.76
1574.91
1537.67
1648.36
1658.8
1669.88
1679.2
1583.69
1580.16
1669.68
1672.55
1675.24
1677.18
1677.77
1677.33
1676.05
1674.21
1671.67
1668.31
1664.21
1665.5
1666.89
1669.68
1674.59
1677.68
1680.01
1681.4
1679.33
1675.52
1671.34
1664.91
1655.74
1547.28
1621.71
1603.59
1584.27
1567.64
1554.14
1543.48
1525.17
1505.28
301.247
301.567
302.875
307.243
319.642
355.607
348.763
401.852
425.34
487.992
532.24
665.531
1131.16
1458.47
1118.31
904.911
960.625
1201.73
1514.33
1634.97
1655.55
1626.04
1440.86
1539.38
1501.35
1342.79
1444.42
1444.82
1283.12
1414.47
1287.86
1410.69
1404.07
1406.55
1420.05
1422.77
1417.62
1418.06
1440.9
1450.87
1318.58
1334.32
1477.32
1455.37
1308.86
1458.34
1450.4
1318.38
1442.51
1404.58
1303.03
1406
1404.2
1399.2
1315.12
1332.8
1424.6
1379.92
1535.99
1566.4
1607.25
1586.53
1596.63
1666.14
1599.12
1683.54
1578.16
1669.67
1671.48
1673.65
1675.93
1677.51
1678.07
1677.76
1676.7
1675.1
1672.99
1670.22
1583.73
1668.04
1669.16
1589.33
1675.6
1677.98
1679.66
1680.3
1677.85
1673.76
1669.5
1661.97
1570.8
1636.58
1617.94
1599.82
1580.71
1564.23
1550.68
1539.5
1521.08
1501.94
305.108
314.044
308.308
375.821
531.778
478.37
509.529
589.679
708.85
1187.82
805.76
1179.55
1167.81
1560.61
1271.97
965.462
1079.07
1308.88
1502.16
1512.18
1660.79
1504.18
1533.22
1533.62
1508.76
1482.29
1463.37
1458.91
1439.46
1430.57
1418.96
1410.95
1396.67
1276.94
1399.38
1401.27
1399.23
1397.67
1290.66
1436.64
1443.92
1452.45
1449.68
1432.71
1301.47
1461.34
1472.91
1481.42
1471.27
1463.65
1477.34
1481.03
1466.57
1347.44
1354.08
1441.73
1455.78
1476.44
1563.82
1606.78
1652.25
1659.56
1613.63
1672.28
1680.19
1663.99
1666.77
1670.21
1672.04
1674.04
1675.98
1677.34
1677.92
1677.81
1677.05
1675.73
1673.98
1671.73
1668.82
1670.03
1670.93
1673.01
1676.28
1596.41
1680.26
1617.58
1615.48
1671.86
1667.37
1658.86
1649.2
1632.89
1613.93
1595.68
1576.94
1560.57
1546.91
1535.36
1516.91
1498.35
357.978
350.022
352.976
601.583
1522.9
1015.3
818.275
978.743
1249.38
1105.84
1273.49
1252.05
1195.04
1527.9
1386.29
1065.02
1229.38
1442.7
1611.53
1523.05
1649.92
1604.53
1453.84
1550.78
1515.85
1492
1339.3
1474.33
1467.83
1449.34
1431.63
1427.36
1295.2
1408.86
1283.67
1388.42
1384.35
1257.5
1282.28
1427.9
1433.46
1431.64
1428.92
1423.16
1443.51
1478.79
1497.36
1510.43
1513.55
1381.15
1526.27
1512.72
1516.42
1517.43
1526.78
1483.11
1541.88
1564.08
1603.47
1586.78
1629.74
1665.3
1670.89
1677.1
1660.68
1664.09
1666.26
1669.3
1585.49
1673.61
1676.57
1677.89
1678.59
1677.52
1677.02
1676.05
1674.58
1672.92
1585.55
1671.54
1672.35
1674.22
1676.69
1677.91
1679.33
1677.51
1674.32
1669.85
1664.94
1655.42
1557.12
1628.79
1609.82
1591.38
1573.03
1556.61
1542.87
1531.11
1512.61
1494.57
1093.28
719.417
611.713
1210.86
1598.89
1299.5
1273.44
1434.89
1405.72
1360.67
1356.95
1443.09
1343.58
1345.1
1231.47
1280.44
1369.51
1522.15
1642.95
1683.54
1559.32
1530.48
1596.88
1457.96
1404.74
1361.17
1363.95
1502.54
1498.18
1474.03
1321.91
1312.48
1449.45
1448.05
1432.57
1271.85
1269.54
1392.73
1409.4
1298.49
1421.81
1414.53
1293.21
1435.24
1335.11
1505.21
1402.87
1547.25
1549.86
1478.76
1552.54
1547.51
1550.66
1550.64
1560.12
1564.77
1587.95
1573.93
1588.28
1633.69
1612.37
1603.23
1676.42
1657.57
1660.58
1662.26
1663.99
1667.02
1670.99
1673.26
1675.26
1676.57
1677.43
1677.82
1610.04
1675.99
1674.87
1585.17
1672.26
1587
1673.58
1675.01
1676.77
1677.26
1677.8
1613.3
1671.82
1667.18
1661.97
1570.74
1639.12
1623.62
1604.52
1586.03
1568.11
1551.46
1537.79
1525.8
1507.34
1489.79
1814.66
1098.61
1029.19
1090.08
1367.54
1381.24
1564.7
1649.67
1595.73
1571.85
1544.08
1536.68
1550.37
1438.45
1472.53
1401.68
1510.89
1528.1
1534.61
1690.73
1675.22
1650.42
1625.26
1582.1
1411.02
1401.51
1402.77
1530.72
1403.99
1517.78
1505.59
1499.72
1495.55
1483.92
1472.16
1455.85
1450.91
1443.43
1300.87
1420.89
1298.16
1281.97
1294.78
1461.22
1504.89
1540.36
1587.19
1602.37
1602.18
1599.57
1612.06
1562.97
1567.45
1568.61
1628.67
1634.66
1585.71
1598.72
1665.98
1606.22
1595.07
1571.47
1655.07
1656.73
1657.69
1658.19
1660.53
1663.97
1667.81
1670.72
1673.05
1674.51
1675.53
1676.17
1676.45
1675.27
1674.63
1673.88
1673.12
1673.63
1674.17
1675.28
1676.2
1677.01
1675.53
1672.57
1668.44
1663.42
1657.56
1645.47
1631.82
1616.67
1597.99
1579.53
1561.91
1545.02
1531.47
1519.31
1500.94
1483.9
1955.45
1545.76
1335.45
1304.16
1414.55
1560.82
1708.59
1733.41
1707.34
1696.86
1551.51
1645.55
1597.01
1564.63
1521.94
1527.95
1616.77
1674.66
1530.48
1675.47
1547.79
1661.28
1639.78
1597.74
1455.08
1568.06
1573.49
1572.65
1455.7
1558.63
1411.32
1398.57
1530.79
1503.78
1365.69
1508.68
1495.77
1479.13
1455.28
1314.94
1442.56
1444.22
1464.58
1353.14
1539.18
1594.05
1612.21
1633.92
1653.24
1660.21
1657.98
1612.38
1656.32
1607.28
1660.64
1615.35
1615.52
1607.97
1674
1676.09
1676.81
1652.51
1651.81
1652.41
1575.1
1653.13
1655.48
1659.52
1596.36
1601.91
1670.24
1671.88
1673.16
1674.05
1674.52
1674.85
1673.63
1673.23
1673.04
1673.53
1674.11
1674.83
1607.35
1674.93
1672.79
1669.16
1664.6
1659.02
1652.31
1550.32
1624.49
1609.12
1591.1
1572.39
1555.2
1538.01
1524.54
1512.51
1494.18
1477.61
1987.59
1786.08
1603.73
1494.09
1561.92
1681.32
1755.5
1767.79
1769.75
1762.66
1728.23
1693.58
1661.98
1625.71
1562.34
1637.65
1669.94
1518.95
1692.45
1691.86
1678.53
1532.85
1519.51
1506.02
1488.04
1601.04
1606.1
1613.59
1623.66
1610.04
1484.38
1604.07
1588.37
1429.88
1569.16
1558.64
1404.13
1516.16
1498.78
1484.08
1479.87
1347.43
1512.37
1544.94
1518.3
1553.26
1594.27
1676.53
1678.65
1678.09
1674.48
1606.81
1607.02
1670.49
1671.89
1672.67
1673.75
1676.19
1677.1
1652.77
1649.81
1547.8
1645.24
1567.37
1645.64
1646.83
1650.08
1654.71
1659.45
1663.64
1601.96
1668.8
1670.28
1671.38
1672.17
1672.67
1672.78
1672.7
1671.9
1595.62
1673.08
1673.5
1673.96
1672.17
1669.42
1665.3
1660.44
1654.04
1645.99
1631.7
1616.57
1601.25
1582.86
1564.96
1547.96
1530.55
1517.05
1505.34
1487.07
1470.88
1997.61
1916.73
1762.85
1646.68
1661.19
1721.22
1752.64
1771.83
1789.66
1786.11
1761.23
1570.72
1688.91
1541.44
1658.29
1665.01
1673.08
1686.38
1693.58
1699.69
1694.32
1514.03
1680.33
1656.96
1639.92
1632.66
1623.84
1526.29
1664.16
1538.88
1661.16
1659.52
1539.4
1630.47
1505.48
1595.64
1567.36
1551.66
1534.58
1520.07
1519.79
1535.15
1572.99
1523.37
1624.06
1667.27
1666.56
1670.04
1669.27
1666.94
1579.56
1577.98
1578.6
1678.8
1573.1
1677.9
1653.74
1558.57
1650.8
1646.79
1642.11
1639.32
1636.94
1637.07
1638.1
1640.29
1644.5
1649.63
1654.64
1659.29
1662.95
1664.99
1666.86
1668.34
1669.22
1670
1604.42
1670.33
1670.76
1671.36
1672.07
1672.27
1605.11
1668.84
1665.54
1660.77
1655.45
1648.5
1638.77
1623.39
1608.12
1593.25
1574.26
1556.71
1540.27
1522.69
1509.15
1497.5
1479.64
1463.74
1999.98
1969.8
1881.25
1778.51
1762.2
1788.26
1783.03
1767.06
1781.3
1799.07
1771.8
1734.53
1689.29
1666.53
1665.35
1641.95
1641.73
1536.15
1678.89
1699.77
1709.3
1715.98
1708.55
1688.3
1669.6
1522.86
1665.84
1685.75
1700.7
1700.5
1700.38
1692.12
1682.89
1673
1656.02
1626.38
1597.94
1475.52
1567.53
1559.61
1559.34
1588.18
1526.29
1630.17
1672.08
1670.95
1586.07
1673.27
1670.38
1667.08
1662.81
1659.42
1657.85
1656.81
1654.9
1652.45
1649.39
1646.3
1642.9
1638
1632.81
1629.41
1627.68
1628.09
1547.82
1633.47
1637.71
1643.35
1649.02
1654.48
1658.56
1661.07
1663.23
1664.67
1665.85
1666.66
1667.13
1667.34
1667.77
1668.35
1669.1
1669.12
1667.44
1664.74
1661.03
1656.01
1649.47
1559.21
1631.36
1614.8
1599
1583.92
1565.02
1547.81
1530.87
1514.34
1500.84
1489.17
1471.75
1456.29
1999.07
1981.07
1942.73
1880.24
1857
1854.18
1823.59
1776.91
1760.88
1784.75
1793.07
1746.25
1698.13
1492.15
1655.79
1517.91
1525.04
1667.27
1531.85
1707.58
1518.27
1732.07
1728.67
1710.57
1506.49
1508.74
1692.13
1585.85
1721.76
1724.61
1717.87
1696.21
1617.52
1686.83
1673.6
1647.9
1526.63
1604.42
1594.64
1489.83
1597.78
1532.92
1636.46
1667.14
1673.66
1673.34
1672.45
1669.71
1666.08
1662.48
1574.91
1653.47
1651.9
1557.48
1555.23
1644.38
1640.21
1635.82
1549.65
1626.93
1622.71
1619.58
1618.37
1619.29
1621.72
1625.09
1629.86
1636.16
1642.39
1648.42
1576
1655.76
1658.59
1660.73
1661.93
1662.89
1663.31
1663.48
1663.89
1664.28
1597.09
1597.22
1662.82
1659.89
1655.83
1650.12
1643.06
1634.14
1622.47
1605.76
1589.48
1573.97
1555.47
1538.51
1521.44
1505.57
1492.13
1479.84
1463.23
1448.29
1996.34
1976.29
1951.55
1918.39
1890.37
1856.18
1807.82
1762.05
1734.2
1749.62
1784.19
1824.46
1738.43
1701.11
1679.64
1656.65
1666.47
1695.41
1709.55
1727.08
1741.24
1750.54
1585.85
1732.33
1715.6
1596.73
1697.62
1652.39
1720.68
1732.65
1747.41
1741.03
1728.48
1709.35
1680.49
1658.94
1646.61
1621.97
1616.5
1622.34
1632.31
1666.07
1669.5
1674.84
1671.88
1599.02
1664.71
1661.8
1657.8
1653.67
1573.58
1644.11
1642.17
1640.51
1637.4
1633.25
1627.91
1623.37
1619.71
1523.48
1612.29
1609.07
1607.67
1608.75
1610.34
1614.15
1619.66
1626.53
1633.63
1640.75
1646.31
1649.89
1652.96
1655.53
1657.52
1658.5
1658.82
1659.16
1659.4
1659.56
1660.05
1591.1
1657.42
1654.11
1649.98
1643.18
1635.5
1625.56
1612.74
1596.08
1579.63
1563.61
1545.65
1528.78
1511.88
1496.4
1482.93
1470.4
1454.39
1439.57
1991.81
1963.43
1930.14
1898.56
1855.04
1792
1732.39
1699.24
1688.16
1701.96
1747.77
1781.82
1784.23
1745.84
1718.32
1703.57
1513.24
1546.06
1733.34
1582.98
1757.82
1762.48
1757.37
1745.83
1734.07
1707.74
1705.76
1746.91
1737.05
1787.77
1794.79
1778.85
1735.82
1753.47
1715.7
1677.51
1659.42
1578.35
1660.77
1575.8
1670.02
1672.32
1674.5
1602.53
1662.88
1656.87
1576.2
1651.89
1567.67
1643.5
1556.37
1632.94
1630.44
1628.19
1537.89
1620.27
1614.94
1610.35
1606.17
1602.54
1599.84
1596.4
1594.32
1483.88
1597.1
1601.33
1607.44
1615.55
1623.67
1631.55
1637.39
1642.22
1646.19
1649.69
1651.8
1653.48
1654.1
1654.2
1654.42
1654.39
1654.39
1653.86
1580.01
1648.04
1643.12
1635.91
1626.63
1615.97
1602.69
1585.46
1569.39
1552.84
1535.27
1518.56
1501.96
1486.86
1473.39
1460.63
1445.24
1430.53
1984.51
1941.79
1889.68
1836.58
1763.12
1670.58
1604.11
1595.73
1616.42
1648.35
1696.37
1749.31
1776.9
1771.3
1748.67
1593.89
1735.28
1742.19
1599.73
1756.34
1766.9
1776.91
1770.79
1737.17
1765.77
1787.62
1796.17
1779.04
1747.25
1802
1814.62
1810.27
1798.89
1779.16
1739.23
1677.93
1684.65
1675.95
1678.17
1602.44
1675.66
1610.55
1666.64
1580.72
1563.99
1642.39
1638.93
1637.19
1633.93
1538.34
1623.75
1619.96
1617
1614.36
1610.76
1605.96
1600.07
1594.82
1590.4
1586.23
1584.37
1581.45
1578.31
1579.8
1581.41
1586.51
1593.61
1602.41
1611.7
1620.88
1627.96
1633.19
1637.75
1642.34
1645.52
1647.21
1648.54
1649
1649.02
1648.57
1648.05
1647.02
1644.93
1640.8
1635.68
1627.25
1617.28
1605.17
1591.78
1574.61
1558.25
1541.99
1524.56
1508.06
1491.76
1476.85
1463.52
1450.59
1435.69
1421.22
1972.69
1903.26
1813.4
1720.05
1616.54
1504.63
1444.92
1467.92
1529.33
1588.9
1645.2
1702.54
1747.24
1762.36
1755.98
1738.26
1737.88
1742.89
1761
1778.01
1785.06
1791.95
1801.16
1809.48
1821.39
1823.65
1822.38
1788.52
1746.32
1811.55
1769.06
1834.63
1825.19
1800.57
1764.05
1706.33
1706.01
1635
1692
1684.73
1672.12
1660.17
1651.81
1639.46
1628.49
1619.15
1615.06
1500.9
1613.26
1611.13
1604.57
1601.51
1598.83
1596.2
1592.3
1587.65
1581.02
1575.18
1443.18
1566.77
1566.07
1429.86
1560.3
1561.25
1563.66
1569.75
1577.92
1588.08
1598.35
1608.76
1616.82
1622.78
1628.49
1633.6
1637.52
1640.48
1641.86
1642.47
1642.83
1642.25
1641.44
1639.91
1637.16
1632.79
1626.83
1617.47
1606.9
1593.97
1579.82
1563.41
1546.78
1530.58
1513.34
1497.12
1481.25
1466.52
1453.21
1440.27
1425.92
1411.53
1952.01
1836.47
1678.86
1545.01
1418.74
1307.75
1274.31
1332.94
1433.39
1525.83
1596.54
1655.58
1704.43
1730.73
1736.81
1734.59
1734.68
1738.8
1747.1
1750.39
1756.25
1766.26
1775.89
1786.43
1792.2
1798.28
1744.38
1804.53
1740.05
1752.23
1828.33
1834.01
1839.23
1816.95
1783.92
1751.29
1722.33
1652.53
1695.33
1677.55
1656.84
1642.16
1626.59
1609.51
1464.61
1588.14
1584.46
1588.22
1586.11
1584.9
1579.49
1577.28
1575.03
1572.87
1569.15
1565.01
1557.84
1551.52
1548.87
1544.6
1545.06
1544.49
1539.69
1540.91
1544.55
1551.84
1560.95
1571.9
1583.24
1594.89
1604.92
1610.95
1617.47
1623.75
1628.27
1631.75
1634.14
1635.23
1635.46
1634.52
1633.45
1631.44
1628.73
1623.63
1616.45
1607.02
1595.22
1581.77
1567.25
1551.2
1535.11
1518.78
1501.91
1485.88
1470.3
1455.85
1442.62
1429.55
1415.96
1401.37
1910
1698.54
1461.3
1297.76
1181.34
1101.72
1104.21
1196.55
1331.7
1456.1
1546.87
1611.33
1659.24
1687.68
1700.99
1702.11
1703.91
1708.19
1714.74
1719.97
1727.18
1737.63
1741.7
1748.47
1749.91
1749.21
1767.76
1696.05
1774.19
1784.85
1798.2
1804.27
1827.82
1824.85
1792.73
1758.89
1728.26
1706.29
1684.19
1661.72
1639.14
1614.58
1591.38
1571.1
1559.54
1550.94
1548.64
1553.08
1553.27
1553.94
1549.36
1547.93
1546.43
1544.78
1541.74
1538.84
1531.04
1524.69
1522.4
1519.68
1521.72
1520.83
1516.97
1518.59
1523.54
1531.95
1542.41
1554.69
1567.02
1579.48
1467.84
1598.11
1605.45
1612.05
1617.71
1621.96
1624.53
1626.39
1627.01
1626.33
1624.85
1622.55
1618.66
1612.82
1605.73
1595.2
1583.17
1568.75
1554.46
1538.54
1522.99
1506.45
1490.13
1474.3
1459.13
1444.79
1431.63
1418.63
1404.95
1390.94
1842.7
1450.42
1148.67
1007.8
941.515
911.311
945.714
1059.91
1221.65
1377.02
1491.57
1564.59
1613.17
1641.56
1655.39
1659.85
1664.68
1671.99
1680.28
1686.5
1692.13
1702.42
1688.85
1688.97
1634.54
1673.04
1684.11
1704.5
1644.59
1734.92
1758.83
1791.78
1796.41
1812.33
1788.48
1753.54
1720.68
1693.73
1664.7
1637.24
1457.36
1576.4
1552.15
1528.53
1516.12
1510.5
1509.62
1514.36
1515.91
1517.87
1515.08
1514.52
1513.57
1512.65
1510.58
1340.46
1501.1
1495.07
1493.54
1492.41
1493.85
1494.45
1492.6
1495.05
1501.35
1511.09
1522.78
1536.05
1549.38
1563.32
1575.42
1583.69
1592.04
1599.53
1605.42
1610.67
1614.2
1616.15
1616.57
1616.02
1614.53
1611.52
1607.23
1601.4
1593.52
1582.56
1569.91
1555.19
1540.73
1525.64
1510.48
1493.86
1478.09
1462.28
1447.56
1433.45
1420.31
1407.49
1393.65
1380.22
1571.57
1049.24
802.332
738.641
736.625
754.158
807.658
926.105
1101.66
1281.55
1423.61
1509.17
1560.57
1588.93
1604.19
1611.87
1620.2
1630.32
1639.65
1644.46
1645.03
1640
1620.34
1604.08
1591.24
1578.94
1591.82
1622.12
1651.43
1677.25
1714.34
1679.24
1769.54
1774.97
1766.19
1732.19
1591.33
1662
1627
1592.78
1559.31
1532.18
1289.23
1481.54
1470.58
1468.38
1469.1
1473.71
1476.37
1479.5
1477.62
1477.63
1477.39
1477.18
1476.07
1477.08
1468.13
1462.71
1462.33
1463.32
1464.26
1467.29
1466.61
1470.03
1477.77
1488.92
1501.87
1516.42
1530.75
1545.4
1558.17
1568.41
1577.15
1585.55
1592.35
1597.81
1601.92
1604.67
1605.4
1604.65
1602.82
1599.62
1594.9
1588.31
1580.27
1569.14
1555.63
1541.35
1526.51
1512.17
1497.51
1480.87
1465.73
1450.04
1435.75
1421.71
1408.82
1395.88
1382.19
1369.16
408.147
437.167
461.574
504.008
558.005
615.485
685.082
787.813
945.28
1122.69
1280.95
1384.86
1443.56
1475.5
1495.22
1510.32
1526.45
1541.58
1550.1
1545.8
1527.84
1498.75
1465.36
1439.55
1428.51
1433.47
1458.3
1494.83
1534.58
1578.52
1625.33
1667.48
1694.15
1691.53
1532
1637.48
1606.3
1565.8
1511.21
1470.03
1438.21
1419.12
1386.34
1370.09
1365.8
1371.86
1385.6
1400.08
1407.91
1414.19
1412.72
1413.27
1413.64
1414.16
1414.67
1413.98
1409.13
1405.75
1407.35
1408.39
1412.43
1420.89
1421.62
1426.66
1437.06
1450.57
1465.51
1481.91
1497.9
1514.49
1528.13
1540.78
1550.96
1560.37
1568
1574.66
1579.33
1582.34
1583.51
1582.79
1580.69
1576.89
1571.72
1565
1556.74
1545.22
1531.9
1516.85
1502.94
1489.31
1474.95
1459.2
1445.25
1429.63
1416.02
1402.49
1389.56
1376.78
1363.27
1350.77
315.788
332.237
356.068
390.305
428.162
464.7
506.522
576.58
683.69
824.997
965.345
1082.9
1161.7
1210.13
1246.72
1279.4
1309.58
1329.69
1328.35
1302.86
1262.42
1221.82
1196.97
1195.62
1217.38
1256.09
1306.68
1361.6
1413.55
1459.9
1496.85
1523.46
1536.94
1528.03
1489.06
1452.43
1414.91
1378.7
1333.39
1302.8
1287.81
1266.8
1247.26
1239.86
1243.1
1257.69
1269.95
1273.44
1285.14
1297.55
1309.16
1317.79
1323.01
1325.97
1328.47
1328.52
1327.02
1326.27
1329.76
1333.26
1339.88
1347.84
1354.64
1364.26
1377.53
1393.87
1411.61
1430.68
1449.15
1467.7
1483.2
1498.34
1510.21
1520.69
1529.47
1537.09
1542.61
1546.18
1548.06
1547.82
1545.4
1541.21
1535.58
1528.85
1521.03
1509.71
1496.09
1481.97
1468.5
1455.72
1441.7
1427.66
1414.8
1400.12
1387.64
1374.45
1361.7
1349.05
1336.06
1324.2
302.261
308.389
319.108
336.145
357.897
380.695
403.438
431.305
475.829
541.472
606.593
668.469
730.634
790.606
850.184
905.295
947.633
966.971
960.689
939.822
922.515
922.392
943.957
985.195
1041.73
1106.41
1171.86
1231.95
1282.17
1319.04
1340.05
1343.5
1328.56
1301.5
1261.79
1225.44
1192.49
1161.34
1135.22
1120.21
1115.99
1106.63
1100.63
1104.74
1115.57
1130.9
1142.6
1155.9
1174.25
1187.45
1188.93
1197.33
1207.84
1217.15
1229.04
1235.12
1239.54
1243.07
1249.3
1256.04
1264.68
1273.64
1284.01
1297.06
1313.43
1332.32
1352.6
1373.9
1394.53
1414.74
1432.22
1449.26
1462.99
1473.97
1483.92
1492.27
1498.42
1502.8
1505.28
1505.91
1503.25
1499.05
1493.52
1487.06
1480.2
1469.08
1456.12
1443.41
1431.15
1419.15
1406.05
1393.5
1382.5
1368.11
1356.61
1344.49
1331.54
1319.41
1306.9
1295.35
300.544
302.904
307.205
314.04
323.46
334.766
347.402
362.625
381.713
402.828
426.801
454.861
484.553
515.514
549.3
581.105
605.973
622.085
633.292
647.296
671.554
709.359
761.067
823.755
893.462
964.157
1027.13
1078.94
1115.3
1135.3
1138.22
1123.83
1098.19
1067.48
1033.91
1007.1
986.834
970.327
960.804
958.99
962.422
964.03
967.822
976.69
989.249
1004.84
1021.6
1038.99
1053.36
1064.69
1078.27
1093.44
1103.7
1106.89
1115.97
1126.48
1135.64
1146.62
1160.62
1173.53
1186.15
1198.43
1212.5
1228.34
1246.85
1267.55
1289.51
1312.36
1334.46
1356.04
1375.12
1393.32
1407.85
1420.44
1431.3
1440.37
1447.16
1452.38
1455.58
1457.71
1454.64
1450.99
1446.16
1440.16
1433.37
1423.84
1412.95
1401.68
1390.78
1379.95
1367.98
1356.7
1345.76
1333.39
1322.63
1310.86
1299.15
1287.37
1275.52
1264.56
300.207
301.237
303.103
305.944
309.784
314.553
320.329
327.609
337.177
348.284
359.991
371.09
381.89
394.72
410.905
424.28
434.554
443.643
455.495
475.241
506.293
549.369
603.179
664.814
729.292
790.747
841.822
879.32
901.03
907.813
901.763
886.721
867.677
848.878
831.71
820.933
815.216
812.958
815.663
822.751
832.131
840.786
850.285
861.899
875.203
889.999
905.339
921.407
938.052
954.939
969.197
980.495
992.353
1007.49
1021.33
1030.93
1036.99
1049.93
1066.03
1084.04
1104.17
1122.25
1140.08
1158.59
1178.78
1200.61
1223.47
1246.82
1269.79
1292.14
1312.25
1331.08
1346.62
1360.26
1372.04
1381.68
1389.4
1395.49
1399.64
1401.59
1400.3
1397.77
1394.08
1389.17
1383.32
1375.39
1366.59
1357.11
1347.72
1337.96
1327.35
1317.26
1307.12
1296.35
1286.1
1275.14
1264.38
1253.28
1242.11
1231.95
300.097
300.566
301.435
302.721
304.407
306.49
309.063
312.382
316.781
322.297
328.579
335.471
342.506
348.811
354.32
358.56
361.83
365.567
371.416
382.002
399.547
426.086
461.016
502.72
547.625
590.624
627.029
653.804
670.406
677.996
678.867
675.714
671.529
668.497
667.486
669.91
675.178
682.53
692.542
704.635
717.499
729.935
742.432
755.868
769.991
784.767
799.889
815.428
831.411
847.669
863.643
879.878
894.743
907.311
920.278
936.511
952.863
966.127
978.81
998.926
1019.26
1043.42
1066
1087.49
1109.28
1131.93
1154.97
1178.21
1201.34
1223.74
1244.09
1263.33
1279.61
1294.05
1306.49
1316.97
1325.66
1332.8
1338.17
1340.89
1341.18
1340.04
1337.86
1334.54
1330.32
1324.22
1317.35
1309.63
1301.96
1293.49
1284.42
1275.38
1266.17
1256.68
1247.24
1237.35
1227.51
1217.21
1206.81
1197.22
300.042
300.264
300.68
301.295
302.084
303.065
304.274
305.84
307.932
310.627
313.84
317.499
321.456
325.482
329.17
332.251
334.738
336.927
339.403
342.847
348.321
357.517
373.087
391.765
413.17
435.676
457.332
476.129
491.553
503.332
512.054
519.03
525.686
533.005
541.477
551.376
562.479
574.56
587.856
602.009
616.282
630.219
643.978
658.2
672.891
688.052
703.541
719.383
735.436
751.709
767.721
784.045
800.637
817.33
833.076
847.61
864.435
884.758
903.44
918.474
940.658
963.447
989.836
1014.68
1038.2
1061.34
1084.41
1107.25
1129.87
1151.51
1171.73
1191.05
1207.68
1222.46
1235.67
1247.03
1256.74
1265.15
1272.3
1276.05
1278.14
1278.55
1278.24
1276.85
1274.74
1270.4
1265.55
1259.62
1253.62
1246.4
1238.86
1231.13
1223.14
1214.83
1206.33
1197.41
1188.3
1178.85
1169.36
1160.72
300
300.123
300.319
300.619
301.012
301.49
302.085
302.868
303.907
305.262
306.935
308.902
311.088
313.34
315.601
317.692
319.538
321.255
323.06
325.344
328.477
332.58
337.611
343.328
350.123
359.004
369.079
379.253
389.38
399.025
407.983
416.684
425.724
435.534
446.327
458.08
470.681
484.012
498.093
512.607
527.101
541.433
555.738
570.29
585.221
600.543
616.212
632.236
648.432
664.888
681.251
697.848
714.661
732.019
750.246
768.036
784.938
803.77
826.252
847.109
864.46
888.405
912.714
939.799
965.297
989.014
1012
1034.41
1055.92
1076.74
1096.41
1115.43
1131.94
1147.03
1160.84
1173.15
1183.96
1193.55
1201.8
1207.23
1211.18
1213.93
1215.68
1216.32
1216.19
1214
1211.21
1207.38
1202.73
1197.13
1191.15
1184.67
1177.71
1170.51
1163.03
1155.21
1147.16
1138.81
1130.48
1122.78
300
300.05
300.144
300.292
300.485
300.734
301.043
301.444
301.975
302.687
303.587
304.665
305.898
307.213
308.536
309.861
311.137
312.366
313.638
315.113
316.941
319.233
321.88
324.727
327.772
331.095
334.726
338.673
343.039
347.69
352.622
358.037
364.1
371.036
379.151
388.646
399.381
411.094
423.674
436.827
450.32
464.076
478.147
492.66
507.51
522.704
538.289
554.226
570.346
586.715
603.128
619.818
636.781
654.209
672.617
691.979
711.189
729.848
750.791
774.146
795.212
814.546
839.27
863.924
890.529
915.203
938.099
959.939
980.605
1000.52
1019.52
1037.65
1054.1
1069.46
1083.76
1096.87
1108.78
1119.37
1128.75
1136.19
1142.29
1147.25
1151.14
1153.87
1155.64
1155.6
1154.62
1152.65
1149.38
1145.52
1141.17
1136.13
1130.42
1124.45
1118.04
1111.22
1104.13
1096.75
1089.5
1082.97
300
300
300.06
300.13
300.221
300.356
300.518
300.737
301.024
301.404
301.889
302.492
303.203
303.982
304.789
305.597
306.438
307.285
308.167
309.133
310.246
311.544
313.022
314.641
316.348
318.15
320.021
321.99
324.093
326.329
328.666
331.212
334.096
337.504
341.649
346.705
352.808
360.016
368.475
378.274
389.415
401.558
414.143
427.19
440.77
455.006
469.84
485.216
500.974
516.983
533.178
549.715
566.487
583.801
601.941
620.996
641.119
660.965
680.516
702.453
725.735
746.188
766.677
790.968
815.018
840.123
863.241
884.666
904.831
923.979
942.187
959.585
976.076
991.57
1006.33
1020.03
1032.62
1044.4
1055.13
1064.39
1072.5
1079.52
1085.44
1090.19
1093.78
1095.78
1096.64
1096.01
1094.37
1092.07
1089.19
1085.57
1080.91
1076.06
1070.89
1065.3
1059.45
1053.37
1047.43
1042.12
300
300
300
300.054
300.103
300.153
300.248
300.372
300.528
300.739
301.013
301.353
301.755
302.213
302.712
303.228
303.75
304.32
304.915
305.559
306.275
307.069
307.946
308.889
309.911
310.982
312.086
313.224
314.417
315.662
316.935
318.275
319.751
321.469
323.527
326.025
329.072
332.787
337.34
342.898
349.528
357.181
365.959
376.192
387.891
400.474
413.588
427.201
441.361
456.202
471.586
487.548
503.882
520.665
538.174
556.475
575.682
595.838
615.664
635.243
657.006
679.514
699.138
719.422
742.485
764.93
788.129
809.598
829.484
848.106
865.815
882.826
899.313
915.088
930.048
944.131
957.546
970.334
982.277
993.174
1003.07
1011.91
1019.58
1025.97
1031.15
1034.89
1037.02
1037.96
1037.97
1037.2
1035.75
1033.82
1030.11
1026.48
1022.49
1018.1
1013.49
1008.69
1004.09
999.986
300
300
300
300
300.043
300.072
300.113
300.16
300.264
300.383
300.53
300.728
300.968
301.242
301.541
301.86
302.194
302.554
302.956
303.388
303.858
304.369
304.923
305.518
306.149
306.8
307.484
308.2
308.927
309.666
310.411
311.18
311.997
312.914
313.992
315.295
316.858
318.772
321.156
324.143
327.798
332.244
337.591
343.978
351.445
359.943
370.035
381.415
393.884
406.971
420.545
434.611
449.354
464.956
481.444
498.723
516.59
535.31
554.76
573.905
592.745
613.4
634.72
653.484
672.457
693.809
714.274
735.615
755.551
774.073
791.648
808.475
824.862
840.67
855.999
870.683
884.813
898.434
911.365
923.448
934.541
944.65
953.656
961.512
967.864
972.792
976.447
978.908
980.341
980.897
980.699
979.658
977.571
975.222
972.548
969.521
966.305
962.966
959.853
957.113
300
300
300
300
300
300.034
300.05
300.083
300.116
300.167
300.267
300.37
300.507
300.678
300.867
301.073
301.286
301.513
301.766
302.049
302.359
302.701
303.071
303.465
303.875
304.295
304.722
305.132
305.568
306.039
306.517
306.992
307.495
308.034
308.628
309.321
310.142
311.138
312.367
313.926
315.9
318.336
321.368
325.15
329.739
335.228
341.764
349.328
358.059
368.135
379.477
391.858
404.85
418.379
432.532
447.563
463.665
480.729
498.595
516.901
534.866
552.49
571.43
591.097
609.175
626.203
645.815
664.746
684.174
702.75
720.473
737.328
753.642
769.474
784.979
799.985
814.686
828.871
842.354
855.15
867.173
878.235
888.275
897.124
904.713
910.953
915.921
919.683
922.374
924.129
925.091
925.186
924.552
923.537
922.165
920.491
918.673
916.785
915.131
913.693
300
300
300
300
300
300
300
300.038
300.055
300.087
300.119
300.167
300.247
300.334
300.445
300.581
300.727
300.881
301.046
301.221
301.428
301.66
301.91
302.176
302.451
302.735
303.025
303.317
303.609
303.828
304.046
304.313
304.63
304.981
305.371
305.811
306.301
306.856
307.532
308.345
309.365
310.636
312.228
314.277
316.851
320.045
324.04
328.872
334.613
341.369
349.245
358.217
368.38
379.718
392.063
405.076
418.669
432.887
447.949
463.978
480.776
497.914
514.386
531.551
549.618
566.634
581.957
599.505
617.217
635.072
652.89
669.935
686.307
702.224
717.775
732.949
747.781
762.092
775.969
789.254
801.843
813.609
824.368
833.914
842.275
849.402
855.323
860.096
863.846
866.706
868.782
870.085
870.799
871.113
871.117
870.872
870.523
870.144
869.987
869.866
300
300
300
300
300
300
300
300
300
300.041
300.059
300.09
300.118
300.155
300.211
300.276
300.355
300.458
300.581
300.7
300.818
300.963
301.141
301.332
301.541
301.744
301.948
302.151
302.35
302.55
302.75
302.883
302.996
303.121
303.273
303.472
303.745
304.11
304.573
305.106
305.725
306.432
307.29
308.34
309.668
311.334
313.463
316.182
319.536
323.708
328.761
334.703
341.731
349.794
358.886
369.137
380.484
392.702
405.533
418.893
432.823
447.398
462.322
477.768
494.005
510.646
526.644
540.929
556.649
573.131
589.159
606.094
622.714
638.95
654.451
669.629
684.447
698.884
712.868
726.321
739.074
750.977
761.99
772.039
781.014
788.856
795.578
801.243
805.958
809.851
813.024
815.547
817.557
819.194
820.553
821.708
822.79
823.872
825.145
826.259
300
300
300
300
300
300
300
300
300
300
300.032
300.042
300.06
300.088
300.112
300.138
300.173
300.215
300.27
300.346
300.443
300.544
300.646
300.754
300.881
301.036
301.196
301.357
301.519
301.672
301.819
301.964
302.109
302.196
302.273
302.36
302.462
302.591
302.759
302.987
303.306
303.761
304.362
305.048
305.818
306.704
307.795
309.162
310.868
313.033
315.829
319.268
323.525
328.665
334.744
341.876
349.995
359.085
369.219
380.297
392.13
404.637
417.653
430.803
443.982
457.848
473.649
489.422
502.874
517.243
532.615
547.754
563.395
578.974
594.352
609.499
624.419
638.877
652.773
666.133
678.817
690.777
701.944
712.223
721.555
729.859
737.148
743.486
748.974
753.746
757.906
761.538
764.744
767.634
770.29
772.784
775.227
777.682
780.282
782.544
300
300
300
300
300
300
300
300
300
300
300
300
300.032
300.041
300.056
300.08
300.102
300.124
300.146
300.175
300.21
300.27
300.343
300.427
300.512
300.595
300.679
300.77
300.875
300.997
301.122
301.24
301.361
301.482
301.602
301.673
301.747
301.828
301.923
302.036
302.177
302.357
302.597
302.919
303.364
303.964
304.69
305.486
306.375
307.457
308.811
310.503
312.638
315.408
318.806
323.018
328.149
334.195
341.27
349.292
358.232
368.118
378.827
390.334
402.34
414.294
426.614
439.832
453.224
466.767
480.47
495.27
509.682
524.181
538.978
553.52
567.805
581.683
595.213
608.403
621.077
633.076
644.221
654.549
664.029
672.617
680.357
687.316
693.576
699.23
704.372
709.072
713.417
717.497
721.385
725.145
728.842
732.539
736.328
739.6
300
300
300
300
300
300
300
300
300
300
300
300
300
300
300.031
300.039
300.051
300.071
300.093
300.113
300.133
300.154
300.184
300.223
300.274
300.334
300.399
300.461
300.521
300.578
300.633
300.693
300.76
300.839
300.934
301.043
301.145
301.233
301.327
301.426
301.532
301.653
301.792
301.956
302.157
302.411
302.744
303.18
303.755
304.459
305.233
306.09
307.12
308.399
310.015
312.045
314.678
317.963
322.024
327.033
332.978
339.916
347.871
356.694
366.415
376.658
387.38
398.719
410.592
422.692
434.458
446.444
459.992
474.013
487.555
501.808
515.403
528.731
541.699
554.259
566.327
577.835
588.76
599.059
608.708
617.651
625.885
633.454
640.374
646.793
652.769
658.393
663.72
668.817
673.755
678.58
683.365
688.15
692.965
697.111
300
300
300
300
300
300
300
300
300
300
300
300
300
300
300
300
300.03
300.037
300.047
300.064
300.086
300.105
300.123
300.14
300.163
300.19
300.223
300.261
300.302
300.344
300.386
300.424
300.46
300.495
300.531
300.57
300.618
300.679
300.762
300.863
300.984
301.103
301.23
301.365
301.508
301.667
301.846
302.054
302.307
302.628
303.038
303.56
304.197
304.92
305.716
306.652
307.824
309.319
311.201
313.645
316.793
320.728
325.645
331.552
338.415
346.263
354.842
363.947
373.681
384.426
395.433
406.186
416.993
428.67
440.759
453.109
465.875
478.781
491.727
504.051
515.603
526.674
537.266
547.324
556.819
565.737
574.112
581.994
589.436
596.501
603.246
609.713
615.946
621.99
627.902
633.708
639.421
645.106
650.753
655.602
300
300
300
300
300
300
300
300
300
300
300
300
300
300
300
300
300
300
300
300.036
300.045
300.059
300.081
300.098
300.113
300.129
300.144
300.162
300.183
300.205
300.229
300.254
300.279
300.304
300.329
300.355
300.38
300.409
300.443
300.488
300.546
300.621
300.719
300.844
300.988
301.129
301.275
301.426
301.588
301.764
301.963
302.196
302.482
302.84
303.283
303.829
304.481
305.216
306.058
307.117
308.489
310.261
312.563
315.641
319.507
324.369
330.198
336.935
344.331
352.487
361.497
371.003
380.901
390.738
401.185
412.013
422.836
434.063
445.456
456.723
467.723
478.731
489.397
499.522
508.911
517.847
526.346
534.458
542.221
549.678
556.878
563.855
570.657
577.326
583.9
590.397
596.849
603.264
609.594
615.026
300
300
300
300
300
300
300
300
300
300
300
300
300
300
300
300
300
300
300
300
300
300.036
300.043
300.055
300.073
300.09
300.102
300.114
300.126
300.137
300.15
300.164
300.178
300.193
300.209
300.225
300.243
300.263
300.285
300.31
300.338
300.377
300.428
300.489
300.563
300.658
300.779
300.923
301.063
301.204
301.347
301.498
301.658
301.834
302.033
302.271
302.565
302.933
303.389
303.953
304.637
305.436
306.41
307.702
309.423
311.681
314.703
318.521
323.307
328.95
335.281
342.546
350.566
358.989
367.575
376.736
386.477
396.301
406.083
416.116
425.952
435.779
445.388
454.817
463.981
472.959
481.841
490.326
498.484
506.227
513.769
521.11
528.326
535.439
542.473
549.441
556.356
563.21
569.938
575.734
300
300
300
300
300
300
300
300
300
300
300
300
300
300
300
300
300
300
300
300
300
300
300
300.035
300.041
300.05
300.063
300.078
300.09
300.099
300.107
300.115
300.124
300.132
300.141
300.152
300.163
300.176
300.191
300.209
300.228
300.25
300.277
300.311
300.351
300.401
300.463
300.533
300.62
300.727
300.854
300.982
301.108
301.235
301.365
301.505
301.656
301.825
302.022
302.264
302.572
302.968
303.473
304.112
304.901
305.856
307.12
308.834
311.087
314.089
317.87
322.425
327.797
334.043
340.951
348.247
355.938
364.22
372.796
381.481
390.369
399.304
408.041
416.602
424.988
433.258
441.37
449.376
457.324
465.172
473.008
480.841
488.482
496.012
503.362
510.634
517.824
524.95
531.935
537.974
300
300
300
300
300
300
300
300
300
300
300
300
300
300
300
300
300
300
300
300
300
300
300
300
300
300.033
300.038
300.044
300.051
300.061
300.073
300.083
300.09
300.096
300.101
300.108
300.115
300.123
300.132
300.144
300.157
300.173
300.192
300.213
300.236
300.266
300.298
300.336
300.383
300.439
300.5
300.572
300.656
300.752
300.862
300.97
301.079
301.192
301.313
301.449
301.603
301.781
301.999
302.278
302.644
303.126
303.748
304.54
305.517
306.803
308.543
310.844
313.774
317.37
321.759
326.945
332.754
338.961
345.76
352.965
360.439
368.027
375.91
383.688
391.553
399.304
406.901
414.387
421.786
429.188
436.562
443.93
451.324
458.743
466.15
473.63
481.119
488.464
495.648
501.828
300
300
300
300
300
300
300
300
300
300
300
300
300
300
300
300
300
300
300
300
300
300
300
300
300
300
300
300
300.034
300.038
300.042
300.047
300.053
300.061
300.07
300.078
300.085
300.09
300.096
300.103
300.111
300.122
300.134
300.148
300.165
300.185
300.206
300.229
300.256
300.286
300.319
300.357
300.4
300.45
300.503
300.562
300.63
300.709
300.798
300.899
301.003
301.118
301.248
301.402
301.585
301.804
302.08
302.445
302.932
303.566
304.379
305.4
306.723
308.478
310.747
313.505
317.009
321.153
325.871
331.062
336.876
343.031
349.404
356.189
362.973
369.847
376.725
383.642
390.677
397.683
404.645
411.584
418.521
425.506
432.564
439.658
446.774
453.912
460.955
467.139
300
300
300
300
300
300
300
300
300
300
300
300
300
300
300
300
300
300
300
300
300
300
300
300
300
300
300
300
300
300
300
300.032
300.036
300.038
300.041
300.045
300.05
300.057
300.066
300.076
300.083
300.089
300.096
300.106
300.117
300.129
300.144
300.16
300.179
300.198
300.219
300.241
300.266
300.291
300.318
300.349
300.383
300.423
300.466
300.514
300.571
300.639
300.724
300.83
300.952
301.092
301.256
301.453
301.691
301.983
302.365
302.872
303.526
304.359
305.409
306.742
308.445
310.577
313.259
316.468
320.165
324.49
329.246
334.406
339.926
345.726
351.587
357.636
363.748
369.986
376.326
382.787
389.387
396.021
402.663
409.316
415.982
422.646
429.311
435.231
300
300
300
300
300
300
300
300
300
300
300
300
300
300
300
300
300
300
300
300
300
300
300
300
300
300
300
300
300
300
300
300
300
300
300
300.032
300.035
300.038
300.041
300.045
300.051
300.06
300.07
300.079
300.085
300.093
300.102
300.113
300.125
300.138
300.153
300.168
300.184
300.201
300.218
300.236
300.255
300.275
300.296
300.32
300.347
300.38
300.421
300.47
300.529
300.604
300.706
300.84
300.998
301.179
301.394
301.653
301.964
302.365
302.886
303.549
304.399
305.435
306.703
308.307
310.31
312.707
315.58
319.01
322.782
327.106
331.71
336.618
341.659
346.966
352.425
358.081
363.867
369.798
375.856
382.042
388.346
394.665
400.911
406.496
300
300
300
300
300
300
300
300
300
300
300
300
300
300
300
300
300
300
300
300
300
300
300
300
300
300
300
300
300
300
300
300
300
300
300
300
300
300
300
300.033
300.036
300.039
300.043
300.049
300.058
300.068
300.076
300.083
300.09
300.098
300.108
300.118
300.129
300.14
300.152
300.164
300.177
300.19
300.203
300.218
300.234
300.251
300.271
300.293
300.319
300.356
300.402
300.464
300.542
300.645
300.786
300.962
301.159
301.387
301.66
301.985
302.395
302.916
303.583
304.403
305.344
306.531
307.999
309.757
311.942
314.544
317.562
320.966
324.706
328.75
333.081
337.738
342.579
347.668
352.951
358.377
363.923
369.577
375.27
380.493
300
300
300
300
300
300
300
300
300
300
300
300
300
300
300
300
300
300
300
300
300
300
300
300
300
300
300
300
300
300
300
300
300
300
300
300
300
300
300
300
300
300
300
300.036
300.039
300.043
300.049
300.057
300.066
300.073
300.079
300.084
300.091
300.098
300.106
300.114
300.123
300.131
300.14
300.15
300.16
300.172
300.185
300.199
300.215
300.235
300.258
300.286
300.319
300.367
300.432
300.516
300.624
300.775
300.962
301.167
301.402
301.68
302.007
302.41
302.921
303.548
304.271
305.149
306.208
307.508
309.142
311.097
313.374
315.926
318.869
322.151
325.789
329.761
334.04
338.549
343.263
348.178
353.184
357.827
300
300
300
300
300
300
300
300
300
300
300
300
300
300
300
300
300
300
300
300
300
300
300
300
300
300
300
300
300
300
300
300
300
300
300
300
300
300
300
300
300
300
300
300
300
300
300.036
300.039
300.042
300.047
300.053
300.061
300.067
300.072
300.076
300.081
300.086
300.091
300.097
300.104
300.111
300.118
300.126
300.135
300.146
300.159
300.174
300.192
300.213
300.239
300.269
300.304
300.353
300.421
300.51
300.621
300.777
300.969
301.172
301.404
301.681
302.002
302.39
302.857
303.437
304.072
304.857
305.837
307.05
308.414
310
311.878
314.114
316.75
319.717
323.017
326.639
330.597
334.686
338.627
300
300
300
300
300
300
300
300
300
300
300
300
300
300
300
300
300
300
300
300
300
300
300
300
300
300
300
300
300
300
300
300
300
300
300
300
300
300
300
300
300
300
300
300
300
300
300
300
300
300.035
300.038
300.04
300.043
300.047
300.053
300.058
300.063
300.066
300.07
300.073
300.077
300.081
300.086
300.092
300.099
300.108
300.118
300.13
300.143
300.16
300.18
300.203
300.23
300.262
300.298
300.348
300.417
300.507
300.614
300.766
300.956
301.149
301.373
301.657
301.954
302.321
302.748
303.271
303.886
304.562
305.331
306.27
307.42
308.824
310.52
312.471
314.744
317.366
320.265
323.158
300
300
300
300
300
300
300
300
300
300
300
300
300
300
300
300
300
300
300
300
300
300
300
300
300
300
300
300
300
300
300
300
300
300
300
300
300
300
300
300
300
300
300
300
300
300
300
300
300
300
300
300
300.033
300.036
300.038
300.039
300.041
300.044
300.047
300.051
300.055
300.058
300.061
300.065
300.069
300.074
300.08
300.087
300.096
300.107
300.121
300.135
300.153
300.174
300.197
300.225
300.257
300.293
300.34
300.406
300.491
300.586
300.714
300.887
301.058
301.366
301.611
301.906
302.242
302.608
303.018
303.485
304.056
304.743
305.583
306.552
307.713
309.096
310.725
312.477
300
300
300
300
300
300
300
300
300
300
300
300
300
300
300
300
300
300
300
300
300
300
300
300
300
300
300
300
300
300
300
300
300
300
300
300
300
300
300
300
300
300
300
300
300
300
300
300
300
300
300
300
300
300
300
300
300
300.034
300.036
300.037
300.038
300.04
300.042
300.045
300.049
300.053
300.056
300.06
300.065
300.072
300.08
300.09
300.102
300.116
300.131
300.149
300.17
300.193
300.219
300.25
300.285
300.326
300.383
300.443
300.515
300.633
300.794
300.962
301.215
301.477
301.74
302.016
302.344
302.73
303.149
303.643
304.192
304.835
305.597
306.449
300
300
300
300
300
300
300
300
300
300
300
300
300
300
300
300
300
300
300
300
300
300
300
300
300
300
300
300
300
300
300
300
300
300
300
300
300
300
300
300
300
300
300
300
300
300
300
300
300
300
300
300
300
300
300
300
300
300
300
300
300
300
300.033
300.036
300.037
300.037
300.039
300.042
300.046
300.051
300.055
300.061
300.068
300.077
300.086
300.098
300.113
300.128
300.145
300.164
300.186
300.212
300.242
300.275
300.313
300.359
300.402
300.46
300.572
300.781
300.966
301.095
301.319
301.58
301.823
302.078
302.371
302.697
303.054
303.435
300
300
300
300
300
300
300
300
300
300
300
300
300
300
300
300
300
300
300
300
300
300
300
300
300
300
300
300
300
300
300
300
300
300
300
300
300
300
300
300
300
300
300
300
300
300
300
300
300
300
300
300
300
300
300
300
300
300
300
300
300
300
300
300
300
300
300
300.035
300.036
300.036
300.039
300.043
300.048
300.053
300.058
300.065
300.074
300.084
300.095
300.108
300.123
300.139
300.158
300.18
300.209
300.235
300.265
300.3
300.331
300.354
300.4
300.505
300.625
300.761
300.913
301.086
301.276
301.487
301.699
301.871
300
300
300
300
300
300
300
300
300
300
300
300
300
300
300
300
300
300
300
300
300
300
300
300
300
300
300
300
300
300
300
300
300
300
300
300
300
300
300
300
300
300
300
300
300
300
300
300
300
300
300
300
300
300
300
300
300
300
300
300
300
300
300
300
300
300
300
300
300
300
300
300.035
300.035
300.037
300.04
300.045
300.05
300.056
300.063
300.071
300.081
300.092
300.104
300.121
300.139
300.157
300.172
300.19
300.209
300.227
300.256
300.284
300.316
300.354
300.395
300.477
300.571
300.671
300.775
300.876
300
300
300
300
300
300
300
300
300
300
300
300
300
300
300
300
300
300
300
300
300
300
300
300
300
300
300
300
300
300
300
300
300
300
300
300
300
300
300
300
300
300
300
300
300
300
300
300
300
300
300
300
300
300
300
300
300
300
300
300
300
300
300
300
300
300
300
300
300
300
300
300
300
300
300.035
300.033
300.035
300.038
300.043
300.048
300.053
300.061
300.071
300.082
300.096
300.106
300.118
300.134
300.146
300.16
300.175
300.192
300.208
300.223
300.246
300.27
300.292
300.316
300.341
300.365
300
300
300
300
300
300
300
300
300
300
300
300
300
300
300
300
300
300
300
300
300
300
300
300
300
300
300
300
300
300
300
300
300
300
300
300
300
300
300
300
300
300
300
300
300
300
300
300
300
300
300
300
300
300
300
300
300
300
300
300
300
300
300
300
300
300
300
300
300
300
300
300
300
300
300
300
300
300.034
300.031
300.032
300.036
300.041
300.047
300.055
300.066
300.066
300.079
300.088
300.097
300.109
300.119
300.133
300.143
300.155
300.167
300.178
300.19
300.202
300.211
300.217
300
300
300
300
300
300
300
300
300
300
300
300
300
300
300
300
300
300
300
300
300
300
300
300
300
300
300
300
300
300
300
300
300
300
300
300
300
300
300
300
300
300
300
300
300
300
300
300
300
300
300
300
300
300
300
300
300
300
300
300
300
300
300
300
300
300
300
300
300
300
300
300
300
300
300
300
300
300
300
300
300
300.029
300.032
300.038
300.046
300.052
300.058
300.062
300.065
300.066
300.079
300.086
300.093
300.103
300.111
300.117
300.127
300.134
300.139
300.143
300
300
300
300
300
300
300
300
300
300
300
300
300
300
300
300
300
300
300
300
300
300
300
300
300
300
300
300
300
300
300
300
300
300
300
300
300
300
300
300
300
300
300
300
300
300
300
300
300
300
300
300
300
300
300
300
300
300
300
300
300
300
300
300
300
300
300
300
300
300
300
300
300
300
300
300
300
300
300
300
300
300
300
300
300
300.035
300.037
300.041
300.046
300.051
300.056
300.06
300.063
300.065
300.066
300.07
300.079
300.082
300.085
300.087
300
300
300
300
300
300
300
300
300
300
300
300
300
300
300
300
300
300
300
300
300
300
300
300
300
300
300
300
300
300
300
300
300
300
300
300
300
300
300
300
300
300
300
300
300
300
300
300
300
300
300
300
300
300
300
300
300
300
300
300
300
300
300
300
300
300
300
300
300
300
300
300
300
300
300
300
300
300
300
300
300
300
300
300
300
300
300
300
300
300.035
300.036
300.038
300.042
300.045
300.048
300.051
300.053
300.055
300.056
300.054
300
300
300
300
300
300
300
300
300
300
300
300
300
300
300
300
300
300
300
300
300
300
300
300
300
300
300
300
300
300
300
300
300
300
300
300
300
300
300
300
300
300
300
300
300
300
300
300
300
300
300
300
300
300
300
300
300
300
300
300
300
300
300
300
300
300
300
300
300
300
300
300
300
300
300
300
300
300
300
300
300
300
300
300
300
300
300
300
300
300
300
300
300
300
300
300.034
300.035
300.035
300.035
300.035
300
300
300
300
300
300
300
300
300
300
300
300
300
300
300
300
300
300
300
300
300
300
300
300
300
300
300
300
300
300
300
300
300
300
300
300
300
300
300
300
300
300
300
300
300
300
300
300
300
300
300
300
300
300
300
300
300
300
300
300
300
300
300
300
300
300
300
300
300
300
300
300
300
300
300
300
300
300
300
300
300
300
300
300
300
300
300
300
300
300
300
300
300
300
300
300
300
300
300
300
300
300
300
300
300
300
300
300
300
300
300
300
300
300
300
300
300
300
300
300
300
300
300
300
300
300
300
300
300
300
300
300
300
300
300
300
300
300
300
300
300
300
300
300
300
300
300
300
300
300
300
300
300
300
300
300
300
300
300
300
300
300
300
300
300
300
300
300
300
300
300
300
300
300
300
300
300
300
300
300
300
300
300
300
300
300
300
300
300
300
300
300
300
300
300
300
300
300
300
300
300
300
300
300
300
300
300
300
300
300
300
300
300
300
300
300
300
300
300
300
300
300
300
300
300
300
300
300
300
300
300
300
300
300
300
300
300
300
300
300
300
300
300
300
300
300
300
300
300
300
300
300
300
300
300
300
300
300
300
300
300
300
300
300
300
300
300
300
300
300
300
300
300
300
300
300
300
300
300
300
300
300
300
300
300
300
300
300
300
300
300
300
300
300
300
300
300
300
300
300
300
300
300
300
300
300
300
300
300
300
300
300
300
300
300
300
300
300
300
300
300
300
300
300
300
300
300
300
300
300
300
300
300
300
300
300
300
300
300
300
300
300
300
300
300
300
300
300
300
300
300
300
300
300
300
300
300
300
300
300
300
300
300
300
300
300
300
300
300
300
300
300
300
300
300
300
300
300
300
300
300
300
300
300
300
300
300
300
300
300
300
300
300
300
300
300
300
300
300
300
300
300
300
300
300
300
300
300
300
300
300
300
300
300
300
300
300
300
300
300
300
300
300
300
300
300
300
300
300
300
300
300
300
300
300
300
300
300
300
300
300
300
300
300
300
300
300
300
300
300
300
300
300
300
300
300
300
300
300
300
300
300
300
300
300
300
300
300
300
300
300
300
300
300
300
300
300
300
300
300
300
300
300
300
300
300
300
300
300
300
300
300
300
300
300
300
300
300
300
300
300
300
300
300
300
300
300
300
300
300
300
300
300
300
300
300
300
300
300
300
300
300
300
300
300
300
300
300
300
300
300
300
300
300
300
300
300
300
300
300
300
300
300
300
300
300
300
300
300
300
300
300
300
300
300
300
300
300
300
300
300
300
300
300
300
300
300
300
300
300
300
300
300
300
300
300
300
300
300
300
300
300
300
300
300
300
300
300
300
300
300
300
300
300
300
300
300
300
300
300
300
300
300
300
300
300
300
300
300
300
300
300
300
300
300
300
300
300
300
300
300
300
300
300
300
300
300
300
300
300
300
300
300
300
300
300
300
300
300
300
300
300
300
300
300
300
300
300
300
300
300
300
300
300
300
300
300
300
300
300
300
300
300
300
300
300
300
300
300
300
300
300
300
300
300
300
300
300
300
300
300
300
300
300
300
300
300
300
300
300
300
300
300
300
300
300
300
300
300
300
300
300
300
300
300
300
300
300
300
300
300
300
300
300
300
300
300
300
300
300
300
300
300
300
300
300
300
300
300
300
300
300
300
300
300
300
300
300
300
300
300
300
300
300
300
300
300
300
300
300
300
300
300
300
300
300
300
300
300
300
300
300
300
300
300
300
300
300
300
300
300
300
300
300
300
300
300
300
300
300
300
300
300
300
300
300
300
300
300
300
300
300
300
300
300
300
300
300
300
300
300
300
300
300
300
300
300
300
300
300
300
300
300
300
300
300
300
300
300
300
300
300
300
300
300
300
300
300
300
300
300
300
300
300
300
300
300
300
300
300
300
300
300
300
300
300
300
300
300
300
300
300
300
300
300
300
300
300
300
300
300
300
300
300
300
300
300
300
300
300
300
300
300
300
300
300
300
300
300
300
300
300
300
300
300
300
300
300
300
300
300
300
300
300
300
300
300
300
300
300
)
;

boundaryField
{
    AXIS
    {
        type            empty;
    }
    OUTLET
    {
        type            calculated;
        value           nonuniform List<scalar> 
80
(
1525.81
1525.48
1524.75
1523.62
1522.18
1520.46
1518.51
1516.32
1513.9
1511.27
1508.39
1505.28
1501.94
1498.35
1494.57
1489.79
1483.9
1477.61
1470.88
1463.74
1456.29
1448.29
1439.57
1430.53
1421.22
1411.53
1401.37
1390.94
1380.22
1369.16
1350.77
1324.2
1295.35
1264.56
1231.95
1197.22
1160.72
1122.78
1082.97
1042.12
999.986
957.113
913.693
869.866
826.259
782.544
739.6
697.111
655.602
615.026
575.734
537.974
501.828
467.139
435.231
406.496
380.493
357.827
338.627
323.158
312.477
306.449
303.435
301.871
300.876
300.365
300.217
300.143
300.087
300.054
300.035
300
300
300
300
300
300
300
300
300
)
;
    }
    COFLOW
    {
        type            calculated;
        value           uniform 300;
    }
    PILOT
    {
        type            calculated;
        value           uniform 2058.48;
    }
    FUEL
    {
        type            calculated;
        value           uniform 300.041;
    }
    WALL
    {
        type            calculated;
        value           uniform 300;
    }
    front
    {
        type            wedge;
    }
    back
    {
        type            wedge;
    }
}


// ************************************************************************* //
