/*--------------------------------*- C++ -*----------------------------------*\
  =========                 |
  \\      /  F ield         | OpenFOAM: The Open Source CFD Toolbox
   \\    /   O peration     | Website:  https://openfoam.org
    \\  /    A nd           | Version:  6
     \\/     M anipulation  |
\*---------------------------------------------------------------------------*/
FoamFile
{
    version     2.0;
    format      ascii;
    class       volScalarField;
    location    "0.1";
    object      varZ;
}
// * * * * * * * * * * * * * * * * * * * * * * * * * * * * * * * * * * * * * //

dimensions      [0 0 0 0 0 0 0];

internalField   nonuniform List<scalar> 
8000
(
6.21051e-05
0.000631778
0.002446
0.00645328
0.00939835
0.00695749
0.00381895
0.00186073
0.000846793
0.000364708
0.000147989
5.83701e-05
3.1497e-05
0.000264029
0.000170336
8.42894e-05
0.000191204
0.00187226
0.000458997
0.000270075
0.000267958
0.000383891
0.000609526
0.000883508
0.00112176
0.00128005
0.0013857
0.00172079
0.00272665
0.0053373
0.00381035
0.0023589
0.00160116
0.0012683
0.00115584
0.001134
0.00116973
0.00126098
0.00146159
0.00174047
0.00160544
0.00153039
0.00149721
0.00147442
0.0014395
0.00138021
0.00131457
0.00131688
0.00153378
0.00214365
0.00177817
0.00105149
0.000687275
0.000483286
0.000362382
0.000294787
0.000277424
0.000315412
0.000416552
0.000572925
0.00076185
0.000953857
0.00112251
0.00124565
0.00132166
0.00135625
0.00136729
0.00136168
0.001336
0.00133597
0.00131624
0.00125523
0.00125584
0.00125034
0.0012769
0.00132168
0.00132274
0.00132737
0.00133871
0.00131508
0.00127365
0.00125321
0.00122461
0.00120066
0.00117976
0.00116252
0.00115144
0.001127
0.00109847
0.000994769
0.000900246
0.000815857
0.000745616
0.000684406
0.000613432
0.000570061
0.000541838
0.000518961
0.000503194
0.00046871
5.24602e-05
0.000609329
0.00251303
0.00694835
0.0101234
0.00710559
0.00373827
0.00179713
0.000803287
0.000339179
0.000134803
5.27043e-05
3.49838e-05
0.000772256
0.000484058
0.000165555
0.000147624
0.000577378
0.000519923
0.000576913
0.000385448
0.000445717
0.000661989
0.000922599
0.00114652
0.00131312
0.0013793
0.00166122
0.00250856
0.00424377
0.00314294
0.00211271
0.00153768
0.0012994
0.00127382
0.0013037
0.00134897
0.00142775
0.00157073
0.00187306
0.00170783
0.00163602
0.00158765
0.00154369
0.0014902
0.00141396
0.00132159
0.00127385
0.00139059
0.00175698
0.00140699
0.000912688
0.000644002
0.000471176
0.000364464
0.000307633
0.000301553
0.000350071
0.000457861
0.00061411
0.000798985
0.000985348
0.00114876
0.00126699
0.0013384
0.00136935
0.00137769
0.0013708
0.00134266
0.00133971
0.00130972
0.00125772
0.00125978
0.00125271
0.00127893
0.00132467
0.00132488
0.0013297
0.00134089
0.00131872
0.00127604
0.00125607
0.00122704
0.00120281
0.00118217
0.00116413
0.00115282
0.00112819
0.00109327
0.00099523
0.000900739
0.000816206
0.000745903
0.000684808
0.000613575
0.000570247
0.000542025
0.00051913
0.000503544
0.000468858
3.89053e-05
0.000572446
0.00301823
0.00818383
0.00957944
0.00639903
0.00327859
0.00171261
0.000741564
0.000265164
0.000102862
3.78223e-05
3.32007e-05
0.000402363
0.000910633
0.000156253
7.49657e-05
0.000123492
0.000289683
0.000397028
0.000345594
0.000492351
0.000750274
0.000988729
0.00116718
0.00135696
0.00135122
0.00154427
0.00210949
0.00271823
0.00228531
0.00178841
0.00147784
0.00136825
0.00147157
0.00163121
0.0016586
0.00175068
0.00179713
0.0018823
0.00186228
0.0018391
0.00175569
0.00166079
0.00156965
0.00146384
0.00132917
0.0012044
0.00116437
0.00117242
0.000963254
0.000748634
0.000592195
0.000456741
0.000373995
0.000339298
0.000354818
0.000422028
0.000542092
0.000699068
0.000876504
0.00105201
0.00120474
0.0013127
0.00137441
0.00139741
0.00140007
0.00139052
0.00135722
0.00134785
0.0013104
0.00126347
0.00126828
0.00125774
0.00128331
0.00133115
0.00132943
0.00133479
0.00134555
0.00132668
0.0012812
0.00126239
0.00123227
0.00120756
0.00118738
0.00116763
0.00115583
0.0011308
0.00109062
0.000996387
0.000901829
0.000816967
0.000746517
0.000685677
0.000613881
0.000570653
0.000542436
0.000519501
0.000504285
0.000469178
3.05654e-05
0.000635575
0.00643714
0.00659746
0.00659743
0.00457926
0.00235594
0.00110335
0.000477723
0.000184718
6.75079e-05
2.57111e-05
2.53723e-05
0.000338766
0.000462305
0.000111104
5.53389e-05
7.59442e-05
0.000284193
0.00039942
0.000382111
0.000587551
0.0008806
0.00106261
0.00115229
0.0012784
0.00127558
0.00139816
0.001714
0.00191612
0.00178527
0.00161821
0.00151292
0.00148003
0.00156197
0.00175548
0.00178887
0.00199108
0.0021015
0.0021988
0.00217578
0.00212693
0.00194671
0.00176261
0.00162186
0.00148706
0.00131562
0.0011306
0.000997333
0.000889763
0.000758554
0.000639677
0.000539278
0.000451985
0.000401056
0.000395336
0.000436457
0.000524494
0.000658626
0.000817744
0.000986097
0.00114794
0.0012859
0.00137946
0.00142696
0.00143827
0.0014325
0.00141949
0.00137923
0.00136015
0.00131952
0.0012721
0.00127341
0.00126481
0.00128977
0.00133416
0.00133593
0.00134243
0.00135236
0.00133055
0.00128879
0.00127206
0.00123987
0.00121494
0.00119136
0.00117285
0.00116036
0.00113474
0.00109015
0.000998252
0.000903482
0.000818116
0.000746668
0.000684311
0.000614297
0.000571265
0.000543055
0.000520065
0.000502999
0.000469633
2.75054e-05
0.000462046
0.00475674
0.00507401
0.00435713
0.00295239
0.00146478
0.000666733
0.000281415
0.000104334
3.77968e-05
1.54102e-05
1.58607e-05
0.000238884
0.000618076
0.00010873
5.44738e-05
7.10881e-05
0.000185927
0.000276533
0.000425564
0.000733594
0.0010379
0.00112113
0.00111027
0.00120241
0.00118993
0.00125304
0.00141918
0.00152748
0.00156389
0.00160984
0.00166301
0.00169394
0.00174351
0.0018302
0.00192976
0.00209277
0.00229246
0.0024806
0.00239311
0.0023332
0.00205688
0.00177859
0.00159626
0.00144596
0.00125566
0.00104126
0.000882373
0.000765956
0.000669925
0.000600966
0.000536429
0.000481326
0.000457728
0.000480115
0.000545343
0.000652952
0.000800271
0.000962758
0.00112203
0.00126846
0.0013883
0.00146465
0.00149412
0.00148951
0.00147299
0.00145574
0.00140849
0.00137657
0.00133018
0.00128292
0.00127959
0.00127365
0.00129817
0.00133819
0.00134421
0.00135252
0.00136114
0.00133664
0.0012988
0.00128494
0.00124934
0.00122496
0.00119797
0.00117979
0.00116633
0.00113999
0.00109096
0.00100083
0.000905683
0.000819625
0.000747171
0.000683266
0.000614876
0.000572076
0.000543875
0.000520819
0.000501918
0.000470257
1.95119e-05
0.000403877
0.00483808
0.00371393
0.00265048
0.00171599
0.00081362
0.000384956
0.000140386
5.01197e-05
1.8612e-05
1.03637e-05
1.44243e-05
0.000110841
0.000145809
6.73939e-05
6.41946e-05
8.99461e-05
0.000161988
0.000276848
0.000542453
0.000852126
0.00104041
0.00105656
0.00103797
0.00106834
0.00107718
0.0011221
0.00123032
0.00134382
0.00149587
0.00169431
0.0018889
0.00201484
0.00210736
0.00219441
0.00227986
0.00238463
0.00245834
0.00251346
0.00240713
0.00221911
0.00195946
0.00167614
0.00148224
0.0013263
0.00114708
0.000935815
0.000792093
0.000704009
0.000642284
0.000608967
0.000574237
0.000546959
0.000545852
0.000593037
0.000679206
0.000804554
0.000961274
0.00112796
0.00128136
0.00140958
0.00150821
0.00156484
0.00157344
0.00154899
0.00151946
0.00149608
0.00143786
0.00139676
0.00134473
0.00129538
0.00128745
0.00128393
0.00130841
0.00134397
0.00135412
0.00136493
0.00137177
0.00134637
0.0013112
0.00129771
0.00125994
0.00123312
0.00120721
0.00118842
0.00117369
0.00114656
0.00109311
0.00100412
0.00090842
0.000821476
0.000747982
0.000682708
0.000615622
0.000573078
0.000544885
0.000521759
0.000501226
0.000471057
1.19689e-05
0.000301171
0.00225894
0.00193617
0.00134797
0.000913923
0.000458222
0.000195
6.60185e-05
2.34185e-05
1.15096e-05
1.38095e-05
3.02553e-05
6.5086e-05
6.97881e-05
5.60226e-05
7.65663e-05
0.000122218
0.000196664
0.000340297
0.000614997
0.00086935
0.000939353
0.000956143
0.000972048
0.00098714
0.000987944
0.00102068
0.0011099
0.00123747
0.00147219
0.00177338
0.00209686
0.00232682
0.00250058
0.00262542
0.00267557
0.00268428
0.00262724
0.00251621
0.00232276
0.00202615
0.00176662
0.00153679
0.00133671
0.00115777
0.0010003
0.000836922
0.000726542
0.000677105
0.000649229
0.000655704
0.000656377
0.000647638
0.000663352
0.000730897
0.000835004
0.000974447
0.00113571
0.00130748
0.00146299
0.00156826
0.00164474
0.00167521
0.00166123
0.001615
0.00156973
0.00153775
0.00147102
0.0014208
0.00136305
0.00130884
0.00129675
0.00129528
0.0013204
0.00135149
0.00136549
0.00137951
0.00138421
0.00135984
0.00132593
0.0013097
0.00127114
0.00124266
0.00121916
0.00119867
0.00118233
0.0011543
0.0010964
0.00100811
0.000911678
0.000823649
0.000749081
0.000682113
0.000616499
0.000574259
0.000546076
0.000522885
0.000500952
0.000472033
7.36762e-06
0.000210331
0.000997255
0.000906949
0.000645954
0.000376242
0.000204832
8.55891e-05
2.92541e-05
1.27711e-05
1.15792e-05
2.68235e-05
9.34832e-05
9.84343e-05
7.68734e-05
7.61029e-05
0.000113751
0.000187916
0.000291601
0.00044072
0.000628026
0.000814551
0.000867144
0.000898578
0.000933512
0.000924942
0.000917472
0.00094435
0.0010153
0.00114547
0.00139444
0.00174242
0.00217915
0.00247178
0.00266117
0.00283307
0.00289094
0.00281813
0.00269196
0.00242617
0.00215379
0.00190544
0.00167123
0.00143796
0.0012174
0.00103046
0.000888277
0.000758353
0.000681634
0.000657867
0.000669575
0.000719089
0.000771266
0.000775458
0.000807172
0.000889601
0.00100736
0.00115249
0.00131759
0.00149523
0.00166139
0.0017394
0.00179162
0.00179083
0.00175171
0.00168469
0.00162182
0.00157923
0.00150782
0.00144836
0.00138539
0.00132253
0.00130702
0.0013073
0.00133388
0.00136051
0.00137811
0.00139587
0.00139863
0.00137574
0.00134289
0.00132324
0.00128284
0.00125385
0.00123352
0.00121047
0.00119216
0.00116159
0.00110063
0.00101277
0.000915438
0.000826126
0.000750441
0.000681797
0.000617537
0.000575608
0.000547434
0.000524189
0.000501089
0.000473183
3.85536e-06
0.000122422
0.000438474
0.000426967
0.000284366
0.000144527
7.88788e-05
3.47238e-05
1.39961e-05
1.103e-05
1.70983e-05
5.13762e-05
0.000288994
0.0002646
0.000158945
0.000132381
0.000173362
0.000280168
0.000446876
0.000612545
0.000745202
0.000792354
0.000828182
0.000855264
0.000889378
0.000880772
0.000864143
0.000886035
0.000953922
0.00106314
0.0012612
0.00159879
0.00206793
0.00236914
0.00251279
0.00268076
0.00279243
0.00272353
0.00257146
0.00233162
0.00207221
0.00183617
0.00160276
0.00136106
0.00112835
0.000931459
0.00079417
0.000705722
0.000663777
0.000668014
0.000709526
0.000792943
0.000885933
0.00091509
0.000970879
0.00106417
0.00119395
0.00133733
0.00150118
0.00168433
0.00186066
0.00191324
0.00193419
0.0019055
0.00184361
0.00175596
0.0016741
0.00161918
0.00154755
0.001471
0.00140043
0.00133531
0.00131771
0.00131956
0.0013454
0.00137059
0.0013918
0.00141344
0.00141526
0.00139139
0.00136166
0.00133882
0.00129506
0.00126668
0.00124852
0.00122349
0.00120303
0.00116966
0.00110571
0.00101809
0.00091968
0.000828893
0.000751651
0.000681767
0.00061873
0.000577112
0.000548944
0.000525664
0.000501622
0.000474501
1.69295e-06
6.08898e-05
0.000181182
0.000182712
0.000110768
5.32351e-05
2.97684e-05
1.51044e-05
1.06954e-05
1.49229e-05
2.87003e-05
8.31639e-05
0.000442643
0.000620241
0.000288314
0.000194779
0.000201931
0.000334511
0.00056754
0.000737202
0.000831207
0.000833971
0.000832104
0.000830954
0.000856178
0.00084394
0.000821996
0.000839483
0.000897848
0.000999225
0.00114866
0.001378
0.00167428
0.00191242
0.00210381
0.00232345
0.00243146
0.0024535
0.00231189
0.0021339
0.00194088
0.00173092
0.00150717
0.00127685
0.00105214
0.000859832
0.000741568
0.000688295
0.00068108
0.000712285
0.00077456
0.0008786
0.000991159
0.00105697
0.00114318
0.00124867
0.00139439
0.00152746
0.00168365
0.00186792
0.00204506
0.00208082
0.00206839
0.00201259
0.0019345
0.00182682
0.00172536
0.00165596
0.00158381
0.0014898
0.00141037
0.00134666
0.00132835
0.00133167
0.00135638
0.0013813
0.00140616
0.00143099
0.00143113
0.00140788
0.00137827
0.00135138
0.00130778
0.00128091
0.001263
0.00123777
0.00121483
0.00117834
0.00111153
0.00102402
0.000924381
0.000831937
0.000752989
0.00068201
0.000620067
0.000578755
0.000550592
0.000527299
0.000502535
0.000475978
6.9455e-07
2.71652e-05
7.93775e-05
7.52314e-05
4.12407e-05
1.89218e-05
1.45653e-05
1.36338e-05
1.67378e-05
2.59731e-05
4.70363e-05
0.000108427
0.000394979
0.000745044
0.000363842
0.000224893
0.000218801
0.000326954
0.000566349
0.000717404
0.000793647
0.000861842
0.000865922
0.000811986
0.000803011
0.000794563
0.000789197
0.000802943
0.000863845
0.00094648
0.00103961
0.00116141
0.00132789
0.00147338
0.00165459
0.0018662
0.00196628
0.00202826
0.00196993
0.00186007
0.00172721
0.00155402
0.00136036
0.00116569
0.000973371
0.000804186
0.000719404
0.000703384
0.00073424
0.000791428
0.000869638
0.000981821
0.00110714
0.00120464
0.00131837
0.00143642
0.00159399
0.00171397
0.00185964
0.00204025
0.00221088
0.00224005
0.00219171
0.00210959
0.00201249
0.00188671
0.00177442
0.00168808
0.00160724
0.00150528
0.00141681
0.00135636
0.00133855
0.00134331
0.00136674
0.00139227
0.00141991
0.00144781
0.00144851
0.00142498
0.00139425
0.00136316
0.00132112
0.00129627
0.00127819
0.00125321
0.00122743
0.00118753
0.00111804
0.00103045
0.000929515
0.000835248
0.00075444
0.000682504
0.000621536
0.000580521
0.000552361
0.000529082
0.000503499
0.000477601
2.93016e-07
1.09107e-05
3.18046e-05
3.38148e-05
2.01955e-05
1.64106e-05
2.01589e-05
2.91256e-05
4.10755e-05
6.14608e-05
9.01169e-05
0.000141674
0.000317148
0.000659087
0.000358595
0.00023308
0.000231615
0.000323392
0.000523952
0.000685536
0.000778677
0.000871633
0.000879678
0.000786332
0.000758894
0.000764466
0.000765178
0.000772386
0.000836242
0.000882026
0.000936606
0.000997353
0.00109051
0.00119013
0.00132684
0.00146371
0.00156252
0.0016141
0.00160424
0.00153442
0.00146107
0.00132853
0.00117438
0.00102634
0.000887625
0.000759989
0.000724411
0.000751678
0.000818782
0.000900002
0.000995294
0.00110302
0.00123598
0.00135518
0.00149456
0.00162241
0.00177922
0.00189115
0.00202513
0.00220045
0.00235837
0.00238587
0.00230509
0.00219424
0.00207466
0.00193436
0.00182074
0.00171469
0.00161896
0.00151225
0.00142036
0.00136431
0.00134797
0.00135422
0.00137661
0.00140319
0.00143353
0.00146383
0.00146755
0.00144106
0.00140953
0.00137509
0.0013352
0.00131257
0.00129392
0.00126974
0.0012407
0.00119713
0.00112518
0.00103595
0.00093502
0.000838736
0.000755976
0.000683216
0.000623121
0.000582392
0.000554233
0.000531007
0.000504688
0.000479357
3.032e-07
4.32055e-06
1.27833e-05
2.17649e-05
3.51243e-05
4.01994e-05
5.65296e-05
8.73301e-05
0.00012211
0.000188927
0.000193584
0.000222691
0.000308686
0.00051302
0.000327445
0.000250241
0.000275215
0.000360642
0.000494066
0.000632943
0.000751103
0.000836412
0.00081751
0.000738167
0.000718951
0.000732213
0.000740576
0.000748009
0.000799395
0.000815264
0.000848684
0.000883466
0.000946132
0.00101562
0.00110887
0.00119854
0.0012785
0.00132384
0.00130401
0.00125367
0.00118888
0.00109096
0.000983022
0.000880096
0.000798693
0.000734464
0.000756158
0.000832597
0.000930118
0.00102557
0.00113472
0.00123334
0.00136968
0.00150893
0.00166891
0.00180139
0.00194826
0.00205677
0.0021817
0.00234618
0.00248512
0.0025139
0.00240875
0.00226502
0.00212285
0.00196895
0.00185531
0.00172959
0.00162142
0.00151225
0.0014215
0.00137053
0.00135637
0.00136419
0.00138604
0.00141381
0.00144658
0.00147868
0.00148802
0.00145701
0.00142447
0.0013878
0.00135006
0.00132971
0.0013102
0.00128726
0.00125457
0.00120703
0.00113291
0.00104142
0.000940834
0.000841628
0.000757529
0.000684117
0.00062481
0.000584352
0.000556189
0.000532763
0.000506063
0.000481233
2.46129e-06
5.12155e-06
1.22939e-05
3.88125e-05
0.00024062
0.000150082
0.000158838
0.000228907
0.000287275
0.000379366
0.000330584
0.000322944
0.000329654
0.000437661
0.000327596
0.000289238
0.000340269
0.000424793
0.000518151
0.000628338
0.000706816
0.000751866
0.000740443
0.000687609
0.000676844
0.000686571
0.000698174
0.000724688
0.000784748
0.000785022
0.000803408
0.000826749
0.000871185
0.000919398
0.000976685
0.0010377
0.00109167
0.0011216
0.00107899
0.00102893
0.000963573
0.00089238
0.000824165
0.00076945
0.000742433
0.000741201
0.000816176
0.000934923
0.00106496
0.00116863
0.00127772
0.00136709
0.00150453
0.00166381
0.0018331
0.00196499
0.00209906
0.00221245
0.00233011
0.00247384
0.00259108
0.00261248
0.00249495
0.00231674
0.00215048
0.00198962
0.00187095
0.00173306
0.00161739
0.00150733
0.00142064
0.00137502
0.00136352
0.00137306
0.00139499
0.00142392
0.00145901
0.00149248
0.00150577
0.00147252
0.00143922
0.00140066
0.00136563
0.00134736
0.0013269
0.00130536
0.00126879
0.00121711
0.00114114
0.00104673
0.000945125
0.000844461
0.000759113
0.000685175
0.000626588
0.00058638
0.000558212
0.000534571
0.000507599
0.000483215
3.17605e-05
2.07669e-05
3.20156e-05
7.88931e-05
0.000323414
0.000238042
0.000318377
0.000435084
0.000480478
0.000433328
0.000436124
0.000399632
0.000371189
0.000406
0.000357118
0.000345342
0.000399835
0.00046386
0.000513325
0.000591441
0.000640275
0.000673805
0.000695104
0.000645236
0.000636681
0.000650031
0.000678878
0.000708411
0.000752078
0.000767613
0.000789128
0.000813148
0.000854182
0.000884625
0.000918316
0.000955706
0.000979383
0.000979038
0.00091523
0.000857225
0.000801373
0.000756389
0.000719741
0.000711961
0.000737098
0.000783305
0.000896767
0.00104732
0.00121157
0.0013321
0.00141943
0.00149923
0.00163839
0.00180713
0.00198038
0.00211636
0.00223579
0.00235295
0.00246963
0.00258487
0.00267597
0.00268114
0.00254783
0.00234589
0.00216048
0.00199686
0.00186949
0.00172662
0.00160972
0.0014994
0.00141816
0.00137785
0.00136927
0.00138068
0.00140348
0.00143337
0.00147071
0.00150519
0.001522
0.00148773
0.00145387
0.00141444
0.00138191
0.00136465
0.00134382
0.0013227
0.0012823
0.00122722
0.00114976
0.00105191
0.000949045
0.000847207
0.000760706
0.000686364
0.000628446
0.000588459
0.000560282
0.000536436
0.000509277
0.000485289
0.000153848
6.27793e-05
6.71354e-05
0.000106398
0.000255483
0.000268733
0.000413604
0.000545891
0.000520327
0.000487675
0.000494601
0.000500283
0.000451938
0.000417145
0.000398649
0.000429584
0.000471976
0.000510135
0.000531273
0.000546471
0.000580765
0.000607269
0.000613221
0.000596796
0.000607657
0.000637609
0.000672411
0.000700903
0.000739432
0.000778235
0.000810874
0.000836683
0.000852807
0.000871012
0.000901005
0.000935049
0.000934472
0.000891651
0.000784904
0.000715966
0.000674665
0.000661109
0.000663286
0.00070358
0.000774669
0.000862458
0.00100878
0.00118222
0.00137903
0.00151595
0.00157319
0.0016546
0.0017958
0.00196065
0.00213116
0.00227087
0.00238042
0.00250269
0.00261853
0.00269046
0.00275554
0.00273357
0.00257397
0.00235557
0.00215571
0.00199046
0.00185212
0.00170965
0.0015945
0.00148758
0.00141364
0.0013793
0.00137432
0.00138812
0.00141306
0.00144368
0.00148354
0.00151917
0.00153798
0.00150519
0.00147135
0.00143182
0.00140215
0.00138569
0.00136405
0.00134311
0.00129841
0.00123923
0.00116013
0.00105805
0.000952483
0.000850372
0.000762601
0.000687916
0.000630749
0.000590981
0.000562793
0.000538733
0.000511429
0.000487859
0.000136357
9.99811e-05
9.40034e-05
0.000107491
0.000192612
0.000246218
0.000353543
0.000428049
0.000445335
0.000464912
0.000522107
0.000526604
0.000515257
0.000472377
0.000486907
0.000522139
0.000559938
0.000583287
0.000578515
0.000536892
0.000519106
0.000532979
0.000545436
0.000565588
0.000612976
0.000657527
0.000688353
0.000721897
0.000767327
0.000809298
0.000840208
0.000856502
0.00085272
0.000858349
0.00089327
0.000939599
0.000892307
0.000801785
0.000697234
0.000636915
0.000617662
0.000647022
0.0006988
0.000767194
0.000871588
0.000990783
0.00115047
0.00133026
0.00152498
0.0016543
0.00172132
0.00183597
0.0019722
0.00212295
0.00227054
0.00241442
0.00252947
0.00263416
0.00272247
0.0027669
0.00280133
0.00273734
0.00255677
0.00233809
0.00213119
0.00196236
0.00181556
0.00167947
0.00156988
0.00147268
0.00140659
0.00137806
0.00137709
0.0013938
0.00142084
0.0014538
0.00149562
0.00153219
0.00155252
0.00152293
0.00149166
0.0014535
0.00142682
0.00140971
0.0013869
0.00136421
0.00131635
0.0012527
0.00117078
0.00106346
0.000955316
0.00085282
0.000764729
0.000689867
0.000633519
0.000593906
0.000565708
0.000541479
0.000514102
0.000490937
4.10963e-05
0.000113874
0.0001058
0.000110771
0.000160215
0.000201346
0.000246309
0.000288581
0.000324993
0.000369763
0.000449105
0.000496041
0.000516725
0.000530572
0.000552383
0.000615755
0.00063272
0.000606854
0.000566339
0.000508967
0.000482572
0.000486332
0.000512107
0.00055807
0.000618426
0.000652907
0.000682733
0.000738553
0.000792254
0.000844142
0.000879333
0.000891828
0.000883672
0.000889881
0.000892009
0.000868854
0.000795453
0.000725809
0.000663407
0.00062303
0.000632127
0.000714069
0.000813106
0.00090833
0.00102613
0.00114978
0.00129688
0.00145669
0.00162323
0.00174148
0.0018438
0.0019923
0.00211643
0.00225373
0.00237828
0.00253081
0.00265836
0.00271608
0.00276225
0.00278784
0.00278595
0.00268851
0.00250647
0.00230172
0.00210054
0.00191814
0.00176834
0.00164206
0.00154277
0.00145932
0.00139822
0.00137416
0.00137673
0.00139634
0.00142566
0.00146196
0.00150509
0.00154242
0.00156335
0.0015396
0.00151104
0.00147656
0.00145289
0.00143284
0.00140878
0.00138369
0.00133348
0.00126549
0.00118002
0.00106857
0.000957033
0.000854666
0.000766785
0.000691919
0.00063636
0.000596792
0.000568594
0.000544296
0.000516903
0.000494081
1.08958e-05
8.75924e-05
9.77586e-05
0.000108454
0.000133732
0.000139308
0.000146611
0.000172859
0.000213199
0.000264409
0.000339797
0.000429729
0.000498656
0.000553874
0.000602087
0.000649318
0.000664493
0.000610475
0.00052925
0.000478292
0.000462168
0.000480785
0.000519314
0.000578553
0.000617128
0.000627551
0.000635493
0.000695745
0.000748237
0.000818685
0.000868977
0.000877678
0.000891429
0.000903977
0.000841959
0.000773076
0.000696407
0.000648332
0.000626104
0.000623045
0.000676178
0.000809995
0.000953568
0.00109144
0.00124072
0.00133352
0.00144028
0.00155737
0.00168756
0.00180103
0.0019366
0.00210526
0.00222336
0.00233283
0.00244857
0.00260081
0.00272385
0.00273928
0.00274935
0.00275536
0.00272058
0.0026102
0.0024324
0.00224984
0.0020432
0.00186
0.00171386
0.00159957
0.00151173
0.00144058
0.00138889
0.00136791
0.00137324
0.00139562
0.00142744
0.00146811
0.00151192
0.00154966
0.00157133
0.00155577
0.00152999
0.00150039
0.00147766
0.00145564
0.00142928
0.00140125
0.00134961
0.0012773
0.00118695
0.0010707
0.000957635
0.000856049
0.000768152
0.000694004
0.000639173
0.000599578
0.000571403
0.000547148
0.00051977
0.000497251
3.99735e-06
4.38789e-05
7.17822e-05
9.01481e-05
9.76342e-05
8.36954e-05
8.16357e-05
0.000101543
0.000137831
0.000187727
0.00025831
0.000354926
0.00045404
0.000544798
0.000603911
0.000663998
0.000657357
0.000592842
0.00051222
0.000458908
0.000456525
0.000489527
0.000530914
0.000586192
0.000601644
0.000593723
0.000601238
0.000621929
0.000650129
0.000709709
0.000717076
0.000714495
0.000744139
0.000743683
0.000684762
0.000624873
0.000580787
0.000560135
0.000577108
0.000628904
0.000745574
0.000931392
0.00111752
0.00129424
0.001445
0.00149809
0.00155452
0.00162709
0.00172814
0.00183775
0.00200267
0.00217304
0.0022822
0.00236857
0.00248947
0.0026201
0.00272117
0.00272139
0.00269811
0.00268162
0.00262048
0.00250493
0.00233788
0.0021712
0.0019654
0.00179175
0.00165442
0.00155343
0.00147689
0.00141697
0.00137533
0.00135979
0.00136663
0.00139167
0.00142634
0.00147217
0.00151735
0.00155388
0.0015769
0.00156957
0.0015486
0.00152431
0.00150225
0.0014763
0.001448
0.0014169
0.00136459
0.00128781
0.00119155
0.00107125
0.000957249
0.000857078
0.000769069
0.000695668
0.00064184
0.000602202
0.000574093
0.000549974
0.000522637
0.000500405
3.03269e-06
2.10697e-05
4.51116e-05
6.32024e-05
6.48083e-05
5.72782e-05
6.27307e-05
8.03596e-05
0.000109885
0.000154726
0.000218051
0.00029735
0.000398284
0.000494055
0.000562152
0.000620737
0.000605665
0.000554122
0.000495819
0.000454571
0.00044918
0.000473052
0.000512716
0.000557772
0.00057118
0.000567153
0.000547135
0.000518142
0.000513857
0.000539313
0.000517038
0.000500307
0.000522048
0.000525112
0.000505797
0.000476097
0.000470509
0.000486039
0.000551775
0.000671552
0.00085616
0.00107894
0.00129033
0.00146828
0.00158244
0.00161071
0.00162885
0.00166248
0.00174311
0.00185233
0.00202646
0.00218927
0.00229154
0.00237609
0.00248561
0.0025935
0.00266867
0.00266257
0.00261992
0.00258006
0.00249757
0.00237748
0.00222643
0.00206965
0.00188229
0.0017173
0.00159175
0.00150461
0.00143951
0.00139038
0.00135793
0.0013476
0.00135689
0.00138461
0.00142241
0.00147283
0.00151764
0.0015551
0.00158022
0.00158035
0.00156668
0.00154787
0.00152379
0.00149491
0.00146468
0.00143045
0.0013764
0.00129662
0.00119422
0.00107031
0.000955876
0.000856638
0.000769208
0.000696991
0.000643641
0.000604608
0.000576619
0.000552704
0.00052544
0.000503504
4.26196e-06
2.10491e-05
3.954e-05
5.32672e-05
6.16882e-05
7.52579e-05
9.23016e-05
0.000106216
0.000125974
0.000163144
0.000222873
0.000295696
0.000377027
0.000459211
0.000520051
0.000581665
0.000585103
0.000552505
0.000515873
0.000482267
0.000474109
0.000466553
0.000486707
0.000534136
0.000550657
0.00052891
0.000461556
0.000406484
0.000373908
0.000370105
0.000358241
0.000356306
0.000368449
0.000370056
0.000370274
0.000375387
0.000398337
0.000451208
0.000573134
0.000768696
0.00102908
0.00126361
0.00145448
0.00159575
0.00166537
0.00166843
0.00165211
0.00166604
0.00173385
0.00184609
0.00201898
0.00216182
0.00226138
0.00235069
0.00244435
0.00252825
0.0025811
0.00256882
0.00253004
0.00246137
0.0023603
0.00223787
0.00210277
0.0019559
0.00179019
0.00163866
0.00152718
0.00145389
0.00140025
0.00136218
0.00133881
0.00133182
0.00134411
0.00137464
0.00141571
0.00146956
0.00151422
0.00155346
0.00158134
0.00158814
0.00158386
0.0015708
0.00154239
0.00151124
0.00147918
0.00144165
0.00138538
0.00130188
0.00119362
0.00106788
0.000953501
0.000855203
0.000768687
0.000697899
0.000645085
0.000606759
0.000578941
0.000554976
0.000528124
0.000506439
7.32415e-06
3.55416e-05
6.53872e-05
8.491e-05
0.000108755
0.000140132
0.00015676
0.000158051
0.000161382
0.000184398
0.000237938
0.000316436
0.000389141
0.000458147
0.000528513
0.000613605
0.000635941
0.000602814
0.000558818
0.000526376
0.000499535
0.000462095
0.000469559
0.000502578
0.00051829
0.000468965
0.000401284
0.000327864
0.000277803
0.000264489
0.000267997
0.0002787
0.000280962
0.000282096
0.000292144
0.000324515
0.000373941
0.000470684
0.000650417
0.000908684
0.00122067
0.00144462
0.00160235
0.0016794
0.00170256
0.00168647
0.0016397
0.00164367
0.00170473
0.00181997
0.00198819
0.00210249
0.00219926
0.00229046
0.00236666
0.00243288
0.00246825
0.0024504
0.00241109
0.00233291
0.00221444
0.00209251
0.00197239
0.00183735
0.0016915
0.00155816
0.00146178
0.00140193
0.00135955
0.00133084
0.00131543
0.00131287
0.00132851
0.00136201
0.00140634
0.00146251
0.00150773
0.00154924
0.00158027
0.00159331
0.00159767
0.00159085
0.00155835
0.00152502
0.00149146
0.00145019
0.00139154
0.00130388
0.00119073
0.00106395
0.000950105
0.00085285
0.000767519
0.000698327
0.000646203
0.00060862
0.000581022
0.000557028
0.000530645
0.000509209
1.31742e-05
6.29432e-05
0.00012259
0.00016497
0.000204112
0.00023055
0.000225069
0.000204967
0.000188835
0.000192593
0.000230357
0.000304172
0.000386592
0.0004669
0.000565963
0.00066737
0.000706706
0.000650731
0.000580913
0.000527624
0.000464893
0.000425827
0.000433901
0.000451204
0.000459733
0.000412229
0.000358935
0.000285301
0.000241441
0.00022208
0.000225673
0.000238677
0.000240756
0.000242475
0.00026287
0.000315395
0.000398387
0.000545525
0.000780124
0.00107445
0.0013766
0.00157788
0.00170519
0.00173177
0.00170044
0.00166347
0.00161197
0.00160155
0.00166328
0.00177523
0.00192407
0.00201666
0.00211056
0.00220032
0.00226621
0.00231474
0.002337
0.0023152
0.00226645
0.00218654
0.00206425
0.00194591
0.00184028
0.00172417
0.00159254
0.00147802
0.00139645
0.00134929
0.00131778
0.00129722
0.00128825
0.00129137
0.00131039
0.00134697
0.00139446
0.00145223
0.00149873
0.00154271
0.00157708
0.001596
0.00160806
0.00160618
0.00157213
0.00153597
0.00150092
0.00145575
0.00139412
0.00130244
0.00118599
0.00105858
0.000945681
0.000849629
0.000765717
0.000698228
0.000646971
0.000610162
0.000582827
0.000558857
0.000532972
0.000511779
2.42606e-05
0.000107464
0.000207799
0.000279248
0.000319992
0.000312634
0.000269461
0.000228642
0.000199415
0.000186834
0.000204514
0.000261673
0.000348045
0.000443957
0.000563569
0.000662478
0.000680266
0.000615759
0.000557097
0.000469302
0.000394489
0.000362283
0.00036973
0.000390063
0.000393502
0.000366309
0.000332414
0.000284842
0.000251605
0.000224906
0.00021426
0.000221191
0.000221998
0.000232997
0.000275322
0.000351433
0.000474418
0.000665856
0.00093896
0.00123306
0.00149229
0.00166678
0.00174209
0.00173186
0.00166901
0.00160499
0.0015563
0.00154051
0.0016041
0.00171882
0.00182832
0.00191009
0.00200111
0.00208776
0.00214523
0.00218049
0.00219303
0.00216874
0.00210858
0.00202925
0.00191498
0.00180172
0.00171034
0.00161279
0.00149519
0.00139844
0.00133179
0.00129644
0.00127529
0.00126231
0.00125869
0.00126701
0.00129004
0.00132979
0.00138027
0.00143929
0.00148763
0.00153414
0.0015718
0.00159619
0.0016145
0.00161665
0.00158103
0.00154375
0.00150783
0.0014581
0.00139323
0.00129779
0.00117907
0.00105178
0.000940236
0.000845572
0.00076329
0.000697574
0.00064736
0.000611355
0.000584326
0.000560437
0.000535082
0.00051411
4.56098e-05
0.000176278
0.00031386
0.000397185
0.000414831
0.000357991
0.000278729
0.000228353
0.000198436
0.000178267
0.0001789
0.000214481
0.000287838
0.000379567
0.000487144
0.000550126
0.000537819
0.000488702
0.000453197
0.000370655
0.000313815
0.000294639
0.000306323
0.000329773
0.000350744
0.000351124
0.000345549
0.000337457
0.000305443
0.000260844
0.000231379
0.000216314
0.000215006
0.000242165
0.000311477
0.000420358
0.00059217
0.00082044
0.00108825
0.00134178
0.00155285
0.00168154
0.0017136
0.00167593
0.00159378
0.00151884
0.00147386
0.00147071
0.00152734
0.00163521
0.00171357
0.00178995
0.00187765
0.00196019
0.00200813
0.00203499
0.00204144
0.00201579
0.00195535
0.00187308
0.00177113
0.00167107
0.00158576
0.00150083
0.00140065
0.00132074
0.00126831
0.00124376
0.00123213
0.00122676
0.00122788
0.00124064
0.00126781
0.00131075
0.00136398
0.00142415
0.00147471
0.00152368
0.00156447
0.00159375
0.00161694
0.0016212
0.00158616
0.00154812
0.00151011
0.00145701
0.00138885
0.0012903
0.00116955
0.0010436
0.000933796
0.000840713
0.000760254
0.000696357
0.000647343
0.000612174
0.000585488
0.000561736
0.000536956
0.000516166
8.69814e-05
0.000273122
0.000417847
0.000475926
0.000451213
0.00035501
0.000258015
0.000211985
0.000193328
0.00017551
0.0001653
0.00018098
0.000231488
0.00030134
0.000376118
0.000404026
0.000386682
0.000355956
0.000326866
0.000278744
0.000250207
0.000245912
0.000266031
0.000295928
0.000339494
0.000384619
0.000401806
0.000411928
0.000380575
0.000311721
0.000256411
0.000225548
0.000227071
0.000268871
0.000358243
0.000501772
0.000719635
0.000979492
0.00119616
0.00139227
0.00155034
0.00162337
0.00162802
0.0015751
0.00149234
0.00141383
0.00137507
0.00138803
0.00143836
0.00152902
0.0015907
0.00166315
0.00174649
0.00182376
0.00186385
0.00188345
0.00188696
0.0018605
0.00180372
0.00172203
0.00163485
0.00154824
0.00146739
0.00139306
0.00130986
0.00124579
0.0012064
0.00119154
0.00118819
0.00118947
0.00119693
0.00121291
0.00124405
0.00129008
0.00134583
0.00140719
0.0014602
0.00151143
0.00155508
0.00158856
0.00161531
0.00162024
0.0015879
0.0015489
0.00150835
0.00145241
0.00138101
0.00127909
0.00115791
0.0010341
0.000926408
0.000835087
0.000756624
0.000694584
0.0006469
0.000612596
0.000586288
0.000562722
0.000538583
0.000517907
0.000163283
0.000380211
0.000470071
0.000471598
0.000413544
0.000311312
0.000220436
0.000187376
0.000187194
0.000181339
0.000167313
0.000168133
0.000195862
0.00023979
0.000282993
0.000292689
0.000279526
0.000262354
0.000244045
0.000223333
0.000217874
0.000228972
0.000260782
0.000299572
0.000350666
0.000423234
0.00045395
0.000449825
0.000400692
0.000330946
0.000268781
0.000241758
0.000253975
0.000311901
0.000418345
0.000587974
0.00082131
0.00106989
0.00124608
0.00139046
0.00149079
0.00151846
0.00150066
0.00144281
0.00136743
0.00129562
0.00126722
0.00129237
0.00133964
0.00141451
0.00146594
0.00153468
0.0016127
0.00168366
0.00171819
0.00173044
0.00173378
0.00170699
0.0016514
0.00157808
0.00150736
0.00142715
0.00135539
0.001291
0.00122356
0.00117403
0.00114634
0.00114005
0.00114364
0.00115152
0.00116627
0.00118425
0.00121907
0.00126803
0.00132605
0.00138867
0.00144425
0.00149746
0.00154359
0.00158047
0.00160957
0.00161427
0.00158431
0.00154592
0.00150278
0.00144427
0.0013699
0.00126503
0.00114437
0.00102334
0.00091814
0.000828729
0.000752427
0.000692273
0.000646017
0.0006126
0.000586702
0.000563362
0.000539666
0.000519294
0.000283662
0.000431541
0.000414142
0.000374462
0.000320807
0.000247563
0.000179706
0.000158936
0.000177143
0.000191932
0.000183513
0.000176674
0.00018713
0.000209859
0.000230954
0.000232886
0.000224073
0.000214887
0.000206767
0.000204666
0.000217966
0.000249603
0.000291508
0.000336409
0.00038509
0.000428979
0.000454137
0.000440671
0.00038852
0.000324279
0.000278222
0.000265655
0.000293802
0.000369551
0.000489991
0.000675258
0.000895705
0.00109658
0.00124307
0.00134647
0.00140092
0.00139145
0.00136148
0.00129544
0.00122561
0.0011707
0.0011552
0.00118844
0.00123401
0.00129566
0.00134278
0.00140786
0.00147992
0.00154399
0.00157491
0.00159143
0.00158554
0.00155817
0.00150663
0.00144287
0.00138418
0.00131132
0.00125014
0.00119539
0.00114219
0.0011057
0.00108834
0.00108952
0.00109898
0.0011133
0.00113367
0.00115492
0.00119313
0.00124481
0.00130485
0.00136877
0.00142694
0.00148184
0.00152995
0.00156938
0.00159976
0.00160383
0.00157612
0.00153867
0.00149361
0.00143266
0.00135507
0.0012485
0.00112911
0.00101138
0.000909085
0.000821673
0.000747692
0.000689443
0.000644685
0.00061217
0.000586708
0.000563626
0.000540322
0.000520296
0.000388974
0.000325178
0.000258004
0.00023432
0.000216027
0.000184915
0.000144717
0.00012886
0.000155808
0.000195857
0.000208502
0.000204617
0.000205578
0.000213873
0.000220847
0.000218146
0.000210706
0.000205342
0.000204945
0.000216199
0.00024459
0.000292003
0.000334316
0.000374577
0.000402065
0.000409827
0.000415145
0.000401997
0.000362813
0.000314153
0.000290712
0.000300091
0.000344158
0.00043684
0.000564668
0.000749707
0.000948112
0.00108827
0.00119737
0.00126597
0.00128005
0.00125488
0.00121374
0.00114244
0.00108173
0.00104536
0.00104293
0.00108044
0.00112504
0.00117829
0.0012236
0.00128487
0.00135061
0.00140771
0.001436
0.00145745
0.00144359
0.00141596
0.00137123
0.00131753
0.00126652
0.00120334
0.00115205
0.00110649
0.00106594
0.00104091
0.00103255
0.00104018
0.00105476
0.00107505
0.00109901
0.00112507
0.00116648
0.0012206
0.00128241
0.00134761
0.00140822
0.00146475
0.00151407
0.00155521
0.00158597
0.00158931
0.00156366
0.00152727
0.00148105
0.00141767
0.00133706
0.00122976
0.00111226
0.000998303
0.000899376
0.000813941
0.000742458
0.000686113
0.000642901
0.000611291
0.000586287
0.00056349
0.000540549
0.000520886
6.19395e-05
8.17799e-05
9.38714e-05
0.000111628
0.000127418
0.000131674
0.000118059
0.000104076
0.000126015
0.000186679
0.000250683
0.00027346
0.000273533
0.000268569
0.000260363
0.000248943
0.000238328
0.000234824
0.000244017
0.000270266
0.000310827
0.000351768
0.000373187
0.000378143
0.000365573
0.000347343
0.000335666
0.000325268
0.000306994
0.000297134
0.000312471
0.000356604
0.000430224
0.000541879
0.000666049
0.00081614
0.000945175
0.00101699
0.00106362
0.00108402
0.00105385
0.00102481
0.000962462
0.000903725
0.000863476
0.00085269
0.000867702
0.00090724
0.000950432
0.000998437
0.0010409
0.00109525
0.00115074
0.001197
0.00122272
0.0012385
0.00122481
0.00119971
0.00116816
0.0011258
0.00108781
0.00104484
0.00100629
0.000974086
0.000951427
0.000942327
0.000946488
0.000963017
0.000984928
0.00101365
0.00104259
0.00107664
0.00112271
0.00118028
0.00124453
0.00131164
0.00137545
0.00143346
0.00148479
0.00152746
0.00155763
0.00155984
0.00153713
0.00150236
0.00145436
0.00138829
0.0013036
0.00119634
0.00108276
0.000975538
0.00088179
0.000800414
0.000733306
0.000679967
0.000639302
0.000609141
0.0005849
0.000562589
0.000540216
0.000521139
9.26964e-06
1.76603e-05
2.87409e-05
4.44935e-05
6.12843e-05
7.40541e-05
7.95204e-05
7.37083e-05
7.65747e-05
0.000110387
0.000173104
0.000234027
0.000263278
0.000269248
0.000265816
0.000262493
0.00026566
0.000278338
0.000298174
0.000317635
0.000326184
0.000317755
0.000296701
0.00027312
0.000252942
0.000238903
0.000235916
0.000241522
0.000255243
0.000284182
0.000333947
0.000404165
0.000494305
0.000589608
0.000669685
0.000745565
0.00079331
0.000815507
0.000808837
0.000793025
0.000770301
0.000729942
0.000676295
0.000642827
0.00063047
0.000641135
0.000666884
0.000704251
0.00074369
0.000786506
0.000824537
0.000868584
0.000911128
0.0009456
0.000967998
0.000975647
0.000966158
0.000948284
0.00093056
0.000903315
0.000881525
0.000859037
0.000837332
0.000822176
0.000817354
0.000823579
0.000839697
0.000864963
0.000894759
0.000931328
0.000967104
0.00101
0.00106128
0.00112211
0.00118839
0.00125706
0.00132248
0.00138162
0.00143376
0.00147546
0.00150274
0.0015038
0.00148371
0.00145076
0.0014021
0.00133451
0.00124636
0.00114245
0.00103651
0.000938752
0.000852665
0.000778731
0.00071788
0.000669186
0.000632196
0.000603953
0.000580771
0.000559187
0.000537605
0.000519185
1.40697e-06
4.61733e-06
9.85959e-06
1.76976e-05
2.70445e-05
3.59085e-05
4.30281e-05
4.72365e-05
4.53949e-05
4.49357e-05
4.98905e-05
6.08777e-05
7.54541e-05
9.00802e-05
0.000107193
0.000128627
0.000153534
0.000176313
0.000189379
0.000189636
0.000180122
0.000167012
0.000156247
0.000151239
0.000153196
0.000161813
0.000178901
0.00020493
0.000241498
0.000290709
0.000351644
0.000418532
0.000482249
0.000531298
0.000561556
0.000580309
0.000585122
0.00057561
0.00055366
0.000534075
0.000520727
0.000491182
0.000462944
0.000453126
0.000459025
0.000478791
0.000506019
0.000538563
0.000572551
0.000607966
0.000640191
0.000673837
0.000704947
0.00072974
0.000747429
0.000751634
0.000746886
0.000737397
0.000729435
0.000716793
0.000708391
0.000699884
0.000693652
0.000693035
0.000701285
0.000718103
0.000742526
0.00077401
0.000809815
0.000851516
0.00089364
0.000943095
0.000998469
0.00106042
0.00112725
0.00119588
0.00126069
0.00131936
0.00137015
0.00140909
0.00143218
0.00143198
0.00141352
0.00138173
0.00133435
0.00126581
0.00117802
0.00108074
0.000984276
0.000896541
0.000819063
0.000753483
0.000699837
0.000655686
0.000622567
0.000596439
0.0005741
0.000553303
0.000532538
0.000514639
3.36578e-07
1.66189e-06
3.91893e-06
7.22237e-06
1.13639e-05
1.57735e-05
1.99922e-05
2.41158e-05
2.74506e-05
2.87652e-05
2.78403e-05
2.58192e-05
2.42779e-05
2.45149e-05
2.75571e-05
3.33634e-05
4.07909e-05
4.79371e-05
5.33128e-05
5.68835e-05
6.02359e-05
6.55843e-05
7.48007e-05
8.8785e-05
0.000108237
0.000133347
0.000163873
0.000200297
0.000242056
0.000287023
0.000330547
0.000366216
0.000388999
0.000397909
0.000395492
0.000388738
0.000379355
0.000364751
0.000350193
0.000340705
0.000335225
0.000324469
0.000318183
0.000322749
0.000336217
0.000356733
0.000380608
0.00040687
0.000433971
0.000461409
0.000486632
0.000511574
0.000533843
0.000551857
0.000565223
0.000569671
0.000569601
0.000566882
0.000566257
0.00056489
0.000566565
0.000568798
0.000574269
0.000584425
0.000601632
0.000625453
0.000655366
0.000691026
0.000730948
0.000775851
0.00082262
0.000875917
0.000932944
0.000995119
0.0010609
0.00112757
0.0011899
0.00124601
0.00129345
0.00132974
0.00134703
0.00134535
0.00132785
0.00129678
0.00125007
0.00118348
0.00110099
0.00101282
0.000927125
0.000849829
0.000781716
0.000724794
0.000677941
0.00063917
0.000609821
0.000585554
0.0005646
0.000544687
0.000524735
0.00050728
1.32843e-07
7.30688e-07
1.75782e-06
3.18978e-06
4.92229e-06
6.80777e-06
8.75245e-06
1.08345e-05
1.30992e-05
1.50672e-05
1.60814e-05
1.58006e-05
1.45438e-05
1.31171e-05
1.21642e-05
1.18096e-05
1.18757e-05
1.22189e-05
1.31281e-05
1.54378e-05
2.01742e-05
2.84057e-05
4.11673e-05
5.93264e-05
8.34579e-05
0.000112546
0.000143568
0.000174642
0.000202915
0.00022611
0.000242297
0.000250156
0.000250403
0.000245357
0.000236888
0.000229202
0.000222722
0.000216072
0.000212336
0.000212357
0.000214499
0.000216482
0.000221672
0.000231921
0.00024625
0.000263728
0.000282591
0.000302443
0.000322761
0.000343172
0.000361963
0.000380048
0.000396105
0.000409674
0.000420802
0.000427147
0.000431048
0.000434048
0.000438806
0.000444795
0.000453161
0.000463095
0.000476398
0.00049374
0.000516636
0.00054478
0.000577992
0.000616076
0.000658256
0.000704708
0.000753832
0.00080814
0.000865147
0.000925928
0.000988912
0.00105173
0.00110984
0.00116151
0.00120395
0.00123516
0.00124859
0.00124576
0.0012289
0.00119872
0.00115357
0.00109177
0.00101788
0.00094049
0.000866326
0.00079972
0.000741394
0.000692979
0.000652727
0.0006195
0.000593644
0.000571554
0.00055208
0.000533128
0.000513976
0.000496958
6.31691e-08
3.44382e-07
8.34388e-07
1.50238e-06
2.28145e-06
3.11409e-06
3.98582e-06
4.94579e-06
6.03626e-06
7.16342e-06
8.09302e-06
8.64714e-06
8.76879e-06
8.54681e-06
8.11048e-06
7.55115e-06
6.93172e-06
6.34039e-06
5.96035e-06
6.13418e-06
7.42791e-06
1.06796e-05
1.68603e-05
2.6958e-05
4.15076e-05
5.95631e-05
7.86383e-05
9.63859e-05
0.00011088
0.000121193
0.000127168
0.000129205
0.000128557
0.000126615
0.000124302
0.000123018
0.000123026
0.000123992
0.000127125
0.000132311
0.000138709
0.000145798
0.000154376
0.000164965
0.000177222
0.000190818
0.000205034
0.000219708
0.000234654
0.000249594
0.000263461
0.000276908
0.000289275
0.000300268
0.000310138
0.000317977
0.000325129
0.000332594
0.000341456
0.000351867
0.00036426
0.000378842
0.000396752
0.000418325
0.000444411
0.000474831
0.000509573
0.000548509
0.000591204
0.000637577
0.00068676
0.000739826
0.000795018
0.000852531
0.000910994
0.000968339
0.00102079
0.00106673
0.00110337
0.00112882
0.00113942
0.00113595
0.00111995
0.00109149
0.00104977
0.000994919
0.000931375
0.000865628
0.000803257
0.000747396
0.000698815
0.000658497
0.000624679
0.000596723
0.000574159
0.000554405
0.000536411
0.000518472
0.000500122
0.000483597
3.10373e-08
1.64439e-07
4.01865e-07
7.26803e-07
1.10175e-06
1.49885e-06
1.91791e-06
2.3857e-06
2.92889e-06
3.52898e-06
4.11128e-06
4.60696e-06
4.96072e-06
5.14321e-06
5.14509e-06
4.97452e-06
4.66869e-06
4.29653e-06
3.94912e-06
3.73563e-06
3.79869e-06
4.34555e-06
5.65742e-06
8.06065e-06
1.18741e-05
1.73177e-05
2.39938e-05
3.11873e-05
3.81373e-05
4.4059e-05
4.856e-05
5.17791e-05
5.42237e-05
5.64219e-05
5.87874e-05
6.16921e-05
6.53263e-05
6.97024e-05
7.52031e-05
8.16985e-05
8.88113e-05
9.63495e-05
0.000104452
0.000113347
0.000122969
0.000133253
0.00014394
0.000154964
0.000166236
0.000177558
0.000188271
0.00019879
0.000208858
0.000218479
0.000227932
0.000236826
0.000245852
0.000255865
0.000267452
0.000280447
0.000295081
0.000312024
0.000332072
0.000355569
0.000382923
0.000413981
0.000448752
0.000487107
0.000528739
0.000573462
0.000620685
0.000670695
0.000722207
0.000774806
0.000827345
0.000878052
0.000923913
0.000963572
0.000994821
0.00101507
0.00102332
0.0010195
0.00100498
0.000979458
0.000943097
0.000896473
0.000843987
0.000790056
0.00073929
0.000693927
0.000654637
0.000621851
0.000594138
0.000570982
0.000551544
0.000534063
0.000517533
0.00050064
0.000483128
0.0004672
1.50571e-08
7.767e-08
1.92077e-07
3.52041e-07
5.38979e-07
7.38998e-07
9.53732e-07
1.1977e-06
1.48602e-06
1.81803e-06
2.16948e-06
2.50996e-06
2.80432e-06
3.01927e-06
3.13087e-06
3.12935e-06
3.02838e-06
2.86499e-06
2.68837e-06
2.54921e-06
2.4934e-06
2.56012e-06
2.78953e-06
3.22073e-06
3.92014e-06
5.00689e-06
6.50949e-06
8.42195e-06
1.0637e-05
1.29257e-05
1.51207e-05
1.72601e-05
1.9505e-05
2.20333e-05
2.49847e-05
2.84275e-05
3.24032e-05
3.69161e-05
4.20537e-05
4.77368e-05
5.3772e-05
6.00601e-05
6.66423e-05
7.36521e-05
8.10949e-05
8.89813e-05
9.72358e-05
0.00010583
0.000114708
0.000123739
0.000132531
0.000141317
0.000150015
0.000158752
0.000167839
0.000177253
0.000187281
0.000198368
0.000211015
0.000225233
0.00024091
0.000258688
0.000279237
0.000302915
0.000330005
0.000360332
0.000393824
0.000430308
0.00046951
0.000511179
0.000554817
0.000600314
0.000646649
0.000693165
0.000738917
0.000782437
0.000821428
0.000854845
0.000880942
0.000897212
0.00090363
0.000900457
0.000888236
0.000866856
0.00083703
0.000799365
0.000757814
0.000715403
0.000675669
0.000640203
0.000609452
0.000583511
0.000561374
0.00054247
0.000525946
0.000510574
0.000495469
0.00047965
0.000463046
0.000447853
7.114e-09
3.59035e-08
9.00831e-08
1.68358e-07
2.626e-07
3.66419e-07
4.81118e-07
6.14425e-07
7.74671e-07
9.64249e-07
1.17576e-06
1.39565e-06
1.60363e-06
1.77685e-06
1.89583e-06
1.94967e-06
1.94129e-06
1.88781e-06
1.81425e-06
1.74607e-06
1.70436e-06
1.70311e-06
1.75077e-06
1.848e-06
2.00221e-06
2.23481e-06
2.55929e-06
2.99399e-06
3.54973e-06
4.20299e-06
4.93335e-06
5.77082e-06
6.78494e-06
8.06219e-06
9.68935e-06
1.17325e-05
1.42467e-05
1.72677e-05
2.08291e-05
2.4882e-05
2.93124e-05
3.40515e-05
3.91001e-05
4.45103e-05
5.02906e-05
5.64562e-05
6.29892e-05
6.98804e-05
7.70963e-05
8.45596e-05
9.2052e-05
9.96872e-05
0.000107466
0.000115541
0.00012417
0.000133487
0.000143688
0.000154974
0.000167633
0.000181861
0.00019765
0.000215262
0.000235218
0.000257889
0.000283487
0.000311918
0.000343014
0.000376532
0.000412202
0.00044971
0.000488607
0.000528611
0.000568895
0.000608791
0.000647549
0.000683974
0.000716418
0.000744113
0.000765581
0.000779089
0.000784796
0.00078297
0.00077381
0.000757398
0.000734608
0.000705978
0.000674721
0.000643065
0.000613433
0.000586919
0.000563764
0.000543871
0.000526622
0.000511406
0.000497518
0.000484063
0.000470339
0.000455631
0.000440039
0.000425736
3.2657e-09
1.61899e-08
4.12753e-08
7.89952e-08
1.26382e-07
1.80864e-07
2.43357e-07
3.17882e-07
4.08924e-07
5.18715e-07
6.45327e-07
7.83013e-07
9.21024e-07
1.04579e-06
1.14447e-06
1.20845e-06
1.23647e-06
1.23525e-06
1.21645e-06
1.19261e-06
1.17405e-06
1.16747e-06
1.17635e-06
1.2007e-06
1.24203e-06
1.30451e-06
1.39192e-06
1.50983e-06
1.66482e-06
1.8592e-06
2.09581e-06
2.38841e-06
2.76145e-06
3.2489e-06
3.89345e-06
4.743e-06
5.85117e-06
7.27958e-06
9.09743e-06
1.13461e-05
1.40258e-05
1.7127e-05
2.06417e-05
2.45692e-05
2.89016e-05
3.36395e-05
3.877e-05
4.42814e-05
5.01586e-05
5.63636e-05
6.27905e-05
6.94846e-05
7.64781e-05
8.39014e-05
9.19453e-05
0.000100757
0.000110507
0.00012135
0.000133429
0.000146919
0.000161957
0.00017869
0.000197319
0.000218164
0.000241416
0.000267018
0.00029483
0.000324564
0.000355928
0.000388585
0.000422132
0.000456242
0.000490282
0.000523672
0.000555832
0.000585805
0.000612497
0.000635335
0.00065316
0.000664935
0.000670792
0.000670858
0.000665228
0.000654093
0.00063821
0.000618156
0.000596245
0.000574119
0.000553335
0.000534584
0.000517964
0.000503275
0.000490123
0.000478037
0.000466468
0.000454749
0.000442366
0.000428829
0.000414382
0.000401134
1.46039e-09
7.13274e-09
1.84905e-08
3.63399e-08
5.99271e-08
8.84564e-08
1.2258e-07
1.64373e-07
2.16243e-07
2.7978e-07
3.54824e-07
4.39125e-07
5.27341e-07
6.12127e-07
6.85772e-07
7.42389e-07
7.79669e-07
7.99532e-07
8.06924e-07
8.07763e-07
8.07171e-07
8.08572e-07
8.13623e-07
8.22914e-07
8.36898e-07
8.56869e-07
8.84489e-07
9.22234e-07
9.72691e-07
1.03768e-06
1.11943e-06
1.22309e-06
1.35706e-06
1.53332e-06
1.76804e-06
2.08195e-06
2.50208e-06
3.06392e-06
3.81619e-06
4.81398e-06
6.10811e-06
7.7418e-06
9.7589e-06
1.21982e-05
1.50825e-05
1.84214e-05
2.22046e-05
2.64171e-05
3.10462e-05
3.60783e-05
4.14711e-05
4.72318e-05
5.33942e-05
6.00532e-05
6.73394e-05
7.53719e-05
8.42828e-05
9.42192e-05
0.000105297
0.000117607
0.000131276
0.000146479
0.000163286
0.000181792
0.000202151
0.000224361
0.000248301
0.000273763
0.000300447
0.000328027
0.000356165
0.000384555
0.000412741
0.000440265
0.000466681
0.000491237
0.000513273
0.000532335
0.000547613
0.000558511
0.000565087
0.000567354
0.000565368
0.000559335
0.000549806
0.000537346
0.000523489
0.000509368
0.000495922
0.000483567
0.000472328
0.000462067
0.000452096
0.000442596
0.000433028
0.000422886
0.000411829
0.000399549
0.000386401
0.000374384
6.39203e-10
3.08279e-09
8.1285e-09
1.64336e-08
2.80202e-08
4.28009e-08
6.12321e-08
8.44048e-08
1.13649e-07
1.50044e-07
1.93939e-07
2.44593e-07
2.99521e-07
3.54956e-07
4.06587e-07
4.50695e-07
4.85207e-07
5.10193e-07
5.27495e-07
5.39742e-07
5.49429e-07
5.58238e-07
5.66966e-07
5.75953e-07
5.85365e-07
5.95445e-07
6.07027e-07
6.21198e-07
6.39172e-07
6.61783e-07
6.90116e-07
7.26243e-07
7.73331e-07
8.358e-07
9.19452e-07
1.03199e-06
1.18407e-06
1.39022e-06
1.67178e-06
2.05775e-06
2.5843e-06
3.29476e-06
4.24345e-06
5.49044e-06
7.09282e-06
9.09737e-06
1.15389e-05
1.44377e-05
1.78011e-05
2.16311e-05
2.59155e-05
3.06426e-05
3.58322e-05
4.15484e-05
4.78745e-05
5.48964e-05
6.2711e-05
7.14299e-05
8.11617e-05
9.19783e-05
0.000103932
0.00011714
0.0001317
0.000147617
0.000164887
0.000183508
0.000203429
0.000224503
0.000246524
0.000269219
0.000292324
0.000315577
0.00033866
0.000361237
0.000382958
0.000403258
0.00042177
0.000438121
0.000451793
0.000462432
0.000470026
0.000474521
0.000475943
0.000474451
0.0004704
0.000464243
0.000456922
0.00044914
0.000441445
0.000434074
0.000427023
0.000420058
0.000412797
0.000405428
0.000397577
0.000388889
0.000379166
0.000368247
0.000356561
0.000345936
2.76132e-10
1.31648e-09
3.52551e-09
7.3294e-09
1.29271e-08
2.04444e-08
3.02003e-08
4.27968e-08
5.89966e-08
7.95148e-08
1.04785e-07
1.34659e-07
1.68082e-07
2.03221e-07
2.37786e-07
2.69595e-07
2.97177e-07
3.2011e-07
3.38937e-07
3.54758e-07
3.68674e-07
3.81423e-07
3.93277e-07
4.04248e-07
4.14225e-07
4.23128e-07
4.31204e-07
4.3895e-07
4.46965e-07
4.55656e-07
4.65706e-07
4.78061e-07
4.94138e-07
5.15758e-07
5.45154e-07
5.85263e-07
6.40005e-07
7.14733e-07
8.17328e-07
9.59062e-07
1.15588e-06
1.42969e-06
1.81116e-06
2.34176e-06
3.0739e-06
4.06739e-06
5.38421e-06
7.08014e-06
9.20013e-06
1.17813e-05
1.48499e-05
1.8406e-05
2.24652e-05
2.70619e-05
3.22439e-05
3.80662e-05
4.45948e-05
5.1904e-05
6.00716e-05
6.91652e-05
7.92254e-05
9.02906e-05
0.000102404
0.000115606
0.000129875
0.000145105
0.000161249
0.000178251
0.000195985
0.000214283
0.000232979
0.000251863
0.000270711
0.00028928
0.000307295
0.000324353
0.000340259
0.000354706
0.000367377
0.000378042
0.000386637
0.000393079
0.000397356
0.000399551
0.000399859
0.000398574
0.000396215
0.000393177
0.000389763
0.000386098
0.000382158
0.000377695
0.000372626
0.000367029
0.000360688
0.00035338
0.000345022
0.000335568
0.000325483
0.000316373
1.18285e-10
5.58003e-10
1.51435e-09
3.22955e-09
5.8801e-09
9.61117e-09
1.46387e-08
2.13104e-08
3.00771e-08
4.14039e-08
5.56671e-08
7.29257e-08
9.27968e-08
1.14452e-07
1.36742e-07
1.58481e-07
1.78765e-07
1.9719e-07
2.13848e-07
2.29148e-07
2.4352e-07
2.57201e-07
2.7019e-07
2.82268e-07
2.93132e-07
3.02549e-07
3.10504e-07
3.17179e-07
3.22795e-07
3.27627e-07
3.32099e-07
3.36743e-07
3.42325e-07
3.49765e-07
3.60124e-07
3.74675e-07
3.94996e-07
4.23176e-07
4.62169e-07
5.16184e-07
5.91182e-07
6.95624e-07
8.41858e-07
1.04805e-06
1.34057e-06
1.75563e-06
2.34051e-06
3.15217e-06
4.25359e-06
5.70992e-06
7.58215e-06
9.90591e-06
1.27179e-05
1.60545e-05
1.99516e-05
2.44439e-05
2.95672e-05
3.53627e-05
4.18765e-05
4.91557e-05
5.72387e-05
6.61549e-05
7.59041e-05
8.64836e-05
9.79073e-05
0.000110127
0.000123014
0.000136519
0.000150603
0.000165172
0.000180149
0.000195424
0.000210839
0.000226219
0.000241344
0.000255934
0.000269887
0.00028295
0.000294922
0.000305632
0.000314983
0.000322876
0.00032926
0.000334144
0.000337598
0.000339766
0.000340889
0.000341164
0.000340741
0.000339683
0.00033796
0.000335407
0.000332063
0.000327956
0.000322977
0.000317013
0.000310067
0.000302174
0.000293797
0.000286286
5.024e-11
2.34798e-10
6.44243e-10
1.40459e-09
2.63086e-09
4.43133e-09
6.9454e-09
1.03771e-08
1.49952e-08
2.10989e-08
2.89608e-08
3.86991e-08
5.02252e-08
6.32052e-08
7.71149e-08
9.13683e-08
1.05481e-07
1.19194e-07
1.3249e-07
1.45503e-07
1.58371e-07
1.71111e-07
1.83571e-07
1.95452e-07
2.06396e-07
2.16088e-07
2.24348e-07
2.31154e-07
2.36564e-07
2.40734e-07
2.43932e-07
2.46491e-07
2.48886e-07
2.51671e-07
2.55459e-07
2.60931e-07
2.68882e-07
2.80303e-07
2.96492e-07
3.1915e-07
3.50548e-07
3.93834e-07
4.53551e-07
5.36401e-07
6.52339e-07
8.16044e-07
1.04871e-06
1.38006e-06
1.85071e-06
2.51378e-06
3.43443e-06
4.67476e-06
6.29871e-06
8.36548e-06
1.09248e-05
1.40178e-05
1.76786e-05
2.19351e-05
2.68113e-05
3.23286e-05
3.85084e-05
4.537e-05
5.29268e-05
6.11661e-05
7.00623e-05
7.96069e-05
8.9775e-05
0.00010047
0.000111609
0.000123178
0.000135145
0.000147479
0.000160103
0.000172903
0.000185718
0.000198347
0.00021073
0.000222655
0.000233972
0.000244542
0.000254251
0.000262985
0.000270661
0.00027723
0.000282675
0.000287024
0.000290357
0.00029275
0.000294271
0.00029495
0.00029477
0.000293663
0.000291685
0.000288858
0.000285145
0.000280513
0.000275019
0.000268757
0.000262152
0.000256274
2.10848e-11
9.77771e-11
2.70706e-10
6.01283e-10
1.15429e-09
1.99756e-09
3.21584e-09
4.92802e-09
7.29152e-09
1.04958e-08
1.47145e-08
2.00687e-08
2.65792e-08
3.41464e-08
4.25678e-08
5.15955e-08
6.10138e-08
7.07018e-08
8.06463e-08
9.08959e-08
1.01481e-07
1.12337e-07
1.23277e-07
1.34005e-07
1.44172e-07
1.53447e-07
1.61574e-07
1.68423e-07
1.73942e-07
1.78189e-07
1.8131e-07
1.8354e-07
1.85177e-07
1.86599e-07
1.88219e-07
1.90485e-07
1.93892e-07
1.99013e-07
2.06514e-07
2.17191e-07
2.32021e-07
2.52282e-07
2.79732e-07
3.16843e-07
3.67153e-07
4.3582e-07
5.30383e-07
6.61805e-07
8.46181e-07
1.10732e-06
1.47971e-06
2.00686e-06
2.74476e-06
3.75911e-06
5.12004e-06
6.8937e-06
9.13629e-06
1.189e-05
1.51852e-05
1.90422e-05
2.34743e-05
2.84914e-05
3.41021e-05
4.03031e-05
4.70643e-05
5.43613e-05
6.22036e-05
7.05844e-05
7.94109e-05
8.86185e-05
9.82184e-05
0.000108215
0.00011856
0.000129205
0.000140073
0.000151015
0.000161981
0.000172791
0.000183324
0.000193454
0.000203061
0.000212019
0.000220223
0.000227581
0.000234026
0.00023952
0.000244059
0.000247657
0.000250339
0.000252127
0.000253019
0.000253009
0.000252143
0.00025045
0.000247941
0.000244632
0.000240614
0.000236007
0.00023118
0.000226916
8.71015e-12
4.01231e-11
1.11905e-10
2.52498e-10
4.95345e-10
8.78614e-10
1.4507e-09
2.27903e-09
3.45575e-09
5.08869e-09
7.28999e-09
1.01534e-08
1.37316e-08
1.80235e-08
2.29796e-08
2.8526e-08
3.45992e-08
4.11739e-08
4.82672e-08
5.59111e-08
6.41093e-08
7.27906e-08
8.17888e-08
9.08524e-08
9.96804e-08
1.07967e-07
1.15442e-07
1.21928e-07
1.27312e-07
1.31577e-07
1.34787e-07
1.37097e-07
1.38693e-07
1.39846e-07
1.40862e-07
1.42064e-07
1.43799e-07
1.46439e-07
1.50386e-07
1.56074e-07
1.63991e-07
1.74724e-07
1.89015e-07
2.07844e-07
2.32537e-07
2.64934e-07
3.07628e-07
3.64296e-07
4.40272e-07
5.4355e-07
6.86318e-07
8.8547e-07
1.16581e-06
1.56252e-06
2.12272e-06
2.90515e-06
3.97737e-06
5.40873e-06
7.2616e-06
9.58584e-06
1.24153e-05
1.577e-05
1.96609e-05
2.40902e-05
2.90476e-05
3.45088e-05
4.04481e-05
4.68597e-05
5.37502e-05
6.10696e-05
6.87649e-05
7.6852e-05
8.53249e-05
9.4151e-05
0.000103299
0.000112683
0.000122252
0.000131858
0.000141403
0.000150769
0.000159833
0.000168468
0.000176559
0.000183996
0.000190691
0.000196574
0.000201607
0.000205778
0.000209095
0.000211572
0.000213225
0.00021407
0.000214143
0.000213483
0.000212124
0.000210113
0.000207553
0.00020457
0.000201461
0.000198732
3.52838e-12
1.61643e-11
4.53617e-11
1.03768e-10
2.07581e-10
3.76723e-10
6.37539e-10
1.02711e-09
1.59505e-09
2.40313e-09
3.51947e-09
5.00896e-09
6.92315e-09
9.29409e-09
1.21354e-08
1.5452e-08
1.92541e-08
2.35677e-08
2.84338e-08
3.38899e-08
3.99441e-08
4.65452e-08
5.35689e-08
6.08231e-08
6.80679e-08
7.50508e-08
8.15203e-08
8.72961e-08
9.22395e-08
9.62884e-08
9.9453e-08
1.01818e-07
1.0351e-07
1.04713e-07
1.05652e-07
1.06572e-07
1.07727e-07
1.09376e-07
1.11789e-07
1.15232e-07
1.19982e-07
1.26342e-07
1.34662e-07
1.45367e-07
1.5899e-07
1.76229e-07
1.98016e-07
2.25623e-07
2.60832e-07
3.06217e-07
3.65641e-07
4.44358e-07
5.50297e-07
6.95279e-07
8.96677e-07
1.17962e-06
1.57928e-06
2.14322e-06
2.93084e-06
4.0101e-06
5.4508e-06
7.31468e-06
9.64885e-06
1.24813e-05
1.58183e-05
1.96564e-05
2.39778e-05
2.87552e-05
3.39892e-05
3.96697e-05
4.57621e-05
5.22265e-05
5.90668e-05
6.62924e-05
7.38685e-05
8.17508e-05
8.9906e-05
9.82139e-05
0.000106595
0.000114938
0.00012312
0.000131025
0.000138545
0.000145573
0.000152017
0.000157801
0.000162878
0.000167229
0.000170852
0.00017376
0.00017597
0.000177504
0.000178394
0.000178678
0.000178404
0.00017763
0.000176456
0.000174998
0.000173477
0.000172148
1.39867e-12
6.37929e-12
1.80044e-11
4.17045e-11
8.49414e-11
1.57598e-10
2.73274e-10
4.51041e-10
7.17272e-10
1.10583e-09
1.6563e-09
2.41056e-09
3.40883e-09
4.68728e-09
6.27821e-09
8.21419e-09
1.05329e-08
1.32803e-08
1.65073e-08
2.0257e-08
2.45478e-08
2.93545e-08
3.45973e-08
4.01409e-08
4.58097e-08
5.14059e-08
5.67211e-08
6.15915e-08
6.58814e-08
6.95103e-08
7.24536e-08
7.47471e-08
7.6477e-08
7.77598e-08
7.87597e-08
7.96578e-08
8.06427e-08
8.19053e-08
8.36327e-08
8.60025e-08
8.91881e-08
9.33626e-08
9.87052e-08
1.05413e-07
1.13714e-07
1.23889e-07
1.36292e-07
1.51386e-07
1.69799e-07
1.92408e-07
2.20482e-07
2.55653e-07
3.0036e-07
3.58145e-07
4.3417e-07
5.36084e-07
6.75245e-07
8.6857e-07
1.14095e-06
1.52761e-06
2.07689e-06
2.84961e-06
3.9152e-06
5.34422e-06
7.19524e-06
9.5099e-06
1.23068e-05
1.55738e-05
1.93001e-05
2.34774e-05
2.80952e-05
3.31222e-05
3.85184e-05
4.42709e-05
5.03792e-05
5.68091e-05
6.35385e-05
7.04806e-05
7.75756e-05
8.47294e-05
9.18298e-05
9.87728e-05
0.000105467
0.000111815
0.000117731
0.000123147
0.00012802
0.000132328
0.000136066
0.000139242
0.000141869
0.000143965
0.000145558
0.000146687
0.000147397
0.000147747
0.000147824
0.000147725
0.000147594
0.000147475
5.4227e-13
2.46469e-12
6.99612e-12
1.63968e-11
3.39794e-11
6.4414e-11
1.14306e-10
1.93208e-10
3.14605e-10
4.96435e-10
7.60891e-10
1.13357e-09
1.64242e-09
2.3171e-09
3.18958e-09
4.29559e-09
5.67654e-09
7.37973e-09
9.45457e-09
1.19445e-08
1.48754e-08
1.82424e-08
2.20013e-08
2.60662e-08
3.03166e-08
3.46088e-08
3.87811e-08
4.2698e-08
4.62418e-08
4.93307e-08
5.19229e-08
5.40245e-08
5.56853e-08
5.69834e-08
5.803e-08
5.89578e-08
5.9906e-08
6.10153e-08
6.24193e-08
6.42417e-08
6.65975e-08
6.95925e-08
7.33258e-08
7.7893e-08
8.33959e-08
8.99466e-08
9.76812e-08
1.06771e-07
1.17444e-07
1.30014e-07
1.44929e-07
1.62721e-07
1.84191e-07
2.10465e-07
2.43123e-07
2.84443e-07
3.37751e-07
4.07994e-07
5.02621e-07
6.32857e-07
8.15568e-07
1.07581e-06
1.44919e-06
1.98422e-06
2.7417e-06
3.79061e-06
5.19725e-06
7.01353e-06
9.27118e-06
1.19833e-05
1.5143e-05
1.8739e-05
2.27471e-05
2.71258e-05
3.18507e-05
3.6902e-05
4.22515e-05
4.78394e-05
5.36112e-05
5.94985e-05
6.54252e-05
7.13026e-05
7.70544e-05
8.25978e-05
8.78611e-05
9.27844e-05
9.73327e-05
0.000101481
0.000105219
0.000108546
0.00011147
0.000114007
0.000116178
0.000118016
0.000119563
0.000120867
0.000121998
0.000123026
0.000124031
0.00012489
2.05765e-13
9.33679e-13
2.66379e-12
6.31531e-12
1.33105e-11
2.57503e-11
4.67379e-11
8.08802e-11
1.34859e-10
2.17909e-10
3.42097e-10
5.22407e-10
7.76793e-10
1.12642e-09
1.59621e-09
2.21584e-09
3.02028e-09
4.04939e-09
5.34519e-09
6.94631e-09
8.88024e-09
1.11548e-08
1.37507e-08
1.66189e-08
1.96827e-08
2.28441e-08
2.59863e-08
2.90079e-08
3.18108e-08
3.43206e-08
3.64944e-08
3.8322e-08
3.98269e-08
4.10608e-08
4.20956e-08
4.30255e-08
4.39521e-08
4.49782e-08
4.62007e-08
4.77077e-08
4.95779e-08
5.18792e-08
5.4669e-08
5.79964e-08
6.19046e-08
6.64365e-08
7.16389e-08
7.75689e-08
8.43035e-08
9.19529e-08
1.00679e-07
1.10656e-07
1.22164e-07
1.356e-07
1.51504e-07
1.70627e-07
1.94033e-07
2.23257e-07
2.6055e-07
3.09235e-07
3.74263e-07
4.63096e-07
5.86976e-07
7.62742e-07
1.01527e-06
1.3797e-06
1.90299e-06
2.64245e-06
3.66249e-06
5.02787e-06
6.78225e-06
8.9485e-06
1.15343e-05
1.45237e-05
1.78889e-05
2.15941e-05
2.56154e-05
2.99062e-05
3.44068e-05
3.90667e-05
4.38305e-05
4.86375e-05
5.3418e-05
5.81103e-05
6.26605e-05
6.70227e-05
7.11642e-05
7.50584e-05
7.86896e-05
8.20526e-05
8.51478e-05
8.79864e-05
9.05838e-05
9.29631e-05
9.51545e-05
9.7195e-05
9.91331e-05
0.000101012
0.000102861
0.000104442
7.65371e-14
3.47074e-13
9.95788e-13
2.38768e-12
5.11427e-12
1.00925e-11
1.87306e-11
3.31841e-11
5.66799e-11
9.38608e-11
1.51117e-10
2.3691e-10
3.62127e-10
5.4055e-10
7.89482e-10
1.13032e-09
1.58896e-09
2.1954e-09
2.98198e-09
3.97997e-09
5.21447e-09
6.69859e-09
8.42831e-09
1.03792e-08
1.25067e-08
1.47489e-08
1.70265e-08
1.92656e-08
2.13921e-08
2.33467e-08
2.50898e-08
2.66053e-08
2.79007e-08
2.90072e-08
2.99711e-08
3.08567e-08
3.1736e-08
3.26833e-08
3.37687e-08
3.50558e-08
3.65993e-08
3.84443e-08
4.06257e-08
4.31688e-08
4.60915e-08
4.94059e-08
5.31215e-08
5.72492e-08
6.18057e-08
6.68214e-08
7.23489e-08
7.84354e-08
8.51794e-08
9.27284e-08
1.01288e-07
1.1114e-07
1.22677e-07
1.3645e-07
1.53242e-07
1.74161e-07
2.0079e-07
2.35421e-07
2.81423e-07
3.4378e-07
4.2993e-07
5.51013e-07
7.23451e-07
9.71175e-07
1.32817e-06
1.8407e-06
2.56223e-06
3.54757e-06
4.84706e-06
6.49649e-06
8.51248e-06
1.08916e-05
1.36102e-05
1.66286e-05
1.9906e-05
2.33946e-05
2.70463e-05
3.08193e-05
3.46576e-05
3.85098e-05
4.23321e-05
4.6092e-05
4.97552e-05
5.32966e-05
5.67015e-05
5.99621e-05
6.3075e-05
6.60445e-05
6.88783e-05
7.15894e-05
7.41961e-05
7.67203e-05
7.91906e-05
8.16265e-05
8.40191e-05
8.60675e-05
2.79911e-14
1.26936e-13
3.66435e-13
8.88603e-13
1.93396e-12
3.89254e-12
7.38709e-12
1.34033e-11
2.34689e-11
3.98728e-11
6.59221e-11
1.06242e-10
1.67136e-10
2.57027e-10
3.86956e-10
5.71075e-10
8.26951e-10
1.17537e-09
1.63941e-09
2.24241e-09
3.00489e-09
3.94079e-09
5.05366e-09
6.33393e-09
7.75818e-09
9.28978e-09
1.08786e-08
1.24745e-08
1.40256e-08
1.54875e-08
1.68279e-08
1.80297e-08
1.90931e-08
2.00344e-08
2.08842e-08
2.1684e-08
2.24838e-08
2.3336e-08
2.42909e-08
2.53939e-08
2.66839e-08
2.81914e-08
2.99382e-08
3.1938e-08
3.41964e-08
3.67131e-08
3.94829e-08
4.24984e-08
4.57527e-08
4.92444e-08
5.29821e-08
5.69655e-08
6.12241e-08
6.58116e-08
7.08095e-08
7.63349e-08
8.25517e-08
8.96894e-08
9.80675e-08
1.08125e-07
1.20464e-07
1.35914e-07
1.55636e-07
1.8126e-07
2.15105e-07
2.60551e-07
3.22569e-07
4.08561e-07
5.29634e-07
7.02324e-07
9.50007e-07
1.30358e-06
1.80271e-06
2.49233e-06
3.41798e-06
4.62084e-06
6.12717e-06
7.9366e-06
1.00334e-05
1.23902e-05
1.49707e-05
1.77349e-05
2.06436e-05
2.36556e-05
2.67348e-05
2.98513e-05
3.29762e-05
3.60825e-05
3.91536e-05
4.21783e-05
4.51517e-05
4.80684e-05
5.09316e-05
5.37472e-05
5.65235e-05
5.92686e-05
6.1993e-05
6.46986e-05
6.73539e-05
6.96343e-05
1.01116e-14
4.5886e-14
1.33349e-13
3.27125e-13
7.23508e-13
1.4854e-12
2.88329e-12
5.36083e-12
9.63041e-12
1.68025e-11
2.85534e-11
4.73385e-11
7.66612e-11
1.21402e-10
1.88193e-10
2.85783e-10
4.25299e-10
6.2025e-10
8.86053e-10
1.23899e-09
1.69439e-09
2.26433e-09
2.95512e-09
3.76519e-09
4.68388e-09
5.6914e-09
6.75815e-09
7.85262e-09
8.94053e-09
9.99102e-09
1.09801e-08
1.18934e-08
1.27276e-08
1.3491e-08
1.42027e-08
1.48893e-08
1.55845e-08
1.63246e-08
1.71448e-08
1.80775e-08
1.915e-08
2.03833e-08
2.17918e-08
2.33825e-08
2.51563e-08
2.71078e-08
2.92271e-08
3.15009e-08
3.39142e-08
3.64542e-08
3.91125e-08
4.1872e-08
4.47348e-08
4.77166e-08
5.08482e-08
5.41802e-08
5.77879e-08
6.17779e-08
6.62987e-08
7.15518e-08
7.78062e-08
8.54208e-08
9.48739e-08
1.06805e-07
1.22078e-07
1.41884e-07
1.679e-07
2.02516e-07
2.49205e-07
3.13056e-07
4.01568e-07
5.25474e-07
6.9981e-07
9.45314e-07
1.28936e-06
1.7652e-06
2.41043e-06
3.25916e-06
4.33791e-06
5.65833e-06
7.21913e-06
9.0065e-06
1.09956e-05
1.31565e-05
1.54627e-05
1.78843e-05
2.03974e-05
2.29777e-05
2.56067e-05
2.82697e-05
3.09566e-05
3.36579e-05
3.63692e-05
3.90882e-05
4.18145e-05
4.45466e-05
4.72811e-05
5.001e-05
5.26922e-05
5.50113e-05
3.63171e-15
1.65038e-14
4.83107e-14
1.19934e-13
2.69624e-13
5.64775e-13
1.12165e-12
2.13774e-12
3.94134e-12
7.06319e-12
1.23356e-11
2.10257e-11
3.50094e-11
5.69893e-11
9.07453e-11
1.41393e-10
2.15593e-10
3.21625e-10
4.69222e-10
6.69037e-10
9.31708e-10
1.26648e-09
1.67967e-09
2.17313e-09
2.74336e-09
3.38085e-09
4.06947e-09
4.79085e-09
5.52388e-09
6.24875e-09
6.94912e-09
7.61425e-09
8.24045e-09
8.83173e-09
9.3996e-09
9.9613e-09
1.05391e-08
1.11573e-08
1.18405e-08
1.2611e-08
1.34881e-08
1.44866e-08
1.56158e-08
1.68798e-08
1.82772e-08
1.98017e-08
2.14426e-08
2.31862e-08
2.50164e-08
2.69175e-08
2.88755e-08
3.08694e-08
3.28907e-08
3.49396e-08
3.70253e-08
3.91691e-08
4.14065e-08
4.37909e-08
4.63977e-08
4.93296e-08
5.27225e-08
5.67539e-08
6.16529e-08
6.77158e-08
7.53269e-08
8.49914e-08
9.73871e-08
1.13428e-07
1.34362e-07
1.61915e-07
1.98549e-07
2.47778e-07
3.14494e-07
4.05622e-07
5.31026e-07
7.04337e-07
9.43933e-07
1.27191e-06
1.71451e-06
2.29905e-06
3.04967e-06
3.98488e-06
5.11502e-06
6.43926e-06
7.94921e-06
9.63054e-06
1.14658e-05
1.34349e-05
1.55196e-05
1.77021e-05
1.99692e-05
2.23093e-05
2.47118e-05
2.71683e-05
2.96697e-05
3.22078e-05
3.47714e-05
3.73451e-05
3.98855e-05
4.21053e-05
1.30721e-15
5.95435e-15
1.75665e-14
4.41429e-14
1.00871e-13
2.15524e-13
4.37767e-13
8.54789e-13
1.61619e-12
2.97166e-12
5.32554e-12
9.31333e-12
1.59041e-11
2.65321e-11
4.32525e-11
6.89106e-11
1.07292e-10
1.63213e-10
2.42487e-10
3.517e-10
4.9773e-10
6.87037e-10
9.24731e-10
1.21364e-09
1.55356e-09
1.94072e-09
2.36727e-09
2.82338e-09
3.29714e-09
3.77676e-09
4.2521e-09
4.71607e-09
5.16585e-09
5.6035e-09
6.03607e-09
6.47475e-09
6.93402e-09
7.43012e-09
7.97962e-09
8.59807e-09
9.29884e-09
1.00922e-08
1.09845e-08
1.19783e-08
1.30715e-08
1.42585e-08
1.553e-08
1.68736e-08
1.82749e-08
1.9719e-08
2.11914e-08
2.26723e-08
2.41502e-08
2.56188e-08
2.70783e-08
2.85361e-08
3.00089e-08
3.1524e-08
3.31221e-08
3.48592e-08
3.68098e-08
3.90701e-08
4.17623e-08
4.50407e-08
4.91002e-08
5.41897e-08
6.06292e-08
6.88294e-08
7.93228e-08
9.28078e-08
1.10223e-07
1.3286e-07
1.62451e-07
2.01334e-07
2.52801e-07
3.21517e-07
4.13917e-07
5.38541e-07
7.068e-07
9.33075e-07
1.23476e-06
1.63173e-06
2.14387e-06
2.79136e-06
3.58983e-06
4.55053e-06
5.67876e-06
6.97307e-06
8.42686e-06
1.00278e-05
1.17633e-05
1.36204e-05
1.5585e-05
1.76441e-05
1.97851e-05
2.19946e-05
2.4257e-05
2.65533e-05
2.88415e-05
3.08732e-05
4.74822e-16
2.17047e-15
6.45652e-15
1.64218e-14
3.81225e-14
8.29995e-14
1.72161e-13
3.43747e-13
6.65011e-13
1.25121e-12
2.29398e-12
4.10227e-12
7.1588e-12
1.2194e-11
2.02767e-11
3.29155e-11
5.2159e-11
8.06701e-11
1.21742e-10
1.79221e-10
2.5729e-10
3.60106e-10
4.91314e-10
6.53482e-10
8.47625e-10
1.07281e-09
1.32576e-09
1.60177e-09
1.89478e-09
2.19842e-09
2.50706e-09
2.81668e-09
3.12565e-09
3.43528e-09
3.75014e-09
4.0775e-09
4.42669e-09
4.80857e-09
5.23433e-09
5.71463e-09
6.25873e-09
6.87375e-09
7.56425e-09
8.33177e-09
9.17473e-09
1.00885e-08
1.10657e-08
1.20962e-08
1.31683e-08
1.42691e-08
1.53859e-08
1.65017e-08
1.7605e-08
1.86881e-08
1.97469e-08
2.07826e-08
2.18021e-08
2.28195e-08
2.38572e-08
2.4947e-08
2.61317e-08
2.74665e-08
2.9021e-08
3.08825e-08
3.31593e-08
3.59866e-08
3.95327e-08
4.40066e-08
4.96686e-08
5.68482e-08
6.59648e-08
7.75652e-08
9.23631e-08
1.11276e-07
1.35521e-07
1.66776e-07
2.07268e-07
2.59934e-07
3.28826e-07
4.193e-07
5.38374e-07
6.95037e-07
9.00486e-07
1.16825e-06
1.51364e-06
1.95389e-06
2.50591e-06
3.18726e-06
4.01102e-06
4.98525e-06
6.11319e-06
7.39212e-06
8.81438e-06
1.03688e-05
1.20425e-05
1.38198e-05
1.56825e-05
1.76104e-05
1.95665e-05
2.1346e-05
1.74656e-16
8.02165e-16
2.40624e-15
6.19097e-15
1.45788e-14
3.2275e-14
6.81844e-14
1.38785e-13
2.73786e-13
5.2521e-13
9.81376e-13
1.78753e-12
3.17494e-12
5.50012e-12
9.29411e-12
1.53201e-11
2.46335e-11
3.86339e-11
5.90931e-11
8.81365e-11
1.28157e-10
1.81648e-10
2.5096e-10
3.38008e-10
4.43976e-10
5.69084e-10
7.12304e-10
8.71778e-10
1.04478e-09
1.22833e-09
1.41971e-09
1.61705e-09
1.81977e-09
2.02898e-09
2.24796e-09
2.48134e-09
2.73529e-09
3.01703e-09
3.33413e-09
3.69385e-09
4.10266e-09
4.56566e-09
5.08607e-09
5.66515e-09
6.30184e-09
6.99277e-09
7.73238e-09
8.51306e-09
9.32559e-09
1.01599e-08
1.10055e-08
1.18487e-08
1.26795e-08
1.34901e-08
1.42754e-08
1.50335e-08
1.57666e-08
1.64815e-08
1.71903e-08
1.79114e-08
1.86701e-08
1.94992e-08
2.04402e-08
2.15448e-08
2.28769e-08
2.45147e-08
2.65537e-08
2.91093e-08
3.23223e-08
3.63649e-08
4.14482e-08
4.78344e-08
5.58559e-08
6.59284e-08
7.85785e-08
9.44854e-08
1.14512e-07
1.39755e-07
1.71692e-07
2.12238e-07
2.6391e-07
3.30021e-07
4.14859e-07
5.2397e-07
6.64378e-07
8.44978e-07
1.07671e-06
1.37294e-06
1.74887e-06
2.22105e-06
2.80533e-06
3.51541e-06
4.36158e-06
5.3485e-06
6.47535e-06
7.73476e-06
9.11343e-06
1.05939e-05
1.21456e-05
1.36101e-05
6.48996e-17
2.99793e-16
9.06392e-16
2.35587e-15
5.61529e-15
1.26032e-14
2.70269e-14
5.58751e-14
1.11969e-13
2.18135e-13
4.13762e-13
7.64661e-13
1.37729e-12
2.41823e-12
4.13946e-12
6.90882e-12
1.12435e-11
1.78421e-11
2.76074e-11
4.16491e-11
6.12561e-11
8.78285e-11
1.22767e-10
1.67329e-10
2.22462e-10
2.88683e-10
3.65933e-10
4.53696e-10
5.51006e-10
6.56731e-10
7.69865e-10
8.89813e-10
1.0167e-09
1.15173e-09
1.29706e-09
1.45589e-09
1.63237e-09
1.83131e-09
2.05783e-09
2.31694e-09
2.61318e-09
2.95022e-09
3.33055e-09
3.75523e-09
4.22377e-09
4.73396e-09
5.28197e-09
5.86231e-09
6.46818e-09
7.09202e-09
7.72564e-09
8.35864e-09
8.98276e-09
9.59118e-09
1.01788e-08
1.07425e-08
1.12822e-08
1.18006e-08
1.23043e-08
1.28037e-08
1.33139e-08
1.38548e-08
1.44517e-08
1.51366e-08
1.59483e-08
1.69342e-08
1.81508e-08
1.96658e-08
2.156e-08
2.39297e-08
2.68898e-08
3.05785e-08
3.5165e-08
4.08578e-08
4.79115e-08
5.6641e-08
6.74232e-08
8.07236e-08
9.71486e-08
1.17455e-07
1.42605e-07
1.7383e-07
2.12704e-07
2.61271e-07
3.22168e-07
3.98821e-07
4.95645e-07
6.18402e-07
7.74582e-07
9.7362e-07
1.22677e-06
1.54729e-06
1.94951e-06
2.44821e-06
3.05684e-06
3.78473e-06
4.63594e-06
5.60741e-06
6.68387e-06
7.76165e-06
2.41556e-17
1.12312e-16
3.41907e-16
8.96071e-16
2.15641e-15
4.89202e-15
1.06119e-14
2.22012e-14
4.50238e-14
8.87542e-14
1.70301e-13
3.18283e-13
5.79588e-13
1.02855e-12
1.7791e-12
2.99997e-12
4.93202e-12
7.90608e-12
1.23578e-11
1.88352e-11
2.7992e-11
4.05637e-11
5.73216e-11
7.90109e-11
1.06279e-10
1.39599e-10
1.79204e-10
2.25115e-10
2.77155e-10
3.35079e-10
3.98758e-10
4.68266e-10
5.44077e-10
6.27147e-10
7.19097e-10
8.22184e-10
9.39227e-10
1.07346e-09
1.22837e-09
1.4074e-09
1.61377e-09
1.85016e-09
2.11855e-09
2.41995e-09
2.75432e-09
3.12042e-09
3.51574e-09
3.93662e-09
4.37834e-09
4.83546e-09
5.30197e-09
5.77017e-09
6.23364e-09
6.68682e-09
7.12518e-09
7.54558e-09
7.94665e-09
8.32914e-09
8.69624e-09
9.05387e-09
9.41096e-09
9.77974e-09
1.01761e-08
1.06199e-08
1.11355e-08
1.17522e-08
1.25047e-08
1.34341e-08
1.45885e-08
1.60239e-08
1.78061e-08
2.00125e-08
2.27349e-08
2.60842e-08
3.01936e-08
3.52238e-08
4.13597e-08
4.88196e-08
5.78841e-08
6.8892e-08
8.22578e-08
9.84911e-08
1.18223e-07
1.4225e-07
1.71575e-07
2.07477e-07
2.51601e-07
3.06083e-07
3.73725e-07
4.58204e-07
5.64272e-07
6.97953e-07
8.66795e-07
1.08004e-06
1.34855e-06
1.68445e-06
2.09979e-06
2.60477e-06
3.20364e-06
3.85181e-06
8.89657e-18
4.16523e-17
1.27537e-16
3.36346e-16
8.15221e-16
1.86411e-15
4.07816e-15
8.60741e-15
1.7612e-14
3.5028e-14
6.78059e-14
1.27833e-13
2.34793e-13
4.20245e-13
7.33155e-13
1.24696e-12
2.06799e-12
3.34464e-12
5.27587e-12
8.11715e-12
1.21812e-11
1.78309e-11
2.54636e-11
3.54843e-11
4.82776e-11
6.41785e-11
8.34377e-11
1.06229e-10
1.3268e-10
1.62913e-10
1.97067e-10
2.35432e-10
2.78534e-10
3.27201e-10
3.82628e-10
4.46383e-10
5.20373e-10
6.0679e-10
7.0799e-10
8.26365e-10
9.64177e-10
1.12341e-09
1.30562e-09
1.51178e-09
1.74215e-09
1.99619e-09
2.27246e-09
2.5687e-09
2.88182e-09
3.20809e-09
3.54331e-09
3.8821e-09
4.21961e-09
4.55169e-09
4.87455e-09
5.18537e-09
5.48245e-09
5.76556e-09
6.03607e-09
6.2972e-09
6.55422e-09
6.81467e-09
7.08848e-09
7.3883e-09
7.72951e-09
8.13059e-09
8.61331e-09
9.20305e-09
9.92911e-09
1.08251e-08
1.19296e-08
1.32874e-08
1.49505e-08
1.69804e-08
1.94498e-08
2.24453e-08
2.60655e-08
3.04237e-08
3.56608e-08
4.19451e-08
4.94754e-08
5.84895e-08
6.92722e-08
8.21696e-08
9.76008e-08
1.16086e-07
1.38272e-07
1.64959e-07
1.97186e-07
2.3629e-07
2.83986e-07
3.42449e-07
4.14447e-07
5.03529e-07
6.14137e-07
7.51903e-07
9.23633e-07
1.1369e-06
1.39862e-06
1.6974e-06
3.20166e-18
1.50916e-17
4.64352e-17
1.23044e-16
2.99747e-16
6.89313e-16
1.51745e-15
3.22383e-15
6.64095e-15
1.3298e-14
2.5918e-14
4.91991e-14
9.09945e-14
1.64023e-13
2.88228e-13
4.93886e-13
8.2543e-13
1.34578e-12
2.14078e-12
3.32284e-12
5.03286e-12
7.43917e-12
1.07328e-11
1.51189e-11
2.0804e-11
2.79948e-11
3.68894e-11
4.76564e-11
6.04474e-11
7.54379e-11
9.28523e-11
1.13006e-10
1.36349e-10
1.63513e-10
1.95335e-10
2.32878e-10
2.77421e-10
3.30421e-10
3.93464e-10
4.68183e-10
5.56166e-10
6.58863e-10
7.77484e-10
9.12892e-10
1.06551e-09
1.23523e-09
1.4214e-09
1.62273e-09
1.83736e-09
2.06294e-09
2.29668e-09
2.53499e-09
2.77445e-09
3.01192e-09
3.24464e-09
3.47031e-09
3.68736e-09
3.89511e-09
4.09398e-09
4.28566e-09
4.47324e-09
4.66133e-09
4.85618e-09
5.06581e-09
5.30001e-09
5.57053e-09
5.89117e-09
6.27783e-09
6.7486e-09
7.32388e-09
8.02681e-09
8.88367e-09
9.92466e-09
1.11847e-08
1.27045e-08
1.45326e-08
1.67231e-08
1.9339e-08
2.24568e-08
2.61656e-08
3.05698e-08
3.57915e-08
4.19737e-08
4.92831e-08
5.79157e-08
6.81008e-08
8.01188e-08
9.42996e-08
1.11053e-07
1.30881e-07
1.54397e-07
1.82364e-07
2.15713e-07
2.55602e-07
3.03442e-07
3.6101e-07
4.30526e-07
5.14634e-07
6.15937e-07
7.30458e-07
1.1133e-18
5.27983e-18
1.63112e-17
4.33817e-17
1.0608e-16
2.44951e-16
5.41668e-16
1.15635e-15
2.39409e-15
4.81917e-15
9.44369e-15
1.80278e-14
3.35386e-14
6.08259e-14
1.07575e-13
1.85584e-13
3.12392e-13
5.13202e-13
8.22969e-13
1.28836e-12
1.96924e-12
2.93912e-12
4.28436e-12
6.10246e-12
8.5005e-12
1.15913e-11
1.54905e-11
2.03145e-11
2.61885e-11
3.32608e-11
4.17186e-11
5.18085e-11
6.38591e-11
7.83042e-11
9.57019e-11
1.16744e-10
1.42259e-10
1.73192e-10
2.10582e-10
2.55518e-10
3.0909e-10
3.72331e-10
4.46148e-10
5.31258e-10
6.2812e-10
7.36882e-10
8.57328e-10
9.88848e-10
1.13043e-09
1.2807e-09
1.43794e-09
1.5999e-09
1.76431e-09
1.92901e-09
2.09204e-09
2.25169e-09
2.40668e-09
2.55627e-09
2.70049e-09
2.84018e-09
2.97709e-09
3.11403e-09
3.25488e-09
3.40478e-09
3.56994e-09
3.75785e-09
3.97726e-09
4.23822e-09
4.55192e-09
4.9309e-09
5.38909e-09
5.94213e-09
6.60766e-09
7.40582e-09
8.35997e-09
9.49749e-09
1.08488e-08
1.24497e-08
1.4344e-08
1.65811e-08
1.92191e-08
2.23249e-08
2.59756e-08
3.02592e-08
3.52756e-08
4.11377e-08
4.7975e-08
5.59358e-08
6.51887e-08
7.59326e-08
8.8396e-08
1.0285e-07
1.19598e-07
1.38989e-07
1.61423e-07
1.87361e-07
2.17345e-07
2.51994e-07
2.91782e-07
3.34541e-07
3.70823e-19
1.76727e-18
5.47741e-18
1.46093e-17
3.58239e-17
8.29747e-17
1.84107e-16
3.94487e-16
8.19997e-16
1.65762e-15
3.263e-15
6.2591e-15
1.17046e-14
2.13457e-14
3.7977e-14
6.59378e-14
1.1176e-13
1.84968e-13
2.98989e-13
4.72125e-13
7.28422e-13
1.09836e-12
1.61919e-12
2.33456e-12
3.29406e-12
4.55351e-12
6.17565e-12
8.22997e-12
1.0798e-11
1.39781e-11
1.7896e-11
2.2715e-11
2.86478e-11
3.59692e-11
4.5027e-11
5.62499e-11
7.01492e-11
8.73141e-11
1.08399e-10
1.34105e-10
1.65151e-10
2.02244e-10
2.4603e-10
2.97065e-10
3.55764e-10
4.22368e-10
4.96902e-10
5.79151e-10
6.68638e-10
7.64639e-10
8.66193e-10
9.71987e-10
1.08061e-09
1.19072e-09
1.30099e-09
1.41027e-09
1.51763e-09
1.62248e-09
1.72466e-09
1.82459e-09
1.92328e-09
2.02242e-09
2.12443e-09
2.23247e-09
2.35056e-09
2.48347e-09
2.63673e-09
2.81664e-09
3.03019e-09
3.28505e-09
3.58968e-09
3.95343e-09
4.38661e-09
4.9009e-09
5.50976e-09
6.22889e-09
7.07552e-09
8.07003e-09
9.23767e-09
1.06076e-08
1.22124e-08
1.40904e-08
1.62851e-08
1.88453e-08
2.18251e-08
2.52838e-08
2.92856e-08
3.39006e-08
3.92023e-08
4.52713e-08
5.21928e-08
6.00545e-08
6.89487e-08
7.89614e-08
9.01745e-08
1.02667e-07
1.16507e-07
1.31741e-07
1.48307e-07
1.65056e-07
1.17585e-19
5.62324e-19
1.74724e-18
4.67041e-18
1.14769e-17
2.66451e-17
5.92793e-17
1.27399e-16
2.65694e-16
5.3905e-16
1.06534e-15
2.05244e-15
3.85639e-15
7.06962e-15
1.26504e-14
2.21048e-14
3.77317e-14
6.29376e-14
1.02616e-13
1.63566e-13
2.54928e-13
3.88595e-13
5.79556e-13
8.46144e-13
1.21022e-12
1.69781e-12
2.34013e-12
3.17381e-12
4.24459e-12
5.60989e-12
7.3435e-12
9.54162e-12
1.23293e-11
1.58672e-11
2.03581e-11
2.6052e-11
3.32484e-11
4.22962e-11
5.35886e-11
6.75553e-11
8.46488e-11
1.05325e-10
1.30021e-10
1.59134e-10
1.92997e-10
2.31849e-10
2.75813e-10
3.24872e-10
3.78855e-10
4.37437e-10
5.00134e-10
5.66255e-10
6.34998e-10
7.05576e-10
7.77207e-10
8.49164e-10
9.20846e-10
9.91842e-10
1.06201e-09
1.13155e-09
1.20104e-09
1.27152e-09
1.34449e-09
1.42193e-09
1.50636e-09
1.60081e-09
1.70877e-09
1.83415e-09
1.98131e-09
2.15497e-09
2.36026e-09
2.60272e-09
2.88844e-09
3.22415e-09
3.61764e-09
4.0779e-09
4.61469e-09
5.23969e-09
5.96745e-09
6.81495e-09
7.80139e-09
8.94868e-09
1.02819e-08
1.18289e-08
1.36197e-08
1.56866e-08
1.80626e-08
2.07818e-08
2.38768e-08
2.73793e-08
3.1318e-08
3.57154e-08
4.05874e-08
4.59375e-08
5.1755e-08
5.8014e-08
6.46687e-08
7.16451e-08
7.88084e-08
8.56127e-08
3.53405e-20
1.69254e-19
5.26943e-19
1.41068e-18
3.4715e-18
8.07399e-18
1.80023e-17
3.87891e-17
8.11339e-17
1.65158e-16
3.27651e-16
6.34011e-16
1.19739e-15
2.20802e-15
3.97688e-15
6.99864e-15
1.20385e-14
2.02471e-14
3.33054e-14
5.35977e-14
8.44078e-14
1.30129e-13
1.96487e-13
2.9077e-13
4.22082e-13
6.01832e-13
8.44433e-13
1.16768e-12
1.59464e-12
2.15539e-12
2.88923e-12
3.84782e-12
5.09865e-12
6.72883e-12
8.84871e-12
1.15952e-11
1.51338e-11
1.96598e-11
2.53968e-11
3.25943e-11
4.15203e-11
5.24528e-11
6.56687e-11
8.14322e-11
9.99804e-11
1.21508e-10
1.46151e-10
1.73972e-10
2.04952e-10
2.38977e-10
2.75842e-10
3.1523e-10
3.56729e-10
3.99929e-10
4.44409e-10
4.89766e-10
5.35656e-10
5.81838e-10
6.28228e-10
6.74943e-10
7.2234e-10
7.71056e-10
8.22025e-10
8.76493e-10
9.36041e-10
1.00256e-09
1.07825e-09
1.16553e-09
1.26712e-09
1.38589e-09
1.52496e-09
1.6876e-09
1.87738e-09
2.09821e-09
2.35454e-09
2.65154e-09
2.99468e-09
3.39066e-09
3.84779e-09
4.37584e-09
4.98608e-09
5.69117e-09
6.50553e-09
7.44503e-09
8.5266e-09
9.76775e-09
1.11857e-08
1.27967e-08
1.46148e-08
1.66508e-08
1.89108e-08
2.13943e-08
2.40928e-08
2.69867e-08
3.00445e-08
3.32214e-08
3.64566e-08
3.96726e-08
4.27694e-08
4.55062e-08
1.00623e-20
4.80584e-20
1.49663e-19
4.01525e-19
9.90949e-19
2.31062e-18
5.16404e-18
1.11543e-17
2.33969e-17
4.77863e-17
9.51758e-17
1.85012e-16
3.51213e-16
6.51367e-16
1.18069e-15
2.09255e-15
3.62756e-15
6.15338e-15
1.02171e-14
1.66114e-14
2.64554e-14
4.12912e-14
6.31976e-14
9.49277e-14
1.40077e-13
2.03359e-13
2.91003e-13
4.11048e-13
5.74256e-13
7.95016e-13
1.09255e-12
1.49243e-12
2.0284e-12
2.74439e-12
3.69649e-12
4.95499e-12
6.60595e-12
8.75226e-12
1.1514e-11
1.50273e-11
1.94415e-11
2.49155e-11
3.16133e-11
3.96976e-11
4.93228e-11
6.06265e-11
7.37205e-11
8.86821e-11
1.05547e-10
1.24303e-10
1.44887e-10
1.67179e-10
1.90999e-10
2.16162e-10
2.42472e-10
2.69736e-10
2.97787e-10
3.26513e-10
3.5589e-10
3.86008e-10
4.17106e-10
4.49587e-10
4.84041e-10
5.21252e-10
5.62207e-10
6.0809e-10
6.60263e-10
7.20247e-10
7.897e-10
8.70393e-10
9.64194e-10
1.07306e-09
1.19908e-09
1.3445e-09
1.51186e-09
1.70409e-09
1.92427e-09
2.17617e-09
2.46452e-09
2.79484e-09
3.17359e-09
3.60807e-09
4.10645e-09
4.67764e-09
5.33102e-09
6.07592e-09
6.92111e-09
7.87396e-09
8.93963e-09
1.01202e-08
1.14135e-08
1.28119e-08
1.43012e-08
1.58595e-08
1.74564e-08
1.90526e-08
2.05994e-08
2.20414e-08
2.3318e-08
2.43365e-08
2.7056e-21
1.29018e-20
4.01921e-20
1.07997e-19
2.66951e-19
6.23493e-19
1.39616e-18
3.02272e-18
6.35815e-18
1.30296e-17
2.60544e-17
5.08838e-17
9.71142e-17
1.81213e-16
3.30739e-16
5.90676e-16
1.03269e-15
1.76818e-15
2.96627e-15
4.87765e-15
7.86573e-15
1.24466e-14
1.93406e-14
2.95388e-14
4.43915e-14
6.57418e-14
9.61203e-14
1.38924e-13
1.98828e-13
2.82223e-13
3.97816e-13
5.57364e-13
7.76561e-13
1.07605e-12
1.48252e-12
2.02979e-12
2.75986e-12
3.72371e-12
4.98189e-12
6.60403e-12
8.6682e-12
1.12597e-11
1.4469e-11
1.83892e-11
2.31125e-11
2.8726e-11
3.53076e-11
4.29208e-11
5.1611e-11
6.14009e-11
7.22892e-11
8.42496e-11
9.72181e-11
1.1113e-10
1.25912e-10
1.41492e-10
1.5781e-10
1.74834e-10
1.92582e-10
2.11136e-10
2.30664e-10
2.51432e-10
2.73816e-10
2.98313e-10
3.25541e-10
3.56237e-10
3.91249e-10
4.31519e-10
4.78069e-10
5.31982e-10
5.94385e-10
6.66448e-10
7.49393e-10
8.44529e-10
9.53303e-10
1.07737e-09
1.21843e-09
1.37857e-09
1.56043e-09
1.76713e-09
2.00223e-09
2.26984e-09
2.5745e-09
2.92104e-09
3.31447e-09
3.75961e-09
4.26057e-09
4.8203e-09
5.43993e-09
6.11811e-09
6.85034e-09
7.62815e-09
8.43845e-09
9.26312e-09
1.00789e-08
1.08575e-08
1.15667e-08
1.21713e-08
1.26373e-08
1.29409e-08
6.85451e-22
3.26236e-21
1.01654e-20
2.73415e-20
6.76708e-20
1.58315e-19
3.55245e-19
7.71082e-19
1.62696e-18
3.34656e-18
6.7216e-18
1.31955e-17
2.53359e-17
4.76009e-17
8.75495e-17
1.57705e-16
2.78355e-16
4.81638e-16
8.17401e-16
1.3614e-15
2.2265e-15
3.57811e-15
5.65511e-15
8.79877e-15
1.34919e-14
2.04183e-14
3.05472e-14
4.52255e-14
6.63517e-14
9.65775e-14
1.39577e-13
2.00388e-13
2.85823e-13
4.04953e-13
5.69655e-13
7.95176e-13
1.10072e-12
1.51001e-12
2.05166e-12
2.75906e-12
3.67048e-12
4.82872e-12
6.28038e-12
8.07487e-12
1.02629e-11
1.2895e-11
1.6019e-11
1.96783e-11
2.39093e-11
2.87393e-11
3.4186e-11
4.02571e-11
4.69406e-11
5.42259e-11
6.20981e-11
7.05431e-11
7.95546e-11
8.91423e-11
9.93428e-11
1.10229e-10
1.21923e-10
1.34601e-10
1.4851e-10
1.63961e-10
1.81345e-10
2.01119e-10
2.2381e-10
2.49999e-10
2.80316e-10
3.15423e-10
3.56005e-10
4.02767e-10
4.56435e-10
5.17772e-10
5.87611e-10
6.66891e-10
7.56534e-10
8.57694e-10
9.71826e-10
1.10062e-09
1.24602e-09
1.41024e-09
1.59567e-09
1.80485e-09
2.0403e-09
2.30431e-09
2.59857e-09
2.92387e-09
3.27965e-09
3.66366e-09
4.07135e-09
4.49561e-09
4.92652e-09
5.35113e-09
5.75353e-09
6.11537e-09
6.41684e-09
6.6379e-09
6.76188e-09
6.79176e-09
1.63619e-22
7.77023e-22
2.42134e-21
6.51813e-21
1.61557e-20
3.7869e-20
8.51846e-20
1.8546e-19
3.92748e-19
8.1137e-19
1.638e-18
3.23483e-18
6.25367e-18
1.18412e-17
2.19702e-17
3.99633e-17
7.13023e-17
1.24856e-16
2.14702e-16
3.62792e-16
6.02793e-16
9.85609e-16
1.58725e-15
2.52008e-15
3.94872e-15
6.11376e-15
9.36587e-15
1.42069e-14
2.13598e-14
3.18536e-14
4.71381e-14
6.92295e-14
1.00892e-13
1.45857e-13
2.09069e-13
2.96968e-13
4.17774e-13
5.8181e-13
8.01756e-13
1.09264e-12
1.472e-12
1.9599e-12
2.57871e-12
3.35284e-12
4.30816e-12
5.47141e-12
6.86937e-12
8.52793e-12
1.04711e-11
1.27197e-11
1.52916e-11
1.82019e-11
2.14566e-11
2.50637e-11
2.903e-11
3.33645e-11
3.80808e-11
4.32025e-11
4.8768e-11
5.48369e-11
6.14957e-11
6.88635e-11
7.70976e-11
8.63966e-11
9.70021e-11
1.09199e-10
1.23311e-10
1.39697e-10
1.58743e-10
1.80856e-10
2.06454e-10
2.35965e-10
2.69826e-10
3.08487e-10
3.52434e-10
4.02204e-10
4.58302e-10
5.21361e-10
5.92171e-10
6.71637e-10
7.6077e-10
8.60722e-10
9.7269e-10
1.09791e-09
1.23754e-09
1.39249e-09
1.56327e-09
1.74973e-09
1.9508e-09
2.16428e-09
2.38653e-09
2.61232e-09
2.83475e-09
3.04527e-09
3.2339e-09
3.38969e-09
3.50154e-09
3.55915e-09
3.5555e-09
3.50126e-09
3.68609e-23
1.74693e-22
5.44426e-22
1.46702e-21
3.64245e-21
8.55833e-21
1.93098e-20
4.21947e-20
8.97457e-20
1.86358e-19
3.78483e-19
7.52647e-19
1.46657e-18
2.80173e-18
5.25035e-18
9.65647e-18
1.74409e-17
3.09534e-17
5.40163e-17
9.27508e-17
1.56818e-16
2.61273e-16
4.29306e-16
6.96289e-16
1.11565e-15
1.76764e-15
2.77199e-15
4.30452e-15
6.62335e-15
1.01023e-14
1.52765e-14
2.29007e-14
3.40238e-14
5.00801e-14
7.29971e-14
1.05318e-13
1.50336e-13
2.12244e-13
2.96277e-13
4.0879e-13
5.57303e-13
7.50587e-13
9.98666e-13
1.31273e-12
1.70503e-12
2.18869e-12
2.77738e-12
3.48497e-12
4.32516e-12
5.31103e-12
6.45513e-12
7.77e-12
9.2646e-12
1.09498e-11
1.28371e-11
1.49399e-11
1.7275e-11
1.98652e-11
2.27422e-11
2.59497e-11
2.95467e-11
3.36108e-11
3.8241e-11
4.35606e-11
4.97179e-11
5.68866e-11
6.52641e-11
7.50692e-11
8.65375e-11
9.99176e-11
1.15466e-10
1.33446e-10
1.54121e-10
1.77763e-10
2.04659e-10
2.35123e-10
2.69433e-10
3.0794e-10
3.51066e-10
3.99282e-10
4.53115e-10
5.13122e-10
5.79857e-10
6.5386e-10
7.35582e-10
8.25283e-10
9.22925e-10
1.02803e-09
1.13954e-09
1.25566e-09
1.37376e-09
1.49033e-09
1.6009e-09
1.70024e-09
1.7825e-09
1.84165e-09
1.8721e-09
1.86913e-09
1.83062e-09
1.76665e-09
7.86661e-24
3.72332e-23
1.16076e-22
3.13194e-22
7.79334e-22
1.83659e-21
4.15918e-21
9.12873e-21
1.95173e-20
4.07725e-20
8.33806e-20
1.6712e-19
3.28551e-19
6.33948e-19
1.20123e-18
2.23649e-18
4.09404e-18
7.37344e-18
1.30743e-17
2.284e-17
3.93366e-17
6.68362e-17
1.12107e-16
1.85761e-16
3.04255e-16
4.92887e-16
7.90189e-16
1.25397e-15
1.97056e-15
3.06702e-15
4.7278e-15
7.21678e-15
1.09056e-14
1.63094e-14
2.41295e-14
3.53037e-14
5.10631e-14
7.29964e-14
1.03119e-13
1.43925e-13
1.98434e-13
2.70219e-13
3.63456e-13
4.82948e-13
6.34078e-13
8.22758e-13
1.05537e-12
1.33866e-12
1.67968e-12
2.08558e-12
2.56372e-12
3.12206e-12
3.76754e-12
4.50856e-12
5.35449e-12
6.31623e-12
7.40706e-12
8.64397e-12
1.00491e-11
1.16516e-11
1.34891e-11
1.56098e-11
1.80738e-11
2.0955e-11
2.43418e-11
2.83373e-11
3.30591e-11
3.86374e-11
4.5214e-11
5.29388e-11
6.19678e-11
7.24607e-11
8.45797e-11
9.84897e-11
1.14364e-10
1.32387e-10
1.52718e-10
1.75553e-10
2.01118e-10
2.29656e-10
2.61436e-10
2.96702e-10
3.35689e-10
3.78594e-10
4.25534e-10
4.76486e-10
5.31222e-10
5.89237e-10
6.49667e-10
7.11222e-10
7.72144e-10
8.30195e-10
8.82695e-10
9.26629e-10
9.58842e-10
9.76303e-10
9.76391e-10
9.57405e-10
9.19374e-10
8.69358e-10
1.59877e-24
7.57061e-24
2.36267e-23
6.3864e-23
1.59339e-22
3.76835e-22
8.57124e-22
1.89098e-21
4.06714e-21
8.55455e-21
1.76299e-20
3.56438e-20
7.07576e-20
1.38008e-19
2.64627e-19
4.99151e-19
9.26782e-19
1.69496e-18
3.05538e-18
5.43207e-18
9.53024e-18
1.65084e-17
2.82473e-17
4.77659e-17
7.98522e-17
1.32013e-16
2.15883e-16
3.49248e-16
5.59067e-16
8.85589e-16
1.38805e-15
2.15234e-15
3.30104e-15
5.00618e-15
7.50502e-15
1.11192e-14
1.6277e-14
2.35374e-14
3.36191e-14
4.74315e-14
6.60992e-14
9.09796e-14
1.2369e-13
1.66123e-13
2.20455e-13
2.89145e-13
3.74933e-13
4.80832e-13
6.10114e-13
7.66277e-13
9.53104e-13
1.17491e-12
1.43587e-12
1.74114e-12
2.09666e-12
2.50943e-12
2.98801e-12
3.54313e-12
4.1885e-12
4.94169e-12
5.82497e-12
6.86631e-12
8.10038e-12
9.56931e-12
1.13235e-11
1.34217e-11
1.59311e-11
1.89269e-11
2.24913e-11
2.67122e-11
3.16821e-11
3.74966e-11
4.42536e-11
5.20528e-11
6.09984e-11
7.12007e-11
8.27527e-11
9.57642e-11
1.10357e-10
1.26662e-10
1.44809e-10
1.64898e-10
1.8701e-10
2.11195e-10
2.37434e-10
2.65614e-10
2.9549e-10
3.26646e-10
3.58462e-10
3.90081e-10
4.20401e-10
4.48089e-10
4.7163e-10
4.89415e-10
4.99865e-10
5.01596e-10
4.93592e-10
4.75463e-10
4.47843e-10
4.15019e-10
3.10968e-25
1.47685e-24
4.61884e-24
1.25146e-23
3.13217e-23
7.43747e-23
1.69998e-22
3.772e-22
8.16621e-22
1.73037e-21
3.59568e-21
7.33674e-21
1.47127e-20
2.90169e-20
5.63187e-20
1.07638e-19
2.02704e-19
3.7637e-19
6.89399e-19
1.24637e-18
2.22499e-18
3.92337e-18
6.83546e-18
1.17697e-17
2.00318e-17
3.37033e-17
5.60599e-17
9.21863e-17
1.49893e-16
2.40991e-16
3.83091e-16
6.0204e-16
9.35171e-16
1.43552e-15
2.17723e-15
3.26207e-15
4.82727e-15
7.05464e-15
1.01811e-14
1.45098e-14
2.04239e-14
2.83984e-14
3.90085e-14
5.29375e-14
7.09907e-14
9.41054e-14
1.23358e-13
1.59971e-13
2.05321e-13
2.60945e-13
3.28576e-13
4.10263e-13
5.08151e-13
6.2491e-13
7.63743e-13
9.28516e-13
1.12398e-12
1.35608e-12
1.63237e-12
1.96242e-12
2.35827e-12
2.83498e-12
3.41108e-12
4.10914e-12
4.9561e-12
5.98358e-12
7.22794e-12
8.73018e-12
1.05356e-11
1.26933e-11
1.52558e-11
1.82779e-11
2.18167e-11
2.59309e-11
3.06818e-11
3.61344e-11
4.23433e-11
4.93711e-11
5.72843e-11
6.61515e-11
7.60307e-11
8.69663e-11
9.89803e-11
1.12062e-10
1.26156e-10
1.4115e-10
1.56848e-10
1.72957e-10
1.8907e-10
2.0466e-10
2.19082e-10
2.31599e-10
2.41411e-10
2.4772e-10
2.49805e-10
2.47113e-10
2.3936e-10
2.26639e-10
2.09526e-10
1.9038e-10
5.80841e-26
2.77439e-25
8.70585e-25
2.36581e-24
5.94205e-24
1.41708e-23
3.25571e-23
7.26677e-23
1.58372e-22
3.38073e-22
7.08271e-22
1.45818e-21
2.95286e-21
5.88575e-21
1.15547e-20
2.23551e-20
4.26483e-20
8.02729e-20
1.49136e-19
2.73589e-19
4.95728e-19
8.87344e-19
1.5693e-18
2.74242e-18
4.73578e-18
8.08113e-18
1.36256e-17
2.27011e-17
3.73767e-17
6.08186e-17
9.77988e-17
1.55398e-16
2.43958e-16
3.78351e-16
5.7959e-16
8.76871e-16
1.31006e-15
1.93273e-15
2.81552e-15
4.05011e-15
5.75401e-15
8.07574e-15
1.11989e-14
1.53475e-14
2.07912e-14
2.78501e-14
3.69036e-14
4.8397e-14
6.28485e-14
8.08592e-14
1.03132e-13
1.30527e-13
1.63992e-13
2.04734e-13
2.54237e-13
3.14348e-13
3.87382e-13
4.76237e-13
5.8458e-13
7.17067e-13
8.79563e-13
1.0794e-12
1.32563e-12
1.6293e-12
2.00366e-12
2.46434e-12
3.0295e-12
3.71982e-12
4.55846e-12
5.5709e-12
6.78477e-12
8.22957e-12
9.93643e-12
1.1938e-11
1.42686e-11
1.69649e-11
2.00581e-11
2.35829e-11
2.75765e-11
3.20727e-11
3.70981e-11
4.26695e-11
4.87888e-11
5.54379e-11
6.25688e-11
7.0095e-11
7.78852e-11
8.57563e-11
9.34678e-11
1.00722e-10
1.07172e-10
1.12438e-10
1.16133e-10
1.17894e-10
1.17432e-10
1.14578e-10
1.09313e-10
1.01804e-10
9.24544e-11
8.24109e-11
1.04292e-26
5.02332e-26
1.58298e-25
4.31539e-25
1.08749e-24
2.60357e-24
6.00835e-24
1.34778e-23
2.95354e-23
6.34288e-23
1.33756e-22
2.77334e-22
5.65927e-22
1.13735e-21
2.25255e-21
4.39891e-21
8.47483e-21
1.6115e-20
3.02551e-20
5.6099e-20
1.02747e-19
1.85898e-19
3.32268e-19
5.86715e-19
1.02351e-18
1.76384e-18
3.00259e-18
5.04907e-18
8.38843e-18
1.377e-17
2.23333e-17
3.57857e-17
5.66453e-17
8.85667e-17
1.36767e-16
2.0857e-16
3.14105e-16
4.67122e-16
6.86003e-16
9.94949e-16
1.42538e-15
2.0175e-15
2.82201e-15
3.90232e-15
5.33668e-15
7.2211e-15
9.67141e-15
1.28275e-14
1.68585e-14
2.19677e-14
2.84008e-14
3.6467e-14
4.65261e-14
5.90422e-14
7.46016e-14
9.39517e-14
1.18046e-13
1.48112e-13
1.85681e-13
2.32714e-13
2.91697e-13
3.65756e-13
4.58777e-13
5.75522e-13
7.21748e-13
9.04314e-13
1.13127e-12
1.41189e-12
1.75674e-12
2.17763e-12
2.6876e-12
3.30085e-12
4.03271e-12
4.89952e-12
5.91877e-12
7.1094e-12
8.48796e-12
1.00727e-11
1.18826e-11
1.39338e-11
1.62388e-11
1.88038e-11
2.16263e-11
2.46916e-11
2.79689e-11
3.14075e-11
3.49334e-11
3.84457e-11
4.18173e-11
4.4898e-11
4.75199e-11
4.95076e-11
5.06933e-11
5.09355e-11
5.01382e-11
4.82695e-11
4.53753e-11
4.15855e-11
3.71237e-11
3.24699e-11
1.78379e-27
8.67724e-27
2.74415e-26
7.49052e-26
1.88877e-25
4.524e-25
1.04451e-24
2.34434e-24
5.14117e-24
1.10518e-23
2.33363e-23
4.84684e-23
9.91154e-23
1.9971e-22
3.96739e-22
7.7749e-22
1.50375e-21
2.87158e-21
5.41564e-21
1.0089e-20
1.85674e-20
3.37562e-20
6.0625e-20
1.07562e-19
1.88529e-19
3.26436e-19
5.58329e-19
9.43383e-19
1.57502e-18
2.59846e-18
4.23616e-18
6.8239e-18
1.08606e-17
1.70756e-17
2.65192e-17
4.06815e-17
6.16397e-17
9.22444e-17
1.36349e-16
1.99092e-16
2.87224e-16
4.09514e-16
5.77239e-16
8.04762e-16
1.11025e-15
1.5166e-15
2.05243e-15
2.75341e-15
3.66369e-15
4.83848e-15
6.34681e-15
8.27801e-15
1.07407e-14
1.38779e-14
1.78746e-14
2.29729e-14
2.94853e-14
3.78195e-14
4.85054e-14
6.22027e-14
7.97663e-14
1.02281e-13
1.31103e-13
1.67913e-13
2.14764e-13
2.74131e-13
3.48953e-13
4.42674e-13
5.59278e-13
7.03302e-13
8.79862e-13
1.09465e-12
1.35395e-12
1.66462e-12
2.03415e-12
2.4708e-12
2.98206e-12
3.57624e-12
4.26161e-12
5.04531e-12
5.93261e-12
6.92584e-12
8.02309e-12
9.21664e-12
1.04913e-11
1.18229e-11
1.31767e-11
1.45072e-11
1.5759e-11
1.68683e-11
1.77664e-11
1.83853e-11
1.86647e-11
1.85598e-11
1.80487e-11
1.71384e-11
1.58674e-11
1.43048e-11
1.25491e-11
1.07607e-11
2.72821e-28
1.34165e-27
4.23092e-27
1.14498e-26
2.8553e-26
6.75666e-26
1.5408e-25
3.41658e-25
7.40715e-25
1.5755e-24
3.29488e-24
6.78468e-24
1.37688e-23
2.75579e-23
5.44273e-23
1.06126e-22
2.04378e-22
3.88865e-22
7.3114e-22
1.35853e-21
2.49453e-21
4.52614e-21
8.1144e-21
1.43744e-20
2.51618e-20
4.35248e-20
7.44027e-20
1.25701e-19
2.09934e-19
3.46631e-19
5.65842e-19
9.13094e-19
1.45638e-18
2.29594e-18
3.57718e-18
5.50698e-18
8.37572e-18
1.25851e-17
1.8684e-17
2.74106e-17
3.97475e-17
5.69903e-17
8.0836e-17
1.13488e-16
1.57805e-16
2.17468e-16
2.97231e-16
4.0321e-16
5.43313e-16
7.27673e-16
9.69418e-16
1.28596e-15
1.6994e-15
2.23943e-15
2.94535e-15
3.86991e-15
5.08238e-15
6.67464e-15
8.76639e-15
1.15136e-14
1.51153e-14
1.98264e-14
2.59717e-14
3.39576e-14
4.42871e-14
5.75751e-14
7.45631e-14
9.61357e-14
1.23332e-13
1.57363e-13
1.99623e-13
2.51702e-13
3.154e-13
3.92733e-13
4.85943e-13
5.97592e-13
7.30077e-13
8.8608e-13
1.06825e-12
1.27891e-12
1.51976e-12
1.79151e-12
2.09343e-12
2.42288e-12
2.77476e-12
3.14098e-12
3.51024e-12
3.86791e-12
4.19665e-12
4.47718e-12
4.68959e-12
4.81536e-12
4.83971e-12
4.75388e-12
4.55697e-12
4.257e-12
3.87062e-12
3.42257e-12
2.94116e-12
2.46368e-12
2.36062e-29
1.24455e-28
3.96659e-28
1.06712e-27
2.62424e-27
6.09795e-27
1.36291e-26
2.9605e-26
6.28969e-26
1.31211e-25
2.69434e-25
5.45425e-25
1.0895e-24
2.14881e-24
4.18658e-24
8.06106e-24
1.53442e-23
2.88817e-23
5.37612e-23
9.89562e-23
1.80083e-22
3.23963e-22
5.76054e-22
1.01247e-21
1.75923e-21
3.02259e-21
5.13607e-21
8.63173e-21
1.43516e-20
2.36098e-20
3.84304e-20
6.18855e-20
9.85742e-20
1.55291e-19
2.41902e-19
3.72453e-19
5.66734e-19
8.52253e-19
1.26669e-18
1.86116e-18
2.7045e-18
3.88868e-18
5.53575e-18
7.80773e-18
1.0918e-17
1.51493e-17
2.08746e-17
2.85895e-17
3.89526e-17
5.28431e-17
7.14243e-17
9.62673e-17
1.29438e-16
1.73767e-16
2.33061e-16
3.12514e-16
4.19187e-16
5.62558e-16
7.54998e-16
1.01279e-15
1.35727e-15
1.81629e-15
2.42489e-15
3.2279e-15
4.28149e-15
5.65538e-15
7.4348e-15
9.72301e-15
1.26435e-14
1.63429e-14
2.09936e-14
2.67972e-14
3.3987e-14
4.28312e-14
5.36359e-14
6.67584e-14
8.25436e-14
1.01384e-13
1.23676e-13
1.49769e-13
1.79917e-13
2.14219e-13
2.52553e-13
2.94501e-13
3.39267e-13
3.85616e-13
4.3184e-13
4.7578e-13
5.14919e-13
5.46583e-13
5.68148e-13
5.77367e-13
5.72725e-13
5.53737e-13
5.21124e-13
4.76822e-13
4.23904e-13
3.65906e-13
3.06573e-13
2.49794e-13
5.28159e-31
3.83963e-30
1.28222e-29
3.42009e-29
8.16604e-29
1.83047e-28
3.94682e-28
8.29375e-28
1.71095e-27
3.47969e-27
6.99169e-27
1.38931e-26
2.73145e-26
5.31421e-26
1.02331e-25
1.9506e-25
3.68112e-25
6.87837e-25
1.27245e-24
2.32981e-24
4.2206e-24
7.56356e-24
1.34053e-23
2.3501e-23
4.07633e-23
6.99766e-23
1.18936e-22
2.00122e-22
3.33444e-22
5.5022e-22
8.98946e-22
1.45386e-21
2.3269e-21
3.68547e-21
5.7734e-21
8.9423e-21
1.36922e-20
2.07264e-20
3.10215e-20
4.59201e-20
6.72642e-20
9.75587e-20
1.40204e-19
1.99828e-19
2.82686e-19
3.97305e-19
5.55264e-19
7.72352e-19
1.07025e-18
1.47833e-18
2.03681e-18
2.80089e-18
3.8454e-18
5.27449e-18
7.23119e-18
9.9128e-18
1.35917e-17
1.86398e-17
2.55514e-17
3.49883e-17
4.78262e-17
6.52118e-17
8.86394e-17
1.20042e-16
1.61868e-16
2.17166e-16
2.89734e-16
3.84249e-16
5.06392e-16
6.6301e-16
8.62314e-16
1.11409e-15
1.42988e-15
1.82321e-15
2.30976e-15
2.90803e-15
3.63615e-15
4.5147e-15
5.56448e-15
6.80421e-15
8.24728e-15
9.89778e-15
1.1747e-14
1.37693e-14
1.59181e-14
1.81242e-14
2.02943e-14
2.2314e-14
2.40545e-14
2.53829e-14
2.61773e-14
2.6345e-14
2.58381e-14
2.46644e-14
2.28923e-14
2.06457e-14
1.8074e-14
1.5356e-14
1.26641e-14
1.01551e-14
)
;

boundaryField
{
    AXIS
    {
        type            empty;
    }
    OUTLET
    {
        type            zeroGradient;
    }
    COFLOW
    {
        type            fixedValue;
        value           uniform 0;
    }
    PILOT
    {
        type            fixedValue;
        value           uniform 0;
    }
    FUEL
    {
        type            fixedValue;
        value           uniform 0;
    }
    WALL
    {
        type            zeroGradient;
    }
    front
    {
        type            wedge;
    }
    back
    {
        type            wedge;
    }
}


// ************************************************************************* //
