/*--------------------------------*- C++ -*----------------------------------*\
  =========                 |
  \\      /  F ield         | OpenFOAM: The Open Source CFD Toolbox
   \\    /   O peration     | Website:  https://openfoam.org
    \\  /    A nd           | Version:  6
     \\/     M anipulation  |
\*---------------------------------------------------------------------------*/
FoamFile
{
    version     2.0;
    format      ascii;
    class       volScalarField;
    location    "0.1";
    object      Yc;
}
// * * * * * * * * * * * * * * * * * * * * * * * * * * * * * * * * * * * * * //

dimensions      [0 0 0 0 0 0 0];

internalField   nonuniform List<scalar> 
8000
(
4.27106e-05
0.000467454
0.00207631
0.00512991
0.0065127
0.00576947
0.00332328
0.00146317
0.000546689
0.000184292
6.00343e-05
2.50199e-05
3.39381e-05
0.00020187
0.00026413
0.000482171
0.00264356
0.00527208
0.00742836
0.0124687
0.0238394
0.0451236
0.0740577
0.0966525
0.106872
0.113534
0.11995
0.125919
0.129625
0.121486
0.129496
0.135458
0.131589
0.121557
0.109849
0.0999816
0.094607
0.0952992
0.101555
0.109111
0.118595
0.131578
0.147774
0.164391
0.176761
0.182469
0.182859
0.180851
0.177066
0.169984
0.163562
0.171005
0.174264
0.176841
0.17923
0.181841
0.185235
0.190231
0.197742
0.208164
0.221179
0.236093
0.25211
0.268415
0.283789
0.298316
0.311815
0.323134
0.334282
0.343562
0.351322
0.360006
0.365214
0.370023
0.371101
0.370876
0.372625
0.373691
0.374682
0.376851
0.381501
0.387291
0.397137
0.411712
0.42684
0.442855
0.460161
0.478595
0.495618
0.514314
0.529227
0.541896
0.553682
0.559632
0.56023
0.561289
0.561231
0.558582
0.55352
0.545452
3.62786e-05
0.000465075
0.00212559
0.00500754
0.00589493
0.00524677
0.00296738
0.00131254
0.000484233
0.00015953
5.12254e-05
2.31161e-05
4.25278e-05
0.000733366
0.000618563
0.000581589
0.00133131
0.00311813
0.00688787
0.0133956
0.0256219
0.0472439
0.0756417
0.0971563
0.106833
0.113163
0.119794
0.126093
0.13049
0.131325
0.136235
0.138346
0.134008
0.124872
0.114459
0.105474
0.100339
0.100762
0.106753
0.112614
0.122689
0.135454
0.150953
0.16658
0.177762
0.182682
0.182861
0.181055
0.177979
0.173164
0.17169
0.172658
0.174466
0.176953
0.179516
0.182421
0.186164
0.191491
0.199218
0.209622
0.222504
0.237203
0.253039
0.269176
0.284416
0.298927
0.31231
0.323574
0.334699
0.344015
0.352625
0.360442
0.365563
0.370294
0.371508
0.37113
0.372842
0.3739
0.374912
0.376986
0.381691
0.387468
0.397319
0.411816
0.426893
0.442866
0.460132
0.478552
0.49598
0.514214
0.529109
0.541732
0.553533
0.559475
0.560031
0.561093
0.561031
0.55838
0.55333
0.545258
3.0248e-05
0.000512772
0.00220962
0.00445334
0.00508036
0.00397103
0.00220038
0.00123686
0.000584671
0.000170111
5.65722e-05
2.42082e-05
5.98921e-05
0.00278093
0.00210497
0.000967997
0.00124274
0.00269689
0.00945761
0.0187676
0.0310123
0.0522205
0.0790134
0.0982662
0.10695
0.112173
0.119513
0.12644
0.131863
0.13611
0.140559
0.141984
0.138088
0.130784
0.122751
0.115498
0.11107
0.110889
0.114821
0.120855
0.12998
0.142568
0.156971
0.170655
0.179559
0.182959
0.182772
0.181296
0.179095
0.176174
0.174193
0.173102
0.174246
0.177356
0.180465
0.183957
0.188308
0.194184
0.202257
0.212632
0.225261
0.239544
0.25502
0.270801
0.285834
0.300245
0.313391
0.324542
0.335602
0.344982
0.35391
0.36135
0.366316
0.37087
0.372228
0.371674
0.373319
0.374358
0.375409
0.377278
0.38211
0.387858
0.397716
0.412036
0.427006
0.442887
0.460067
0.478457
0.495979
0.513984
0.528847
0.541371
0.55321
0.559136
0.559592
0.560662
0.560591
0.557935
0.55293
0.54483
2.50084e-05
0.000746989
0.00266585
0.00412947
0.00381797
0.00266774
0.00134231
0.000582519
0.000223674
7.35858e-05
2.53514e-05
1.65184e-05
4.41161e-05
0.00239561
0.00283581
0.00101393
0.00123814
0.00263124
0.00749267
0.0168169
0.0315055
0.0553677
0.0822933
0.0995684
0.107557
0.109805
0.119381
0.127021
0.133204
0.138846
0.143578
0.145184
0.142409
0.137105
0.131568
0.125814
0.123157
0.123355
0.125879
0.131397
0.139995
0.151861
0.16443
0.175401
0.181513
0.183161
0.182611
0.181554
0.179985
0.177835
0.175822
0.173868
0.173702
0.178792
0.182651
0.186768
0.191687
0.198095
0.206501
0.216828
0.229115
0.24287
0.257888
0.27318
0.28793
0.302205
0.315052
0.326008
0.336938
0.346393
0.355363
0.362684
0.36754
0.371704
0.373189
0.372742
0.37405
0.375053
0.376145
0.378501
0.382753
0.388448
0.398313
0.412355
0.427225
0.442923
0.459964
0.478309
0.495758
0.513627
0.528447
0.540825
0.552122
0.558311
0.558925
0.560008
0.559924
0.55726
0.551962
0.544177
1.68041e-05
0.00153973
0.00211911
0.00387882
0.00274333
0.00164722
0.000711029
0.000272559
9.65945e-05
3.17016e-05
1.39473e-05
1.5957e-05
4.13306e-05
0.000841363
0.00095424
0.000754061
0.00131087
0.00287316
0.00691533
0.0162631
0.0336865
0.0605649
0.086586
0.101244
0.108908
0.113897
0.121188
0.128104
0.134318
0.140355
0.145219
0.147307
0.145984
0.14235
0.138122
0.134318
0.132232
0.13279
0.136514
0.143191
0.150498
0.161205
0.171563
0.179565
0.183191
0.18331
0.182505
0.182148
0.181191
0.179413
0.178224
0.17726
0.178802
0.182725
0.186468
0.190933
0.196173
0.203014
0.211692
0.221936
0.233772
0.246992
0.261492
0.276238
0.290632
0.304736
0.31722
0.32797
0.338634
0.348201
0.35708
0.364147
0.368874
0.372732
0.37434
0.374027
0.375032
0.37598
0.377093
0.379736
0.383594
0.38922
0.39911
0.412751
0.427492
0.442957
0.459819
0.478106
0.495418
0.513144
0.527911
0.540099
0.550951
0.557362
0.558034
0.559135
0.559032
0.556358
0.550828
0.543309
1.02105e-05
0.00114902
0.00325842
0.0026394
0.00156502
0.000870189
0.000337281
0.000167375
4.87822e-05
1.82668e-05
1.38654e-05
2.44572e-05
5.52497e-05
0.000312394
0.000470843
0.000713058
0.00155101
0.00357855
0.00786959
0.0180096
0.0392323
0.0686617
0.0918655
0.10267
0.110448
0.115897
0.122691
0.129062
0.134838
0.140809
0.145525
0.148111
0.148079
0.146314
0.14375
0.141492
0.140423
0.141571
0.14519
0.15074
0.158617
0.168392
0.176863
0.182736
0.184505
0.183585
0.182749
0.183609
0.183615
0.181461
0.18202
0.181823
0.182968
0.187626
0.19154
0.19626
0.20156
0.208711
0.217623
0.227719
0.238972
0.251705
0.265682
0.279896
0.293884
0.307644
0.319833
0.330396
0.341027
0.350383
0.359023
0.365732
0.370278
0.373899
0.375638
0.375517
0.376269
0.377132
0.378227
0.381056
0.384619
0.390279
0.400131
0.413307
0.427817
0.442981
0.459625
0.477842
0.494928
0.512531
0.527235
0.5392
0.549648
0.556318
0.556921
0.558043
0.557919
0.55523
0.549542
0.542232
5.63645e-06
0.000580555
0.00184451
0.00121277
0.000700065
0.000458059
0.000237237
8.53664e-05
2.79055e-05
1.89671e-05
2.49734e-05
5.07748e-05
0.00010205
0.000228236
0.000413648
0.000887853
0.00212545
0.00480956
0.0102727
0.0230389
0.0491191
0.0779388
0.0970394
0.106614
0.112601
0.116489
0.123684
0.129819
0.134518
0.140446
0.144758
0.147423
0.148378
0.148248
0.147856
0.147312
0.147191
0.148316
0.15165
0.157012
0.164496
0.173039
0.180553
0.184884
0.185908
0.184657
0.182989
0.186382
0.187791
0.187963
0.188118
0.188222
0.18915
0.193812
0.19771
0.202534
0.207747
0.214689
0.224106
0.233996
0.244496
0.256844
0.270409
0.284029
0.297495
0.310899
0.322824
0.3332
0.343721
0.352883
0.36119
0.3674
0.371717
0.375152
0.377045
0.377199
0.377772
0.378494
0.379522
0.382483
0.385813
0.391531
0.40121
0.413897
0.428191
0.442983
0.459376
0.477515
0.494302
0.511786
0.526417
0.538135
0.548167
0.554385
0.555587
0.556736
0.556587
0.55388
0.548085
0.540947
2.95294e-06
0.000257326
0.000812152
0.000536875
0.000291648
0.000157194
9.2165e-05
3.79105e-05
2.56359e-05
3.52419e-05
5.59276e-05
0.000116855
0.000274106
0.000352254
0.000546301
0.00126878
0.00311187
0.00710125
0.0147869
0.030747
0.0587521
0.0865787
0.101584
0.109661
0.114291
0.118797
0.125309
0.130678
0.135349
0.140189
0.143257
0.145778
0.146841
0.148013
0.15003
0.151404
0.151302
0.152721
0.156002
0.161234
0.168773
0.176471
0.182761
0.186286
0.187458
0.187516
0.188554
0.191139
0.193321
0.194796
0.195324
0.195886
0.196641
0.201026
0.20486
0.209538
0.214721
0.222008
0.231123
0.240641
0.250169
0.262162
0.275284
0.288548
0.301644
0.314513
0.326118
0.336276
0.346683
0.35559
0.363487
0.369094
0.373157
0.376445
0.378489
0.378807
0.379546
0.380029
0.380962
0.383814
0.387165
0.39298
0.402293
0.414485
0.428606
0.442947
0.459061
0.476748
0.493555
0.510908
0.525453
0.53691
0.546488
0.552344
0.55404
0.555217
0.555039
0.55231
0.546445
0.539459
1.41516e-06
0.00010343
0.000334004
0.00025146
0.000118255
5.63857e-05
3.80623e-05
3.34676e-05
4.90368e-05
7.95115e-05
0.000130278
0.000280563
0.000983585
0.00088114
0.000959019
0.00200169
0.00474414
0.010931
0.0221373
0.0411505
0.0703721
0.0950453
0.10803
0.113855
0.115324
0.119375
0.126604
0.131585
0.134974
0.139744
0.142629
0.144098
0.144157
0.145821
0.148551
0.150845
0.15303
0.154506
0.158405
0.163851
0.170851
0.177879
0.183384
0.186937
0.188951
0.190718
0.193318
0.196431
0.199566
0.202091
0.203239
0.2044
0.206102
0.208806
0.212693
0.217071
0.222164
0.229551
0.238394
0.247552
0.256339
0.267975
0.280737
0.293395
0.306043
0.318341
0.329648
0.33954
0.349835
0.358254
0.365746
0.370762
0.374559
0.377735
0.379669
0.380344
0.381358
0.381679
0.382506
0.385264
0.388636
0.394563
0.403352
0.415047
0.428631
0.442886
0.458674
0.475924
0.492694
0.509897
0.524341
0.535533
0.544662
0.55022
0.55229
0.553488
0.553277
0.550523
0.544617
0.537771
7.10525e-07
3.99538e-05
0.000111193
9.80099e-05
5.37411e-05
4.02434e-05
4.65806e-05
7.05637e-05
0.000118634
0.000181511
0.000286657
0.000651299
0.00321274
0.00264002
0.00206611
0.00334931
0.00727978
0.0164962
0.0324863
0.0560065
0.0844316
0.103495
0.113725
0.118206
0.120356
0.122886
0.128739
0.133188
0.136612
0.139766
0.141833
0.142683
0.1412
0.141956
0.146233
0.149137
0.151689
0.154338
0.158812
0.164571
0.171427
0.178026
0.183243
0.187197
0.190397
0.194021
0.198172
0.20206
0.206282
0.209818
0.211648
0.213415
0.215583
0.217246
0.221282
0.22501
0.229475
0.236814
0.24579
0.254621
0.26317
0.274295
0.286349
0.298537
0.310421
0.322231
0.333352
0.34294
0.352864
0.361137
0.367838
0.372343
0.375885
0.378979
0.3809
0.381803
0.383147
0.383379
0.384052
0.386927
0.390104
0.396167
0.404374
0.415566
0.428341
0.44277
0.458208
0.475031
0.491725
0.508751
0.523078
0.534011
0.542642
0.547989
0.550341
0.551554
0.551306
0.548522
0.542596
0.535885
1.13089e-06
1.73334e-05
4.70876e-05
5.38727e-05
6.45468e-05
9.13105e-05
0.000122234
0.0001892
0.00029531
0.000430191
0.000618358
0.00137198
0.00738034
0.00687775
0.00434531
0.00531839
0.0102601
0.0225195
0.04348
0.0684304
0.0930148
0.109217
0.117733
0.122147
0.124568
0.126861
0.13086
0.13491
0.137551
0.13953
0.141263
0.142159
0.142279
0.144149
0.146696
0.147235
0.150882
0.152936
0.158494
0.164422
0.170977
0.177489
0.182871
0.187533
0.192194
0.197756
0.203635
0.208204
0.213002
0.217829
0.220492
0.222718
0.22503
0.226008
0.229702
0.233181
0.237523
0.244616
0.25329
0.261736
0.270213
0.280399
0.291927
0.30381
0.315069
0.32616
0.3372
0.346446
0.355774
0.363771
0.369707
0.373788
0.3771
0.380139
0.382106
0.383164
0.384467
0.384756
0.385729
0.388722
0.391763
0.397764
0.405335
0.416029
0.428077
0.442603
0.457659
0.474052
0.490653
0.507493
0.521663
0.532349
0.540442
0.545639
0.548199
0.549418
0.549129
0.546311
0.54043
0.533807
6.86956e-06
2.40988e-05
5.35988e-05
0.000106074
0.000208851
0.000311625
0.000401163
0.000549533
0.000766434
0.00109556
0.0014223
0.00259585
0.00881474
0.0109116
0.0071218
0.00763982
0.0138304
0.0286859
0.054069
0.0794384
0.10016
0.113292
0.12034
0.12563
0.128372
0.129488
0.132142
0.136794
0.138361
0.139051
0.140996
0.142469
0.14361
0.14563
0.147955
0.149975
0.152405
0.154479
0.158812
0.164507
0.170619
0.176994
0.182893
0.188551
0.194697
0.20226
0.209943
0.215452
0.221601
0.225986
0.229533
0.231792
0.234033
0.234919
0.238328
0.241498
0.24597
0.252698
0.260746
0.268941
0.277111
0.286312
0.29747
0.308924
0.319741
0.33007
0.341041
0.349919
0.358537
0.365783
0.371356
0.375067
0.378169
0.381178
0.383251
0.384408
0.385814
0.386119
0.387482
0.390164
0.393353
0.399315
0.406214
0.41643
0.427792
0.442382
0.457029
0.472977
0.489483
0.50554
0.520099
0.530596
0.538071
0.54316
0.545868
0.547083
0.54675
0.543894
0.538073
0.531537
6.29943e-05
0.000141433
0.00023252
0.00045005
0.000869189
0.00113675
0.00139951
0.001729
0.00220528
0.00300528
0.00365843
0.00514088
0.0112817
0.0136003
0.00939167
0.0104045
0.0185536
0.0359503
0.0623602
0.0888591
0.106561
0.117065
0.123128
0.129472
0.132123
0.134484
0.137213
0.140273
0.139184
0.141603
0.141428
0.143904
0.145398
0.1475
0.150066
0.152312
0.154389
0.15657
0.160383
0.165035
0.170206
0.17707
0.183972
0.190714
0.197805
0.207689
0.216713
0.223946
0.230698
0.23462
0.239169
0.241286
0.243295
0.24409
0.246872
0.249661
0.254078
0.260519
0.268156
0.275944
0.283768
0.292268
0.302856
0.313925
0.324251
0.33381
0.344153
0.352456
0.361028
0.36763
0.372777
0.376147
0.379059
0.382062
0.384304
0.385515
0.387116
0.387372
0.389264
0.391592
0.394827
0.400777
0.406991
0.416765
0.427445
0.442106
0.456328
0.471795
0.488218
0.503443
0.51843
0.528005
0.535535
0.540547
0.543351
0.544554
0.544174
0.541322
0.53553
0.529081
0.000792186
0.00108865
0.00128341
0.00171307
0.00303513
0.00383881
0.00463689
0.00552786
0.00676019
0.00905214
0.00948453
0.0103993
0.0149771
0.0158631
0.0120423
0.0146597
0.0258316
0.0469412
0.074587
0.0984073
0.112378
0.121051
0.12784
0.134457
0.137195
0.139945
0.14214
0.144745
0.14509
0.146244
0.145718
0.14724
0.14803
0.149
0.15256
0.154846
0.156401
0.158357
0.161666
0.167141
0.172909
0.17954
0.186657
0.194415
0.202917
0.214604
0.22493
0.233508
0.240176
0.2441
0.249143
0.251115
0.252752
0.253009
0.25553
0.25796
0.261812
0.268317
0.275212
0.2826
0.290212
0.298209
0.307972
0.318727
0.328285
0.337306
0.346444
0.354668
0.363211
0.3692
0.373953
0.377001
0.379742
0.382755
0.385241
0.386465
0.38834
0.388483
0.390669
0.392939
0.396145
0.401738
0.407649
0.417032
0.427003
0.44178
0.455584
0.470495
0.486868
0.50122
0.516075
0.525254
0.532839
0.537796
0.540651
0.541834
0.541405
0.53855
0.532802
0.526442
0.0106923
0.0071876
0.00536512
0.00523721
0.00928656
0.0112709
0.0144346
0.0174397
0.0192858
0.0205593
0.0209053
0.0185936
0.0204365
0.0189207
0.0163275
0.0215659
0.0363108
0.0589789
0.0846654
0.106643
0.119148
0.128493
0.135229
0.140995
0.143055
0.14546
0.146788
0.150111
0.151186
0.15215
0.151697
0.152637
0.152748
0.155017
0.156011
0.157864
0.159076
0.159193
0.164753
0.170463
0.176153
0.182732
0.190702
0.199374
0.210537
0.223074
0.234833
0.243604
0.249949
0.253897
0.259231
0.260758
0.262006
0.262004
0.264179
0.266305
0.269648
0.275561
0.281751
0.288981
0.296439
0.303925
0.31296
0.323303
0.332179
0.340148
0.348369
0.356414
0.36503
0.370443
0.374864
0.377607
0.380193
0.383229
0.386041
0.387238
0.389445
0.389415
0.391933
0.394162
0.397283
0.402648
0.40818
0.416695
0.426452
0.440991
0.454328
0.469071
0.485433
0.498852
0.513648
0.522391
0.529985
0.534904
0.53777
0.538927
0.538448
0.535583
0.529894
0.523624
0.0994719
0.0372026
0.0214412
0.0178996
0.0230115
0.0322706
0.0435214
0.0509614
0.0475496
0.0463034
0.0443673
0.0368433
0.0333206
0.0270699
0.0258091
0.0352095
0.0535391
0.0753451
0.0984309
0.117517
0.129342
0.13865
0.145606
0.149494
0.150179
0.151938
0.155151
0.158069
0.159446
0.160119
0.159914
0.160638
0.162554
0.164333
0.164594
0.162632
0.163922
0.167095
0.171244
0.175277
0.180765
0.187486
0.196703
0.207294
0.22118
0.234292
0.247349
0.255837
0.261944
0.266263
0.270682
0.271679
0.272441
0.27247
0.273998
0.275382
0.278429
0.28364
0.288982
0.296422
0.303273
0.310167
0.318424
0.328387
0.336044
0.342753
0.350071
0.357881
0.365878
0.371497
0.375629
0.378027
0.380444
0.383504
0.386805
0.38792
0.390506
0.390265
0.392668
0.39542
0.398408
0.4036
0.40866
0.416225
0.425643
0.439994
0.45273
0.467213
0.483583
0.495935
0.509813
0.518821
0.526389
0.531274
0.534114
0.535234
0.534694
0.531813
0.526207
0.520046
0.24093
0.100283
0.0623436
0.0455085
0.0494261
0.0697202
0.0939041
0.100231
0.088503
0.082684
0.0769843
0.0627599
0.0530157
0.0417047
0.0411482
0.0538894
0.0748841
0.0976085
0.117096
0.130967
0.142192
0.151111
0.156969
0.159914
0.159872
0.163027
0.166388
0.168958
0.171236
0.173079
0.173973
0.175515
0.176243
0.177518
0.176756
0.175982
0.176485
0.17687
0.178485
0.182234
0.187827
0.194648
0.206238
0.218963
0.234798
0.248417
0.26103
0.269918
0.275675
0.279577
0.282632
0.282814
0.283055
0.282819
0.283885
0.28472
0.287234
0.292085
0.296976
0.303812
0.309925
0.31571
0.323713
0.33279
0.339164
0.344464
0.35097
0.358519
0.366312
0.372039
0.375963
0.377989
0.380229
0.38333
0.386372
0.388274
0.390541
0.390825
0.393217
0.396047
0.399297
0.404396
0.408969
0.415516
0.424439
0.43779
0.450657
0.464815
0.480488
0.492094
0.50518
0.514552
0.521945
0.526801
0.529561
0.530633
0.530019
0.527115
0.521622
0.51559
0.305966
0.18702
0.134045
0.0951477
0.0968201
0.133921
0.163325
0.159095
0.139689
0.125808
0.112458
0.0916237
0.0756713
0.0616284
0.0612892
0.0766934
0.095434
0.115713
0.130224
0.143429
0.154528
0.163303
0.168855
0.171575
0.173053
0.176248
0.18006
0.182138
0.187076
0.189148
0.19115
0.192912
0.192629
0.19204
0.191124
0.189657
0.18911
0.187872
0.188545
0.191277
0.198546
0.207765
0.219641
0.233173
0.249196
0.262963
0.274982
0.282652
0.287991
0.291543
0.293741
0.293517
0.293064
0.292563
0.292972
0.293101
0.295109
0.299771
0.303901
0.3094
0.314646
0.320519
0.327233
0.335567
0.340851
0.344868
0.350788
0.358113
0.366129
0.371902
0.375741
0.377396
0.379482
0.382641
0.385626
0.388204
0.390259
0.390896
0.393358
0.396539
0.399822
0.404793
0.40905
0.414584
0.422939
0.435421
0.448276
0.462165
0.47702
0.488315
0.500429
0.510006
0.517207
0.522038
0.524688
0.525707
0.525019
0.522089
0.516722
0.510822
0.324637
0.287427
0.22867
0.174462
0.179847
0.236517
0.26483
0.245441
0.209082
0.178737
0.150425
0.123796
0.100911
0.0841982
0.0837097
0.0966317
0.114794
0.129607
0.141371
0.153361
0.166183
0.17617
0.181848
0.184621
0.187211
0.19026
0.19553
0.197209
0.20324
0.206593
0.211155
0.212759
0.212081
0.210439
0.208228
0.204406
0.202507
0.200183
0.200374
0.203612
0.211703
0.222262
0.234185
0.248067
0.263908
0.276444
0.287466
0.294048
0.299192
0.302219
0.303759
0.303377
0.302234
0.301039
0.301092
0.299985
0.301837
0.306211
0.309548
0.313942
0.317949
0.323749
0.328879
0.336597
0.340436
0.344013
0.349543
0.356676
0.363934
0.369943
0.374988
0.376179
0.378175
0.381428
0.384499
0.387701
0.389696
0.390475
0.39302
0.396702
0.39985
0.404721
0.408155
0.413225
0.421112
0.432867
0.445553
0.459265
0.472933
0.483733
0.495543
0.505174
0.512234
0.516981
0.519508
0.520469
0.519706
0.516751
0.511521
0.505756
0.329947
0.362422
0.327976
0.281093
0.298322
0.369723
0.398347
0.36385
0.305377
0.250739
0.199586
0.156072
0.126943
0.108124
0.104642
0.113944
0.126997
0.139222
0.152331
0.164832
0.178163
0.188516
0.19378
0.198269
0.202462
0.206646
0.212574
0.215592
0.221388
0.227274
0.230182
0.231847
0.231722
0.228548
0.2266
0.220402
0.217138
0.214406
0.21396
0.217472
0.226616
0.237745
0.249955
0.263666
0.276285
0.287665
0.297595
0.303985
0.308716
0.311159
0.312531
0.311324
0.309653
0.308208
0.308094
0.305543
0.307171
0.311529
0.31354
0.316669
0.31951
0.323699
0.328621
0.334966
0.338875
0.342006
0.347297
0.354284
0.36112
0.36733
0.372495
0.374203
0.376298
0.379693
0.382934
0.386635
0.388839
0.389559
0.392163
0.395491
0.399346
0.404181
0.40709
0.411468
0.418937
0.430081
0.442476
0.456132
0.468486
0.479071
0.490496
0.500051
0.506974
0.511669
0.514033
0.514933
0.514095
0.51112
0.506031
0.500404
0.331247
0.395346
0.402665
0.384619
0.413289
0.48024
0.512182
0.484081
0.415891
0.339521
0.265624
0.203537
0.159313
0.132142
0.125047
0.130142
0.14044
0.151782
0.166176
0.178693
0.191017
0.200685
0.207884
0.214386
0.22061
0.226036
0.23072
0.234856
0.239585
0.243721
0.248739
0.251862
0.250333
0.246954
0.24212
0.23607
0.231217
0.228685
0.228778
0.232893
0.243168
0.253838
0.265282
0.275599
0.286727
0.297102
0.305947
0.310873
0.315076
0.316957
0.317343
0.315092
0.313276
0.313712
0.311866
0.309367
0.310277
0.313085
0.31538
0.317595
0.319332
0.322334
0.326742
0.332267
0.336493
0.338951
0.344137
0.351031
0.357693
0.364107
0.369633
0.371489
0.373853
0.377451
0.380897
0.384656
0.386753
0.388112
0.390788
0.393936
0.398347
0.403234
0.404933
0.409226
0.416409
0.42703
0.439143
0.45287
0.463777
0.474252
0.485276
0.49474
0.501463
0.50607
0.508345
0.509111
0.508202
0.505211
0.500269
0.49478
0.33093
0.401265
0.438014
0.450748
0.481716
0.525974
0.555055
0.553408
0.506257
0.427778
0.339765
0.262746
0.199945
0.162185
0.149682
0.149698
0.158189
0.169467
0.184686
0.195802
0.208845
0.216355
0.224545
0.23182
0.240963
0.244911
0.25041
0.256458
0.258334
0.261934
0.267091
0.271998
0.270366
0.265026
0.258981
0.25298
0.248081
0.244371
0.244901
0.249857
0.258027
0.267337
0.277178
0.285764
0.294626
0.303195
0.309712
0.314482
0.318284
0.319684
0.320174
0.316278
0.314479
0.314644
0.313998
0.310803
0.311062
0.312835
0.315385
0.316704
0.31752
0.319663
0.323492
0.328633
0.331899
0.334922
0.340151
0.347012
0.353664
0.360298
0.366563
0.368102
0.370879
0.374713
0.378378
0.382092
0.384288
0.38615
0.388895
0.391956
0.396916
0.401967
0.402533
0.406575
0.413524
0.423701
0.435441
0.448185
0.458893
0.46922
0.479867
0.489154
0.495681
0.500191
0.502365
0.503016
0.502042
0.499078
0.494249
0.488905
0.329532
0.394791
0.439271
0.467073
0.489948
0.507797
0.530337
0.554975
0.547936
0.492945
0.408934
0.321952
0.246853
0.19951
0.180311
0.176214
0.184166
0.191889
0.205101
0.215121
0.223229
0.232259
0.2442
0.24675
0.254107
0.260386
0.267258
0.270593
0.274854
0.278418
0.281987
0.284311
0.283158
0.279608
0.274372
0.268346
0.263921
0.260264
0.261287
0.264271
0.270308
0.278088
0.286564
0.292981
0.29917
0.306479
0.311266
0.315052
0.318711
0.319494
0.318944
0.314649
0.313073
0.313263
0.3125
0.309885
0.309695
0.31073
0.312446
0.314049
0.314205
0.315785
0.31908
0.324206
0.326621
0.330076
0.33544
0.342331
0.349072
0.35601
0.361791
0.364164
0.367418
0.371506
0.375379
0.37908
0.381456
0.383684
0.386488
0.389513
0.394078
0.399468
0.399835
0.403559
0.410286
0.420083
0.431395
0.443255
0.453748
0.463967
0.474259
0.483308
0.489639
0.494042
0.496112
0.496661
0.495631
0.49269
0.487986
0.482787
0.326904
0.381455
0.417684
0.442097
0.45102
0.450101
0.469351
0.512042
0.541879
0.522855
0.457799
0.374506
0.294821
0.240828
0.215977
0.206711
0.208668
0.213935
0.223582
0.2322
0.240443
0.248548
0.256236
0.261552
0.265355
0.273084
0.278061
0.283588
0.288683
0.290773
0.292582
0.294182
0.293532
0.290608
0.286582
0.281374
0.278341
0.275688
0.276202
0.276844
0.279895
0.285285
0.290919
0.296832
0.300447
0.304507
0.310227
0.312776
0.316824
0.316525
0.314616
0.310593
0.309369
0.309695
0.309813
0.306943
0.306392
0.3069
0.30813
0.308832
0.309574
0.310866
0.313663
0.319314
0.320742
0.324526
0.33009
0.337064
0.343959
0.351212
0.356769
0.359796
0.363506
0.367847
0.371919
0.375646
0.378223
0.380725
0.38358
0.386594
0.390807
0.395626
0.39694
0.400188
0.406732
0.416168
0.427063
0.438174
0.448386
0.458502
0.468447
0.477216
0.483352
0.487632
0.489601
0.490063
0.488984
0.486069
0.481494
0.476445
0.322396
0.361445
0.379867
0.390094
0.385254
0.376136
0.397298
0.452474
0.507788
0.521498
0.481849
0.410593
0.334701
0.278642
0.247144
0.235372
0.230983
0.235531
0.244961
0.251388
0.258816
0.264842
0.269742
0.273589
0.276322
0.281651
0.287145
0.295256
0.301421
0.302631
0.302725
0.301887
0.300936
0.299202
0.296362
0.291629
0.28801
0.28548
0.284805
0.284241
0.284785
0.288797
0.291297
0.295936
0.299004
0.300112
0.304256
0.307996
0.310208
0.31128
0.307213
0.304538
0.303743
0.304196
0.303897
0.302153
0.301422
0.301561
0.302795
0.302733
0.303828
0.305112
0.307355
0.312133
0.314224
0.318404
0.324184
0.331293
0.338382
0.345943
0.351574
0.355091
0.359177
0.363759
0.368009
0.371802
0.374571
0.377279
0.380185
0.383197
0.387139
0.39139
0.392838
0.396464
0.402834
0.411963
0.422428
0.43293
0.442877
0.45283
0.462434
0.470891
0.476833
0.480973
0.482851
0.483236
0.482116
0.479232
0.47479
0.469893
0.314634
0.3321
0.327914
0.322558
0.309851
0.301157
0.327055
0.390944
0.462641
0.500732
0.484882
0.429299
0.361868
0.307901
0.274083
0.259647
0.255136
0.258545
0.264153
0.271049
0.277034
0.280857
0.282928
0.284144
0.286035
0.290797
0.297064
0.306265
0.312711
0.314435
0.314371
0.310035
0.307782
0.306009
0.302914
0.299189
0.294826
0.292505
0.288333
0.285991
0.285386
0.286592
0.287926
0.290185
0.292558
0.293325
0.296505
0.301931
0.301884
0.302065
0.298688
0.296958
0.296566
0.297141
0.296809
0.295932
0.295062
0.294942
0.296981
0.295804
0.297059
0.299016
0.300282
0.304354
0.307155
0.311755
0.317794
0.325076
0.33239
0.34025
0.346217
0.35003
0.354445
0.35926
0.363672
0.367545
0.370497
0.373369
0.376319
0.379329
0.383059
0.386841
0.388487
0.3924
0.398696
0.407473
0.417515
0.427507
0.437241
0.446955
0.45622
0.464349
0.470097
0.474079
0.475877
0.476196
0.475043
0.472195
0.467888
0.463147
0.301148
0.290154
0.26422
0.248696
0.235923
0.232672
0.262843
0.331839
0.413889
0.469763
0.473721
0.434253
0.377587
0.328752
0.296362
0.281613
0.277607
0.280768
0.285852
0.291872
0.295781
0.297218
0.296928
0.296524
0.297452
0.302183
0.309066
0.316091
0.322982
0.325852
0.322644
0.318356
0.314116
0.310989
0.306983
0.302411
0.297817
0.293366
0.287816
0.284523
0.282476
0.28184
0.281834
0.282343
0.285363
0.28474
0.287253
0.291933
0.29204
0.291688
0.289179
0.288163
0.28814
0.28884
0.288742
0.28861
0.287547
0.28723
0.288747
0.287996
0.28932
0.29065
0.292508
0.296247
0.299639
0.304663
0.310989
0.318477
0.326035
0.334216
0.340714
0.344624
0.349334
0.354363
0.358927
0.362892
0.366003
0.36901
0.372006
0.375012
0.378578
0.381992
0.383893
0.38801
0.39424
0.402703
0.412345
0.421957
0.431431
0.440881
0.449807
0.457605
0.463155
0.466968
0.468696
0.468957
0.46778
0.464977
0.460802
0.456225
0.277768
0.234331
0.194205
0.17701
0.170277
0.17376
0.205568
0.275086
0.363313
0.432715
0.45374
0.429793
0.385015
0.343442
0.31529
0.302699
0.300104
0.303211
0.307405
0.311307
0.312534
0.311271
0.308888
0.307309
0.307806
0.311402
0.318678
0.326537
0.331022
0.332655
0.33092
0.326506
0.31978
0.314084
0.308379
0.302763
0.297144
0.289884
0.283673
0.2798
0.276956
0.275109
0.273941
0.272886
0.274154
0.274552
0.276811
0.280737
0.281006
0.280556
0.27883
0.278399
0.278711
0.279548
0.279784
0.280467
0.27907
0.278628
0.279825
0.279442
0.280758
0.281734
0.284177
0.287852
0.291767
0.297206
0.303832
0.311546
0.319354
0.327796
0.335399
0.33887
0.343858
0.349089
0.353787
0.35785
0.361105
0.364222
0.367262
0.370264
0.373706
0.376867
0.379107
0.383311
0.389471
0.397663
0.40693
0.416217
0.425442
0.434615
0.443198
0.450673
0.456021
0.45966
0.461324
0.461534
0.460341
0.457592
0.453575
0.449142
0.236579
0.167364
0.125742
0.114554
0.116175
0.12565
0.155981
0.220738
0.310445
0.390328
0.427627
0.418854
0.386633
0.353854
0.331604
0.32236
0.321344
0.323978
0.3264
0.327181
0.325019
0.320675
0.316262
0.313775
0.314995
0.317754
0.324429
0.332203
0.339591
0.339834
0.337944
0.33282
0.323681
0.315084
0.306869
0.299508
0.293096
0.283461
0.276291
0.272224
0.27061
0.266753
0.265764
0.262387
0.262466
0.263447
0.265534
0.268757
0.26917
0.268946
0.267835
0.267889
0.268498
0.269479
0.270045
0.272254
0.269785
0.269288
0.27047
0.270276
0.271648
0.272624
0.275441
0.27922
0.283613
0.289453
0.296388
0.304335
0.312384
0.32101
0.328357
0.332748
0.338034
0.343449
0.348275
0.35243
0.355812
0.359025
0.362115
0.365118
0.368472
0.37149
0.374028
0.378323
0.384409
0.392365
0.401314
0.410289
0.419273
0.428158
0.4364
0.443566
0.448705
0.452176
0.453779
0.453943
0.452743
0.450057
0.446197
0.441915
0.180186
0.0976401
0.0682276
0.0669324
0.075611
0.0889888
0.115525
0.170523
0.255576
0.342756
0.396067
0.402396
0.383133
0.360145
0.34465
0.339027
0.339129
0.34052
0.340181
0.336987
0.330837
0.323309
0.31674
0.313648
0.314509
0.319049
0.326637
0.335151
0.34168
0.343704
0.341729
0.337628
0.324256
0.313766
0.302391
0.292617
0.286576
0.274213
0.266472
0.262355
0.260012
0.256565
0.253816
0.251064
0.250789
0.251945
0.253798
0.256368
0.256895
0.25696
0.256396
0.256843
0.257704
0.258819
0.259637
0.261536
0.259738
0.259363
0.260649
0.260607
0.262075
0.263269
0.266408
0.270404
0.275246
0.281469
0.288709
0.296887
0.305165
0.313918
0.321034
0.326287
0.33188
0.337462
0.342401
0.346649
0.350146
0.353434
0.356581
0.359598
0.362899
0.36586
0.368662
0.373047
0.379068
0.386818
0.39548
0.404178
0.412925
0.421519
0.42942
0.436293
0.441221
0.444533
0.446073
0.446199
0.445
0.442385
0.438684
0.434558
0.0112336
0.0156348
0.020991
0.0306538
0.0435966
0.0590505
0.0817057
0.122551
0.189581
0.269584
0.336285
0.364928
0.366456
0.360175
0.356102
0.355917
0.356609
0.354804
0.34874
0.338459
0.325733
0.313549
0.304833
0.301987
0.305014
0.312777
0.323053
0.333399
0.341013
0.343994
0.340898
0.331701
0.317371
0.308419
0.291168
0.276714
0.265935
0.255373
0.248234
0.244303
0.243013
0.238878
0.234969
0.232993
0.23265
0.233607
0.234831
0.236347
0.236939
0.237406
0.237615
0.238537
0.23972
0.241008
0.242164
0.243169
0.242681
0.242716
0.244182
0.244591
0.246202
0.247908
0.251544
0.256002
0.261534
0.268338
0.276057
0.284586
0.293195
0.302083
0.309155
0.315409
0.32147
0.327291
0.332395
0.336776
0.340454
0.343893
0.347093
0.35015
0.353421
0.356398
0.359588
0.364105
0.370088
0.377511
0.385749
0.394054
0.402414
0.410547
0.417965
0.424336
0.428918
0.431997
0.433433
0.433508
0.432324
0.429839
0.426391
0.42253
0.00136824
0.00310863
0.00616464
0.0115114
0.0189782
0.0278383
0.0390543
0.0584662
0.0946956
0.147208
0.204291
0.252293
0.28008
0.29399
0.302213
0.307469
0.309289
0.305803
0.29589
0.281449
0.267172
0.257609
0.255327
0.260661
0.271902
0.286374
0.30105
0.313414
0.321336
0.32362
0.319115
0.307782
0.291804
0.276427
0.259585
0.246267
0.235374
0.225969
0.219675
0.216352
0.215829
0.212283
0.209178
0.208008
0.207962
0.208677
0.209619
0.210952
0.211655
0.212338
0.212773
0.213723
0.214917
0.216235
0.217513
0.218322
0.218673
0.219222
0.220833
0.222012
0.224153
0.226731
0.230966
0.236078
0.242368
0.249811
0.258052
0.266971
0.275894
0.284858
0.292278
0.299294
0.305752
0.311794
0.317058
0.321609
0.325505
0.329122
0.332464
0.335641
0.339045
0.342285
0.345914
0.350651
0.356583
0.363674
0.371486
0.379319
0.387173
0.394698
0.401477
0.407188
0.411333
0.414087
0.415365
0.415379
0.414255
0.411978
0.408894
0.405413
0.000198621
0.000792436
0.0019414
0.00401474
0.00714039
0.011155
0.0161322
0.0235664
0.0359662
0.0543597
0.0757953
0.0984408
0.12147
0.142259
0.160859
0.176028
0.186122
0.189474
0.186783
0.182
0.18
0.183797
0.194002
0.209693
0.228851
0.248613
0.2655
0.277586
0.283426
0.282918
0.276172
0.264078
0.248769
0.233335
0.218733
0.207354
0.198657
0.191755
0.187412
0.185484
0.185254
0.18363
0.182258
0.182076
0.182522
0.183464
0.184512
0.185695
0.186558
0.187582
0.188644
0.189813
0.190962
0.192137
0.193215
0.194007
0.194784
0.195766
0.197532
0.199382
0.202054
0.205381
0.210134
0.215836
0.222727
0.230643
0.239272
0.248431
0.257523
0.266478
0.274219
0.281606
0.288281
0.294451
0.299827
0.304512
0.308606
0.312416
0.315953
0.319349
0.323012
0.326618
0.330694
0.335662
0.341605
0.348484
0.355927
0.363322
0.370663
0.37761
0.383775
0.388895
0.392601
0.395097
0.39623
0.396208
0.395197
0.39317
0.390475
0.387415
5.02263e-05
0.000279366
0.000722094
0.00147745
0.00261862
0.00415241
0.00611474
0.00889785
0.01315
0.0189485
0.0257964
0.0341661
0.0440137
0.0546381
0.0654455
0.0752071
0.0828263
0.0881202
0.0923383
0.0976996
0.106308
0.119162
0.1363
0.156675
0.178518
0.199051
0.214838
0.224546
0.227477
0.224347
0.216362
0.205193
0.192942
0.181472
0.171347
0.164074
0.15901
0.155412
0.153659
0.153522
0.154291
0.154467
0.154739
0.155595
0.156755
0.158144
0.15946
0.160842
0.1622
0.163649
0.164909
0.166232
0.16756
0.168943
0.170239
0.171257
0.172401
0.173727
0.175581
0.177826
0.180822
0.184616
0.189684
0.195767
0.203014
0.21119
0.220004
0.22921
0.238295
0.247144
0.255024
0.262504
0.26926
0.275421
0.280858
0.285646
0.289935
0.293966
0.297763
0.301452
0.305483
0.309519
0.314032
0.31926
0.325303
0.331997
0.339093
0.3461
0.352952
0.359347
0.364942
0.369536
0.372898
0.375123
0.376148
0.376164
0.375271
0.373531
0.371256
0.368657
2.0548e-05
0.000120938
0.000312686
0.000618234
0.0010536
0.00163157
0.00238247
0.00341874
0.00493965
0.00700445
0.00962937
0.0129615
0.016943
0.0213006
0.0257773
0.0298928
0.0333435
0.036387
0.0400848
0.0459488
0.0550662
0.0677521
0.0836809
0.101851
0.120663
0.137665
0.150224
0.157392
0.159028
0.156243
0.150591
0.143597
0.136678
0.130766
0.125983
0.123091
0.121556
0.120929
0.121404
0.122771
0.12453
0.125992
0.127437
0.129152
0.131023
0.133007
0.134898
0.136768
0.138588
0.140391
0.142038
0.14371
0.145254
0.146692
0.148215
0.149668
0.151351
0.153174
0.155376
0.157951
0.161071
0.164997
0.170099
0.176272
0.183579
0.191754
0.200504
0.209538
0.21843
0.227034
0.234835
0.242202
0.248878
0.254958
0.260407
0.265282
0.269769
0.274052
0.278173
0.282287
0.286682
0.291172
0.296103
0.301594
0.307732
0.31429
0.32109
0.327736
0.33413
0.340011
0.34509
0.349224
0.352279
0.354288
0.355254
0.355327
0.35461
0.353199
0.351377
0.34927
9.82231e-06
5.65185e-05
0.000145832
0.000283412
0.000470598
0.000711714
0.00102214
0.00144279
0.00203583
0.00284554
0.00388534
0.00519108
0.00675966
0.00851034
0.0102967
0.0119337
0.0133545
0.0147175
0.0164564
0.0193714
0.0242484
0.0315672
0.0411628
0.0524757
0.0644208
0.0755851
0.084541
0.090471
0.0933801
0.0938836
0.0928506
0.0911229
0.0894535
0.0882915
0.0877476
0.0880531
0.0890025
0.0903944
0.0923277
0.0946661
0.0971049
0.0993555
0.101539
0.103849
0.10626
0.108756
0.11121
0.113632
0.115981
0.118223
0.120244
0.122195
0.124047
0.125837
0.127676
0.129461
0.131481
0.133803
0.136505
0.139466
0.142838
0.146755
0.151665
0.157637
0.1647
0.172586
0.181007
0.18965
0.198156
0.206356
0.213887
0.220991
0.227467
0.233409
0.238834
0.243795
0.248484
0.253047
0.257527
0.262083
0.26688
0.27182
0.277133
0.282869
0.289077
0.295525
0.302058
0.308365
0.314329
0.319736
0.324359
0.3281
0.330894
0.332739
0.333693
0.333861
0.333372
0.332327
0.33099
0.329402
4.82638e-06
2.69012e-05
6.9659e-05
0.00013524
0.00022293
0.000333786
0.000475293
0.000664155
0.00092447
0.00127623
0.00172658
0.00228281
0.00293446
0.00364944
0.0043771
0.00505853
0.00567998
0.00630512
0.00707807
0.00827893
0.0102479
0.013225
0.0172512
0.0221402
0.02756
0.0332196
0.0385615
0.0431106
0.0466782
0.049265
0.0510983
0.0525309
0.0539036
0.0554305
0.0572044
0.0592711
0.0615782
0.0640577
0.0667663
0.0696316
0.0724729
0.07518
0.0778232
0.0805342
0.0833156
0.0861653
0.0890162
0.0918527
0.0946289
0.0972839
0.0997109
0.102001
0.104157
0.106262
0.108462
0.110711
0.113084
0.115697
0.118734
0.12212
0.125732
0.129764
0.134432
0.14
0.146562
0.153903
0.161747
0.169793
0.17773
0.185386
0.192507
0.199238
0.205441
0.211209
0.216599
0.221646
0.22654
0.231386
0.236224
0.241205
0.246395
0.251747
0.257387
0.263323
0.269562
0.275897
0.282176
0.288157
0.293715
0.298693
0.302919
0.306334
0.308911
0.310648
0.311635
0.311945
0.31173
0.311087
0.310262
0.309209
2.35008e-06
1.26796e-05
3.32339e-05
6.5151e-05
0.00010799
0.000162131
0.00023119
0.000322635
0.000446989
0.000614028
0.000828447
0.00109223
0.0013987
0.00173182
0.0020718
0.00239827
0.00270644
0.00301765
0.00337932
0.0038787
0.00463188
0.00573558
0.00723055
0.00905475
0.0111563
0.0135208
0.0160196
0.0185392
0.0209499
0.023156
0.0251709
0.0271198
0.0291414
0.0313304
0.0337252
0.0363044
0.039031
0.0418691
0.044841
0.0478913
0.0509065
0.0538412
0.056741
0.0596864
0.0626825
0.0657334
0.0688056
0.0718791
0.0749146
0.0778542
0.0806072
0.0832275
0.0857179
0.088149
0.0906501
0.0932631
0.0960305
0.0989535
0.102169
0.105762
0.109618
0.113712
0.118253
0.12337
0.129279
0.135884
0.142962
0.150242
0.157468
0.164477
0.171089
0.177384
0.183282
0.18887
0.194216
0.199346
0.204431
0.20954
0.214712
0.220054
0.225595
0.231271
0.237155
0.243221
0.249443
0.255634
0.261655
0.26731
0.272484
0.277079
0.280964
0.284112
0.286524
0.288208
0.28927
0.28977
0.28987
0.28966
0.289364
0.288856
1.11967e-06
5.86736e-06
1.55805e-05
3.11593e-05
5.24764e-05
7.97426e-05
0.000114838
0.000161394
0.000224354
0.000308664
0.000417614
0.000552637
0.000710686
0.000884312
0.0010643
0.00124234
0.0014158
0.00159127
0.00178459
0.00202295
0.00234061
0.00276661
0.00331928
0.00398695
0.00477049
0.00568606
0.00671624
0.00784649
0.00904992
0.0102729
0.0114978
0.0127695
0.0141592
0.0157342
0.0175417
0.0195907
0.0218739
0.0243729
0.027076
0.0299193
0.0328132
0.0357188
0.0386461
0.0416264
0.0446611
0.0477517
0.0508785
0.0540238
0.0571598
0.0602425
0.0632012
0.0660689
0.0688435
0.0715763
0.0743536
0.0772303
0.0802684
0.0834666
0.0868401
0.090479
0.0944007
0.0985331
0.10291
0.107668
0.11291
0.118693
0.124895
0.13131
0.137741
0.14404
0.150088
0.155924
0.161511
0.166918
0.17221
0.177402
0.182642
0.187965
0.193408
0.199024
0.204813
0.21071
0.216735
0.222839
0.228975
0.23498
0.240724
0.246045
0.250861
0.255111
0.258706
0.261643
0.263941
0.265625
0.266805
0.267539
0.267989
0.268236
0.268479
0.268512
5.21807e-07
2.66937e-06
7.16125e-06
1.46387e-05
2.52647e-05
3.92359e-05
5.75044e-05
8.18827e-05
0.000114882
0.000159156
0.00021684
0.000289079
0.000374831
0.000470925
0.000573099
0.000677348
0.000782028
0.00088895
0.00100341
0.00113442
0.00129278
0.00148722
0.00172312
0.00199884
0.00231634
0.00268221
0.00309875
0.00356924
0.00409437
0.00466025
0.00525677
0.00589758
0.00661296
0.00744242
0.00842788
0.00960313
0.0109935
0.0126208
0.0145037
0.0166278
0.0189483
0.0214276
0.0240408
0.0267736
0.0296099
0.0325397
0.035541
0.0385922
0.0416729
0.0447536
0.0477833
0.0507785
0.0537303
0.056671
0.059652
0.0627093
0.0658917
0.0692262
0.0727002
0.076322
0.0801462
0.0841871
0.0883882
0.0927882
0.0974776
0.102478
0.107799
0.113332
0.118943
0.124519
0.129986
0.135363
0.140636
0.145849
0.15106
0.156274
0.161607
0.167067
0.172677
0.178451
0.184365
0.190354
0.196399
0.202439
0.208411
0.214175
0.219614
0.224599
0.229082
0.233023
0.236374
0.239151
0.241387
0.243121
0.244458
0.245464
0.246288
0.247004
0.247783
0.248343
2.38662e-07
1.19619e-06
3.24391e-06
6.76971e-06
1.19895e-05
1.91173e-05
2.87171e-05
4.17031e-05
5.93496e-05
8.30884e-05
0.000114294
0.000153864
0.00020163
0.000256349
0.000316067
0.000378857
0.000443609
0.000510766
0.00058212
0.00066093
0.000751065
0.000855638
0.000976132
0.00111277
0.00126587
0.00143667
0.00162655
0.00183806
0.00207297
0.00232848
0.00260193
0.00289822
0.00322957
0.00361409
0.00407432
0.00463465
0.00532208
0.00616585
0.00720121
0.00845622
0.00993972
0.0116454
0.0135695
0.0157065
0.01804
0.0205477
0.0231977
0.0259598
0.0288089
0.0317229
0.034664
0.0376298
0.040605
0.0436063
0.0466576
0.0497758
0.0529835
0.0563056
0.0597495
0.0632947
0.0669429
0.0707479
0.0747072
0.0787738
0.0829769
0.0873537
0.0918976
0.0966132
0.101449
0.106337
0.111238
0.116159
0.121103
0.126095
0.131177
0.136348
0.141685
0.147175
0.152825
0.15862
0.164521
0.170464
0.176405
0.182274
0.188005
0.193473
0.19858
0.203236
0.207406
0.211075
0.214225
0.216887
0.219114
0.220941
0.222472
0.223775
0.224984
0.226168
0.227462
0.228522
1.07575e-07
5.29817e-07
1.45261e-06
3.09817e-06
5.63159e-06
9.22717e-06
1.42072e-05
2.10842e-05
3.05743e-05
4.34561e-05
6.05397e-05
8.24401e-05
0.000109321
0.000140791
0.000176033
0.000214116
0.000254372
0.000296806
0.000342157
0.000391735
0.000447164
0.00050974
0.000580064
0.000658275
0.000744236
0.000837506
0.000938542
0.00104784
0.00116615
0.00129248
0.00142613
0.00156903
0.001726
0.00190454
0.00211431
0.00236736
0.00267915
0.00306862
0.00356102
0.00418539
0.00496955
0.00593776
0.00711491
0.00851913
0.010156
0.0120181
0.0140909
0.0163531
0.018779
0.0213439
0.0240149
0.0267707
0.0295891
0.0324738
0.035429
0.0384566
0.0415605
0.0447469
0.0480253
0.0513919
0.0548253
0.0583353
0.0619571
0.065683
0.0694809
0.0733485
0.0773151
0.0813608
0.0855248
0.0897937
0.0941605
0.0986347
0.103224
0.107948
0.112833
0.117868
0.123097
0.128492
0.134044
0.13972
0.145473
0.151237
0.156955
0.162556
0.167972
0.1731
0.177862
0.182192
0.186071
0.189505
0.192498
0.195098
0.197352
0.199307
0.201058
0.202671
0.204264
0.205897
0.207673
0.20919
4.80472e-08
2.32979e-07
6.44982e-07
1.40498e-06
2.62175e-06
4.4129e-06
6.96091e-06
1.05507e-05
1.557e-05
2.25004e-05
3.18653e-05
4.40355e-05
5.92071e-05
7.72915e-05
9.80182e-05
0.000120992
0.000145883
0.000172657
0.000201678
0.000233586
0.000269125
0.000308904
0.000353199
0.000401991
0.000454953
0.000511506
0.000571395
0.000634555
0.000701143
0.000770598
0.000842842
0.000918448
0.000999323
0.00108849
0.00118993
0.00130899
0.0014526
0.00162975
0.00185286
0.00213801
0.00250523
0.00297802
0.00358432
0.00435496
0.00531972
0.00650101
0.00791071
0.00954748
0.0113991
0.0134494
0.0156782
0.0180552
0.0205553
0.0231649
0.0258739
0.028672
0.031551
0.0345036
0.0375275
0.0406231
0.0437846
0.0470025
0.0502752
0.0536244
0.0570533
0.0605307
0.0640454
0.0676198
0.0712613
0.0750093
0.0788874
0.0829243
0.0871343
0.0915338
0.0961372
0.10093
0.105931
0.111104
0.116426
0.121853
0.127332
0.132799
0.138193
0.143445
0.148491
0.153249
0.157655
0.161667
0.165282
0.168517
0.171396
0.173975
0.176289
0.178399
0.180384
0.182309
0.184271
0.186321
0.188533
0.190455
2.12917e-08
1.01841e-07
2.84221e-07
6.30955e-07
1.20664e-06
2.08382e-06
3.36582e-06
5.20858e-06
7.82804e-06
1.14962e-05
1.65248e-05
2.31985e-05
3.16938e-05
4.203e-05
5.41395e-05
6.7878e-05
8.31292e-05
9.99321e-05
0.000118505
0.000139223
0.000162483
0.000188603
0.000217723
0.000249728
0.000284259
0.000320834
0.000359115
0.00039885
0.000439835
0.000481857
0.000524878
0.00056905
0.000615156
0.000664489
0.000718815
0.000780463
0.000852401
0.000938561
0.00104432
0.00117686
0.0013454
0.00156176
0.00184158
0.00220564
0.00268056
0.00329681
0.00408583
0.0050748
0.00628185
0.00771489
0.00937122
0.0112284
0.0132649
0.0154624
0.0178022
0.0202641
0.0228275
0.0254746
0.0281925
0.0309746
0.0338181
0.0367241
0.0396834
0.042689
0.0457552
0.0488896
0.0520706
0.0552845
0.0585559
0.0619086
0.0653689
0.0689937
0.0728112
0.0768412
0.0810919
0.0855491
0.0902176
0.0950556
0.100032
0.105098
0.1102
0.115277
0.120268
0.125113
0.129753
0.134122
0.138176
0.141889
0.14527
0.148345
0.151148
0.153734
0.156135
0.158412
0.160633
0.162853
0.165153
0.167574
0.170161
0.172426
9.33694e-09
4.41442e-08
1.24012e-07
2.79821e-07
5.4699e-07
9.67296e-07
1.59841e-06
2.52542e-06
3.8678e-06
5.77948e-06
8.44095e-06
1.20253e-05
1.6672e-05
2.24708e-05
2.94472e-05
3.75633e-05
4.68228e-05
5.73109e-05
6.91742e-05
8.26473e-05
9.79992e-05
0.000115419
0.000134968
0.000156536
0.000179851
0.000204547
0.000230293
0.000256785
0.000283795
0.000311176
0.00033889
0.000366984
0.000395789
0.000425898
0.000458147
0.000493626
0.000533753
0.000580417
0.000636102
0.000703883
0.00078756
0.000891972
0.00102363
0.00119147
0.00140783
0.00168943
0.00205799
0.00254014
0.00316659
0.00396932
0.00497731
0.0062017
0.007643
0.00929256
0.0111329
0.0131422
0.0152963
0.0175703
0.0199416
0.0223915
0.024909
0.0274905
0.0301378
0.0328435
0.0355967
0.038405
0.0412861
0.044228
0.0472109
0.0502575
0.0533962
0.05666
0.0600971
0.0637337
0.0675861
0.0716432
0.0759025
0.0803222
0.0848674
0.0894919
0.0941447
0.0987688
0.103309
0.107712
0.111929
0.115912
0.119628
0.12307
0.126249
0.1292
0.131958
0.13457
0.13707
0.139513
0.141952
0.144435
0.147026
0.149756
0.152644
0.155182
4.03398e-09
1.88934e-08
5.33693e-08
1.22103e-07
2.43337e-07
4.39792e-07
7.42793e-07
1.19823e-06
1.87103e-06
2.84802e-06
4.22984e-06
6.12265e-06
8.62324e-06
1.18099e-05
1.57379e-05
2.04492e-05
2.60025e-05
3.24718e-05
3.99806e-05
4.87071e-05
5.88614e-05
7.05408e-05
8.37659e-05
9.84727e-05
0.000114478
0.000131522
0.000149337
0.000167655
0.00018626
0.000205018
0.000223861
0.000242825
0.000262027
0.000281782
0.000302531
0.000324865
0.000349572
0.000377675
0.000410426
0.000449295
0.000495981
0.000552564
0.000621682
0.000706768
0.000812433
0.000945036
0.00111331
0.00132909
0.0016085
0.00197358
0.00245304
0.0030766
0.00387377
0.0048687
0.00607477
0.0074909
0.00910357
0.0108903
0.0128255
0.0148848
0.0170471
0.0192984
0.0216316
0.0240409
0.0265129
0.0290378
0.0316265
0.0342952
0.0370326
0.0398254
0.0426906
0.0456611
0.0487576
0.0520128
0.0554545
0.0590806
0.0628892
0.0668423
0.0709087
0.0750479
0.0792132
0.0833545
0.0874248
0.0913795
0.0951805
0.0987939
0.102202
0.105404
0.108416
0.111271
0.114003
0.116651
0.119247
0.121836
0.124461
0.12716
0.12998
0.132946
0.136055
0.138789
1.711e-09
7.95059e-09
2.25636e-08
5.2244e-08
1.05944e-07
1.95404e-07
3.37056e-07
5.55133e-07
8.84796e-07
1.37228e-06
2.07434e-06
3.05409e-06
4.37529e-06
6.09812e-06
8.27828e-06
1.09716e-05
1.42449e-05
1.81826e-05
2.28943e-05
2.8503e-05
3.5134e-05
4.28951e-05
5.18237e-05
6.1883e-05
7.29318e-05
8.47807e-05
9.72361e-05
0.000110097
0.000123178
0.000136365
0.000149581
0.00016283
0.000176145
0.000189698
0.000203764
0.000218721
0.000235051
0.000253362
0.00027438
0.000298908
0.000327831
0.000362154
0.000403047
0.000451919
0.00051054
0.000581203
0.000666934
0.000771801
0.000901502
0.00106431
0.00127237
0.00154119
0.00189154
0.00234998
0.00294642
0.00370991
0.0046633
0.00581786
0.00717073
0.00870815
0.0104095
0.0122533
0.0142212
0.0162985
0.0184718
0.0207252
0.0230446
0.0254307
0.0279004
0.0304483
0.0330623
0.0357561
0.0385526
0.0414679
0.0445212
0.0477246
0.0510795
0.0545573
0.058136
0.0617815
0.0654541
0.0691129
0.0727219
0.0762467
0.0796592
0.0829363
0.0860692
0.0890618
0.0919319
0.0947075
0.0974192
0.100096
0.102767
0.105467
0.108229
0.111081
0.11406
0.11718
0.120424
0.123278
7.10332e-10
3.27955e-09
9.34537e-09
2.18731e-08
4.50732e-08
8.47476e-08
1.49273e-07
2.51182e-07
4.085e-07
6.45873e-07
9.94546e-07
1.49117e-06
2.17607e-06
3.09197e-06
4.28425e-06
5.80347e-06
7.71e-06
1.00774e-05
1.29935e-05
1.6554e-05
2.08518e-05
2.59602e-05
3.19148e-05
3.87023e-05
4.62536e-05
5.44606e-05
6.31792e-05
7.22469e-05
8.15092e-05
9.08584e-05
0.00010023
0.000109609
0.000119015
0.000128538
0.00013836
0.000148738
0.000159997
0.00017253
0.000186798
0.000203293
0.000222544
0.000245114
0.000271601
0.000302657
0.000339019
0.000381549
0.000431308
0.00048967
0.000558503
0.000640462
0.000739552
0.000860894
0.00101206
0.00120392
0.00145138
0.00177421
0.00219703
0.00274861
0.00345771
0.00434802
0.0054333
0.00671425
0.00818065
0.00981483
0.0115944
0.0135007
0.0155139
0.0176136
0.0197982
0.0220695
0.0244227
0.0268463
0.029348
0.0319471
0.0346499
0.037461
0.040393
0.0434232
0.0465406
0.049719
0.0529257
0.056131
0.0593107
0.0624403
0.0655002
0.0684758
0.0713637
0.0741704
0.0769119
0.0796106
0.0822905
0.0849737
0.0876836
0.0904461
0.0932854
0.0962222
0.0992816
0.102473
0.105768
0.108667
2.88251e-10
1.32395e-09
3.78805e-09
8.95621e-09
1.8737e-08
3.59028e-08
6.45801e-08
1.10956e-07
1.84169e-07
2.97018e-07
4.66331e-07
7.12956e-07
1.06155e-06
1.54067e-06
2.18338e-06
3.02902e-06
4.12525e-06
5.52975e-06
7.30967e-06
9.53722e-06
1.22822e-05
1.56013e-05
1.95267e-05
2.40577e-05
2.91586e-05
3.47615e-05
4.07713e-05
4.70859e-05
5.35995e-05
6.02249e-05
6.68965e-05
7.35792e-05
8.02848e-05
8.70562e-05
9.40156e-05
0.000101339
0.000109251
0.000118028
0.000127998
0.000139492
0.000152863
0.000168449
0.000186592
0.000207631
0.000231911
0.000259791
0.000291661
0.000327981
0.000369351
0.00041661
0.000471028
0.000534095
0.000608176
0.000696683
0.000804497
0.000938595
0.00110881
0.00132893
0.00161774
0.0019993
0.0025027
0.00315815
0.0039916
0.0050194
0.00624316
0.00765334
0.00923156
0.0109498
0.0127876
0.0147327
0.0167802
0.0189196
0.0211359
0.023426
0.0258003
0.0282597
0.0308092
0.0334356
0.0361344
0.0388894
0.0416773
0.044478
0.0472762
0.0500552
0.0528018
0.055508
0.0581744
0.0608075
0.0634195
0.0660278
0.0686493
0.0713011
0.0740009
0.0767673
0.0796171
0.0825649
0.0856281
0.0888114
0.0920779
0.0949537
1.14329e-10
5.22972e-10
1.5029e-09
3.58832e-09
7.61956e-09
1.48765e-08
2.73057e-08
4.79031e-08
8.11824e-08
1.33643e-07
2.14174e-07
3.34377e-07
5.08889e-07
7.55846e-07
1.09769e-06
1.56228e-06
2.18414e-06
3.00528e-06
4.07448e-06
5.44461e-06
7.16765e-06
9.28758e-06
1.18331e-05
1.4812e-05
1.8208e-05
2.19823e-05
2.60726e-05
3.04115e-05
3.49269e-05
3.95547e-05
4.42438e-05
4.8967e-05
5.37292e-05
5.8559e-05
6.35306e-05
6.87637e-05
7.44107e-05
8.06631e-05
8.774e-05
9.58797e-05
0.000105332
0.000116332
0.000129105
0.000143856
0.000160771
0.000179991
0.000201664
0.000225942
0.000253
0.000283086
0.000316588
0.000353867
0.000395624
0.000442894
0.000497164
0.000560596
0.000636295
0.000728764
0.000844576
0.000993185
0.00118799
0.00144755
0.00179587
0.00226189
0.00287606
0.00366504
0.00464436
0.00581487
0.00716494
0.00867649
0.0103276
0.0121037
0.0139897
0.0159656
0.0180212
0.0201543
0.0223633
0.0246363
0.0269655
0.0293434
0.0317603
0.0342037
0.0366644
0.0391315
0.0415974
0.0440578
0.0465156
0.0489754
0.0514457
0.0539385
0.056466
0.0590414
0.0616777
0.0643874
0.067182
0.0700711
0.0730662
0.0761683
0.0793366
0.0821306
4.43685e-11
2.0251e-10
5.84309e-10
1.40895e-09
3.03667e-09
6.03656e-09
1.13052e-08
2.02555e-08
3.50679e-08
5.8982e-08
9.66098e-08
1.54274e-07
2.40406e-07
3.66068e-07
5.4561e-07
7.97531e-07
1.14527e-06
1.61766e-06
2.24862e-06
3.0754e-06
4.13555e-06
5.46255e-06
7.08086e-06
9.00177e-06
1.12211e-05
1.37183e-05
1.64558e-05
1.93926e-05
2.24788e-05
2.56679e-05
2.8924e-05
3.22253e-05
3.55718e-05
3.89868e-05
4.25176e-05
4.6248e-05
5.02878e-05
5.47716e-05
5.98503e-05
6.56868e-05
7.24491e-05
8.03074e-05
8.94142e-05
9.99041e-05
0.000111886
0.000125449
0.000140653
0.000157545
0.00017614
0.000196482
0.000218666
0.000242713
0.000268796
0.000297216
0.00032842
0.000363078
0.000402175
0.000447158
0.000500159
0.000564269
0.000643964
0.00074574
0.000878927
0.00105669
0.00129714
0.00162358
0.00206367
0.00264584
0.00339538
0.00432978
0.00544788
0.0067369
0.00818122
0.00976019
0.0114532
0.0132411
0.0151147
0.01706
0.0190617
0.0211113
0.0232031
0.0253321
0.0274896
0.0296706
0.0318727
0.0340955
0.0363417
0.0386143
0.0409191
0.0432643
0.0456584
0.0481116
0.0506323
0.0532292
0.0559094
0.0586788
0.061545
0.0645061
0.0675205
0.0701865
1.68819e-11
7.69719e-11
2.23152e-10
5.43511e-10
1.18852e-09
2.40557e-09
4.59735e-09
8.41598e-09
1.48962e-08
2.56269e-08
4.2962e-08
7.02785e-08
1.123e-07
1.75513e-07
2.68687e-07
4.0346e-07
5.94899e-07
8.6188e-07
1.22694e-06
1.71537e-06
2.35341e-06
3.16552e-06
4.17133e-06
5.38268e-06
6.8017e-06
8.41987e-06
1.0216e-05
1.21649e-05
1.42346e-05
1.6395e-05
1.8621e-05
2.08975e-05
2.32227e-05
2.56135e-05
2.81026e-05
3.07474e-05
3.36256e-05
3.68323e-05
4.04741e-05
4.46659e-05
4.95253e-05
5.51682e-05
6.17009e-05
6.92152e-05
7.77832e-05
8.74555e-05
9.82609e-05
0.000110207
0.000123283
0.000137477
0.000152786
0.000169132
0.000186509
0.000204976
0.000224656
0.000245757
0.000268605
0.000293706
0.000321814
0.000354021
0.000391876
0.000437595
0.000494352
0.000566666
0.000660972
0.000786417
0.000955637
0.00118581
0.00149934
0.00192366
0.00248521
0.00320467
0.00409379
0.00515241
0.00637077
0.00773284
0.00921679
0.0107991
0.0124631
0.0141938
0.0159795
0.0178152
0.019693
0.0216077
0.0235575
0.0255447
0.0275698
0.0296349
0.0317454
0.0339078
0.0361286
0.0384146
0.0407724
0.043207
0.0457233
0.0483244
0.0510141
0.0537883
0.0566071
0.059111
6.32093e-12
2.88115e-11
8.39876e-11
2.06674e-10
4.58623e-10
9.45321e-10
1.84435e-09
3.45181e-09
6.25181e-09
1.10131e-08
1.89181e-08
3.17343e-08
5.20377e-08
8.35033e-08
1.31261e-07
2.02305e-07
3.05894e-07
4.53823e-07
6.60464e-07
9.42315e-07
1.31702e-06
1.8018e-06
2.41149e-06
3.15658e-06
4.04177e-06
5.06487e-06
6.21535e-06
7.479e-06
8.83704e-06
1.02706e-05
1.17636e-05
1.33062e-05
1.48975e-05
1.65486e-05
1.82841e-05
2.01426e-05
2.21784e-05
2.44582e-05
2.70575e-05
3.00569e-05
3.35395e-05
3.75863e-05
4.22714e-05
4.76587e-05
5.3798e-05
6.07228e-05
6.84476e-05
7.69686e-05
8.62659e-05
9.63111e-05
0.000107073
0.000118471
0.00013046
0.000143022
0.000156172
0.000169956
0.00018448
0.000199935
0.000216625
0.000234995
0.000255671
0.000279528
0.000307774
0.000342068
0.000384684
0.000438814
0.000508934
0.000601374
0.000725141
0.000892842
0.00112106
0.00142981
0.00184232
0.00238111
0.0030641
0.00390239
0.00489598
0.00603077
0.0072884
0.00865012
0.0100988
0.0116201
0.0132037
0.0148425
0.0165326
0.0182736
0.0200654
0.0219078
0.0238039
0.025758
0.0277758
0.0298606
0.0320174
0.0342507
0.0365639
0.0389582
0.0414344
0.0439878
0.0465817
0.0489005
2.34107e-12
1.06756e-11
3.13119e-11
7.78831e-11
1.7544e-10
3.68375e-10
7.33985e-10
1.40518e-09
2.60591e-09
4.70352e-09
8.28304e-09
1.42504e-08
2.39724e-08
3.94614e-08
6.36064e-08
1.00437e-07
1.55396e-07
2.3556e-07
3.4971e-07
5.08186e-07
7.22364e-07
1.00381e-06
1.36315e-06
1.80875e-06
2.34569e-06
2.9749e-06
3.69209e-06
4.49022e-06
5.35895e-06
6.28746e-06
7.26642e-06
8.29009e-06
9.3586e-06
1.048e-05
1.1672e-05
1.29613e-05
1.43855e-05
1.5991e-05
1.78305e-05
1.99608e-05
2.24403e-05
2.5326e-05
2.86704e-05
3.25185e-05
3.69056e-05
4.18548e-05
4.73754e-05
5.3462e-05
6.00959e-05
6.72495e-05
7.48884e-05
8.29424e-05
9.13616e-05
0.000100111
0.00010917
0.000118541
0.000128257
0.000138393
0.000149084
0.000160536
0.000173039
0.000186999
0.000202961
0.000221646
0.000244
0.000271283
0.000305191
0.000348033
0.000403001
0.000474555
0.000568962
0.000694721
0.00086309
0.00108875
0.00138976
0.0017861
0.00229737
0.00293769
0.00371385
0.00462245
0.00565378
0.00679497
0.00803148
0.00935015
0.0107439
0.0122058
0.0137336
0.0153252
0.016981
0.0187025
0.0204925
0.0223527
0.024286
0.0262946
0.0283807
0.0305446
0.0327843
0.0350953
0.0374458
0.0395645
8.63368e-13
3.94183e-12
1.16402e-11
2.92773e-11
6.69615e-11
1.43248e-10
2.91518e-10
5.70903e-10
1.08397e-09
2.00405e-09
3.61568e-09
6.37305e-09
1.09815e-08
1.8507e-08
3.05159e-08
4.9239e-08
7.77478e-08
1.20109e-07
1.81478e-07
2.68056e-07
3.86878e-07
5.45356e-07
7.5065e-07
1.00891e-06
1.32458e-06
1.69976e-06
2.1334e-06
2.6227e-06
3.1626e-06
3.74762e-06
4.37291e-06
5.03579e-06
5.73727e-06
6.48353e-06
7.28706e-06
8.16674e-06
9.14853e-06
1.02644e-05
1.15508e-05
1.30473e-05
1.4795e-05
1.68341e-05
1.92017e-05
2.19302e-05
2.50448e-05
2.85623e-05
3.24893e-05
3.68219e-05
4.15455e-05
4.6638e-05
5.20701e-05
5.77876e-05
6.37478e-05
6.99157e-05
7.6265e-05
8.27822e-05
8.94734e-05
9.63695e-05
0.000103536
0.000111078
0.000119153
0.000127974
0.000137826
0.000149073
0.000162178
0.000177727
0.000196475
0.000219391
0.000247728
0.000283132
0.00032786
0.000385008
0.000458692
0.000554549
0.000680345
0.000846411
0.00106587
0.00135356
0.00172572
0.00219749
0.00277971
0.00347792
0.00429231
0.00521752
0.00624593
0.00736988
0.0085829
0.00987935
0.0112558
0.0127094
0.0142402
0.0158484
0.0175343
0.0192981
0.0211395
0.0230573
0.0250488
0.0271079
0.0292079
0.0311199
3.19261e-13
1.46071e-12
4.34493e-12
1.10518e-11
2.56597e-11
5.58954e-11
1.1609e-10
2.32336e-10
4.51095e-10
8.52935e-10
1.57361e-09
2.83534e-09
4.99148e-09
8.58788e-09
1.44424e-08
2.37422e-08
3.81501e-08
5.99094e-08
9.19165e-08
1.37738e-07
2.01523e-07
2.878e-07
4.01142e-07
5.45748e-07
7.2501e-07
9.41104e-07
1.19452e-06
1.48461e-06
1.80944e-06
2.1667e-06
2.55438e-06
2.97174e-06
3.42037e-06
3.90509e-06
4.43491e-06
5.02313e-06
5.68757e-06
6.4501e-06
7.33581e-06
8.37215e-06
9.5877e-06
1.10107e-05
1.26676e-05
1.45815e-05
1.6771e-05
1.92483e-05
2.20191e-05
2.50808e-05
2.84235e-05
3.20308e-05
3.58803e-05
3.99326e-05
4.41544e-05
4.85171e-05
5.29968e-05
5.7578e-05
6.22571e-05
6.70464e-05
7.19799e-05
7.71173e-05
8.25487e-05
8.83992e-05
9.48319e-05
0.000102053
0.000110319
0.000119944
0.000131318
0.000144907
0.00016128
0.000181142
0.000205395
0.000235238
0.00027221
0.000318322
0.000376364
0.00045024
0.00054512
0.000667713
0.000826718
0.00103266
0.00129764
0.00163469
0.00205566
0.00257144
0.00318895
0.00391213
0.0047419
0.00567652
0.00671292
0.00784626
0.00907296
0.0103902
0.011795
0.0132848
0.0148575
0.0165103
0.0182389
0.0200368
0.0218807
0.0235814
1.18943e-13
5.45953e-13
1.63631e-12
4.20796e-12
9.90951e-12
2.1951e-11
4.64422e-11
9.4776e-11
1.87697e-10
3.61963e-10
6.80836e-10
1.25004e-09
2.24102e-09
3.9235e-09
6.70865e-09
1.12028e-08
1.82698e-08
2.90941e-08
4.52343e-08
6.86491e-08
1.01676e-07
1.46943e-07
2.07215e-07
2.85168e-07
3.8316e-07
5.02987e-07
6.45602e-07
8.11331e-07
9.99824e-07
1.21048e-06
1.44293e-06
1.69754e-06
1.97609e-06
2.2824e-06
2.62298e-06
3.0071e-06
3.44688e-06
3.95726e-06
4.55542e-06
5.26024e-06
6.0915e-06
7.06891e-06
8.21119e-06
9.53499e-06
1.10538e-05
1.27772e-05
1.47097e-05
1.68505e-05
1.91929e-05
2.17257e-05
2.4433e-05
2.72872e-05
3.02639e-05
3.33415e-05
3.6501e-05
3.97287e-05
4.30187e-05
4.63756e-05
4.98181e-05
5.3382e-05
5.71225e-05
6.11164e-05
6.5464e-05
7.02913e-05
7.57521e-05
8.20325e-05
8.93519e-05
9.79642e-05
0.000108164
0.000120298
0.000134779
0.000152123
0.000172972
0.000198122
0.000228617
0.000265898
0.000311829
0.000368849
0.000440315
0.000530601
0.000645332
0.000791531
0.000977699
0.0012138
0.00151057
0.00187961
0.00233171
0.00287778
0.00352541
0.00427897
0.00514025
0.00610816
0.00717976
0.00835098
0.00961757
0.0109743
0.0124147
0.0139311
0.0155039
0.0169815
4.46814e-14
2.05981e-13
6.22032e-13
1.61607e-12
3.85376e-12
8.66162e-12
1.86178e-11
3.86242e-11
7.77713e-11
1.52449e-10
2.91353e-10
5.43216e-10
9.88311e-10
1.75486e-09
3.04123e-09
5.14438e-09
8.49368e-09
1.36874e-08
2.15268e-08
3.30387e-08
4.94767e-08
7.22903e-08
1.03057e-07
1.43383e-07
1.94775e-07
2.58525e-07
3.3555e-07
4.26475e-07
5.31605e-07
6.51151e-07
7.85489e-07
9.35476e-07
1.10282e-06
1.29049e-06
1.50322e-06
1.74731e-06
2.03102e-06
2.36441e-06
2.75917e-06
3.22813e-06
3.78489e-06
4.44319e-06
5.21614e-06
6.11575e-06
7.15195e-06
8.33198e-06
9.6598e-06
1.11355e-05
1.27552e-05
1.45117e-05
1.63942e-05
1.8384e-05
2.04642e-05
2.26189e-05
2.48345e-05
2.71e-05
2.94098e-05
3.17655e-05
3.41778e-05
3.6669e-05
3.92741e-05
4.20422e-05
4.50377e-05
4.83412e-05
5.20506e-05
5.62818e-05
6.11681e-05
6.68591e-05
7.35229e-05
8.1349e-05
9.05496e-05
0.00010137
0.000114108
0.000129121
0.000146849
0.000167862
0.000192872
0.000222792
0.000258882
0.000302771
0.000356608
0.000423212
0.000506192
0.000610149
0.00074083
0.000905387
0.00111237
0.00137215
0.00169628
0.00209709
0.0025859
0.00317216
0.00386279
0.00466103
0.00556699
0.00657737
0.00768589
0.00888439
0.0101562
0.0113846
1.68495e-14
7.80914e-14
2.37494e-13
6.2255e-13
1.50019e-12
3.41167e-12
7.42712e-12
1.56126e-11
3.18538e-11
6.32533e-11
1.22412e-10
2.31011e-10
4.2523e-10
7.63585e-10
1.33778e-09
2.28686e-09
3.81465e-09
6.20941e-09
9.8634e-09
1.52886e-08
2.31239e-08
3.41279e-08
4.91545e-08
6.91088e-08
9.48876e-08
1.27327e-07
1.67132e-07
2.14894e-07
2.71089e-07
3.3619e-07
4.10813e-07
4.95888e-07
5.92879e-07
7.04099e-07
8.32761e-07
9.83187e-07
1.16092e-06
1.37268e-06
1.62627e-06
1.93037e-06
2.2942e-06
2.72724e-06
3.23866e-06
3.83699e-06
4.52951e-06
5.32177e-06
6.21717e-06
7.21646e-06
8.31762e-06
9.51633e-06
1.08056e-05
1.21735e-05
1.36084e-05
1.50995e-05
1.66371e-05
1.82133e-05
1.98236e-05
2.14684e-05
2.31543e-05
2.48954e-05
2.67146e-05
2.8644e-05
3.07261e-05
3.30143e-05
3.55727e-05
3.84763e-05
4.18097e-05
4.56664e-05
5.01491e-05
5.53682e-05
6.14428e-05
6.85031e-05
7.6698e-05
8.62033e-05
9.72252e-05
0.000110018
0.000124873
0.000142168
0.000162414
0.000186263
0.000214556
0.000248385
0.000289154
0.000338696
0.000399349
0.000474142
0.000566934
0.000682673
0.000827814
0.00101044
0.00124002
0.00152748
0.00188439
0.00232238
0.00285186
0.00347995
0.00421005
0.00504065
0.00596217
0.00689524
6.32196e-15
2.94802e-14
9.02113e-14
2.38192e-13
5.7874e-13
1.32818e-12
2.91965e-12
6.19911e-12
1.27751e-11
2.56193e-11
5.00594e-11
9.53615e-11
1.77153e-10
3.20985e-10
5.67346e-10
9.78372e-10
1.64629e-09
2.70333e-09
4.33217e-09
6.77547e-09
1.03421e-08
1.54077e-08
2.24076e-08
3.18214e-08
4.41521e-08
5.98995e-08
7.95332e-08
1.03496e-07
1.32213e-07
1.66151e-07
2.05913e-07
2.52307e-07
3.0648e-07
3.70022e-07
4.45145e-07
5.34753e-07
6.42504e-07
7.72814e-07
9.30817e-07
1.12226e-06
1.35332e-06
1.63042e-06
1.95992e-06
2.34782e-06
2.79942e-06
3.31892e-06
3.90912e-06
4.57113e-06
5.30426e-06
6.10612e-06
6.97255e-06
7.89607e-06
8.86915e-06
9.88477e-06
1.09363e-05
1.20185e-05
1.31281e-05
1.42651e-05
1.54337e-05
1.66432e-05
1.79087e-05
1.92519e-05
2.07013e-05
2.22926e-05
2.40689e-05
2.60795e-05
2.83799e-05
3.10308e-05
3.4097e-05
3.76467e-05
4.17508e-05
4.64841e-05
5.19276e-05
5.81724e-05
6.5324e-05
7.35073e-05
8.28576e-05
9.35386e-05
0.000105782
0.000119877
0.000136187
0.000155172
0.000177412
0.000203657
0.000234853
0.000272201
0.000317248
0.000371979
0.000438983
0.000521687
0.000624464
0.000752763
0.000913343
0.00111441
0.00136551
0.00167723
0.00205996
0.00252243
0.00306848
0.00366074
2.33379e-15
1.09551e-14
3.36999e-14
8.94674e-14
2.18716e-13
5.05334e-13
1.11884e-12
2.39325e-12
4.96905e-12
1.00396e-11
1.97626e-11
3.79235e-11
7.09638e-11
1.29516e-10
2.30602e-10
4.00626e-10
6.79251e-10
1.12409e-09
1.81592e-09
2.86383e-09
4.40942e-09
6.62894e-09
9.73246e-09
1.39592e-08
1.95713e-08
2.68467e-08
3.60693e-08
4.75305e-08
6.15508e-08
7.85017e-08
9.88241e-08
1.23109e-07
1.52164e-07
1.87083e-07
2.29329e-07
2.80786e-07
3.43805e-07
4.21227e-07
5.16359e-07
6.3293e-07
7.74996e-07
9.4682e-07
1.15271e-06
1.39682e-06
1.68292e-06
2.01416e-06
2.39281e-06
2.8201e-06
3.29609e-06
3.81965e-06
4.3885e-06
4.9983e-06
5.64434e-06
6.32243e-06
7.02824e-06
7.75831e-06
8.51059e-06
9.28519e-06
1.00849e-05
1.0916e-05
1.17887e-05
1.27176e-05
1.37222e-05
1.48266e-05
1.60599e-05
1.74551e-05
1.90492e-05
2.08824e-05
2.29968e-05
2.54358e-05
2.82437e-05
3.14657e-05
3.51489e-05
3.93438e-05
4.4107e-05
4.95047e-05
5.56062e-05
6.24914e-05
7.02719e-05
7.9089e-05
8.91151e-05
0.000100565
0.000113705
0.000128867
0.000146461
0.000167002
0.000191122
0.000219614
0.00025349
0.000294065
0.000343002
0.000402387
0.000474857
0.000563778
0.000673342
0.000808872
0.00097679
0.00118423
0.0014378
0.00172726
8.38397e-16
3.96143e-15
1.22406e-14
3.26329e-14
8.01231e-14
1.86016e-13
4.1403e-13
8.90558e-13
1.85958e-12
3.7787e-12
7.48123e-12
1.44398e-11
2.71805e-11
4.99087e-11
8.94184e-11
1.56358e-10
2.66908e-10
4.44864e-10
7.24079e-10
1.15102e-09
1.78717e-09
2.71074e-09
4.0175e-09
5.82034e-09
8.24716e-09
1.14438e-08
1.55741e-08
2.08133e-08
2.73579e-08
3.54481e-08
4.53874e-08
5.7573e-08
7.25342e-08
9.09744e-08
1.13814e-07
1.42232e-07
1.77693e-07
2.21968e-07
2.77131e-07
3.45538e-07
4.2978e-07
5.32621e-07
6.56902e-07
8.05418e-07
9.80782e-07
1.18527e-06
1.42067e-06
1.68815e-06
1.98814e-06
2.32034e-06
2.68366e-06
3.07577e-06
3.49398e-06
3.93569e-06
4.39848e-06
4.88035e-06
5.38011e-06
5.89799e-06
6.43599e-06
6.99842e-06
7.5923e-06
8.22763e-06
8.91758e-06
9.67866e-06
1.05304e-05
1.14951e-05
1.25977e-05
1.38651e-05
1.53251e-05
1.70061e-05
1.89365e-05
2.11448e-05
2.36597e-05
2.65109e-05
2.97306e-05
3.33556e-05
3.74233e-05
4.19779e-05
4.70784e-05
5.27971e-05
5.92235e-05
6.64672e-05
7.46621e-05
8.39684e-05
9.45802e-05
0.000106728
0.000120694
0.000136814
0.000155509
0.000177279
0.000202737
0.000232639
0.000267901
0.00030967
0.000359353
0.000418723
0.000490007
0.000575877
0.000679001
0.000795567
2.90306e-16
1.37985e-15
4.27967e-15
1.14469e-14
2.81962e-14
6.56895e-14
1.46768e-13
3.16977e-13
6.6471e-13
1.3567e-12
2.69844e-12
5.23349e-12
9.90099e-12
1.8277e-11
3.29309e-11
5.79298e-11
9.95222e-11
1.67017e-10
2.73845e-10
4.38752e-10
6.87016e-10
1.05154e-09
1.57369e-09
2.30403e-09
3.30334e-09
4.64306e-09
6.40607e-09
8.68818e-09
1.16042e-08
1.52983e-08
1.9956e-08
2.58208e-08
3.32148e-08
4.25627e-08
5.4417e-08
6.94819e-08
8.86349e-08
1.1294e-07
1.43654e-07
1.82214e-07
2.30225e-07
2.89421e-07
3.61613e-07
4.48621e-07
5.52194e-07
6.73922e-07
8.15135e-07
9.76821e-07
1.15955e-06
1.36342e-06
1.58809e-06
1.83245e-06
2.09511e-06
2.37469e-06
2.66992e-06
2.97975e-06
3.30369e-06
3.64202e-06
3.99634e-06
4.36968e-06
4.76687e-06
5.1947e-06
5.6621e-06
6.18034e-06
6.76257e-06
7.42392e-06
8.18118e-06
9.0524e-06
1.00562e-05
1.12113e-05
1.25365e-05
1.40503e-05
1.57709e-05
1.77165e-05
1.99067e-05
2.2363e-05
2.51065e-05
2.81624e-05
3.15659e-05
3.53561e-05
3.95821e-05
4.43037e-05
4.95923e-05
5.55315e-05
6.22195e-05
6.97683e-05
7.83078e-05
8.79884e-05
9.89831e-05
0.000111491
0.000125737
0.000141992
0.000160562
0.000181804
0.000206131
0.000234032
0.000266099
0.000303018
0.000345355
0.000390896
9.61791e-17
4.59333e-16
1.42894e-15
3.83164e-15
9.46084e-15
2.2098e-14
4.95133e-14
1.07268e-13
2.25701e-13
4.62328e-13
9.23121e-13
1.79783e-12
3.41664e-12
6.33809e-12
1.14809e-11
2.03139e-11
3.51197e-11
5.93425e-11
9.80262e-11
1.58338e-10
2.50147e-10
3.86647e-10
5.84978e-10
8.66709e-10
1.25844e-09
1.79286e-09
2.51015e-09
3.45933e-09
4.70229e-09
6.3182e-09
8.4112e-09
1.11193e-08
1.46256e-08
1.91713e-08
2.50705e-08
3.27244e-08
4.26348e-08
5.54138e-08
7.179e-08
9.26081e-08
1.18823e-07
1.5148e-07
1.91689e-07
2.4059e-07
2.99307e-07
3.68902e-07
4.50315e-07
5.44306e-07
6.51415e-07
7.71923e-07
9.05842e-07
1.05279e-06
1.21213e-06
1.38328e-06
1.56567e-06
1.7589e-06
1.96286e-06
2.17799e-06
2.40549e-06
2.64755e-06
2.90749e-06
3.18996e-06
3.50101e-06
3.84808e-06
4.24016e-06
4.68747e-06
5.20129e-06
5.79372e-06
6.47727e-06
7.26454e-06
8.16806e-06
9.20012e-06
1.03726e-05
1.16972e-05
1.31864e-05
1.48535e-05
1.67111e-05
1.87741e-05
2.10635e-05
2.36039e-05
2.64224e-05
2.9553e-05
3.30355e-05
3.69155e-05
4.12448e-05
4.608e-05
5.14829e-05
5.75214e-05
6.42653e-05
7.17909e-05
8.01787e-05
8.95132e-05
9.98848e-05
0.000111381
0.000124091
0.000138114
0.00015355
0.000170489
0.000188921
0.000207616
3.03295e-17
1.45332e-16
4.53168e-16
1.21749e-15
3.01157e-15
7.04803e-15
1.58274e-14
3.43759e-14
7.2533e-14
1.4904e-13
2.98615e-13
5.83805e-13
1.1142e-12
2.07668e-12
3.78163e-12
6.73085e-12
1.17141e-11
1.9941e-11
3.32135e-11
5.41377e-11
8.63772e-11
1.34944e-10
2.06524e-10
3.09834e-10
4.56034e-10
6.59421e-10
9.38399e-10
1.31632e-09
1.824e-09
2.50209e-09
3.4048e-09
4.60497e-09
6.19998e-09
8.3189e-09
1.11305e-08
1.48514e-08
1.97543e-08
2.61751e-08
3.4517e-08
4.52539e-08
5.89279e-08
7.61412e-08
9.75444e-08
1.23819e-07
1.55658e-07
1.93734e-07
2.38673e-07
2.91018e-07
3.51204e-07
4.19536e-07
4.96176e-07
5.81092e-07
6.74083e-07
7.7499e-07
8.83665e-07
1.00005e-06
1.12429e-06
1.25684e-06
1.39866e-06
1.55129e-06
1.71704e-06
1.89906e-06
2.10141e-06
2.32908e-06
2.58805e-06
2.88517e-06
3.228e-06
3.62458e-06
4.08337e-06
4.6129e-06
5.22159e-06
5.91775e-06
6.70935e-06
7.60421e-06
8.61051e-06
9.73694e-06
1.09914e-05
1.23832e-05
1.39253e-05
1.5633e-05
1.7523e-05
1.96146e-05
2.19308e-05
2.4497e-05
2.73407e-05
3.0491e-05
3.39769e-05
3.78276e-05
4.207e-05
4.67285e-05
5.18243e-05
5.73728e-05
6.33838e-05
6.98575e-05
7.67845e-05
8.41477e-05
9.19169e-05
0.00010004
0.000108404
0.000116403
9.07075e-18
4.35238e-17
1.3596e-16
3.6575e-16
9.05766e-16
2.1229e-15
4.77606e-15
1.0396e-14
2.19912e-14
4.53201e-14
9.11122e-14
1.78838e-13
3.42939e-13
6.42721e-13
1.17766e-12
2.11042e-12
3.70026e-12
6.34987e-12
1.06686e-11
1.7555e-11
2.83006e-11
4.47175e-11
6.92949e-11
1.05391e-10
1.57473e-10
2.31498e-10
3.35443e-10
4.79831e-10
6.7896e-10
9.52294e-10
1.32627e-09
1.83685e-09
2.53261e-09
3.47851e-09
4.76009e-09
6.48805e-09
8.80296e-09
1.18794e-08
1.59298e-08
2.12068e-08
2.8003e-08
3.66481e-08
4.7505e-08
6.09619e-08
7.74226e-08
9.72924e-08
1.20963e-07
1.48795e-07
1.81104e-07
2.18144e-07
2.60102e-07
3.07086e-07
3.59102e-07
4.1619e-07
4.78403e-07
5.45857e-07
6.18787e-07
6.97627e-07
7.83108e-07
8.76336e-07
9.7889e-07
1.09288e-06
1.22102e-06
1.36661e-06
1.53359e-06
1.7265e-06
1.95034e-06
2.2105e-06
2.51262e-06
2.86247e-06
3.26578e-06
3.72815e-06
4.25505e-06
4.85187e-06
5.52413e-06
6.27775e-06
7.11788e-06
8.05074e-06
9.08455e-06
1.02288e-05
1.1494e-05
1.28919e-05
1.44356e-05
1.61393e-05
1.80178e-05
2.00853e-05
2.2355e-05
2.48375e-05
2.75403e-05
3.04661e-05
3.36128e-05
3.6971e-05
4.05242e-05
4.42464e-05
4.81028e-05
5.20491e-05
5.6029e-05
5.9973e-05
6.37895e-05
6.71996e-05
2.57313e-18
1.23116e-17
3.8465e-17
1.03679e-16
2.57435e-16
6.04741e-16
1.36333e-15
2.97395e-15
6.30675e-15
1.30364e-14
2.63044e-14
5.18537e-14
9.99217e-14
1.88303e-13
3.47173e-13
6.26476e-13
1.1069e-12
1.91574e-12
3.24903e-12
5.40173e-12
8.80789e-12
1.40931e-11
2.21435e-11
3.41961e-11
5.19594e-11
7.77974e-11
1.14993e-10
1.6803e-10
2.43171e-10
3.49131e-10
4.97992e-10
7.06418e-10
9.97184e-10
1.40104e-09
1.95884e-09
2.72401e-09
3.76501e-09
5.16787e-09
7.03862e-09
9.50472e-09
1.27156e-08
1.68426e-08
2.20775e-08
2.86297e-08
3.67222e-08
4.65852e-08
5.84496e-08
7.25382e-08
8.90586e-08
1.08195e-07
1.30106e-07
1.54922e-07
1.82724e-07
2.1362e-07
2.47734e-07
2.85232e-07
3.26354e-07
3.71466e-07
4.21112e-07
4.76069e-07
5.37403e-07
6.06511e-07
6.85166e-07
7.75533e-07
8.80177e-07
1.00205e-06
1.14444e-06
1.31089e-06
1.50518e-06
1.73116e-06
1.99273e-06
2.29372e-06
2.63791e-06
3.02904e-06
3.47092e-06
3.96765e-06
4.52281e-06
5.14063e-06
5.82651e-06
6.58645e-06
7.42716e-06
8.35582e-06
9.38005e-06
1.05078e-05
1.17466e-05
1.31031e-05
1.45823e-05
1.61865e-05
1.79143e-05
1.97604e-05
2.17141e-05
2.37591e-05
2.58727e-05
2.80251e-05
3.01801e-05
3.22943e-05
3.43176e-05
3.61954e-05
3.78682e-05
3.92247e-05
6.90594e-19
3.29885e-18
1.03088e-17
2.78251e-17
6.91848e-17
1.62759e-16
3.67554e-16
8.03463e-16
1.70827e-15
3.54221e-15
7.17448e-15
1.42069e-14
2.75209e-14
5.2177e-14
9.68588e-14
1.7613e-13
3.13873e-13
5.48406e-13
9.39893e-13
1.58088e-12
2.61096e-12
4.2371e-12
6.76168e-12
1.06214e-11
1.64415e-11
2.51169e-11
3.79306e-11
5.66923e-11
8.39894e-11
1.23496e-10
1.804e-10
2.61956e-10
3.78199e-10
5.42823e-10
7.74224e-10
1.09669e-09
1.54171e-09
2.14934e-09
2.96955e-09
4.06305e-09
5.50205e-09
7.37067e-09
9.76474e-09
1.2791e-08
1.65657e-08
2.1212e-08
2.68576e-08
3.36309e-08
4.16581e-08
5.10591e-08
6.19473e-08
7.44317e-08
8.85987e-08
1.04556e-07
1.22428e-07
1.42368e-07
1.64579e-07
1.89341e-07
2.1704e-07
2.48207e-07
2.83542e-07
3.23956e-07
3.70585e-07
4.24816e-07
4.88289e-07
5.62896e-07
6.50758e-07
7.5419e-07
8.75662e-07
1.01774e-06
1.18305e-06
1.3742e-06
1.59381e-06
1.8445e-06
2.12895e-06
2.45003e-06
2.81027e-06
3.21256e-06
3.66056e-06
4.15819e-06
4.7097e-06
5.31952e-06
5.99216e-06
6.73187e-06
7.5424e-06
8.42649e-06
9.38504e-06
1.04166e-05
1.15168e-05
1.26775e-05
1.38869e-05
1.51284e-05
1.63807e-05
1.76179e-05
1.88099e-05
1.99229e-05
2.09204e-05
2.17642e-05
2.24184e-05
2.28549e-05
1.75076e-19
8.34663e-19
2.60867e-18
7.0473e-18
1.75426e-17
4.13315e-17
9.35184e-17
2.04922e-16
4.36987e-16
9.09415e-16
1.85001e-15
3.68235e-15
7.1763e-15
1.36999e-14
2.56313e-14
4.70182e-14
8.46094e-14
1.49435e-13
2.59182e-13
4.41707e-13
7.40142e-13
1.2203e-12
1.98136e-12
3.17136e-12
5.00923e-12
7.8183e-12
1.20748e-11
1.84701e-11
2.80135e-11
4.21653e-11
6.30197e-11
9.35466e-11
1.37905e-10
2.01833e-10
2.93124e-10
4.22179e-10
6.02643e-10
8.5211e-10
1.19277e-09
1.65191e-09
2.26243e-09
3.06332e-09
4.09976e-09
5.42304e-09
7.09019e-09
9.16337e-09
1.17088e-08
1.47958e-08
1.84953e-08
2.28786e-08
2.80179e-08
3.39885e-08
4.08574e-08
4.87078e-08
5.76358e-08
6.77582e-08
7.9225e-08
9.22329e-08
1.07044e-07
1.24003e-07
1.43559e-07
1.66285e-07
1.92893e-07
2.24248e-07
2.61375e-07
3.05462e-07
3.57848e-07
4.2001e-07
4.93539e-07
5.80113e-07
6.81466e-07
7.99368e-07
9.35611e-07
1.09202e-06
1.27049e-06
1.47302e-06
1.70142e-06
1.95774e-06
2.24442e-06
2.56408e-06
2.91941e-06
3.31317e-06
3.74796e-06
4.22606e-06
4.74916e-06
5.31798e-06
5.93173e-06
6.58766e-06
7.28069e-06
8.0031e-06
8.74403e-06
9.48947e-06
1.02224e-05
1.09229e-05
1.15686e-05
1.21352e-05
1.2598e-05
1.29329e-05
1.31209e-05
1.31692e-05
4.19565e-20
1.99577e-19
6.23773e-19
1.6864e-18
4.20354e-18
9.92206e-18
2.25037e-17
4.94581e-17
1.0585e-16
2.21242e-16
4.52391e-16
9.05912e-16
1.77782e-15
3.42106e-15
6.45816e-15
1.19661e-14
2.17734e-14
3.89301e-14
6.8438e-14
1.18369e-13
2.01563e-13
3.38178e-13
5.59511e-13
9.13693e-13
1.47408e-12
2.35193e-12
3.71514e-12
5.81338e-12
9.01828e-12
1.38765e-11
2.11835e-11
3.20824e-11
4.81929e-11
7.17763e-11
1.05938e-10
1.54869e-10
2.24128e-10
3.20975e-10
4.54706e-10
6.36865e-10
8.81588e-10
1.20588e-09
1.62979e-09
2.17653e-09
2.87248e-09
3.74705e-09
4.83257e-09
6.16393e-09
7.77835e-09
9.71484e-09
1.20149e-08
1.47246e-08
1.78881e-08
2.15604e-08
2.58058e-08
3.07034e-08
3.63524e-08
4.28807e-08
5.04544e-08
5.92886e-08
6.96592e-08
8.19138e-08
9.64836e-08
1.13892e-07
1.34762e-07
1.59816e-07
1.89878e-07
2.25866e-07
2.6878e-07
3.1969e-07
3.79721e-07
4.50041e-07
5.31856e-07
6.2641e-07
7.35014e-07
8.59065e-07
9.99837e-07
1.15877e-06
1.33752e-06
1.53785e-06
1.76146e-06
2.01009e-06
2.28521e-06
2.588e-06
2.9191e-06
3.27828e-06
3.66421e-06
4.07409e-06
4.50335e-06
4.94551e-06
5.39195e-06
5.83188e-06
6.25263e-06
6.63985e-06
6.97797e-06
7.25097e-06
7.4434e-06
7.54143e-06
7.53612e-06
7.44646e-06
9.52761e-21
4.52268e-20
1.41367e-19
3.82554e-19
9.55179e-19
2.25993e-18
5.14106e-18
1.13404e-17
2.43776e-17
5.12188e-17
1.05372e-16
2.12503e-16
4.20409e-16
8.16388e-16
1.55692e-15
2.91757e-15
5.37534e-15
9.74302e-15
1.73846e-14
3.05569e-14
5.29445e-14
9.04916e-14
1.52683e-13
2.54507e-13
4.19411e-13
6.83796e-13
1.10372e-12
1.76435e-12
2.79458e-12
4.38687e-12
6.8252e-12
1.05228e-11
1.6072e-11
2.43095e-11
3.6397e-11
5.39203e-11
7.90075e-11
1.14467e-10
1.63945e-10
2.32053e-10
3.24498e-10
4.48253e-10
6.11687e-10
8.24667e-10
1.09866e-09
1.44677e-09
1.88379e-09
2.42615e-09
3.09196e-09
3.90099e-09
4.87524e-09
6.03999e-09
7.42129e-09
9.05165e-09
1.09701e-08
1.32245e-08
1.58752e-08
1.8999e-08
2.26948e-08
2.70895e-08
3.23445e-08
3.86623e-08
4.62934e-08
5.55427e-08
6.67739e-08
8.04131e-08
9.69495e-08
1.16934e-07
1.40976e-07
1.69736e-07
2.03925e-07
2.4429e-07
2.91618e-07
3.46738e-07
4.10531e-07
4.83944e-07
5.6786e-07
6.63267e-07
7.71287e-07
8.93059e-07
1.02973e-06
1.18234e-06
1.35172e-06
1.53847e-06
1.74271e-06
1.96395e-06
2.20083e-06
2.45096e-06
2.71072e-06
2.9751e-06
3.23775e-06
3.49098e-06
3.72592e-06
3.93284e-06
4.10161e-06
4.22227e-06
4.28603e-06
4.28563e-06
4.21806e-06
4.10201e-06
2.05891e-21
9.76083e-21
3.05204e-20
8.27002e-20
2.0694e-19
4.91073e-19
1.12129e-18
2.48447e-18
5.36877e-18
1.1349e-17
2.35124e-17
4.77974e-17
9.54168e-17
1.87166e-16
3.60953e-16
6.84766e-16
1.27868e-15
2.35173e-15
4.26279e-15
7.61998e-15
1.34409e-14
2.34081e-14
4.02728e-14
6.84864e-14
1.1517e-13
1.91604e-13
3.15467e-13
5.14108e-13
8.29534e-13
1.32535e-12
2.09659e-12
3.28319e-12
5.08814e-12
7.80138e-12
1.18301e-11
1.77361e-11
2.62822e-11
3.84864e-11
5.56869e-11
7.96034e-11
1.12404e-10
1.56768e-10
2.15971e-10
2.93965e-10
3.95426e-10
5.25814e-10
6.91437e-10
8.99517e-10
1.15828e-09
1.47706e-09
1.86654e-09
2.33952e-09
2.90987e-09
3.59515e-09
4.41683e-09
5.40157e-09
6.58297e-09
8.00397e-09
9.71959e-09
1.18003e-08
1.43355e-08
1.74373e-08
2.12445e-08
2.59265e-08
3.16867e-08
3.87653e-08
4.74408e-08
5.80309e-08
7.08916e-08
8.64164e-08
1.05034e-07
1.27206e-07
1.53426e-07
1.84224e-07
2.20171e-07
2.61888e-07
3.09963e-07
3.65058e-07
4.27905e-07
4.99242e-07
5.79817e-07
6.70239e-07
7.70992e-07
8.82347e-07
1.00425e-06
1.13617e-06
1.27701e-06
1.42494e-06
1.5773e-06
1.73056e-06
1.88031e-06
2.02135e-06
2.14782e-06
2.25354e-06
2.33233e-06
2.37848e-06
2.38719e-06
2.35536e-06
2.28305e-06
2.18425e-06
4.2567e-22
2.01899e-21
6.31993e-21
1.71556e-20
4.3042e-20
1.02501e-19
2.35066e-19
5.2353e-19
1.13807e-18
2.4222e-18
5.05698e-18
1.03693e-17
2.09003e-17
4.14361e-17
8.08496e-17
1.55345e-16
2.94103e-16
5.48963e-16
1.01084e-15
1.83717e-15
3.29718e-15
5.84579e-15
1.02425e-14
1.77413e-14
3.03863e-14
5.14705e-14
8.62341e-14
1.42912e-13
2.34315e-13
3.80085e-13
6.09914e-13
9.68038e-13
1.51936e-12
2.35755e-12
3.61564e-12
5.4794e-12
8.20383e-12
1.21329e-11
1.77234e-11
2.55737e-11
3.64518e-11
5.13225e-11
7.13846e-11
9.81068e-11
1.33265e-10
1.78978e-10
2.3776e-10
3.12572e-10
4.06891e-10
5.24783e-10
6.71076e-10
8.51707e-10
1.07342e-09
1.34489e-09
1.67694e-09
2.08317e-09
2.58087e-09
3.19225e-09
3.94586e-09
4.87831e-09
6.03606e-09
7.47756e-09
9.27547e-09
1.15189e-08
1.43157e-08
1.77942e-08
2.21051e-08
2.74224e-08
3.39441e-08
4.18926e-08
5.15143e-08
6.308e-08
7.68849e-08
9.32502e-08
1.12528e-07
1.35106e-07
1.6136e-07
1.91708e-07
2.26612e-07
2.66542e-07
3.11963e-07
3.63231e-07
4.20615e-07
4.84239e-07
5.53992e-07
6.29457e-07
7.09822e-07
7.93811e-07
8.79628e-07
9.64926e-07
1.04684e-06
1.12205e-06
1.18694e-06
1.23783e-06
1.27119e-06
1.28399e-06
1.27397e-06
1.24016e-06
1.18366e-06
1.11358e-06
8.45514e-23
4.02221e-22
1.26174e-21
3.43304e-21
8.63964e-21
2.06558e-20
4.75969e-20
1.06599e-19
2.33213e-19
4.99935e-19
1.05214e-18
2.17662e-18
4.43009e-18
8.87678e-18
1.75211e-17
3.40858e-17
6.53937e-17
1.23789e-16
2.31323e-16
4.26898e-16
7.7828e-16
1.40204e-15
2.4962e-15
4.39307e-15
7.64287e-15
1.31445e-14
2.23475e-14
3.75589e-14
6.24094e-14
1.02528e-13
1.66517e-13
2.67331e-13
4.24167e-13
6.65036e-13
1.03016e-12
1.57634e-12
2.3824e-12
3.55596e-12
5.24173e-12
7.63108e-12
1.09741e-11
1.55926e-11
2.18922e-11
3.03767e-11
4.16681e-11
5.65288e-11
7.58855e-11
1.00859e-10
1.32806e-10
1.73362e-10
2.2453e-10
2.88836e-10
3.69268e-10
4.69725e-10
5.95182e-10
7.52004e-10
9.48369e-10
1.19484e-09
1.50509e-09
1.89671e-09
2.39214e-09
3.01975e-09
3.81501e-09
4.82177e-09
6.09353e-09
7.69462e-09
9.70146e-09
1.22035e-08
1.53039e-08
1.91206e-08
2.37868e-08
2.94514e-08
3.62799e-08
4.44554e-08
5.4182e-08
6.56866e-08
7.9194e-08
9.49562e-08
1.13247e-07
1.3435e-07
1.58528e-07
1.86001e-07
2.16919e-07
2.51326e-07
2.89121e-07
3.30014e-07
3.73469e-07
4.18669e-07
4.64481e-07
5.09458e-07
5.5186e-07
5.89732e-07
6.20996e-07
6.43597e-07
6.55683e-07
6.55789e-07
6.43068e-07
6.17502e-07
5.8018e-07
5.36469e-07
1.61641e-23
7.73349e-23
2.43388e-22
6.64113e-22
1.67694e-21
4.02573e-21
9.32168e-21
2.09938e-20
4.62172e-20
9.97637e-20
2.11563e-19
4.41324e-19
9.06361e-19
1.83384e-18
3.65749e-18
7.1944e-18
1.3964e-17
2.67565e-17
5.06308e-17
9.46428e-17
1.74797e-16
3.19005e-16
5.7532e-16
1.0254e-15
1.80608e-15
3.14352e-15
5.4062e-15
9.1868e-15
1.54274e-14
2.56028e-14
4.19888e-14
6.80436e-14
1.08943e-13
1.72316e-13
2.69225e-13
4.1545e-13
6.33138e-13
9.52903e-13
1.41634e-12
2.07916e-12
3.01512e-12
4.32076e-12
6.12007e-12
8.57085e-12
1.18718e-11
1.62709e-11
2.20782e-11
2.968e-11
3.95561e-11
5.23045e-11
6.8677e-11
8.96456e-11
1.16402e-10
1.50526e-10
1.94073e-10
2.49728e-10
3.20997e-10
4.12439e-10
5.29985e-10
6.8132e-10
8.76324e-10
1.12758e-09
1.45095e-09
1.86623e-09
2.39776e-09
3.07518e-09
3.93412e-09
5.01683e-09
6.3729e-09
8.05988e-09
1.01439e-08
1.27004e-08
1.58149e-08
1.95835e-08
2.41152e-08
2.95329e-08
3.59605e-08
4.35372e-08
5.24175e-08
6.2755e-08
7.46924e-08
8.83494e-08
1.03806e-07
1.21083e-07
1.40114e-07
1.60712e-07
1.82557e-07
2.0517e-07
2.27898e-07
2.49923e-07
2.70281e-07
2.8791e-07
3.0171e-07
3.1064e-07
3.13829e-07
3.10691e-07
3.01004e-07
2.85004e-07
2.63525e-07
2.39344e-07
2.97029e-24
1.43292e-23
4.52811e-23
1.23921e-22
3.13864e-22
7.56125e-22
1.75784e-21
3.97653e-21
8.79692e-21
1.90894e-20
4.07134e-20
8.54519e-20
1.76658e-19
3.59962e-19
7.23324e-19
1.4341e-18
2.80662e-18
5.42392e-18
1.03536e-17
1.95256e-17
3.63829e-17
6.69846e-17
1.21853e-16
2.19021e-16
3.88955e-16
6.8242e-16
1.18277e-15
2.02511e-15
3.42595e-15
5.72693e-15
9.45923e-15
1.54367e-14
2.48878e-14
3.96379e-14
6.2357e-14
9.68901e-14
1.48694e-13
2.25381e-13
3.37427e-13
4.99046e-13
7.29295e-13
1.05341e-12
1.50444e-12
2.12539e-12
2.97173e-12
4.11483e-12
5.64554e-12
7.68006e-12
1.03677e-11
1.38998e-11
1.85239e-11
2.45677e-11
3.24465e-11
4.27196e-11
5.61291e-11
7.36618e-11
9.66264e-11
1.2676e-10
1.66318e-10
2.18251e-10
2.86393e-10
3.75673e-10
4.92367e-10
6.44376e-10
8.41541e-10
1.09598e-09
1.42244e-09
1.83871e-09
2.36597e-09
3.02922e-09
3.85778e-09
4.88567e-09
6.15224e-09
7.70261e-09
9.58864e-09
1.18699e-08
1.46076e-08
1.78711e-08
2.17371e-08
2.62811e-08
3.15743e-08
3.76757e-08
4.46239e-08
5.24253e-08
6.1041e-08
7.03731e-08
8.02533e-08
9.04299e-08
1.00567e-07
1.10251e-07
1.19004e-07
1.26311e-07
1.31662e-07
1.34597e-07
1.34765e-07
1.31975e-07
1.26237e-07
1.17786e-07
1.07129e-07
9.54869e-08
5.18606e-25
2.52636e-24
8.00994e-24
2.19422e-23
5.55857e-23
1.33903e-22
3.11251e-22
7.03992e-22
1.55725e-21
3.37948e-21
7.20989e-21
1.51416e-20
3.13321e-20
6.39258e-20
1.2867e-19
2.55627e-19
5.01468e-19
9.71686e-19
1.86018e-18
3.51876e-18
6.57718e-18
1.21476e-17
2.21677e-17
3.99697e-17
7.12067e-17
1.25334e-16
2.17947e-16
3.74453e-16
6.35772e-16
1.06683e-15
1.76919e-15
2.89944e-15
4.69548e-15
7.51309e-15
1.18767e-14
1.85488e-14
2.86196e-14
4.36257e-14
6.57041e-14
9.77921e-14
1.43874e-13
2.09308e-13
3.01246e-13
4.29175e-13
6.0563e-13
8.4716e-13
1.17554e-12
1.61947e-12
2.21662e-12
3.01702e-12
4.08719e-12
5.51712e-12
7.42474e-12
9.97156e-12
1.33758e-11
1.79337e-11
2.40425e-11
3.22366e-11
4.32301e-11
5.79479e-11
7.76124e-11
1.03814e-10
1.386e-10
1.8458e-10
2.45044e-10
3.24104e-10
4.26839e-10
5.59465e-10
7.29526e-10
9.46091e-10
1.21999e-09
1.56406e-09
1.99345e-09
2.52588e-09
3.18205e-09
3.98623e-09
4.96383e-09
6.14413e-09
7.55888e-09
9.24001e-09
1.12175e-08
1.35162e-08
1.61518e-08
1.9126e-08
2.24202e-08
2.59903e-08
2.97605e-08
3.36208e-08
3.74266e-08
4.10021e-08
4.41482e-08
4.66567e-08
4.83296e-08
4.90017e-08
4.85636e-08
4.69811e-08
4.43082e-08
4.06897e-08
3.63649e-08
3.17606e-08
8.05898e-26
3.9683e-25
1.25428e-24
3.40529e-24
8.52757e-24
2.02836e-23
4.65378e-23
1.03916e-22
2.2706e-22
4.87137e-22
1.02836e-21
2.13904e-21
4.38797e-21
8.88305e-21
1.77555e-20
3.50562e-20
6.83931e-20
1.31883e-19
2.51398e-19
4.73739e-19
8.82445e-19
1.62467e-18
2.95621e-18
5.31625e-18
9.44901e-18
1.65996e-17
2.88244e-17
4.94776e-17
8.39731e-17
1.40929e-16
2.33877e-16
3.83759e-16
6.22531e-16
9.98375e-16
1.58284e-15
2.48023e-15
3.84085e-15
5.87838e-15
8.89328e-15
1.33027e-14
1.96808e-14
2.88125e-14
4.17664e-14
5.99898e-14
8.54461e-14
1.20789e-13
1.69623e-13
2.36841e-13
3.29122e-13
4.55544e-13
6.28555e-13
8.65349e-13
1.1892e-12
1.63254e-12
2.24004e-12
3.07361e-12
4.21756e-12
5.78707e-12
7.93712e-12
1.08755e-11
1.4876e-11
2.02995e-11
2.76186e-11
3.74443e-11
5.05592e-11
6.79574e-11
9.08879e-11
1.20909e-10
1.59947e-10
2.10366e-10
2.75052e-10
3.57506e-10
4.61945e-10
5.93418e-10
7.57931e-10
9.62696e-10
1.21543e-09
1.52511e-09
1.9015e-09
2.35453e-09
2.8935e-09
3.52608e-09
4.25698e-09
5.08629e-09
6.00757e-09
7.00597e-09
8.05659e-09
9.12368e-09
1.01611e-08
1.11142e-08
1.19223e-08
1.25248e-08
1.28675e-08
1.291e-08
1.26324e-08
1.20401e-08
1.11647e-08
1.00651e-08
8.81587e-09
7.52352e-09
7.0437e-27
3.72121e-26
1.18948e-25
3.21189e-25
7.93464e-25
1.85379e-24
4.16933e-24
9.12102e-24
1.95311e-23
4.1097e-23
8.51818e-23
1.74172e-22
3.51645e-22
7.0142e-22
1.38292e-21
2.69602e-21
5.19854e-21
9.91652e-21
1.87142e-20
3.4935e-20
6.44982e-20
1.17751e-19
2.12551e-19
3.79361e-19
6.6957e-19
1.16892e-18
2.01888e-18
3.44971e-18
5.83334e-18
9.76271e-18
1.61712e-17
2.65077e-17
4.29935e-17
6.89906e-17
1.09508e-16
1.71881e-16
2.66748e-16
4.09369e-16
6.21361e-16
9.33126e-16
1.38722e-15
2.04291e-15
2.98249e-15
4.3204e-15
6.21534e-15
8.88868e-15
1.26491e-14
1.79296e-14
2.53388e-14
3.57343e-14
5.03213e-14
7.07951e-14
9.9522e-14
1.39862e-13
1.96526e-13
2.76146e-13
3.88032e-13
5.45096e-13
7.64882e-13
1.07126e-12
1.49654e-12
2.08421e-12
2.89146e-12
3.99388e-12
5.49024e-12
7.50845e-12
1.02126e-11
1.38118e-11
1.85702e-11
2.48204e-11
3.29779e-11
4.35603e-11
5.72067e-11
7.47013e-11
9.69972e-11
1.25265e-10
1.60785e-10
2.05067e-10
2.59782e-10
3.26631e-10
4.0721e-10
5.02819e-10
6.14206e-10
7.41274e-10
8.82736e-10
1.03579e-09
1.19589e-09
1.35659e-09
1.50979e-09
1.64614e-09
1.75574e-09
1.8292e-09
1.85889e-09
1.84019e-09
1.7724e-09
1.65918e-09
1.50864e-09
1.33152e-09
1.14039e-09
9.49384e-10
1.62263e-28
1.20555e-27
4.07839e-27
1.09961e-26
2.65168e-26
6.00193e-26
1.30691e-25
2.77427e-25
5.7838e-25
1.1893e-24
2.41727e-24
4.86147e-24
9.67934e-24
1.90829e-23
3.72599e-23
7.20609e-23
1.38056e-22
2.62013e-22
4.92534e-22
9.16762e-22
1.689e-21
3.07957e-21
5.55587e-21
9.91945e-21
1.75314e-20
3.06806e-20
5.31873e-20
9.13233e-20
1.55345e-19
2.6181e-19
4.37064e-19
7.22574e-19
1.18273e-18
1.91668e-18
3.07393e-18
4.87781e-18
7.65824e-18
1.18985e-17
1.82998e-17
2.78739e-17
4.20798e-17
6.30135e-17
9.36891e-17
1.38457e-16
2.03589e-16
2.98179e-16
4.35413e-16
6.34463e-16
9.23319e-16
1.34255e-15
1.95139e-15
2.83529e-15
4.11771e-15
5.97827e-15
8.67562e-15
1.25817e-14
1.82297e-14
2.63779e-14
3.80855e-14
5.48317e-14
7.86644e-14
1.12394e-13
1.59855e-13
2.26247e-13
3.18537e-13
4.45954e-13
6.20704e-13
8.58805e-13
1.18112e-12
1.61468e-12
2.19432e-12
2.96468e-12
3.98235e-12
5.31843e-12
7.06083e-12
9.31862e-12
1.22134e-11
1.58879e-11
2.04989e-11
2.62061e-11
3.31552e-11
4.14558e-11
5.11557e-11
6.22099e-11
7.44501e-11
8.75597e-11
1.01058e-10
1.14305e-10
1.26528e-10
1.3688e-10
1.44528e-10
1.48755e-10
1.49071e-10
1.45296e-10
1.37617e-10
1.26579e-10
1.12976e-10
9.78214e-11
8.21737e-11
6.70854e-11
)
;

boundaryField
{
    AXIS
    {
        type            empty;
    }
    OUTLET
    {
        type            zeroGradient;
    }
    COFLOW
    {
        type            fixedValue;
        value           uniform 0;
    }
    PILOT
    {
        type            fixedValue;
        value           uniform 0.261;
    }
    FUEL
    {
        type            fixedValue;
        value           uniform 0;
    }
    WALL
    {
        type            zeroGradient;
    }
    front
    {
        type            wedge;
    }
    back
    {
        type            wedge;
    }
}


// ************************************************************************* //
