/*--------------------------------*- C++ -*----------------------------------*\
  =========                 |
  \\      /  F ield         | OpenFOAM: The Open Source CFD Toolbox
   \\    /   O peration     | Website:  https://openfoam.org
    \\  /    A nd           | Version:  6
     \\/     M anipulation  |
\*---------------------------------------------------------------------------*/
FoamFile
{
    version     2.0;
    format      ascii;
    class       volScalarField;
    location    "0.1";
    object      Z;
}
// * * * * * * * * * * * * * * * * * * * * * * * * * * * * * * * * * * * * * //

dimensions      [0 0 0 0 0 0 0];

internalField   nonuniform List<scalar> 
8000
(
0.0138565
0.0208309
0.0438271
0.107991
0.1634
0.118928
0.0683676
0.039722
0.0256133
0.0192723
0.0169715
0.0169587
0.0185346
0.0230752
0.0234502
0.0242169
0.0416698
0.17688
0.0612023
0.0402938
0.0414362
0.0541354
0.079785
0.116565
0.154109
0.180742
0.189688
0.190367
0.194427
0.251146
0.20212
0.144165
0.113501
0.0952537
0.0837302
0.0760805
0.0723918
0.0744171
0.0861308
0.0998721
0.0910957
0.0876344
0.0924339
0.10357
0.119029
0.137629
0.157682
0.179655
0.206062
0.250877
0.27478
0.243918
0.235454
0.233451
0.234182
0.236395
0.238508
0.238946
0.236862
0.232342
0.225712
0.21725
0.207343
0.196827
0.185996
0.176487
0.169684
0.165996
0.160647
0.15774
0.157708
0.149162
0.149723
0.147184
0.147962
0.152609
0.152502
0.154459
0.157962
0.1591
0.155331
0.154484
0.15027
0.145683
0.140003
0.132908
0.127479
0.122184
0.119456
0.109608
0.102986
0.097565
0.0937983
0.0910028
0.0849936
0.0819153
0.0799513
0.0784918
0.078217
0.0737506
0.0138169
0.0210397
0.0457832
0.115165
0.18262
0.119366
0.0654022
0.0380781
0.0248064
0.0190247
0.017099
0.0174044
0.019775
0.0323549
0.0309123
0.026191
0.0292778
0.0408388
0.04466
0.0453294
0.0459266
0.0574884
0.0827073
0.119199
0.156776
0.184147
0.191385
0.190209
0.190312
0.198445
0.168236
0.136076
0.112306
0.0972829
0.0882801
0.0817661
0.0779824
0.0794
0.0914774
0.127539
0.0997317
0.0918024
0.0956717
0.106565
0.121798
0.140227
0.159623
0.18005
0.202272
0.227707
0.236741
0.236198
0.235198
0.2343
0.234846
0.236713
0.238436
0.238482
0.236158
0.231638
0.225105
0.216713
0.206849
0.196396
0.185606
0.176114
0.169345
0.165793
0.160487
0.157398
0.15512
0.148864
0.149681
0.147004
0.147813
0.15256
0.152324
0.154333
0.157773
0.159188
0.155219
0.154478
0.150147
0.145597
0.140045
0.132839
0.127409
0.122128
0.118048
0.109531
0.102946
0.0975209
0.0937625
0.0909915
0.0849519
0.0818852
0.0799228
0.0784636
0.0782187
0.0737209
0.014099
0.0230271
0.0550523
0.158111
0.128785
0.0867946
0.0514492
0.0373842
0.0263127
0.0194241
0.0179391
0.0179833
0.0210576
0.0586624
0.0587692
0.0346611
0.0277845
0.0313253
0.0652515
0.114312
0.0650178
0.0660893
0.089244
0.124763
0.161829
0.192516
0.194899
0.190026
0.184815
0.176292
0.154702
0.131489
0.11312
0.102112
0.0984565
0.0958714
0.090758
0.0906427
0.0945295
0.100251
0.0960809
0.096224
0.101738
0.112662
0.127555
0.145669
0.163977
0.182016
0.199647
0.215875
0.227026
0.235962
0.238638
0.236513
0.235981
0.237084
0.238136
0.23748
0.2347
0.230173
0.223856
0.215579
0.20579
0.195473
0.184745
0.175309
0.168603
0.165315
0.160165
0.156705
0.153828
0.148323
0.14959
0.1466
0.147493
0.152456
0.151929
0.154062
0.157368
0.15938
0.154964
0.154468
0.149863
0.145427
0.140132
0.132685
0.127256
0.122008
0.117202
0.109385
0.102858
0.0974246
0.0936854
0.0909679
0.0848601
0.0818192
0.0798604
0.0784017
0.0782227
0.0736554
0.0146616
0.0273456
0.0792738
0.102733
0.0848081
0.0601705
0.0376123
0.025746
0.0197865
0.0171175
0.0166068
0.0172304
0.0194247
0.0528425
0.167052
0.0426996
0.0261842
0.027594
0.0478192
0.0591283
0.0552149
0.0681182
0.0965227
0.132247
0.167039
0.208415
0.198396
0.189512
0.180727
0.167862
0.149984
0.131498
0.116712
0.108538
0.111155
0.126331
0.109357
0.112922
0.10635
0.106142
0.104138
0.106578
0.111548
0.121373
0.135506
0.153303
0.170424
0.185987
0.200394
0.213532
0.225114
0.238132
0.246748
0.238737
0.236615
0.23698
0.237474
0.236014
0.232636
0.228096
0.222148
0.213957
0.204247
0.194117
0.183469
0.174108
0.167489
0.164488
0.159767
0.155764
0.153159
0.147572
0.147705
0.145959
0.147018
0.150778
0.151324
0.153657
0.156776
0.157557
0.154556
0.154467
0.149397
0.145215
0.1392
0.132438
0.127024
0.121831
0.116561
0.109179
0.102725
0.09728
0.0933534
0.0902196
0.0847176
0.0817195
0.0797658
0.0783078
0.0774905
0.073553
0.0147036
0.0392718
0.311262
0.125546
0.0683381
0.0437411
0.0278001
0.0204217
0.0171986
0.016214
0.0168355
0.0179167
0.0183698
0.0356128
0.0459547
0.0296158
0.0237893
0.0254176
0.0355713
0.0434931
0.0521484
0.0743892
0.108567
0.142827
0.170911
0.193888
0.193593
0.187504
0.17875
0.165922
0.150737
0.135565
0.123182
0.115355
0.113441
0.112202
0.108803
0.110291
0.115772
0.126711
0.119217
0.122617
0.12501
0.131708
0.144537
0.162254
0.17821
0.190913
0.202823
0.215148
0.224607
0.23529
0.239537
0.236954
0.235836
0.236109
0.236442
0.234197
0.230059
0.225487
0.220161
0.211935
0.202289
0.192359
0.181818
0.172549
0.166037
0.163183
0.159414
0.154645
0.151536
0.146596
0.146099
0.145143
0.146408
0.149357
0.150565
0.153132
0.156031
0.156255
0.154042
0.154489
0.148721
0.145009
0.138511
0.13212
0.126713
0.121601
0.115911
0.10892
0.10255
0.0970896
0.0930264
0.0896134
0.0845357
0.081587
0.0796398
0.0781838
0.0769088
0.0734234
0.014695
0.0377947
0.158401
0.0811627
0.0458776
0.031094
0.0221285
0.0188028
0.0165572
0.016026
0.0163019
0.0169201
0.017708
0.025308
0.0285272
0.0251245
0.0282372
0.0271729
0.0324709
0.0402771
0.0570872
0.086947
0.128878
0.158239
0.175142
0.190277
0.190819
0.186655
0.179811
0.168128
0.155474
0.143127
0.132886
0.125198
0.120705
0.117114
0.115303
0.117904
0.124494
0.131796
0.13191
0.141019
0.144076
0.142014
0.153037
0.171206
0.186719
0.195143
0.204384
0.218641
0.223667
0.232682
0.239689
0.235743
0.23447
0.234576
0.235006
0.232249
0.227025
0.222383
0.218063
0.209587
0.199989
0.190202
0.179866
0.170674
0.164273
0.161333
0.157514
0.153375
0.150119
0.145426
0.144604
0.144176
0.145685
0.148056
0.149681
0.152491
0.155167
0.155255
0.153439
0.153623
0.147829
0.143686
0.137948
0.131735
0.126325
0.121319
0.115302
0.108612
0.102332
0.0968563
0.092692
0.0891111
0.0843188
0.0814225
0.079483
0.0780309
0.0764344
0.07327
0.0140988
0.0275161
0.0666982
0.0464433
0.0297088
0.0238544
0.0222278
0.0213002
0.0175957
0.0167161
0.0168793
0.0176952
0.0189405
0.0216508
0.0230621
0.0229343
0.0252561
0.0274356
0.032533
0.0440692
0.0733367
0.102095
0.132954
0.158042
0.177318
0.19306
0.191076
0.187221
0.184555
0.173029
0.163534
0.153576
0.145809
0.139094
0.134748
0.130991
0.128591
0.130816
0.136415
0.14657
0.151134
0.143997
0.143196
0.148039
0.159279
0.177534
0.197338
0.197377
0.203727
0.212554
0.219731
0.228284
0.236684
0.233649
0.232421
0.232408
0.232873
0.230649
0.223551
0.218787
0.215915
0.206997
0.197372
0.187596
0.177785
0.1685
0.16224
0.159102
0.155821
0.152053
0.148826
0.144079
0.14312
0.143072
0.144867
0.14679
0.148693
0.151733
0.15422
0.154443
0.152759
0.152135
0.146764
0.142505
0.137464
0.131286
0.125859
0.120992
0.1147
0.108256
0.102073
0.0965831
0.0923403
0.0885323
0.0840672
0.0812269
0.0792959
0.0778499
0.0760261
0.0730951
0.0162295
0.0224836
0.0359128
0.027694
0.0217613
0.0197858
0.020784
0.0183661
0.0171571
0.017388
0.0183722
0.0195395
0.020955
0.0217629
0.0221657
0.0232379
0.0262261
0.0301301
0.0366419
0.0501786
0.0758963
0.120573
0.14372
0.163488
0.181916
0.192384
0.190345
0.18808
0.184302
0.176923
0.174769
0.165676
0.16129
0.156168
0.153012
0.151037
0.146541
0.146628
0.150835
0.152814
0.149379
0.146411
0.147957
0.15414
0.164009
0.177808
0.188877
0.195149
0.201914
0.209004
0.215908
0.223487
0.232478
0.230726
0.22967
0.229629
0.22984
0.225851
0.21939
0.214685
0.213376
0.204384
0.194561
0.184445
0.174754
0.166042
0.159988
0.156629
0.154187
0.150762
0.147691
0.14256
0.141598
0.141841
0.143995
0.145503
0.147619
0.150836
0.153245
0.153468
0.152006
0.150855
0.145589
0.141401
0.137031
0.130779
0.125319
0.120262
0.114083
0.107856
0.101773
0.096273
0.0919677
0.0879808
0.0837863
0.0810012
0.0790793
0.0776413
0.0756606
0.0728999
0.0142659
0.0178584
0.0235057
0.0209275
0.0179845
0.017206
0.017464
0.0170055
0.0172062
0.0181876
0.019378
0.0220989
0.0269968
0.0263103
0.0260652
0.0267889
0.0334321
0.0375358
0.0466307
0.0605031
0.0843944
0.113682
0.139025
0.162509
0.189098
0.19798
0.19146
0.189364
0.189236
0.180741
0.176927
0.175143
0.178327
0.17552
0.169913
0.167683
0.166766
0.162912
0.166664
0.164841
0.156163
0.152896
0.15505
0.160948
0.168615
0.178333
0.186744
0.194162
0.200729
0.20673
0.21258
0.218756
0.224388
0.227017
0.226517
0.226255
0.226688
0.221677
0.214931
0.210126
0.208867
0.20037
0.190067
0.180916
0.171655
0.163403
0.157561
0.153974
0.152608
0.148133
0.144793
0.140846
0.140015
0.140492
0.142414
0.144154
0.146467
0.149749
0.152341
0.151873
0.151207
0.149772
0.14434
0.140309
0.136235
0.130161
0.124704
0.119506
0.113448
0.107412
0.101433
0.0959291
0.0914853
0.0874551
0.0834785
0.0807461
0.0788338
0.0774055
0.0753241
0.0726849
0.0134914
0.0154156
0.0175975
0.0173892
0.0161072
0.016003
0.0164396
0.0168478
0.0182381
0.0208992
0.02178
0.0255487
0.0423926
0.0521218
0.0342866
0.032662
0.0368328
0.0475548
0.0644462
0.080378
0.104242
0.119647
0.140325
0.16183
0.181388
0.193246
0.190708
0.189139
0.187253
0.183624
0.181882
0.183634
0.195262
0.19896
0.188209
0.183525
0.180144
0.178442
0.175741
0.171959
0.164988
0.161566
0.1634
0.168489
0.173865
0.180432
0.187043
0.194397
0.20054
0.205258
0.209672
0.21432
0.218382
0.222171
0.222086
0.222264
0.224073
0.217973
0.210194
0.205187
0.202582
0.195102
0.185463
0.176688
0.168478
0.160668
0.154996
0.151167
0.150148
0.145569
0.142076
0.139008
0.138367
0.13904
0.14081
0.142741
0.145271
0.148462
0.150794
0.150333
0.149542
0.147817
0.143028
0.139191
0.134918
0.129477
0.124018
0.118722
0.11279
0.106927
0.101054
0.0955546
0.0909901
0.0869431
0.0831456
0.0804626
0.0785602
0.0771434
0.0750066
0.0724506
0.0133958
0.0148872
0.0164761
0.0160689
0.015743
0.015928
0.0166024
0.017685
0.0190525
0.0211998
0.0251307
0.0321899
0.0717456
0.0814305
0.0487124
0.0407931
0.0433729
0.0538413
0.0728094
0.0910165
0.108345
0.126316
0.14589
0.162778
0.177943
0.189004
0.191345
0.189719
0.189266
0.188435
0.187661
0.189647
0.195125
0.194814
0.192405
0.199521
0.19312
0.196637
0.186964
0.184515
0.175448
0.171008
0.172009
0.176365
0.179733
0.183373
0.188125
0.194607
0.201571
0.204216
0.206935
0.210187
0.213362
0.217333
0.218169
0.217766
0.218587
0.212133
0.205049
0.199967
0.196312
0.190365
0.180905
0.172341
0.16409
0.156736
0.152307
0.148249
0.146448
0.143146
0.139503
0.137087
0.136654
0.137497
0.139201
0.141267
0.143769
0.146856
0.149343
0.148886
0.147877
0.146004
0.141682
0.138035
0.133634
0.128729
0.123266
0.1179
0.112109
0.106413
0.100636
0.0951522
0.0904784
0.0864364
0.082789
0.0801515
0.0782594
0.0768568
0.0746173
0.0721967
0.0137512
0.015478
0.0162125
0.016739
0.0174069
0.0181778
0.0181675
0.020109
0.0218252
0.023101
0.0267943
0.0347235
0.0638782
0.118283
0.0614474
0.0463962
0.0459304
0.0571867
0.0880246
0.109677
0.116901
0.135155
0.156977
0.165821
0.176962
0.189933
0.195785
0.190993
0.19361
0.195021
0.193783
0.194153
0.196158
0.195897
0.195383
0.196926
0.196406
0.198232
0.194044
0.189085
0.183878
0.179762
0.179866
0.183801
0.186106
0.186235
0.189106
0.193227
0.197581
0.202633
0.204262
0.206477
0.209111
0.21208
0.213025
0.212825
0.211964
0.206183
0.199752
0.194473
0.190111
0.185221
0.17635
0.1679
0.159731
0.152739
0.149663
0.145365
0.142917
0.140017
0.136996
0.135107
0.134882
0.135875
0.137576
0.139735
0.142196
0.14513
0.147947
0.147118
0.146224
0.144329
0.140313
0.136839
0.132376
0.12792
0.122456
0.117036
0.111405
0.10558
0.100179
0.094735
0.089947
0.0859287
0.0824101
0.0798139
0.0779321
0.0765486
0.0742322
0.0719239
0.0140546
0.0149445
0.0158771
0.0176455
0.0195039
0.0200999
0.0208494
0.0233701
0.0251826
0.0288298
0.0341249
0.0438908
0.066859
0.100458
0.0642549
0.0495095
0.0497388
0.0614551
0.0872098
0.107996
0.123896
0.144288
0.166529
0.168745
0.176709
0.184855
0.188784
0.188989
0.200259
0.196406
0.199397
0.197253
0.198453
0.198672
0.197765
0.198178
0.19883
0.199303
0.196303
0.194216
0.193531
0.188805
0.186321
0.189662
0.193217
0.188181
0.189433
0.190888
0.194166
0.198864
0.199354
0.200999
0.203264
0.206613
0.207966
0.20785
0.205884
0.200739
0.194374
0.188774
0.184018
0.179531
0.17195
0.163283
0.155617
0.148715
0.146059
0.14177
0.139555
0.136992
0.134546
0.133085
0.133057
0.134183
0.13593
0.138149
0.140586
0.143355
0.146609
0.145349
0.144568
0.142794
0.138925
0.135609
0.131116
0.127049
0.121597
0.116128
0.110679
0.104714
0.0997024
0.0941081
0.0893911
0.0854155
0.0820101
0.0794504
0.0775793
0.076142
0.0738437
0.0716325
0.0141678
0.0160797
0.0172449
0.0221666
0.0299392
0.027404
0.0277254
0.0337362
0.0399954
0.063735
0.0506279
0.0629804
0.0720707
0.09894
0.0688007
0.0540688
0.0572229
0.0730704
0.0964728
0.116437
0.131406
0.155144
0.169084
0.169121
0.174795
0.180886
0.185187
0.186043
0.191209
0.192762
0.19619
0.196631
0.199602
0.203638
0.200303
0.200588
0.201829
0.202665
0.200903
0.195354
0.192586
0.190434
0.19028
0.193018
0.194746
0.187694
0.186289
0.186668
0.190293
0.194519
0.193748
0.19555
0.197553
0.201485
0.201676
0.201422
0.199498
0.19468
0.18896
0.183015
0.177998
0.173155
0.166876
0.158429
0.150775
0.144654
0.141687
0.138137
0.136345
0.13412
0.132149
0.131034
0.131185
0.132431
0.134261
0.136513
0.138942
0.141542
0.144575
0.143586
0.1429
0.141107
0.137515
0.134379
0.129834
0.126128
0.120714
0.115174
0.10992
0.103826
0.098822
0.0934507
0.0888134
0.0848932
0.0815899
0.0790621
0.0772021
0.0757254
0.0734495
0.0713231
0.0174921
0.0184814
0.0223141
0.0355123
0.105206
0.0533073
0.0455591
0.053695
0.0685051
0.0678579
0.0696548
0.0679974
0.0737048
0.0911911
0.0765038
0.0603666
0.0674162
0.084977
0.0996471
0.124284
0.138271
0.152303
0.163951
0.16607
0.173058
0.17916
0.185368
0.182956
0.185318
0.188733
0.192798
0.194326
0.197381
0.198208
0.201377
0.203085
0.204519
0.210956
0.201804
0.195362
0.193136
0.193013
0.1932
0.19462
0.190781
0.18487
0.182341
0.182015
0.185525
0.190702
0.188127
0.190211
0.191931
0.194797
0.19449
0.195128
0.192916
0.18815
0.183676
0.177256
0.172135
0.167002
0.160618
0.153422
0.146141
0.140608
0.137451
0.134586
0.133354
0.131379
0.129798
0.128962
0.129272
0.130626
0.132572
0.134831
0.137272
0.139701
0.142585
0.141815
0.141217
0.139447
0.136088
0.132921
0.128513
0.124903
0.119592
0.114172
0.109129
0.102922
0.0979472
0.0927828
0.0882146
0.0843592
0.0811505
0.0786496
0.0768013
0.0752989
0.0730482
0.0709959
0.0417903
0.0273737
0.0331572
0.0634842
0.106543
0.0701401
0.0671988
0.0853596
0.0815176
0.0783107
0.0791959
0.0841517
0.0826446
0.0856173
0.0749401
0.0703348
0.0761192
0.0872847
0.103055
0.121614
0.14226
0.15148
0.155629
0.163096
0.172806
0.180065
0.179584
0.177887
0.179548
0.184484
0.189808
0.19252
0.190267
0.190946
0.194582
0.205529
0.206292
0.201171
0.197018
0.195302
0.194253
0.195966
0.196191
0.192346
0.186916
0.180457
0.17747
0.17598
0.1785
0.182624
0.181096
0.184
0.185291
0.187069
0.186223
0.186689
0.185177
0.180856
0.176715
0.169928
0.165462
0.160069
0.153499
0.147502
0.140915
0.135803
0.132635
0.13045
0.129551
0.128228
0.127037
0.126471
0.126944
0.128412
0.130563
0.132773
0.135277
0.137489
0.139994
0.139729
0.139184
0.137511
0.13437
0.131131
0.126886
0.123391
0.118206
0.112921
0.108123
0.10187
0.0967508
0.0919698
0.0874742
0.0837042
0.0806033
0.0781287
0.0762955
0.0747764
0.0725584
0.0705841
0.0795383
0.0430049
0.0466601
0.0637423
0.0798215
0.0726479
0.0865764
0.102263
0.0949334
0.0930863
0.100495
0.0982175
0.099469
0.0910011
0.0869593
0.0808163
0.0873908
0.100731
0.114678
0.125927
0.13622
0.143557
0.149997
0.159528
0.171727
0.173502
0.173359
0.172456
0.173341
0.17609
0.179549
0.1804
0.181428
0.183603
0.186257
0.190122
0.190782
0.191447
0.194503
0.193882
0.194484
0.198924
0.196122
0.188393
0.180718
0.174444
0.170242
0.16819
0.169405
0.17149
0.172727
0.177166
0.177844
0.179429
0.177182
0.177452
0.177083
0.171894
0.166742
0.161659
0.157141
0.151481
0.145653
0.141018
0.135327
0.130371
0.127412
0.125864
0.12533
0.124786
0.123924
0.123589
0.124209
0.125783
0.127913
0.130317
0.132765
0.134773
0.136977
0.137
0.13681
0.135305
0.132387
0.129057
0.124933
0.121368
0.116548
0.111396
0.106668
0.100431
0.0953394
0.090822
0.0865812
0.0829175
0.0799365
0.0774843
0.0756706
0.0741514
0.0719736
0.070076
0.0947735
0.0613692
0.0598634
0.0643359
0.0721271
0.0782157
0.0937257
0.101571
0.100205
0.104391
0.120409
0.11045
0.104434
0.102342
0.0952364
0.0991115
0.101379
0.112098
0.13064
0.136431
0.139431
0.142225
0.147445
0.156666
0.163633
0.164079
0.163262
0.164057
0.16373
0.168738
0.172292
0.174244
0.17427
0.180192
0.18008
0.179512
0.18087
0.183151
0.187434
0.190203
0.189252
0.190197
0.188313
0.183231
0.175364
0.168004
0.162752
0.160032
0.160342
0.161823
0.164497
0.168493
0.168829
0.169864
0.168104
0.168471
0.168184
0.16256
0.157413
0.152836
0.148145
0.14312
0.138281
0.134763
0.130438
0.125087
0.122456
0.12144
0.121412
0.121587
0.120867
0.120715
0.121435
0.123095
0.125214
0.127806
0.130126
0.132036
0.134002
0.13433
0.134251
0.133071
0.130462
0.126873
0.122905
0.119288
0.114824
0.109794
0.105068
0.099101
0.0939299
0.0896717
0.0856552
0.0820967
0.0792311
0.0767986
0.0750073
0.0735029
0.0713661
0.0695365
0.0985438
0.0792891
0.072095
0.0694742
0.074851
0.0846182
0.0945425
0.0991181
0.101779
0.10894
0.120986
0.123209
0.115654
0.112246
0.109152
0.1099
0.116352
0.123523
0.1291
0.133698
0.138551
0.143581
0.146936
0.153938
0.157866
0.15699
0.156058
0.154836
0.152966
0.156589
0.158588
0.15854
0.162461
0.168798
0.166552
0.168222
0.17314
0.17489
0.178607
0.181358
0.182535
0.184159
0.179976
0.17472
0.169837
0.161314
0.155385
0.151743
0.151639
0.152997
0.156236
0.159623
0.16039
0.160094
0.159187
0.158813
0.15772
0.152981
0.148439
0.14426
0.139749
0.135636
0.131279
0.12871
0.124062
0.119891
0.117721
0.117161
0.117377
0.117793
0.117895
0.117868
0.118634
0.120366
0.122506
0.125256
0.127486
0.129261
0.131056
0.131792
0.131687
0.130778
0.128116
0.124697
0.120809
0.117181
0.113038
0.108116
0.103335
0.0973988
0.0925088
0.0885157
0.0845978
0.0812405
0.0784796
0.0760728
0.0743078
0.0728277
0.0707336
0.0689667
0.0995038
0.0915057
0.0830128
0.078128
0.081949
0.0892683
0.0942429
0.0976548
0.10203
0.109729
0.120673
0.127683
0.125824
0.126185
0.12145
0.124219
0.128953
0.131181
0.132636
0.133209
0.135733
0.13823
0.139476
0.14495
0.148775
0.150323
0.152236
0.147763
0.143501
0.146344
0.144353
0.144803
0.148517
0.151461
0.154923
0.158363
0.164026
0.167224
0.170562
0.173804
0.175542
0.174562
0.170846
0.166221
0.158914
0.151875
0.14647
0.143277
0.143388
0.144694
0.148469
0.150481
0.151124
0.150913
0.150906
0.149405
0.147856
0.144407
0.140137
0.136162
0.131855
0.128139
0.124538
0.122147
0.118236
0.114881
0.113184
0.11302
0.11346
0.114131
0.114628
0.115056
0.115812
0.117608
0.119784
0.122654
0.124956
0.126452
0.128127
0.128966
0.129096
0.128419
0.125821
0.122288
0.118649
0.115041
0.111197
0.106367
0.101535
0.095737
0.0910786
0.0873529
0.0835186
0.0802823
0.0776845
0.0753087
0.073574
0.0721213
0.0700743
0.0683677
0.0997419
0.0968214
0.0909655
0.0865195
0.0882522
0.0914808
0.0933184
0.0959374
0.100595
0.10811
0.119054
0.128569
0.135609
0.136599
0.134731
0.142486
0.144295
0.140811
0.138286
0.134449
0.132867
0.131274
0.133062
0.137877
0.142229
0.146064
0.142878
0.138096
0.134134
0.133582
0.133088
0.134792
0.137372
0.140303
0.14479
0.150664
0.156383
0.159911
0.163593
0.167012
0.169403
0.166458
0.161754
0.155602
0.148252
0.142461
0.138214
0.134952
0.135082
0.136709
0.139693
0.140986
0.141703
0.142488
0.141747
0.140325
0.138551
0.135673
0.132344
0.128521
0.124464
0.121016
0.118077
0.11585
0.113044
0.110083
0.108831
0.109011
0.109693
0.110637
0.111416
0.112012
0.112972
0.114833
0.117047
0.119906
0.121968
0.12361
0.125208
0.12601
0.126468
0.126005
0.123212
0.119846
0.116437
0.112862
0.109097
0.104593
0.0997386
0.0940971
0.0896366
0.0860065
0.0823681
0.079295
0.0767269
0.0745086
0.0728082
0.0713848
0.0693878
0.0677407
0.0997438
0.0982038
0.0948594
0.091663
0.0912012
0.090659
0.09003
0.0917526
0.0961823
0.103261
0.113838
0.127911
0.136536
0.14442
0.142004
0.151436
0.149851
0.141153
0.139776
0.133153
0.133108
0.126847
0.12771
0.132247
0.137133
0.137799
0.135691
0.132282
0.1274
0.125347
0.125675
0.129652
0.131922
0.133386
0.138171
0.145612
0.152303
0.154489
0.157636
0.160821
0.16289
0.15822
0.152056
0.145188
0.138042
0.133095
0.128877
0.12676
0.127134
0.128989
0.13175
0.131992
0.132718
0.13382
0.133217
0.131668
0.129861
0.127321
0.125261
0.121298
0.117528
0.114395
0.111932
0.109971
0.107641
0.10547
0.104648
0.10513
0.106055
0.107289
0.10838
0.109001
0.110126
0.112052
0.114297
0.117067
0.119022
0.120752
0.122297
0.123089
0.123856
0.123602
0.120524
0.117369
0.114187
0.11064
0.106966
0.102549
0.0977551
0.0924495
0.0881821
0.0846602
0.0812009
0.0782801
0.075776
0.0736769
0.0720125
0.0705562
0.068675
0.0670721
0.0996118
0.0978943
0.095202
0.0924821
0.0899224
0.0862059
0.0836211
0.0847157
0.0890911
0.0957841
0.105177
0.117793
0.128317
0.135439
0.139058
0.144102
0.142133
0.135136
0.132089
0.127097
0.122671
0.120012
0.123435
0.125335
0.129182
0.12981
0.131048
0.126963
0.123056
0.120228
0.120158
0.123027
0.125036
0.127906
0.13327
0.140166
0.145828
0.149419
0.152215
0.153269
0.152143
0.147146
0.142531
0.135356
0.12832
0.12429
0.12044
0.118898
0.119526
0.121495
0.123878
0.123466
0.124204
0.125271
0.124727
0.123411
0.121698
0.119469
0.117392
0.114512
0.111002
0.10822
0.106122
0.104494
0.102539
0.101064
0.100631
0.101376
0.102532
0.103864
0.105126
0.106022
0.107287
0.109271
0.111539
0.114203
0.116127
0.117888
0.119391
0.120185
0.120958
0.120942
0.11789
0.114859
0.11191
0.108376
0.104807
0.10043
0.0958026
0.0907893
0.0867153
0.0833107
0.0800189
0.0772395
0.0748191
0.0728166
0.071189
0.0697227
0.0679384
0.0663786
0.0993216
0.0965781
0.0928799
0.0892879
0.0846042
0.0784853
0.0748001
0.0759468
0.0808471
0.0875763
0.095826
0.105917
0.11645
0.124095
0.130175
0.132939
0.134349
0.127155
0.123373
0.118758
0.113839
0.1128
0.1151
0.118076
0.120576
0.121981
0.122659
0.121862
0.12184
0.116971
0.115453
0.118264
0.121955
0.123622
0.129524
0.135704
0.141477
0.144887
0.147162
0.145258
0.141449
0.136465
0.131754
0.126344
0.119076
0.114956
0.112823
0.111363
0.11241
0.114237
0.115437
0.115283
0.116094
0.117073
0.116877
0.115581
0.114008
0.11207
0.109984
0.107605
0.104852
0.102463
0.100651
0.0995539
0.0977875
0.0968815
0.0967742
0.0977478
0.0991129
0.100574
0.101938
0.103093
0.104463
0.106499
0.108779
0.111342
0.113264
0.115027
0.116491
0.117289
0.118004
0.117953
0.115346
0.112318
0.109551
0.106071
0.102551
0.0982951
0.0938805
0.0891171
0.0852372
0.0819558
0.0788238
0.0761752
0.073849
0.0719299
0.0703399
0.0688782
0.0671803
0.065661
0.0987497
0.0941014
0.0881679
0.0826695
0.0759707
0.0684521
0.0646844
0.066727
0.0727094
0.0800405
0.087681
0.0958979
0.10487
0.111943
0.11776
0.119911
0.117416
0.113457
0.115725
0.109066
0.10614
0.106122
0.107976
0.111236
0.112764
0.114347
0.115815
0.117924
0.117498
0.113094
0.111128
0.112197
0.114697
0.118796
0.126161
0.131871
0.136808
0.139204
0.139625
0.13595
0.130711
0.126427
0.120925
0.115743
0.110487
0.106201
0.104486
0.104072
0.10508
0.107401
0.107251
0.10751
0.108393
0.109319
0.109162
0.108163
0.106757
0.105083
0.103149
0.101105
0.0990922
0.0971135
0.0955067
0.0946455
0.0933098
0.0928087
0.0930681
0.0942419
0.0957863
0.0974169
0.098878
0.10013
0.101659
0.103739
0.106022
0.108497
0.110426
0.112171
0.113596
0.114395
0.115044
0.114915
0.112502
0.109739
0.107187
0.103729
0.100276
0.0961563
0.0919131
0.0874346
0.0837502
0.0805945
0.077617
0.0750895
0.0728628
0.0710191
0.069467
0.068019
0.0664027
0.0649201
0.097615
0.0897923
0.0806387
0.0729137
0.0648611
0.0571807
0.0543053
0.0577783
0.0652206
0.0735602
0.0811715
0.0881958
0.0953486
0.101028
0.105218
0.105623
0.103925
0.102306
0.102886
0.10047
0.099662
0.100366
0.101902
0.103816
0.105764
0.108115
0.11002
0.113866
0.114817
0.109248
0.107919
0.107305
0.10987
0.114356
0.120822
0.126612
0.131262
0.133602
0.130296
0.125034
0.119859
0.115022
0.110289
0.105514
0.101209
0.0979235
0.0966625
0.0974682
0.0979892
0.0998187
0.0996294
0.100188
0.101114
0.102003
0.101848
0.101157
0.0999304
0.0984875
0.0970822
0.0951265
0.0937059
0.092377
0.0906852
0.0899269
0.0890748
0.0889478
0.0895107
0.0908559
0.0925352
0.0943566
0.0959418
0.0972364
0.098882
0.100996
0.103272
0.105671
0.107609
0.109323
0.110706
0.1115
0.112078
0.111815
0.109675
0.107132
0.104614
0.101356
0.0979838
0.0940286
0.0898794
0.0857432
0.0822572
0.0792265
0.0764004
0.0739848
0.0718599
0.070086
0.0685722
0.067144
0.0656077
0.0641566
0.0953116
0.0825282
0.0696175
0.0602438
0.0521899
0.0457199
0.044399
0.0493946
0.05829
0.0678587
0.0759052
0.0823608
0.0880776
0.0923463
0.0950961
0.0951493
0.0944395
0.0941046
0.0944781
0.0940604
0.0944431
0.0955178
0.096614
0.0977895
0.0990782
0.102062
0.105603
0.105966
0.107766
0.104156
0.101596
0.10252
0.105683
0.110061
0.115398
0.119938
0.123814
0.125958
0.12011
0.114592
0.109282
0.104444
0.100227
0.0960094
0.0930493
0.0902304
0.0893943
0.090534
0.0912369
0.092653
0.0926205
0.0933299
0.0942645
0.0951134
0.0950427
0.0945801
0.0935175
0.0922679
0.0911488
0.0895655
0.0886484
0.0876599
0.086135
0.0855245
0.0850744
0.0852806
0.086097
0.0875862
0.0893537
0.0912332
0.0931366
0.0944077
0.0961375
0.0982735
0.100535
0.102866
0.10481
0.106483
0.107823
0.108603
0.109107
0.108729
0.106906
0.104502
0.102051
0.0989616
0.0956843
0.0917943
0.0878721
0.084047
0.0807611
0.0778521
0.0751757
0.0728639
0.0708409
0.0691325
0.0676572
0.066253
0.0647969
0.0633713
0.0906392
0.0709315
0.054878
0.0455313
0.0392267
0.0350247
0.0353947
0.0415289
0.0516078
0.0623998
0.071237
0.0776275
0.082465
0.085711
0.0875738
0.0877559
0.0877334
0.088081
0.0887223
0.089148
0.089953
0.0912063
0.0915991
0.0920569
0.0924263
0.0931608
0.0952552
0.0973979
0.0964363
0.095424
0.0957243
0.0981001
0.101666
0.105662
0.109914
0.113195
0.115381
0.113885
0.109493
0.104498
0.0992331
0.0948392
0.0908916
0.0872703
0.0848457
0.0830052
0.0826433
0.0838891
0.0847852
0.0860992
0.0861309
0.0869143
0.0878353
0.0886433
0.0886928
0.0884288
0.0875071
0.0864331
0.0854865
0.084372
0.0839056
0.0830005
0.0818293
0.0814068
0.0812969
0.0817917
0.0828208
0.0844298
0.0862575
0.088231
0.0903368
0.0916336
0.0934274
0.095574
0.0978126
0.100083
0.102027
0.103657
0.104947
0.105706
0.106136
0.10567
0.103973
0.101855
0.0994994
0.0965552
0.0933884
0.0895952
0.0858887
0.0823493
0.079266
0.0764721
0.0739447
0.0717294
0.069807
0.0681603
0.0667237
0.0653464
0.0639196
0.0625651
0.0813777
0.0539699
0.0375791
0.0306456
0.0273871
0.0258476
0.0275638
0.0341111
0.0448014
0.0566188
0.0665196
0.0732279
0.0776812
0.0803462
0.0817749
0.082168
0.0825706
0.0832716
0.0841066
0.0847677
0.0854785
0.0867756
0.0863395
0.0857078
0.0863777
0.0843371
0.0853225
0.0872432
0.089184
0.0886508
0.0905633
0.0940051
0.0975575
0.100921
0.104056
0.105943
0.106729
0.103458
0.0992496
0.094799
0.0903852
0.086215
0.0827855
0.0793468
0.0772981
0.0763097
0.0763673
0.0776514
0.0786579
0.0797916
0.0800839
0.0809128
0.08181
0.0825806
0.0827535
0.0830117
0.0818848
0.0809643
0.0802582
0.0795279
0.0791469
0.0785317
0.0777662
0.0775464
0.077728
0.0784684
0.079676
0.0813835
0.0832601
0.0853191
0.0873927
0.0889109
0.0907527
0.0928991
0.0951088
0.097321
0.0992536
0.10085
0.102079
0.102812
0.10317
0.102646
0.101082
0.0991615
0.0969604
0.094144
0.0910387
0.0874253
0.083927
0.0806515
0.0777761
0.0750869
0.0727096
0.0705836
0.0687593
0.0671714
0.0657732
0.064425
0.0630313
0.0617399
0.062991
0.0325934
0.0209384
0.0181215
0.0179831
0.0186707
0.0211194
0.0272395
0.0377183
0.0501778
0.0612297
0.0684768
0.0728899
0.0753145
0.0766017
0.0771992
0.0778784
0.078772
0.0796407
0.0801595
0.0803508
0.080301
0.0788668
0.0776875
0.0766601
0.0755282
0.076557
0.0787988
0.0808056
0.0825945
0.0857025
0.090275
0.0930802
0.0956372
0.0975392
0.0979793
0.098376
0.0937251
0.0894276
0.0854527
0.0813954
0.0783087
0.075021
0.072068
0.0705321
0.0701481
0.0705401
0.0718208
0.0728906
0.074016
0.0744512
0.0752979
0.0761681
0.0769077
0.0771806
0.0775584
0.0765931
0.0758424
0.0753917
0.0750279
0.0746859
0.0744356
0.0739487
0.0739194
0.0743523
0.0752995
0.0766565
0.0784441
0.0803649
0.0824884
0.0844862
0.0862363
0.0881142
0.0902499
0.0924256
0.0945803
0.0964842
0.0980721
0.099221
0.0999249
0.100215
0.0996591
0.0982233
0.0964677
0.0944393
0.0917343
0.0887136
0.0852808
0.0819854
0.0789568
0.0762967
0.0736969
0.0714724
0.0694284
0.0676993
0.0661675
0.0648074
0.0634899
0.0621323
0.0608975
0.00389435
0.00508321
0.00618804
0.008107
0.0104033
0.0127096
0.0155795
0.020517
0.0290381
0.0401247
0.0512947
0.0592326
0.0637809
0.066172
0.0675733
0.0685863
0.0696959
0.0708316
0.071543
0.0714063
0.0702694
0.0681983
0.0656288
0.0636585
0.0627129
0.06294
0.0647215
0.0675175
0.070571
0.0740472
0.0779153
0.0816496
0.0846547
0.0869417
0.0858594
0.0841212
0.0818845
0.0785753
0.0744672
0.0711982
0.0682651
0.0663943
0.0632917
0.0615603
0.06085
0.0611107
0.0618672
0.063093
0.0642099
0.0654741
0.0659984
0.0668428
0.0676755
0.0683754
0.0688062
0.0690023
0.0685629
0.0681336
0.0680581
0.0678481
0.0679478
0.0683801
0.0681885
0.0684212
0.0692054
0.0704312
0.0719887
0.0738786
0.0758633
0.0780513
0.080005
0.0820156
0.0839244
0.086028
0.0881411
0.090202
0.0920253
0.093501
0.0946358
0.0952949
0.0954857
0.0949096
0.09367
0.0921388
0.0903001
0.0878667
0.0850185
0.0818666
0.0788898
0.0762376
0.0737996
0.0714508
0.0694802
0.0675551
0.0659747
0.0645305
0.06323
0.0619644
0.0606684
0.0595161
0.00046632
0.000972053
0.00177291
0.00306712
0.00469473
0.0063789
0.00821421
0.0110315
0.0160556
0.0233353
0.0314392
0.0389029
0.044161
0.0474286
0.0498167
0.0519338
0.053926
0.0552987
0.0552654
0.0536023
0.0509206
0.0482612
0.0465893
0.0463813
0.047622
0.049955
0.053206
0.0569186
0.060688
0.0643711
0.0676296
0.0699894
0.071068
0.0709194
0.0685394
0.0661779
0.0635375
0.0609977
0.0578033
0.0555653
0.0543611
0.0526592
0.0510161
0.0503678
0.0504265
0.0511074
0.0520336
0.0531627
0.054227
0.0553082
0.056043
0.0568896
0.0576884
0.0583765
0.0589383
0.0591776
0.0591453
0.0590861
0.0593434
0.0595204
0.0599891
0.0605443
0.0610091
0.0617519
0.0628866
0.0643616
0.0660862
0.0680549
0.0700898
0.072284
0.0742658
0.0763712
0.0783253
0.0803456
0.0823512
0.0842787
0.0859576
0.0873478
0.0884123
0.0890193
0.0891174
0.0885907
0.0875662
0.0862878
0.0847695
0.0826485
0.0800275
0.077294
0.074738
0.0724487
0.0703071
0.068341
0.0666334
0.0649314
0.0635434
0.0622181
0.0609901
0.0598002
0.0585957
0.0575274
6.51705e-05
0.000239365
0.000553635
0.00108575
0.00182984
0.00270093
0.00367611
0.00499319
0.00699222
0.00976612
0.0128143
0.0159555
0.0193313
0.0226808
0.0260362
0.0291504
0.0315837
0.0327463
0.0324533
0.0313171
0.0303465
0.0302855
0.0313965
0.033619
0.0367591
0.0404837
0.0444005
0.0482113
0.0515879
0.0543314
0.0561459
0.0567582
0.0560948
0.0544518
0.0519186
0.0495877
0.0475007
0.0455089
0.0438076
0.042806
0.0424441
0.0417081
0.0411601
0.0412398
0.0417362
0.0425726
0.0435078
0.0445319
0.0455298
0.0465092
0.0473072
0.0481231
0.0488886
0.0495671
0.0501856
0.0505769
0.0508516
0.0511131
0.0516245
0.0521573
0.0528977
0.0536745
0.0545662
0.0556564
0.0570381
0.0586706
0.0604917
0.0624872
0.0645316
0.0666799
0.068673
0.0707811
0.0727573
0.0746272
0.0765079
0.078289
0.0798277
0.0811232
0.0821033
0.0826996
0.0827209
0.0822708
0.0814491
0.0803834
0.079169
0.0772635
0.0749977
0.0727164
0.0705645
0.0686201
0.0667843
0.0651384
0.0637327
0.0621947
0.0609807
0.0598125
0.0586317
0.057524
0.0564138
0.0554241
1.55685e-05
8.23196e-05
0.000204611
0.000402388
0.000684453
0.00103961
0.00146292
0.00202148
0.00281231
0.00380944
0.00488303
0.00611032
0.00755054
0.00916907
0.0108993
0.0125174
0.0137815
0.0146017
0.0151679
0.0158632
0.0170538
0.0189272
0.0215306
0.0247684
0.0284796
0.0323652
0.0359613
0.0390332
0.0413144
0.0426706
0.0430153
0.0423831
0.0410086
0.0392594
0.0373181
0.0357777
0.0345984
0.033615
0.0330186
0.0328691
0.0330229
0.0330467
0.0332028
0.0336698
0.0343509
0.0351991
0.0360845
0.0370135
0.0379342
0.0388374
0.0396403
0.0404466
0.0412035
0.0419066
0.0425751
0.0431297
0.0436618
0.0441499
0.044859
0.0456527
0.0465952
0.0475947
0.0487515
0.0500651
0.0515986
0.0533148
0.055172
0.0571496
0.0591615
0.0612298
0.063186
0.0652025
0.0670643
0.068879
0.07063
0.0722599
0.0736665
0.0748595
0.0757578
0.0764132
0.0763448
0.0759958
0.0753629
0.0744931
0.0734015
0.0718479
0.0700289
0.0681646
0.0663921
0.0647693
0.0632331
0.0618602
0.0606109
0.0593461
0.0582746
0.0571946
0.0561605
0.0551436
0.0541281
0.0532172
6.12448e-06
3.50375e-05
8.79665e-05
0.000168506
0.000277766
0.00041541
0.00058496
0.000806603
0.00111363
0.00150314
0.00195975
0.00249676
0.00311171
0.00377886
0.00446706
0.00510191
0.00563492
0.00611366
0.00671591
0.00767733
0.009155
0.0111944
0.0137665
0.0167658
0.0200144
0.0232025
0.0259242
0.0279788
0.0292081
0.0296309
0.029369
0.0286094
0.0276112
0.0266096
0.0256865
0.0251001
0.024779
0.0246329
0.0247506
0.0251072
0.025592
0.0260425
0.0265509
0.0271933
0.0279338
0.0287534
0.0295877
0.0304433
0.0313029
0.0321605
0.0329589
0.0337536
0.0345139
0.0352479
0.0359866
0.0366796
0.0373688
0.038095
0.0389575
0.0399182
0.0409916
0.0421514
0.0434593
0.0448995
0.046507
0.0482475
0.0500905
0.0520122
0.0539529
0.0559142
0.0577875
0.0596712
0.0614316
0.0631332
0.0647457
0.0662273
0.0675108
0.0686057
0.0694359
0.0699663
0.0700324
0.0698155
0.0693634
0.0686887
0.0677915
0.0665632
0.0651481
0.0636648
0.0622416
0.0609185
0.0596641
0.0585278
0.0574543
0.0564064
0.055462
0.0545088
0.0535907
0.0526682
0.0517478
0.0509179
2.87459e-06
1.61597e-05
4.07226e-05
7.70651e-05
0.000124383
0.000182616
0.000254345
0.00034742
0.000472579
0.000634287
0.000828521
0.00105698
0.00131802
0.0016014
0.00188659
0.00214678
0.00237425
0.00259881
0.00289333
0.00338955
0.00421811
0.00546072
0.0070978
0.00905461
0.0111758
0.0132493
0.0150386
0.0163809
0.0172253
0.0176214
0.0176772
0.0175257
0.0173169
0.0171608
0.0171019
0.0172124
0.0174647
0.0178214
0.0183148
0.0189174
0.0195644
0.020196
0.0208407
0.0215408
0.0222882
0.0230778
0.0238806
0.0247
0.0255281
0.0263566
0.0271488
0.0279435
0.0287259
0.0294974
0.0302858
0.0310698
0.0318922
0.0327811
0.0337664
0.0348318
0.0359823
0.0372241
0.0385977
0.0400876
0.041707
0.043423
0.0452109
0.0470454
0.0488836
0.0507167
0.0524747
0.0542133
0.0558536
0.0574214
0.0588946
0.060238
0.0614113
0.0624223
0.0632155
0.0637031
0.0638661
0.063785
0.0635089
0.063033
0.0623666
0.0614393
0.0603805
0.0592394
0.0581324
0.057086
0.0560874
0.0551595
0.0542622
0.0533933
0.052573
0.0517468
0.0509347
0.0501083
0.0492839
0.0485384
1.39764e-06
7.61201e-06
1.93138e-05
3.66361e-05
5.88817e-05
8.58986e-05
0.000119077
0.000161798
0.000218464
0.000291672
0.00038061
0.000484934
0.000602135
0.000726789
0.000850985
0.000965717
0.00106975
0.00117489
0.00130587
0.00151123
0.00185081
0.00236817
0.00307378
0.00394052
0.00491645
0.00595637
0.0069648
0.00785441
0.00858226
0.0091373
0.00954925
0.00987846
0.0101914
0.0105347
0.0109321
0.0113979
0.0119254
0.0125023
0.0131411
0.0138258
0.0145201
0.015202
0.0158842
0.0165938
0.0173314
0.0180979
0.0188812
0.019682
0.0204955
0.0213128
0.0221084
0.0229053
0.0236997
0.0245024
0.0253379
0.0261924
0.0270896
0.0280586
0.0291229
0.0302549
0.0314458
0.0327156
0.0340908
0.0355691
0.0371502
0.0388025
0.0405029
0.0422262
0.0439398
0.0456317
0.0472569
0.0488471
0.0503542
0.051786
0.0531281
0.0543501
0.0554306
0.0563763
0.057175
0.0576539
0.0579177
0.0579581
0.0578529
0.0575755
0.0571553
0.0564931
0.0557445
0.0549068
0.0540812
0.0532853
0.0525134
0.0517712
0.051039
0.0503228
0.0496236
0.0489154
0.0482057
0.0474766
0.0467496
0.0460918
6.74716e-07
3.56941e-06
9.15104e-06
1.75662e-05
2.84635e-05
4.17361e-05
5.81003e-05
7.91509e-05
0.000106908
0.000142891
0.000187292
0.00023984
0.0002989
0.000361392
0.000423647
0.000482067
0.000536006
0.000589604
0.000651701
0.000738196
0.000870041
0.00106506
0.00133141
0.00165951
0.0020415
0.00247614
0.0029415
0.00341784
0.00388098
0.0043129
0.00471494
0.00510996
0.00552464
0.00597801
0.00647876
0.00702425
0.00760848
0.0082251
0.00887833
0.00955698
0.0102392
0.0109165
0.0115972
0.0122977
0.0130197
0.0137653
0.01453
0.0153135
0.0161121
0.0169186
0.0177155
0.0185162
0.0193204
0.0201395
0.020996
0.0218913
0.0228351
0.0238366
0.0249175
0.0260735
0.0272771
0.0285379
0.0298776
0.0312984
0.032802
0.0343599
0.0359487
0.0375442
0.0391215
0.0406679
0.0421551
0.0436006
0.0449756
0.0462813
0.047508
0.0486297
0.0496378
0.0505357
0.0513087
0.0518325
0.0521837
0.0523805
0.0524395
0.0523518
0.0521428
0.0517357
0.0512491
0.0506809
0.0501018
0.0495267
0.0489531
0.0483767
0.0477926
0.0472102
0.0466267
0.0460281
0.0454186
0.0447878
0.0441596
0.0435921
3.19296e-07
1.64812e-06
4.27967e-06
8.36468e-06
1.37825e-05
2.05049e-05
2.89048e-05
3.97773e-05
5.41276e-05
7.28338e-05
9.63033e-05
0.000124548
0.000156751
0.000191312
0.000226315
0.000260023
0.000291897
0.000323333
0.000357566
0.0003999
0.000456849
0.00053382
0.000634419
0.000756962
0.000902037
0.00107307
0.00126734
0.00148271
0.00171447
0.00195326
0.00219637
0.00245257
0.00273568
0.003059
0.00343216
0.00385768
0.00433484
0.00486076
0.00543353
0.00604107
0.00666661
0.0073035
0.0079542
0.00862547
0.0093182
0.0100338
0.0107702
0.0115266
0.0123005
0.0130868
0.0138737
0.0146692
0.0154742
0.0162984
0.0171578
0.0180596
0.0190136
0.020021
0.0210868
0.0222177
0.0234026
0.0246295
0.0259089
0.0272474
0.0286456
0.0300867
0.0315483
0.0330078
0.0344462
0.0358506
0.0372045
0.0385174
0.0397727
0.0409692
0.0421007
0.0431446
0.0441004
0.0449677
0.045723
0.0463114
0.0467642
0.047093
0.0473015
0.0473851
0.0473589
0.0471765
0.0469111
0.0465738
0.0462053
0.0458194
0.0454169
0.0449887
0.0445338
0.0440706
0.043596
0.043101
0.0425901
0.042058
0.0415299
0.0410544
1.4783e-07
7.47297e-07
1.96743e-06
3.93035e-06
6.62695e-06
1.00761e-05
1.44817e-05
2.02537e-05
2.79167e-05
3.79804e-05
5.07908e-05
6.64789e-05
8.47098e-05
0.000104716
0.000125523
0.000146224
0.000166408
0.000186484
0.000207632
0.000231733
0.000260943
0.000296986
0.000340922
0.000392531
0.000452338
0.00052178
0.000601452
0.000692203
0.000794305
0.000905401
0.00102392
0.00115275
0.00129803
0.00146778
0.00167069
0.00191405
0.00220364
0.00254459
0.0029414
0.00339181
0.00388758
0.00442205
0.00499114
0.00559274
0.00622425
0.00688465
0.00757095
0.00828075
0.00901218
0.00976193
0.0105222
0.0112974
0.0120875
0.0129001
0.0137458
0.0146306
0.0155629
0.0165462
0.0175775
0.018657
0.0197854
0.0209566
0.0221609
0.0234027
0.0246848
0.0259958
0.0273227
0.0286458
0.0299492
0.0312219
0.0324543
0.0336517
0.034805
0.0359123
0.036969
0.037956
0.0388772
0.0397287
0.0404902
0.0411366
0.0416796
0.0421203
0.0424578
0.0426882
0.0428171
0.0428219
0.0427429
0.0425937
0.0423996
0.0421718
0.0419147
0.0416215
0.0412758
0.0409202
0.0405477
0.0401515
0.0397378
0.0393049
0.0388778
0.0384945
6.71583e-08
3.33422e-07
8.90115e-07
1.82131e-06
3.15576e-06
4.92863e-06
7.25689e-06
1.03572e-05
1.45115e-05
2.00165e-05
2.7117e-05
3.59538e-05
4.64229e-05
5.81951e-05
7.0794e-05
8.37514e-05
9.67909e-05
0.000109986
0.000123759
0.00013882
0.000155965
0.000175821
0.000198685
0.000224613
0.000253667
0.000286159
0.000322413
0.00036301
0.000408358
0.000458009
0.000511581
0.000570151
0.000636264
0.000713696
0.000807178
0.000921922
0.00106382
0.0012394
0.00145657
0.00172182
0.00203781
0.00240417
0.00282118
0.00328855
0.00380363
0.00436268
0.00496022
0.00559136
0.00625247
0.00694087
0.00765083
0.00838268
0.0091352
0.0099135
0.0107239
0.0115702
0.0124569
0.0133881
0.0143631
0.015376
0.0164247
0.017513
0.018632
0.0197725
0.0209363
0.0221186
0.0233105
0.024502
0.0256796
0.0268342
0.0279604
0.0290602
0.0301294
0.0311655
0.0321649
0.0331119
0.0340116
0.0348572
0.0356345
0.03633
0.0369453
0.037476
0.0379182
0.0382672
0.0385232
0.038676
0.0387469
0.0387471
0.0386925
0.0385935
0.0384569
0.0382924
0.0380334
0.037776
0.0374993
0.0371983
0.0368802
0.0365461
0.0362195
0.0359278
3.00732e-08
1.46987e-07
3.97798e-07
8.3447e-07
1.48913e-06
2.39538e-06
3.62173e-06
5.28511e-06
7.54123e-06
1.05642e-05
1.45162e-05
1.95113e-05
2.55426e-05
3.24852e-05
4.0124e-05
4.82231e-05
5.66179e-05
6.52924e-05
7.4397e-05
8.42104e-05
9.50618e-05
0.0001072
0.000120729
0.000135667
0.000151982
0.0001696
0.000188618
0.000209182
0.000231484
0.000255378
0.000280795
0.000308175
0.000338546
0.000373487
0.000415025
0.000465695
0.00052879
0.000608397
0.000710004
0.000840014
0.00100474
0.00120996
0.00146186
0.0017653
0.00212251
0.002533
0.00299474
0.00350443
0.00405785
0.00465109
0.00527871
0.00593702
0.00662289
0.00733888
0.00808779
0.00887123
0.00969077
0.0105479
0.0114434
0.012374
0.0133331
0.014321
0.0153387
0.0163776
0.0174296
0.0184911
0.0195588
0.0206272
0.0216897
0.0227393
0.0237729
0.0247902
0.0257889
0.0267669
0.0277204
0.0286373
0.0295216
0.0303649
0.0311572
0.0318892
0.0325575
0.0331549
0.0336758
0.0341148
0.0344694
0.0347343
0.0349203
0.0350348
0.0350892
0.0350932
0.0350535
0.034966
0.0348199
0.0346557
0.0344697
0.0342606
0.0340363
0.0337996
0.033572
0.0333697
1.3359e-08
6.43755e-08
1.76324e-07
3.78833e-07
6.96157e-07
1.15364e-06
1.79188e-06
2.67542e-06
3.89175e-06
5.54332e-06
7.73417e-06
1.05461e-05
1.40047e-05
1.8075e-05
2.26696e-05
2.76789e-05
3.30181e-05
3.8666e-05
4.46788e-05
5.11781e-05
5.8304e-05
6.61604e-05
7.47795e-05
8.41384e-05
9.41639e-05
0.000104747
0.00011585
0.000127484
0.000139706
0.000152448
0.00016574
0.000179737
0.00019486
0.000211751
0.000231239
0.000254432
0.000282769
0.000318131
0.00036314
0.000421219
0.000496697
0.000594754
0.000721692
0.000884628
0.00109069
0.0013457
0.00165337
0.0020147
0.00242833
0.00289217
0.00340313
0.00395588
0.00454628
0.00517296
0.00583554
0.00653332
0.00726586
0.00803243
0.00883239
0.00966467
0.0105258
0.0114116
0.01232
0.0132506
0.0141984
0.0151526
0.0161099
0.0170695
0.0180283
0.0189829
0.0199329
0.0208767
0.0218126
0.0227384
0.0236502
0.0245388
0.0254061
0.0262428
0.0270416
0.0277944
0.0284954
0.0291363
0.0297105
0.0302122
0.0306376
0.030983
0.0312532
0.0314534
0.0315925
0.0316791
0.0317193
0.0317095
0.031657
0.0315796
0.03148
0.0313597
0.0312267
0.031085
0.0309531
0.0308365
5.89823e-09
2.80665e-08
7.76434e-08
1.70417e-07
3.21786e-07
5.48457e-07
8.7427e-07
1.33537e-06
1.98126e-06
2.87195e-06
4.07295e-06
5.63895e-06
7.6011e-06
9.96051e-06
1.26893e-05
1.57449e-05
1.9092e-05
2.27236e-05
2.66687e-05
3.09861e-05
3.57403e-05
4.09742e-05
4.66953e-05
5.28633e-05
5.93981e-05
6.62053e-05
7.32315e-05
8.04475e-05
8.78369e-05
9.53842e-05
0.000103111
0.000111077
0.000119461
0.000128544
0.00013869
0.000150372
0.000164195
0.000180956
0.000201761
0.000228096
0.000261904
0.000305702
0.000362879
0.000437988
0.000536957
0.000666728
0.00083469
0.00104758
0.00131044
0.00162633
0.00199603
0.00241615
0.00288346
0.00339556
0.00395005
0.00454415
0.0051748
0.00583926
0.0065353
0.00726136
0.00801584
0.00879708
0.00960096
0.0104241
0.0112662
0.0121233
0.0129856
0.0138509
0.0147191
0.0155881
0.0164592
0.0173332
0.0182084
0.0190826
0.0199514
0.0208075
0.0216512
0.0224729
0.023266
0.0240231
0.0247368
0.0253991
0.0260032
0.0265429
0.027014
0.0274133
0.0277427
0.0280062
0.0282111
0.028365
0.0284734
0.0285374
0.0285659
0.0285691
0.0285515
0.0285162
0.0284711
0.0284204
0.0283792
0.0283427
2.58185e-09
1.21539e-08
3.38961e-08
7.57687e-08
1.46549e-07
2.56278e-07
4.18674e-07
6.53886e-07
9.89842e-07
1.46157e-06
2.10869e-06
2.9669e-06
4.06305e-06
5.40977e-06
7.00568e-06
8.84118e-06
1.09089e-05
1.32141e-05
1.57788e-05
1.86373e-05
2.18242e-05
2.53596e-05
2.92382e-05
3.34237e-05
3.78534e-05
4.24536e-05
4.71696e-05
5.19562e-05
5.67889e-05
6.16593e-05
6.65801e-05
7.15775e-05
7.67317e-05
8.21711e-05
8.80666e-05
9.46354e-05
0.000102156
0.000111001
0.000121666
0.000134776
0.000151116
0.000171697
0.000197897
0.000231633
0.000275576
0.000333394
0.000409913
0.00051115
0.0006442
0.000816696
0.0010359
0.00130554
0.00162718
0.00200059
0.00242371
0.00289346
0.00340619
0.00395786
0.00454456
0.00516273
0.00580982
0.00648418
0.00718461
0.00790771
0.00864928
0.00940802
0.0101832
0.010968
0.0117564
0.0125494
0.0133474
0.0141528
0.0149655
0.015784
0.0166047
0.0174211
0.0182319
0.0190276
0.0198016
0.0205468
0.0212556
0.0219203
0.0225341
0.0230913
0.0235878
0.0240206
0.0243905
0.0247007
0.0249574
0.0251673
0.0253359
0.025467
0.0255677
0.0256454
0.0257049
0.0257499
0.0257875
0.0258219
0.0258645
0.0259014
1.11517e-09
5.20386e-09
1.4611e-08
3.31677e-08
6.55103e-08
1.17265e-07
1.96075e-07
3.13032e-07
4.83618e-07
7.28145e-07
1.06939e-06
1.53046e-06
2.13127e-06
2.88616e-06
3.80355e-06
4.88836e-06
6.14672e-06
7.59061e-06
9.23972e-06
1.11186e-05
1.32499e-05
1.56445e-05
1.82963e-05
2.11783e-05
2.42453e-05
2.74431e-05
3.07244e-05
3.40465e-05
3.73812e-05
4.07166e-05
4.40533e-05
4.74107e-05
5.08206e-05
5.43498e-05
5.80872e-05
6.21484e-05
6.66847e-05
7.18922e-05
7.80133e-05
8.53389e-05
9.42105e-05
0.000105052
0.000118413
0.000135027
0.000155886
0.000182364
0.000216367
0.000260501
0.000318354
0.000394881
0.000496619
0.000630606
0.000804096
0.00102351
0.00129324
0.00161473
0.00198676
0.00240604
0.00286847
0.00336979
0.00390604
0.00447412
0.0050719
0.00569684
0.00634435
0.00701067
0.00769583
0.00839983
0.00911599
0.00983891
0.0105697
0.0113102
0.0120595
0.0128177
0.0135837
0.0143515
0.0151192
0.0158772
0.0166193
0.0173386
0.018028
0.0186798
0.0192881
0.0198474
0.020354
0.0208055
0.0212024
0.0215475
0.021846
0.0221038
0.022326
0.0225172
0.0226828
0.0228287
0.0229593
0.0230784
0.023192
0.0233037
0.0234217
0.0235238
4.73354e-10
2.19276e-09
6.19142e-09
1.42414e-08
2.8659e-08
5.24162e-08
8.96073e-08
1.46204e-07
2.30762e-07
3.54316e-07
5.30083e-07
7.72297e-07
1.09474e-06
1.50961e-06
2.02736e-06
2.65766e-06
3.41147e-06
4.30298e-06
5.35002e-06
6.572e-06
7.98578e-06
9.60006e-06
1.14111e-05
1.34013e-05
1.554e-05
1.7789e-05
2.01102e-05
2.24687e-05
2.48356e-05
2.7197e-05
2.95469e-05
3.18955e-05
3.42551e-05
3.66632e-05
3.91741e-05
4.18586e-05
4.48077e-05
4.81358e-05
5.19802e-05
5.64958e-05
6.18562e-05
6.82627e-05
7.59553e-05
8.52308e-05
9.64664e-05
0.000110156
0.000126964
0.000147789
0.000173885
0.00020708
0.000250074
0.000306379
0.000380752
0.000479382
0.000609453
0.000778265
0.000992104
0.00125498
0.00156794
0.00192954
0.00233657
0.00278518
0.00327173
0.0037927
0.0043443
0.00492179
0.00552055
0.00613858
0.00677688
0.00743082
0.00809499
0.00877006
0.00945642
0.010153
0.0108592
0.0115714
0.0122872
0.0129975
0.0136973
0.01438
0.0150384
0.0156659
0.0162573
0.0168077
0.0173142
0.0177746
0.0181894
0.0185612
0.018894
0.0191929
0.0194624
0.0197066
0.0199299
0.0201367
0.0203311
0.0205165
0.0206975
0.0208773
0.0210608
0.021219
1.96777e-10
9.06127e-10
2.57098e-09
5.98359e-09
1.22485e-08
2.28592e-08
3.9941e-08
6.66356e-08
1.07402e-07
1.68233e-07
2.56568e-07
3.80894e-07
5.50226e-07
7.73701e-07
1.06054e-06
1.4205e-06
1.86481e-06
2.40676e-06
3.06171e-06
3.84553e-06
4.77191e-06
5.84875e-06
7.0754e-06
8.44157e-06
9.92753e-06
1.15076e-05
1.31529e-05
1.48364e-05
1.65334e-05
1.82279e-05
1.9912e-05
2.15878e-05
2.32628e-05
2.49568e-05
2.67049e-05
2.85543e-05
3.0565e-05
3.28098e-05
3.53745e-05
3.83522e-05
4.18443e-05
4.59611e-05
5.08237e-05
5.65677e-05
6.33505e-05
7.13599e-05
8.08315e-05
9.20714e-05
0.000105495
0.000121694
0.000141559
0.000166245
0.000197451
0.000237633
0.000290203
0.00035975
0.000452108
0.000574276
0.000733579
0.000936542
0.00118772
0.0014888
0.0018388
0.00223467
0.00267169
0.00314535
0.00365047
0.00418123
0.00473576
0.005312
0.00590611
0.00651302
0.00713207
0.0077642
0.00840698
0.00905787
0.00971561
0.010372
0.0110228
0.0116616
0.0122817
0.0128772
0.0134443
0.0139789
0.0144783
0.0149408
0.0153669
0.0157586
0.0161191
0.0164524
0.0167621
0.0170517
0.0173244
0.0175838
0.0178333
0.0180755
0.018314
0.0185512
0.0187892
0.0189939
7.99773e-11
3.66525e-10
1.04482e-09
2.45829e-09
5.11294e-09
9.73227e-09
1.73785e-08
2.96241e-08
4.87626e-08
7.7954e-08
1.21272e-07
1.83638e-07
2.70701e-07
3.88767e-07
5.44856e-07
7.47005e-07
1.00462e-06
1.32873e-06
1.73172e-06
2.22627e-06
2.82358e-06
3.53109e-06
4.35055e-06
5.2768e-06
6.29815e-06
7.39768e-06
8.55479e-06
9.74939e-06
1.09623e-05
1.21788e-05
1.33898e-05
1.45936e-05
1.57955e-05
1.70057e-05
1.82475e-05
1.95533e-05
2.09639e-05
2.25293e-05
2.4306e-05
2.63549e-05
2.87408e-05
3.1531e-05
3.47942e-05
3.86005e-05
4.30231e-05
4.81419e-05
5.40459e-05
6.0843e-05
6.86727e-05
7.77281e-05
8.82955e-05
0.000100723
0.000115542
0.000133526
0.000155774
0.000183868
0.000220057
0.000267525
0.000330678
0.000415264
0.000528397
0.000677763
0.00087038
0.00111129
0.00140211
0.00174162
0.00212602
0.00254872
0.00300447
0.00348945
0.00400073
0.00453369
0.00508266
0.00564505
0.0062205
0.00680614
0.00740074
0.00799782
0.00859397
0.00918363
0.00976063
0.0103201
0.0108588
0.0113731
0.0118607
0.01232
0.0127515
0.0131568
0.013538
0.0138982
0.01424
0.0145659
0.0148787
0.015181
0.0154752
0.0157635
0.0160484
0.0163315
0.0166126
0.0168541
3.17715e-11
1.45056e-10
4.15524e-10
9.87867e-10
2.08677e-09
4.04974e-09
7.38338e-09
1.28579e-08
2.16185e-08
3.52884e-08
5.60454e-08
8.66664e-08
1.3056e-07
1.91821e-07
2.75352e-07
3.87043e-07
5.33978e-07
7.24524e-07
9.68071e-07
1.27436e-06
1.65235e-06
2.10867e-06
2.64629e-06
3.26358e-06
3.95419e-06
4.7077e-06
5.51004e-06
6.34693e-06
7.20429e-06
8.07041e-06
8.9364e-06
9.79914e-06
1.06613e-05
1.15297e-05
1.24192e-05
1.33526e-05
1.43584e-05
1.54716e-05
1.67307e-05
1.81772e-05
1.98544e-05
2.18062e-05
2.40749e-05
2.67006e-05
2.97217e-05
3.31745e-05
3.70955e-05
4.15239e-05
4.6506e-05
5.21051e-05
5.84145e-05
6.55309e-05
7.3619e-05
8.29188e-05
9.37697e-05
0.000106661
0.000122298
0.000141703
0.000166376
0.000198493
0.000241173
0.000298795
0.000377121
0.000483263
0.000624951
0.000809268
0.00104084
0.00132075
0.00164687
0.00201518
0.0024202
0.00285744
0.00332194
0.00380726
0.00430945
0.00482596
0.00535411
0.00588869
0.00642563
0.00696071
0.00748996
0.00800905
0.00851492
0.00900432
0.00947506
0.00992581
0.0103569
0.0107688
0.0111631
0.0115415
0.0119059
0.0122583
0.0126007
0.0129349
0.0132628
0.0135856
0.0139052
0.0142224
0.0145351
0.0148037
1.23459e-11
5.62569e-11
1.61862e-10
3.88809e-10
8.34011e-10
1.64866e-09
3.06798e-09
5.45805e-09
9.37632e-09
1.5638e-08
2.53819e-08
4.01353e-08
6.18845e-08
9.31644e-08
1.37172e-07
1.97916e-07
2.80339e-07
3.90362e-07
5.34738e-07
7.20612e-07
9.54811e-07
1.2429e-06
1.58821e-06
1.99108e-06
2.44864e-06
2.95489e-06
3.50086e-06
4.07735e-06
4.67402e-06
5.2817e-06
5.89373e-06
6.50654e-06
7.12108e-06
7.74244e-06
8.37995e-06
9.04944e-06
9.77129e-06
1.05701e-05
1.14727e-05
1.25081e-05
1.37058e-05
1.50953e-05
1.6704e-05
1.85567e-05
2.06751e-05
2.30774e-05
2.57792e-05
2.87942e-05
3.21362e-05
3.58237e-05
3.98852e-05
4.43403e-05
4.92367e-05
5.46507e-05
6.06909e-05
6.75141e-05
7.53473e-05
8.452e-05
9.55144e-05
0.000109031
0.00012609
0.00014818
0.000177463
0.000217021
0.000271154
0.000345487
0.00044683
0.000582376
0.000758742
0.000980781
0.00124883
0.00156019
0.00191098
0.00229557
0.002708
0.0031425
0.00359546
0.00406164
0.00453534
0.00501263
0.00549001
0.00596434
0.00643188
0.00689
0.00733691
0.00777159
0.00819376
0.00860331
0.00900079
0.00938727
0.00976392
0.0101322
0.0104932
0.0108482
0.0111983
0.0115441
0.0118868
0.0122265
0.0125599
0.0128469
4.70042e-12
2.13997e-11
6.18819e-11
1.50187e-10
3.26949e-10
6.58183e-10
1.25003e-09
2.27219e-09
3.99024e-09
6.80557e-09
1.1302e-08
1.82995e-08
2.89194e-08
4.46637e-08
6.75147e-08
1.00039e-07
1.4548e-07
2.07807e-07
2.91627e-07
4.01957e-07
5.43772e-07
7.21423e-07
9.38e-07
1.19478e-06
1.49092e-06
1.82346e-06
2.18704e-06
2.57569e-06
2.98246e-06
3.40104e-06
3.82647e-06
4.2559e-06
4.68921e-06
5.13e-06
5.58455e-06
6.06368e-06
6.5817e-06
7.15591e-06
7.80535e-06
8.5502e-06
9.41104e-06
1.04079e-05
1.15592e-05
1.2881e-05
1.43865e-05
1.60858e-05
1.79856e-05
2.009e-05
2.2401e-05
2.49214e-05
2.7657e-05
3.06045e-05
3.37732e-05
3.71853e-05
4.08762e-05
4.48998e-05
4.93354e-05
5.43014e-05
5.99698e-05
6.65867e-05
7.45011e-05
8.42129e-05
9.64414e-05
0.000112218
0.000133028
0.000161003
0.000199127
0.000251501
0.000323554
0.000422022
0.000553566
0.000723557
0.000935272
0.00118899
0.00148233
0.00181101
0.00216908
0.00254991
0.00294808
0.0033583
0.00377603
0.00419822
0.00462099
0.0050413
0.00545705
0.00586736
0.00627107
0.00666756
0.00705707
0.00744014
0.00781744
0.0081897
0.00855754
0.0089215
0.00928207
0.00963952
0.00999429
0.0103458
0.0106901
0.0109875
1.75874e-12
8.00565e-12
2.32805e-11
5.70926e-11
1.26133e-10
2.58584e-10
5.01303e-10
9.31412e-10
1.67324e-09
2.92109e-09
4.96863e-09
8.2462e-09
1.33681e-08
2.11918e-08
3.28889e-08
5.00227e-08
7.46193e-08
1.09204e-07
1.56782e-07
2.20709e-07
3.04448e-07
4.11221e-07
5.43583e-07
7.03041e-07
8.89798e-07
1.10261e-06
1.3386e-06
1.5942e-06
1.86511e-06
2.14717e-06
2.437e-06
2.73251e-06
3.0335e-06
3.34214e-06
3.66308e-06
4.00349e-06
4.37335e-06
4.78471e-06
5.25096e-06
5.78626e-06
6.40496e-06
7.12088e-06
7.94659e-06
8.89291e-06
9.96835e-06
1.11789e-05
1.25276e-05
1.40151e-05
1.56396e-05
1.73988e-05
1.92905e-05
2.13057e-05
2.34418e-05
2.57026e-05
2.80983e-05
3.06477e-05
3.33812e-05
3.63464e-05
3.9614e-05
4.32847e-05
4.74992e-05
5.24517e-05
5.84119e-05
6.57512e-05
7.49839e-05
8.68377e-05
0.000102344
0.000122976
0.000150853
0.000188972
0.000241319
0.000312765
0.000409024
0.000535701
0.000697347
0.000896812
0.00113405
0.00140537
0.00170577
0.00202986
0.00237223
0.00272793
0.00309295
0.00346372
0.00383758
0.00421276
0.00458768
0.00496095
0.00533208
0.00570095
0.00606784
0.00643256
0.00679544
0.00715672
0.00751649
0.00787456
0.00823071
0.00858398
0.00893008
0.0092308
6.49614e-13
2.95846e-12
8.65655e-12
2.14578e-11
4.8118e-11
1.00471e-10
1.98866e-10
3.7784e-10
6.94775e-10
1.24235e-09
2.16572e-09
3.68561e-09
6.12889e-09
9.96764e-09
1.58668e-08
2.47366e-08
3.77832e-08
5.65447e-08
8.28898e-08
1.18967e-07
1.67071e-07
2.29448e-07
3.08043e-07
4.04238e-07
5.18642e-07
6.50967e-07
7.99843e-07
9.63373e-07
1.13905e-06
1.32435e-06
1.51716e-06
1.71617e-06
1.92123e-06
2.13379e-06
2.35712e-06
2.59611e-06
2.85762e-06
3.14997e-06
3.48247e-06
3.865e-06
4.30757e-06
4.81977e-06
5.41034e-06
6.08666e-06
6.85449e-06
7.71757e-06
8.67756e-06
9.73387e-06
1.0884e-05
1.21245e-05
1.34512e-05
1.4855e-05
1.63301e-05
1.78744e-05
1.94893e-05
2.11807e-05
2.29611e-05
2.48515e-05
2.68849e-05
2.91086e-05
3.15888e-05
3.4415e-05
3.77071e-05
4.16235e-05
4.63745e-05
5.22423e-05
5.96111e-05
6.90096e-05
8.11768e-05
9.71548e-05
0.000118421
0.000146998
0.000185585
0.000237718
0.000307769
0.000400587
0.000520959
0.000672284
0.000856059
0.00107116
0.00131475
0.00158288
0.00187094
0.00217451
0.00249034
0.00281523
0.00314702
0.00348373
0.00382406
0.00416707
0.00451221
0.00485884
0.0052066
0.00555516
0.00590418
0.00625313
0.00660119
0.00694726
0.00728706
0.00758483
2.38274e-13
1.08646e-12
3.20052e-12
8.02145e-12
1.82605e-11
3.88374e-11
7.84955e-11
1.52525e-10
2.87091e-10
5.2577e-10
9.39006e-10
1.63742e-09
2.78995e-09
4.64768e-09
7.57331e-09
1.2075e-08
1.88404e-08
2.87644e-08
4.29602e-08
6.27393e-08
8.95525e-08
1.24882e-07
1.70098e-07
2.26299e-07
2.94168e-07
3.73863e-07
4.64869e-07
5.66306e-07
6.76854e-07
7.95144e-07
9.19979e-07
1.05063e-06
1.18714e-06
1.33053e-06
1.48305e-06
1.64813e-06
1.83044e-06
2.03567e-06
2.27021e-06
2.54092e-06
2.85474e-06
3.21839e-06
3.63793e-06
4.11854e-06
4.66417e-06
5.27735e-06
5.95904e-06
6.70855e-06
7.52365e-06
8.4011e-06
9.33687e-06
1.03234e-05
1.1355e-05
1.24282e-05
1.35414e-05
1.46959e-05
1.58968e-05
1.71541e-05
1.84845e-05
1.99131e-05
2.14749e-05
2.3217e-05
2.52009e-05
2.75061e-05
3.02338e-05
3.3514e-05
3.75159e-05
4.24585e-05
4.86291e-05
5.64102e-05
6.63299e-05
7.91178e-05
9.57521e-05
0.000117576
0.000146443
0.000184819
0.000235845
0.00030305
0.000390298
0.000501104
0.000637851
0.000801536
0.000991673
0.0012062
0.00144232
0.00169701
0.00196736
0.00225062
0.00254454
0.00284713
0.00315706
0.00347319
0.00379444
0.00411989
0.00444853
0.00477942
0.00511135
0.0054428
0.00576958
0.006059
8.7372e-14
3.99229e-13
1.18458e-12
3.00222e-12
6.93712e-12
1.50223e-11
3.09846e-11
6.15283e-11
1.18441e-10
2.21895e-10
4.05404e-10
7.23049e-10
1.25956e-09
2.14388e-09
3.5664e-09
5.79931e-09
9.21821e-09
1.43219e-08
2.17435e-08
3.22485e-08
4.67086e-08
6.60508e-08
9.11799e-08
1.22886e-07
1.61754e-07
2.08084e-07
2.61805e-07
3.22599e-07
3.89881e-07
4.62997e-07
5.41373e-07
6.24703e-07
7.13147e-07
8.07503e-07
9.09352e-07
1.02108e-06
1.14586e-06
1.28755e-06
1.45054e-06
1.63951e-06
1.8593e-06
2.11454e-06
2.40952e-06
2.74786e-06
3.13237e-06
3.56485e-06
4.04596e-06
4.57515e-06
5.15073e-06
5.77015e-06
6.4301e-06
7.12488e-06
7.8498e-06
8.60153e-06
9.37789e-06
1.01784e-05
1.10051e-05
1.1863e-05
1.27614e-05
1.37145e-05
1.47425e-05
1.58726e-05
1.714e-05
1.8589e-05
2.02749e-05
2.22667e-05
2.46501e-05
2.75305e-05
3.10381e-05
3.53367e-05
4.06379e-05
4.72248e-05
5.54637e-05
6.58351e-05
7.90049e-05
9.59015e-05
0.000117755
0.000146155
0.000183153
0.000231211
0.00029314
0.000371894
0.000470053
0.000589874
0.000732477
0.000898079
0.00108597
0.00129463
0.0015221
0.00176595
0.00202406
0.00229451
0.00257539
0.00286503
0.00316193
0.00346459
0.00377133
0.00408029
0.00438728
0.00466304
3.21989e-14
1.47602e-13
4.41305e-13
1.1308e-12
2.65046e-12
5.83744e-12
1.22682e-11
2.48503e-11
4.88178e-11
9.33353e-11
1.73983e-10
3.16466e-10
5.61938e-10
9.74292e-10
1.64966e-09
2.72791e-09
4.40559e-09
6.94846e-09
1.07009e-08
1.60887e-08
2.36107e-08
3.38152e-08
4.72636e-08
6.44788e-08
8.58959e-08
1.11812e-07
1.42331e-07
1.77414e-07
2.16875e-07
2.60475e-07
3.08017e-07
3.59462e-07
4.15046e-07
4.75398e-07
5.41657e-07
6.15464e-07
6.9896e-07
7.94772e-07
9.05876e-07
1.03549e-06
1.18691e-06
1.36338e-06
1.56789e-06
1.80301e-06
2.07078e-06
2.37252e-06
2.70876e-06
3.07919e-06
3.48261e-06
3.91718e-06
4.38044e-06
4.86831e-06
5.37724e-06
5.9045e-06
6.4481e-06
7.00711e-06
7.58216e-06
8.17595e-06
8.79385e-06
9.44445e-06
1.01401e-05
1.08975e-05
1.17379e-05
1.26882e-05
1.37815e-05
1.50578e-05
1.65652e-05
1.83608e-05
2.05116e-05
2.30985e-05
2.62192e-05
2.99965e-05
3.45854e-05
4.01788e-05
4.70286e-05
5.54807e-05
6.59803e-05
7.91084e-05
9.56571e-05
0.00011665
0.000143394
0.000177502
0.000220906
0.000275818
0.000344564
0.000429566
0.000532885
0.000656437
0.000801144
0.000967026
0.00115339
0.0013588
0.00158139
0.00181905
0.00206971
0.00233122
0.00260124
0.00287745
0.00315583
0.00341096
1.19509e-14
5.50255e-14
1.65785e-13
4.29265e-13
1.01915e-12
2.2784e-12
4.86734e-12
1.00293e-11
2.00468e-11
3.89927e-11
7.392e-11
1.36674e-10
2.46545e-10
4.33988e-10
7.45569e-10
1.25016e-09
2.04614e-09
3.2688e-09
5.0969e-09
7.75622e-09
1.15178e-08
1.66891e-08
2.35972e-08
3.25651e-08
4.38835e-08
5.77861e-08
7.44159e-08
9.38463e-08
1.16075e-07
1.41074e-07
1.68846e-07
1.99486e-07
2.33251e-07
2.70642e-07
3.12487e-07
3.59895e-07
4.1432e-07
4.77524e-07
5.51522e-07
6.38494e-07
7.40708e-07
8.60402e-07
9.99665e-07
1.16035e-06
1.34393e-06
1.55142e-06
1.78329e-06
2.03939e-06
2.31896e-06
2.62078e-06
2.94313e-06
3.2832e-06
3.63844e-06
4.00681e-06
4.3867e-06
4.7772e-06
5.1784e-06
5.59177e-06
6.02056e-06
6.47014e-06
6.94832e-06
7.46568e-06
8.03586e-06
8.67589e-06
9.40654e-06
1.02526e-05
1.12433e-05
1.24117e-05
1.37964e-05
1.54413e-05
1.7397e-05
1.97233e-05
2.24929e-05
2.57937e-05
2.97347e-05
3.44556e-05
4.01291e-05
4.6976e-05
5.52954e-05
6.54714e-05
7.80047e-05
9.3545e-05
0.000112915
0.000137154
0.000167536
0.00020562
0.000253243
0.000312552
0.000385843
0.000475424
0.000583217
0.000710559
0.00085806
0.00102541
0.00121153
0.00141462
0.00163227
0.00186186
0.00209941
0.00232376
4.45517e-15
2.06248e-14
6.25938e-14
1.63582e-13
3.92638e-13
8.88681e-13
1.92412e-12
4.02044e-12
8.14983e-12
1.60731e-11
3.08843e-11
5.7855e-11
1.05693e-10
1.88337e-10
3.27399e-10
5.553e-10
9.19024e-10
1.48425e-09
2.33927e-09
3.59776e-09
5.39952e-09
7.90778e-09
1.13027e-08
1.57705e-08
2.149e-08
2.86205e-08
3.7287e-08
4.7584e-08
5.95755e-08
7.33196e-08
8.88983e-08
1.06452e-07
1.2622e-07
1.48603e-07
1.74164e-07
2.03668e-07
2.3809e-07
2.78607e-07
3.26564e-07
3.83433e-07
4.50754e-07
5.30071e-07
6.22847e-07
7.30398e-07
8.53814e-07
9.93876e-07
1.15101e-06
1.3252e-06
1.51603e-06
1.72273e-06
1.94416e-06
2.17848e-06
2.42393e-06
2.67906e-06
2.94268e-06
3.21404e-06
3.49305e-06
3.78054e-06
4.07856e-06
4.39051e-06
4.72147e-06
5.07833e-06
5.47004e-06
5.90777e-06
6.40504e-06
6.9778e-06
7.64439e-06
8.42552e-06
9.34446e-06
1.0427e-05
1.17017e-05
1.32006e-05
1.49609e-05
1.70267e-05
1.94503e-05
2.22955e-05
2.56356e-05
2.95633e-05
3.42026e-05
3.97084e-05
4.62789e-05
5.41674e-05
6.36954e-05
7.52763e-05
8.94345e-05
0.000106837
0.000128323
0.000154959
0.000188098
0.000229391
0.000280721
0.000344199
0.000421953
0.000515974
0.000627823
0.000758206
0.000906924
0.00107273
0.00125283
0.00143168
1.65559e-15
7.71256e-15
2.35578e-14
6.20369e-14
1.50214e-13
3.43306e-13
7.51086e-13
1.58638e-12
3.25074e-12
6.48002e-12
1.25824e-11
2.38132e-11
4.39415e-11
7.90729e-11
1.3879e-10
2.37652e-10
3.97051e-10
6.47326e-10
1.02992e-09
1.59923e-09
2.42354e-09
3.58471e-09
5.17592e-09
7.29778e-09
1.00531e-08
1.35408e-08
1.78494e-08
2.30581e-08
2.92383e-08
3.64658e-08
4.48404e-08
5.44981e-08
6.56379e-08
7.85396e-08
9.35969e-08
1.11327e-07
1.32378e-07
1.57523e-07
1.87652e-07
2.23743e-07
2.66831e-07
3.17966e-07
3.7817e-07
4.48379e-07
5.29393e-07
6.21818e-07
7.2602e-07
8.42092e-07
9.69843e-07
1.10883e-06
1.25837e-06
1.41727e-06
1.5844e-06
1.75877e-06
1.93955e-06
2.1262e-06
2.3186e-06
2.51725e-06
2.72343e-06
2.93937e-06
3.16842e-06
3.41519e-06
3.68564e-06
3.98723e-06
4.32893e-06
4.7212e-06
5.17598e-06
5.70662e-06
6.32777e-06
7.05526e-06
7.90615e-06
8.89901e-06
1.00544e-05
1.13958e-05
1.29504e-05
1.47508e-05
1.68315e-05
1.92348e-05
2.20176e-05
2.52501e-05
2.90189e-05
3.34321e-05
3.8624e-05
4.47651e-05
5.2067e-05
6.07977e-05
7.12945e-05
8.39876e-05
9.94308e-05
0.000118337
0.000141605
0.000170347
0.000205913
0.000249905
0.000304122
0.000370473
0.000450704
0.000546076
0.000656769
0.000774928
6.06876e-16
2.84627e-15
8.74176e-15
2.31545e-14
5.64352e-14
1.29921e-13
2.86462e-13
6.0994e-13
1.26011e-12
2.53247e-12
4.95733e-12
9.45767e-12
1.75912e-11
3.19075e-11
5.64524e-11
9.74449e-11
1.64138e-10
2.69842e-10
4.33022e-10
6.78341e-10
1.03741e-09
1.54907e-09
2.25886e-09
3.21775e-09
4.48037e-09
6.10323e-09
8.14212e-09
1.06524e-08
1.3693e-08
1.7331e-08
2.16444e-08
2.67389e-08
3.27595e-08
3.99043e-08
4.84372e-08
5.86975e-08
7.11051e-08
8.61611e-08
1.04442e-07
1.26587e-07
1.53281e-07
1.85227e-07
2.23125e-07
2.67631e-07
3.19327e-07
3.78677e-07
4.46e-07
5.21436e-07
6.04945e-07
6.96302e-07
7.9512e-07
9.00706e-07
1.01233e-06
1.1294e-06
1.25135e-06
1.37782e-06
1.50872e-06
1.64437e-06
1.78562e-06
1.93395e-06
2.09161e-06
2.26169e-06
2.4482e-06
2.65619e-06
2.89165e-06
3.16157e-06
3.47385e-06
3.83725e-06
4.26123e-06
4.75583e-06
5.33166e-06
5.99997e-06
6.7728e-06
7.66343e-06
8.68687e-06
9.86069e-06
1.12032e-05
1.27357e-05
1.44866e-05
1.64907e-05
1.87899e-05
2.14356e-05
2.44905e-05
2.80312e-05
3.21508e-05
3.6964e-05
4.26119e-05
4.92651e-05
5.7142e-05
6.65197e-05
7.77465e-05
9.12551e-05
0.000107587
0.000127422
0.000151594
0.000181139
0.000217278
0.000261317
0.000314388
0.000374175
2.17039e-16
1.02471e-15
3.16192e-15
8.41248e-15
2.06007e-14
4.7675e-14
1.05725e-13
2.26482e-13
4.7082e-13
9.52173e-13
1.87569e-12
3.60131e-12
6.74182e-12
1.23095e-11
2.19263e-11
3.81134e-11
6.46674e-11
1.07122e-10
1.73271e-10
2.73703e-10
4.22268e-10
6.36369e-10
9.37011e-10
1.34856e-09
1.89809e-09
2.61588e-09
3.53517e-09
4.69046e-09
6.11936e-09
7.86725e-09
9.99078e-09
1.25637e-08
1.56841e-08
1.94817e-08
2.41254e-08
2.98298e-08
3.68596e-08
4.55302e-08
5.62064e-08
6.92966e-08
8.52421e-08
1.04506e-07
1.27554e-07
1.54838e-07
1.86767e-07
2.23691e-07
2.65871e-07
3.13464e-07
3.66511e-07
4.24936e-07
4.88547e-07
5.56969e-07
6.29778e-07
7.06597e-07
7.8712e-07
8.71127e-07
9.58582e-07
1.04971e-06
1.14508e-06
1.24569e-06
1.35307e-06
1.46931e-06
1.59713e-06
1.73992e-06
1.90172e-06
2.08722e-06
2.30171e-06
2.55099e-06
2.84128e-06
3.17906e-06
3.57113e-06
4.02451e-06
4.54658e-06
5.14519e-06
5.82903e-06
6.60809e-06
7.49247e-06
8.49431e-06
9.62896e-06
1.09148e-05
1.23742e-05
1.40339e-05
1.59259e-05
1.80884e-05
2.05664e-05
2.34124e-05
2.66902e-05
3.04738e-05
3.48536e-05
3.99384e-05
4.58589e-05
5.27758e-05
6.08823e-05
7.04147e-05
8.16583e-05
9.4968e-05
0.000110783
0.00012962
0.000151973
0.000176958
7.49783e-17
3.56122e-16
1.10316e-15
2.94531e-15
7.23784e-15
1.6814e-14
3.74427e-14
8.05672e-14
1.6827e-13
3.41959e-13
6.77021e-13
1.3067e-12
2.45963e-12
4.51671e-12
8.09417e-12
1.41599e-11
2.41885e-11
4.0358e-11
6.57822e-11
1.04764e-10
1.63045e-10
2.48009e-10
3.68821e-10
5.36511e-10
7.64131e-10
1.06674e-09
1.46145e-09
1.9676e-09
2.6079e-09
3.41041e-09
4.41089e-09
5.65578e-09
7.20604e-09
9.14146e-09
1.1565e-08
1.46065e-08
1.84264e-08
2.32165e-08
2.92002e-08
3.66299e-08
4.57825e-08
5.69528e-08
7.04433e-08
8.65527e-08
1.05563e-07
1.27724e-07
1.53241e-07
1.82258e-07
2.14853e-07
2.51029e-07
2.90719e-07
3.33744e-07
3.79881e-07
4.28933e-07
4.80738e-07
5.35192e-07
5.92302e-07
6.52234e-07
7.15399e-07
7.82486e-07
8.54521e-07
9.3292e-07
1.01951e-06
1.11661e-06
1.22691e-06
1.35357e-06
1.50012e-06
1.67045e-06
1.86866e-06
2.09902e-06
2.36593e-06
2.67392e-06
3.02761e-06
3.43186e-06
3.89192e-06
4.4137e-06
5.00304e-06
5.66701e-06
6.41485e-06
7.25686e-06
8.20561e-06
9.2761e-06
1.0486e-05
1.18558e-05
1.34091e-05
1.51725e-05
1.71762e-05
1.94549e-05
2.20469e-05
2.4997e-05
2.83561e-05
3.21845e-05
3.65479e-05
4.15228e-05
4.71966e-05
5.36695e-05
6.10607e-05
6.9506e-05
7.91081e-05
8.93493e-05
2.48233e-17
1.18471e-16
3.68137e-16
9.85512e-16
2.42811e-15
5.65653e-15
1.26357e-14
2.72816e-14
5.71887e-14
1.16675e-13
2.31968e-13
4.49736e-13
8.5066e-13
1.57029e-12
2.82999e-12
4.98109e-12
8.56527e-12
1.43931e-11
2.36414e-11
3.79661e-11
5.96246e-11
9.16015e-11
1.37726e-10
2.02749e-10
2.92438e-10
4.1376e-10
5.7514e-10
7.8665e-10
1.0608e-09
1.41335e-09
1.86479e-09
2.44197e-09
3.18015e-09
4.12539e-09
5.33701e-09
6.89004e-09
8.87721e-09
1.14103e-08
1.46206e-08
1.86583e-08
2.36906e-08
2.98983e-08
3.747e-08
4.65968e-08
5.74643e-08
7.02446e-08
8.50879e-08
1.02113e-07
1.21401e-07
1.42993e-07
1.66886e-07
1.93018e-07
2.21288e-07
2.51616e-07
2.83934e-07
3.18214e-07
3.54493e-07
3.92915e-07
4.33769e-07
4.77533e-07
5.24909e-07
5.76851e-07
6.34592e-07
6.99647e-07
7.7386e-07
8.5934e-07
9.5845e-07
1.07377e-06
1.20803e-06
1.36406e-06
1.54477e-06
1.7531e-06
1.99204e-06
2.26466e-06
2.57427e-06
2.92452e-06
3.31891e-06
3.7617e-06
4.25848e-06
4.81576e-06
5.4407e-06
6.14213e-06
6.93029e-06
7.81679e-06
8.81469e-06
9.93826e-06
1.12029e-05
1.26253e-05
1.42225e-05
1.60135e-05
1.8018e-05
2.02564e-05
2.27506e-05
2.55214e-05
2.85899e-05
3.1978e-05
3.57067e-05
3.97936e-05
4.42308e-05
4.87176e-05
7.83127e-18
3.75008e-17
1.16812e-16
3.13347e-16
7.73535e-16
1.8059e-15
4.04392e-15
8.75513e-15
1.84087e-14
3.76833e-14
7.5198e-14
1.4639e-13
2.7814e-13
5.15996e-13
9.35079e-13
1.65598e-12
2.86703e-12
4.85445e-12
8.04096e-12
1.30324e-11
2.06718e-11
3.21001e-11
4.88211e-11
7.27685e-11
1.06382e-10
1.52739e-10
2.1574e-10
3.00246e-10
4.12582e-10
5.6097e-10
7.56244e-10
1.01279e-09
1.34966e-09
1.7918e-09
2.37151e-09
3.12982e-09
4.11776e-09
5.39739e-09
7.04239e-09
9.13817e-09
1.17812e-08
1.50773e-08
1.91392e-08
2.40837e-08
3.00275e-08
3.70833e-08
4.53542e-08
5.49288e-08
6.58772e-08
7.82483e-08
9.2068e-08
1.07332e-07
1.24011e-07
1.42086e-07
1.6155e-07
1.82415e-07
2.04736e-07
2.28633e-07
2.54318e-07
2.82123e-07
3.12523e-07
3.4616e-07
3.83855e-07
4.26621e-07
4.75674e-07
5.3242e-07
5.98431e-07
6.7541e-07
7.6518e-07
8.69629e-07
9.9068e-07
1.13029e-06
1.2904e-06
1.47303e-06
1.68031e-06
1.91456e-06
2.17798e-06
2.47323e-06
2.80379e-06
3.1737e-06
3.58748e-06
4.05037e-06
4.56846e-06
5.14858e-06
5.79816e-06
6.52512e-06
7.33752e-06
8.24354e-06
9.25106e-06
1.03676e-05
1.16001e-05
1.29544e-05
1.44351e-05
1.60445e-05
1.77828e-05
1.96477e-05
2.16334e-05
2.37284e-05
2.59049e-05
2.80008e-05
2.34467e-18
1.12434e-17
3.50879e-17
9.42547e-17
2.32977e-16
5.44788e-16
1.22237e-15
2.6527e-15
5.59281e-15
1.14844e-14
2.29997e-14
4.49606e-14
8.58453e-14
1.60163e-13
2.92087e-13
5.20876e-13
9.08631e-13
1.55106e-12
2.59179e-12
4.24067e-12
6.79639e-12
1.06735e-11
1.64348e-11
2.48296e-11
3.68403e-11
5.37585e-11
7.72893e-11
1.09645e-10
1.53791e-10
2.13715e-10
2.94764e-10
4.0413e-10
5.51428e-10
7.49369e-10
1.01452e-09
1.36808e-09
1.83668e-09
2.45301e-09
3.25636e-09
4.29296e-09
5.61568e-09
7.28344e-09
9.3603e-09
1.19141e-08
1.50147e-08
1.87315e-08
2.31312e-08
2.82745e-08
3.42147e-08
4.09942e-08
4.86456e-08
5.71883e-08
6.66259e-08
7.69712e-08
8.82423e-08
1.00472e-07
1.13718e-07
1.28079e-07
1.43709e-07
1.60839e-07
1.79788e-07
2.00983e-07
2.24968e-07
2.52408e-07
2.84103e-07
3.20976e-07
3.64061e-07
4.14486e-07
4.73456e-07
5.42227e-07
6.22084e-07
7.14314e-07
8.20225e-07
9.41147e-07
1.07849e-06
1.23379e-06
1.40845e-06
1.6042e-06
1.82324e-06
2.06812e-06
2.34173e-06
2.64728e-06
2.98847e-06
3.36934e-06
3.79421e-06
4.26748e-06
4.79343e-06
5.376e-06
6.01857e-06
6.72372e-06
7.49302e-06
8.32664e-06
9.22315e-06
1.0179e-05
1.11884e-05
1.2243e-05
1.3331e-05
1.44369e-05
1.55372e-05
1.65465e-05
6.66009e-19
3.1849e-18
9.94152e-18
2.67592e-17
6.63217e-17
1.55451e-16
3.4955e-16
7.60298e-16
1.60719e-15
3.31066e-15
6.6553e-15
1.30677e-14
2.5076e-14
4.70478e-14
8.63414e-14
1.55052e-13
2.72577e-13
4.69277e-13
7.91522e-13
1.30844e-12
2.12077e-12
3.37213e-12
5.26355e-12
8.07214e-12
1.21754e-11
1.80885e-11
2.65177e-11
3.84131e-11
5.50847e-11
7.8334e-11
1.1063e-10
1.55338e-10
2.17014e-10
3.01739e-10
4.17512e-10
5.74678e-10
7.86355e-10
1.06885e-09
1.44205e-09
1.92961e-09
2.55894e-09
3.36117e-09
4.37079e-09
5.62515e-09
7.16364e-09
9.02671e-09
1.12546e-08
1.38861e-08
1.69572e-08
2.05001e-08
2.45428e-08
2.91091e-08
3.42147e-08
3.98819e-08
4.61373e-08
5.30168e-08
6.05721e-08
6.88797e-08
7.80511e-08
8.82433e-08
9.96699e-08
1.1261e-07
1.27418e-07
1.44526e-07
1.64452e-07
1.87793e-07
2.15223e-07
2.4748e-07
2.85356e-07
3.29682e-07
3.81311e-07
4.41107e-07
5.09944e-07
5.88716e-07
6.78362e-07
7.79911e-07
8.94304e-07
1.02268e-06
1.16647e-06
1.32729e-06
1.50699e-06
1.70759e-06
1.93134e-06
2.18066e-06
2.45803e-06
2.7659e-06
3.10647e-06
3.48153e-06
3.89226e-06
4.33904e-06
4.8213e-06
5.3372e-06
5.88348e-06
6.45525e-06
7.04582e-06
7.64648e-06
8.24624e-06
8.8321e-06
9.38777e-06
9.87022e-06
1.78964e-19
8.54436e-19
2.6678e-18
7.1912e-18
1.78488e-17
4.18997e-17
9.43862e-17
2.05747e-16
4.36091e-16
9.01211e-16
1.8187e-15
3.5874e-15
6.92063e-15
1.30636e-14
2.41391e-14
4.36826e-14
7.74495e-14
1.34601e-13
2.29397e-13
3.83575e-13
6.29594e-13
1.01506e-12
1.60872e-12
2.50864e-12
3.85336e-12
5.83871e-12
8.74201e-12
1.2949e-11
1.90047e-11
2.76746e-11
4.0027e-11
5.75411e-11
8.22415e-11
1.16863e-10
1.65043e-10
2.31536e-10
3.22444e-10
4.45454e-10
6.10059e-10
8.2768e-10
1.11177e-09
1.47787e-09
1.94352e-09
2.52812e-09
3.25263e-09
4.13919e-09
5.2106e-09
6.48975e-09
7.99916e-09
9.76031e-09
1.17937e-08
1.41194e-08
1.67538e-08
1.97177e-08
2.30359e-08
2.67394e-08
3.0869e-08
3.54811e-08
4.06531e-08
4.649e-08
5.31312e-08
6.07566e-08
6.95919e-08
7.9913e-08
9.20485e-08
1.0638e-07
1.23338e-07
1.43399e-07
1.67078e-07
1.94918e-07
2.27483e-07
2.65348e-07
3.091e-07
3.59345e-07
4.1672e-07
4.81919e-07
5.55579e-07
6.38458e-07
7.315e-07
8.35752e-07
9.52384e-07
1.08268e-06
1.22802e-06
1.38984e-06
1.56955e-06
1.76848e-06
1.98769e-06
2.22786e-06
2.48915e-06
2.77102e-06
3.07217e-06
3.39027e-06
3.72191e-06
4.06249e-06
4.40613e-06
4.74568e-06
5.07268e-06
5.37735e-06
5.64873e-06
5.86754e-06
4.54052e-20
2.16359e-19
6.75658e-19
1.82292e-18
4.52995e-18
1.06506e-17
2.404e-17
5.25329e-17
1.11683e-16
2.31649e-16
4.6954e-16
9.30978e-16
1.80682e-15
3.43414e-15
6.39507e-15
1.16734e-14
2.08971e-14
3.67054e-14
6.32936e-14
1.07208e-13
1.78483e-13
2.92263e-13
4.71116e-13
7.48321e-13
1.17249e-12
1.81457e-12
2.7779e-12
4.21052e-12
6.32635e-12
9.43154e-12
1.39606e-11
2.05238e-11
2.99672e-11
4.34471e-11
6.25193e-11
8.92409e-11
1.26285e-10
1.77069e-10
2.45863e-10
3.37869e-10
4.59312e-10
6.17505e-10
8.20864e-10
1.07888e-09
1.40206e-09
1.80178e-09
2.29014e-09
2.87977e-09
3.58364e-09
4.4148e-09
5.38659e-09
6.51294e-09
7.8066e-09
9.2835e-09
1.09623e-08
1.28659e-08
1.50239e-08
1.74749e-08
2.02705e-08
2.34787e-08
2.71877e-08
3.15102e-08
3.65868e-08
4.25891e-08
4.97212e-08
5.82213e-08
6.83599e-08
8.04382e-08
9.47841e-08
1.11747e-07
1.31695e-07
1.55008e-07
1.82078e-07
2.13313e-07
2.49147e-07
2.90047e-07
3.3645e-07
3.88871e-07
4.47929e-07
5.14309e-07
5.88754e-07
6.7207e-07
7.65095e-07
8.68674e-07
9.83602e-07
1.11056e-06
1.25001e-06
1.40207e-06
1.56646e-06
1.74239e-06
1.9284e-06
2.12234e-06
2.32132e-06
2.5216e-06
2.71859e-06
2.90685e-06
3.08025e-06
3.23203e-06
3.35537e-06
3.44324e-06
1.08813e-20
5.17348e-20
1.61567e-19
4.36251e-19
1.08558e-18
2.55713e-18
5.78579e-18
1.26812e-17
2.70577e-17
5.6366e-17
1.14838e-16
2.29062e-16
4.47639e-16
8.57526e-16
1.61108e-15
2.96994e-15
5.37498e-15
9.55547e-15
1.66968e-14
2.86941e-14
4.85318e-14
8.08461e-14
1.32756e-13
2.15087e-13
3.44147e-13
5.44405e-13
8.52395e-13
1.32183e-12
2.03187e-12
3.0978e-12
4.68579e-12
7.0324e-12
1.04698e-11
1.54577e-11
2.26216e-11
3.27987e-11
4.70901e-11
6.69222e-11
9.41067e-11
1.30875e-10
1.79939e-10
2.44539e-10
3.28473e-10
4.36112e-10
5.72401e-10
7.42837e-10
9.5344e-10
1.21071e-09
1.52158e-09
1.89333e-09
2.33377e-09
2.85154e-09
3.45506e-09
4.15487e-09
4.96343e-09
5.89605e-09
6.97207e-09
8.21644e-09
9.66162e-09
1.13496e-08
1.33345e-08
1.56844e-08
1.84843e-08
2.18375e-08
2.58674e-08
3.07187e-08
3.65567e-08
4.3567e-08
5.19538e-08
6.19374e-08
7.37524e-08
8.76451e-08
1.03873e-07
1.22708e-07
1.44439e-07
1.69382e-07
1.97835e-07
2.30145e-07
2.66723e-07
3.08014e-07
3.54489e-07
4.06659e-07
4.6502e-07
5.30064e-07
6.02224e-07
6.81814e-07
7.68984e-07
8.63632e-07
9.65335e-07
1.07329e-06
1.18626e-06
1.30246e-06
1.41962e-06
1.53493e-06
1.64502e-06
1.74608e-06
1.83392e-06
1.9042e-06
1.95288e-06
1.97886e-06
2.46824e-21
1.1711e-20
3.65764e-20
9.88558e-20
2.46415e-19
5.81816e-19
1.32038e-18
2.90458e-18
6.22458e-18
1.3034e-17
2.67156e-17
5.36615e-17
1.05705e-16
2.04318e-16
3.87727e-16
7.22748e-16
1.32415e-15
2.38584e-15
4.23038e-15
7.38652e-15
1.27092e-14
2.15636e-14
3.61058e-14
5.97068e-14
9.75851e-14
1.57761e-13
2.5247e-13
4.00108e-13
6.28257e-13
9.77742e-13
1.50827e-12
2.30595e-12
3.49324e-12
5.2416e-12
7.78726e-12
1.14501e-11
1.66563e-11
2.39639e-11
3.40921e-11
4.79447e-11
6.66322e-11
9.15034e-11
1.24169e-10
1.66518e-10
2.20739e-10
2.89326e-10
3.75086e-10
4.81137e-10
6.10914e-10
7.68177e-10
9.57116e-10
1.18255e-09
1.44949e-09
1.7642e-09
2.13421e-09
2.56883e-09
3.07977e-09
3.68198e-09
4.39472e-09
5.24275e-09
6.25761e-09
7.47897e-09
8.95605e-09
1.0749e-08
1.29297e-08
1.55831e-08
1.88069e-08
2.27119e-08
2.74214e-08
3.30704e-08
3.98045e-08
4.77793e-08
5.71599e-08
6.81222e-08
8.08566e-08
9.55714e-08
1.12466e-07
1.31772e-07
1.53756e-07
1.78706e-07
2.06927e-07
2.38729e-07
2.74408e-07
3.14241e-07
3.58453e-07
4.07178e-07
4.60414e-07
5.17984e-07
5.79478e-07
6.44208e-07
7.11189e-07
7.791e-07
8.46272e-07
9.107e-07
9.70075e-07
1.02185e-06
1.0634e-06
1.09207e-06
1.10573e-06
1.10548e-06
5.32046e-22
2.52109e-21
7.87671e-21
2.13165e-20
5.32505e-20
1.26104e-19
2.87239e-19
6.3467e-19
1.36719e-18
2.88012e-18
5.94433e-18
1.20343e-17
2.39173e-17
4.66916e-17
8.95868e-17
1.69033e-16
3.13823e-16
5.73663e-16
1.03317e-15
1.83442e-15
3.21302e-15
5.5548e-15
9.48468e-15
1.6004e-14
2.66996e-14
4.40618e-14
7.19607e-14
1.16327e-13
1.86195e-13
2.95132e-13
4.63242e-13
7.19898e-13
1.10738e-12
1.68563e-12
2.53819e-12
3.77956e-12
5.56406e-12
8.09631e-12
1.16436e-11
1.65472e-11
2.32351e-11
3.22333e-11
4.41818e-11
5.985e-11
8.01452e-11
1.06124e-10
1.39005e-10
1.80181e-10
2.31242e-10
2.93987e-10
3.70486e-10
4.63207e-10
5.74841e-10
7.08799e-10
8.6925e-10
1.06138e-09
1.29174e-09
1.56867e-09
1.90293e-09
2.30826e-09
2.80214e-09
3.40654e-09
4.14875e-09
5.06215e-09
6.18697e-09
7.57087e-09
9.26938e-09
1.13461e-08
1.38726e-08
1.69285e-08
2.06011e-08
2.49849e-08
3.01821e-08
3.63033e-08
4.34692e-08
5.18133e-08
6.14655e-08
7.2576e-08
8.53157e-08
9.98656e-08
1.16421e-07
1.35163e-07
1.56268e-07
1.79889e-07
2.06137e-07
2.35054e-07
2.66586e-07
3.00552e-07
3.36615e-07
3.74255e-07
4.12747e-07
4.51155e-07
4.88332e-07
5.22935e-07
5.53473e-07
5.78367e-07
5.96013e-07
6.04973e-07
6.04305e-07
5.95506e-07
1.09548e-22
5.19338e-22
1.62432e-21
4.40368e-21
1.10298e-20
2.62116e-20
5.99632e-20
1.3317e-19
2.88571e-19
6.12012e-19
1.27281e-18
2.59895e-18
5.21472e-18
1.02883e-17
1.99704e-17
3.81604e-17
7.18263e-17
1.3325e-16
2.43795e-16
4.40147e-16
7.84509e-16
1.38107e-15
2.40229e-15
4.13038e-15
7.02157e-15
1.18047e-14
1.96306e-14
3.22925e-14
5.25596e-14
8.46453e-14
1.34872e-13
2.12592e-13
3.31431e-13
5.10922e-13
7.78614e-13
1.17274e-12
1.74545e-12
2.56667e-12
3.72874e-12
5.35198e-12
7.59005e-12
1.06351e-11
1.4725e-11
2.015e-11
2.72602e-11
3.64725e-11
4.82803e-11
6.32643e-11
8.21059e-11
1.05602e-10
1.34699e-10
1.70557e-10
2.14497e-10
2.68218e-10
3.33834e-10
4.14006e-10
5.12116e-10
6.32504e-10
7.80757e-10
9.6404e-10
1.19146e-09
1.4745e-09
1.82746e-09
2.26791e-09
2.81719e-09
3.50075e-09
4.34858e-09
5.39539e-09
6.68086e-09
8.24969e-09
1.01517e-08
1.24418e-08
1.51803e-08
1.84336e-08
2.22749e-08
2.67862e-08
3.20486e-08
3.81554e-08
4.52117e-08
5.33304e-08
6.26303e-08
7.32171e-08
8.51905e-08
9.86337e-08
1.13597e-07
1.30084e-07
1.48031e-07
1.67292e-07
1.87617e-07
2.0864e-07
2.29867e-07
2.50676e-07
2.70323e-07
2.8797e-07
3.02711e-07
3.13626e-07
3.19844e-07
3.20656e-07
3.15746e-07
3.06362e-07
2.16383e-23
1.02883e-22
3.22468e-22
8.76276e-22
2.2015e-21
5.25234e-21
1.20729e-20
2.6962e-20
5.87979e-20
1.25598e-19
2.63304e-19
5.42422e-19
1.09901e-18
2.19149e-18
4.30336e-18
8.32644e-18
1.58834e-17
2.98883e-17
5.5508e-17
1.01787e-16
1.8436e-16
3.29908e-16
5.83411e-16
1.01976e-15
1.762e-15
3.00971e-15
5.08237e-15
8.48476e-15
1.40058e-14
2.28603e-14
3.68927e-14
5.8862e-14
9.28317e-14
1.44694e-13
2.22859e-13
3.39133e-13
5.09813e-13
7.5703e-13
1.11039e-12
1.60886e-12
2.30317e-12
3.25833e-12
4.55597e-12
6.29717e-12
8.60645e-12
1.1636e-11
1.55707e-11
2.06335e-11
2.70942e-11
3.52778e-11
4.55814e-11
5.85043e-11
7.46377e-11
9.47508e-11
1.19824e-10
1.51111e-10
1.90219e-10
2.39224e-10
3.00812e-10
3.78445e-10
4.76536e-10
6.00675e-10
7.57863e-10
9.56768e-10
1.20798e-09
1.52428e-09
1.92085e-09
2.41552e-09
3.02892e-09
3.78467e-09
4.70953e-09
5.83354e-09
7.19026e-09
8.81712e-09
1.07561e-08
1.30548e-08
1.57608e-08
1.89294e-08
2.26221e-08
2.69056e-08
3.18461e-08
3.75068e-08
4.39433e-08
5.11966e-08
5.92873e-08
6.82056e-08
7.78995e-08
8.8264e-08
9.91316e-08
1.10264e-07
1.21347e-07
1.31999e-07
1.41772e-07
1.50177e-07
1.56703e-07
1.60859e-07
1.62226e-07
1.60518e-07
1.55677e-07
1.48566e-07
4.10915e-24
1.96496e-23
6.17891e-23
1.68386e-22
4.24473e-22
1.0169e-21
2.34891e-21
5.27527e-21
1.15769e-20
2.4903e-20
5.26102e-20
1.09296e-19
2.2348e-19
4.50053e-19
8.93174e-19
1.7478e-18
3.37408e-18
6.42889e-18
1.20951e-17
2.24756e-17
4.12609e-17
7.48423e-17
1.34147e-16
2.37616e-16
4.15941e-16
7.19513e-16
1.22991e-15
2.07748e-15
3.46812e-15
5.72225e-15
9.33128e-15
1.50376e-14
2.3946e-14
3.7676e-14
5.85631e-14
8.9922e-14
1.36381e-13
2.0431e-13
3.02323e-13
4.41911e-13
6.38232e-13
9.11056e-13
1.2857e-12
1.79429e-12
2.47717e-12
3.38461e-12
4.5793e-12
6.13919e-12
8.16098e-12
1.07649e-11
1.41017e-11
1.83657e-11
2.37947e-11
3.0703e-11
3.94992e-11
5.07152e-11
6.50454e-11
8.3391e-11
1.06925e-10
1.37165e-10
1.76067e-10
2.26119e-10
2.90465e-10
3.73029e-10
4.78646e-10
6.1321e-10
7.83808e-10
9.98868e-10
1.26829e-09
1.60358e-09
2.01799e-09
2.5267e-09
3.14693e-09
3.89825e-09
4.80294e-09
5.88645e-09
7.17494e-09
8.69844e-09
1.04912e-08
1.25888e-08
1.5027e-08
1.78394e-08
2.10551e-08
2.46953e-08
2.87672e-08
3.32589e-08
3.81338e-08
4.33255e-08
4.87315e-08
5.421e-08
5.95805e-08
6.46258e-08
6.90992e-08
7.27386e-08
7.52861e-08
7.65141e-08
7.62474e-08
7.43952e-08
7.10045e-08
6.65746e-08
7.49792e-25
3.61533e-24
1.14153e-23
3.12022e-23
7.89007e-23
1.89701e-22
4.39984e-22
9.92656e-22
2.18938e-21
4.7353e-21
1.00631e-20
2.10393e-20
4.33155e-20
8.78743e-20
1.75766e-19
3.46808e-19
6.75345e-19
1.29843e-18
2.4655e-18
4.62468e-18
8.57047e-18
1.56924e-17
2.83889e-17
5.07443e-17
8.9619e-17
1.56375e-16
2.6956e-16
4.59068e-16
7.72527e-16
1.28469e-15
2.11116e-15
3.42811e-15
5.50014e-15
8.71845e-15
1.36525e-14
2.11187e-14
3.22705e-14
4.87106e-14
7.26356e-14
1.07015e-13
1.55819e-13
2.24285e-13
3.19257e-13
4.49614e-13
6.26783e-13
8.65427e-13
1.18417e-12
1.60676e-12
2.16365e-12
2.89375e-12
3.84726e-12
5.09027e-12
6.70644e-12
8.80805e-12
1.15436e-11
1.51104e-11
1.97693e-11
2.58664e-11
3.38501e-11
4.43078e-11
5.8002e-11
7.59136e-11
9.9292e-11
1.29711e-10
1.69132e-10
2.1997e-10
2.85172e-10
3.68286e-10
4.73545e-10
6.05951e-10
7.71375e-10
9.76648e-10
1.22969e-09
1.53965e-09
1.91709e-09
2.3743e-09
2.9241e-09
3.58137e-09
4.36289e-09
5.28611e-09
6.36846e-09
7.62632e-09
9.0735e-09
1.07192e-08
1.25652e-08
1.46034e-08
1.68127e-08
1.91555e-08
2.15759e-08
2.39991e-08
2.63318e-08
2.84642e-08
3.02764e-08
3.16464e-08
3.2461e-08
3.26289e-08
3.20937e-08
3.08473e-08
2.89496e-08
2.66394e-08
1.3006e-25
6.33292e-25
2.00635e-24
5.48993e-24
1.38867e-23
3.33911e-23
7.74485e-23
1.74742e-22
3.85468e-22
8.33993e-22
1.7734e-21
3.71117e-21
7.65042e-21
1.55467e-20
3.11617e-20
6.16392e-20
1.20375e-19
2.32169e-19
4.4236e-19
8.32756e-19
1.549e-18
2.84686e-18
5.16956e-18
9.27515e-18
1.64427e-17
2.88004e-17
4.98402e-17
8.52214e-17
1.44014e-16
2.40537e-16
3.97084e-16
6.4787e-16
1.04463e-15
1.6644e-15
2.62027e-15
4.07597e-15
6.26471e-15
9.51405e-15
1.42779e-14
2.11781e-14
3.10559e-14
4.5039e-14
6.46289e-14
9.18118e-14
1.29205e-13
1.80255e-13
2.49482e-13
3.42823e-13
4.68049e-13
6.35438e-13
8.5861e-13
1.1559e-12
1.55127e-12
2.07742e-12
2.77841e-12
3.71392e-12
4.96382e-12
6.63537e-12
8.87183e-12
1.18585e-11
1.58403e-11
2.11359e-11
2.81552e-11
3.7421e-11
4.95928e-11
6.54939e-11
8.61421e-11
1.12783e-10
1.46927e-10
1.90393e-10
2.45354e-10
3.14389e-10
4.0055e-10
5.07426e-10
6.39236e-10
8.00978e-10
9.97959e-10
1.23642e-09
1.5233e-09
1.86589e-09
2.27147e-09
2.74681e-09
3.2975e-09
3.92692e-09
4.63518e-09
5.41774e-09
6.26415e-09
7.15686e-09
8.0706e-09
8.97211e-09
9.82074e-09
1.05702e-08
1.1172e-08
1.15793e-08
1.17525e-08
1.16648e-08
1.13069e-08
1.06914e-08
9.85735e-09
8.89487e-09
2.01084e-26
9.89759e-26
3.1263e-25
8.47933e-25
2.12063e-24
5.03601e-24
1.15324e-23
2.56952e-23
5.60074e-23
1.19835e-22
2.52233e-22
5.22997e-22
1.06924e-21
2.15688e-21
4.29509e-21
8.44722e-21
1.64139e-20
3.15205e-20
5.98316e-20
1.12264e-19
2.08212e-19
3.81666e-19
6.91428e-19
1.23797e-18
2.19073e-18
3.83187e-18
6.62519e-18
1.13238e-17
1.9138e-17
3.19857e-17
5.28662e-17
8.64013e-17
1.39616e-16
2.23062e-16
3.52347e-16
5.50149e-16
8.49025e-16
1.29512e-15
1.95312e-15
2.91256e-15
4.29633e-15
6.27195e-15
9.06687e-15
1.29882e-14
1.84514e-14
2.60159e-14
3.6439e-14
5.07445e-14
7.03247e-14
9.70631e-14
1.33533e-13
1.83271e-13
2.51049e-13
3.43494e-13
4.6971e-13
6.42284e-13
8.78324e-13
1.20117e-12
1.64218e-12
2.24339e-12
3.0601e-12
4.1652e-12
5.65412e-12
7.65018e-12
1.03112e-11
1.38377e-11
1.84814e-11
2.4556e-11
3.24494e-11
4.26379e-11
5.57024e-11
7.23494e-11
9.34316e-11
1.19974e-10
1.53205e-10
1.94611e-10
2.45807e-10
3.08705e-10
3.85436e-10
4.78256e-10
5.8941e-10
7.20966e-10
8.74572e-10
1.05114e-09
1.25044e-09
1.4707e-09
1.70816e-09
1.95672e-09
2.20788e-09
2.45078e-09
2.67248e-09
2.8589e-09
2.99606e-09
3.07167e-09
3.07687e-09
3.00784e-09
2.86699e-09
2.66414e-09
2.4149e-09
2.14473e-09
1.75271e-27
9.25548e-27
2.95676e-26
7.97714e-26
1.96846e-25
4.59263e-25
1.03124e-24
2.25173e-24
4.81144e-24
1.01003e-23
2.08808e-23
4.2576e-23
8.57023e-23
1.70408e-22
3.34861e-22
6.50553e-22
1.24991e-21
2.37548e-21
4.46604e-21
8.30518e-21
1.52741e-20
2.77765e-20
4.99431e-20
8.87894e-20
1.56101e-19
2.7146e-19
4.67044e-19
7.95013e-19
1.3393e-18
2.23318e-18
3.68572e-18
6.02022e-18
9.73058e-18
1.55619e-17
2.46204e-17
3.85207e-17
5.95982e-17
9.11915e-17
1.38017e-16
2.0669e-16
3.06441e-16
4.50091e-16
6.55378e-16
9.46896e-16
1.35862e-15
1.93774e-15
2.7498e-15
3.88634e-15
5.47538e-15
7.69662e-15
1.08014e-14
1.51419e-14
2.12078e-14
2.96924e-14
4.15653e-14
5.81891e-14
8.14727e-14
1.1406e-13
1.5954e-13
2.22788e-13
3.104e-13
4.31251e-13
5.9699e-13
8.23021e-13
1.12944e-12
1.54224e-12
2.09477e-12
2.82943e-12
3.79984e-12
5.0734e-12
6.7344e-12
8.88794e-12
1.16641e-11
1.52233e-11
1.97616e-11
2.55219e-11
3.27737e-11
4.184e-11
5.30871e-11
6.69018e-11
8.36693e-11
1.03739e-10
1.27376e-10
1.54704e-10
1.85629e-10
2.19765e-10
2.56363e-10
2.9426e-10
3.31874e-10
3.67268e-10
3.9825e-10
4.22585e-10
4.38292e-10
4.43994e-10
4.3927e-10
4.24973e-10
4.03534e-10
3.78797e-10
3.56016e-10
3.4133e-10
4.03226e-29
2.99404e-28
1.01235e-27
2.7275e-27
6.57121e-27
1.48567e-26
3.23063e-26
6.84708e-26
1.4249e-25
2.92404e-25
5.92987e-25
1.18968e-24
2.36246e-24
4.64458e-24
9.0419e-24
1.74331e-23
3.3292e-23
6.2977e-23
1.17988e-22
2.18866e-22
4.01843e-22
7.30145e-22
1.31267e-21
2.33547e-21
4.11332e-21
7.17367e-21
1.23936e-20
2.12082e-20
3.59564e-20
6.04009e-20
1.0051e-19
1.65647e-19
2.70304e-19
4.36734e-19
6.98379e-19
1.10506e-18
1.73015e-18
2.68082e-18
4.11213e-18
6.24706e-18
9.4062e-18
1.40484e-17
2.08313e-17
3.06999e-17
4.50107e-17
6.57226e-17
9.56612e-17
1.38917e-16
2.01433e-16
2.91786e-16
4.2245e-16
6.11349e-16
8.843e-16
1.27877e-15
1.84861e-15
2.67107e-15
3.85679e-15
5.56289e-15
8.00855e-15
1.14996e-14
1.6459e-14
2.34666e-14
3.33126e-14
4.70677e-14
6.61638e-14
9.24963e-14
1.28568e-13
1.77662e-13
2.44049e-13
3.33265e-13
4.52447e-13
6.10756e-13
8.1985e-13
1.09444e-12
1.45284e-12
1.91804e-12
2.51598e-12
3.27773e-12
4.23833e-12
5.43482e-12
6.90334e-12
8.67489e-12
1.07702e-11
1.31934e-11
1.59249e-11
1.89154e-11
2.20815e-11
2.53061e-11
2.84484e-11
3.13678e-11
3.39712e-11
3.62949e-11
3.86296e-11
4.16979e-11
4.68827e-11
5.64742e-11
7.38624e-11
1.03617e-10
1.51244e-10
2.21354e-10
)
;

boundaryField
{
    AXIS
    {
        type            empty;
    }
    OUTLET
    {
        type            zeroGradient;
    }
    COFLOW
    {
        type            fixedValue;
        value           uniform 0;
    }
    PILOT
    {
        type            fixedValue;
        value           uniform 0.1;
    }
    FUEL
    {
        type            fixedValue;
        value           uniform 0.013;
    }
    WALL
    {
        type            zeroGradient;
    }
    front
    {
        type            wedge;
    }
    back
    {
        type            wedge;
    }
}


// ************************************************************************* //
